DEMANDS 20
label src dest bw
demand_0 0 5 3905.493416
demand_1 0 9 4886.628059
demand_2 0 11 3185.727659
demand_3 0 13 3754.148938
demand_4 5 0 2607.967799
demand_5 5 9 4309.570590
demand_6 5 11 4178.990865
demand_7 5 13 3906.642348
demand_8 9 0 2587.487663
demand_9 9 5 3130.092449
demand_10 9 11 2557.182115
demand_11 9 13 3336.952946
demand_12 11 0 3100.985546
demand_13 11 5 4251.622484
demand_14 11 9 3599.822154
demand_15 11 13 4798.060557
demand_16 13 0 4441.819265
demand_17 13 5 3198.975738
demand_18 13 9 4961.535156
demand_19 13 11 3697.372047
