DEMANDS 20
label src dest bw
demand_0 0 5 4944.826684
demand_1 0 9 4205.126763
demand_2 0 11 3248.306548
demand_3 0 13 3638.472208
demand_4 5 0 3049.290055
demand_5 5 9 3382.637709
demand_6 5 11 3033.135676
demand_7 5 13 3223.085677
demand_8 9 0 3191.213929
demand_9 9 5 3686.336811
demand_10 9 11 3299.095157
demand_11 9 13 2983.418129
demand_12 11 0 4475.895807
demand_13 11 5 2983.923394
demand_14 11 9 4073.961007
demand_15 11 13 2574.343861
demand_16 13 0 4818.105942
demand_17 13 5 3430.951889
demand_18 13 9 3829.842531
demand_19 13 11 3200.688590
