DEMANDS 20
label src dest bw
demand_0 0 5 3898.049094
demand_1 0 9 4992.434405
demand_2 0 11 4783.537434
demand_3 0 13 4752.580014
demand_4 5 0 4559.107716
demand_5 5 9 2707.359743
demand_6 5 11 4947.549226
demand_7 5 13 3464.141263
demand_8 9 0 4574.011849
demand_9 9 5 4468.335540
demand_10 9 11 3991.986965
demand_11 9 13 4847.447720
demand_12 11 0 3359.970582
demand_13 11 5 4562.215813
demand_14 11 9 4424.161858
demand_15 11 13 2560.063726
demand_16 13 0 4790.947678
demand_17 13 5 4655.988879
demand_18 13 9 3843.853911
demand_19 13 11 3959.959484
