DEMANDS 20
label src dest bw
demand_0 0 5 4725.460559
demand_1 0 9 3413.817544
demand_2 0 11 3653.819207
demand_3 0 13 4378.201844
demand_4 5 0 2777.824315
demand_5 5 9 4611.648931
demand_6 5 11 4398.498183
demand_7 5 13 3639.635435
demand_8 9 0 3465.680459
demand_9 9 5 3405.564099
demand_10 9 11 2579.375826
demand_11 9 13 4028.595679
demand_12 11 0 3805.543019
demand_13 11 5 4584.235170
demand_14 11 9 3910.887973
demand_15 11 13 4850.320882
demand_16 13 0 4501.754769
demand_17 13 5 4161.513182
demand_18 13 9 2776.911251
demand_19 13 11 4426.450095
