DEMANDS 20
label src dest bw
demand_0 0 5 3473.353152
demand_1 0 9 4829.033229
demand_2 0 11 4901.007188
demand_3 0 13 4568.466276
demand_4 5 0 3001.015165
demand_5 5 9 3139.239813
demand_6 5 11 4125.933364
demand_7 5 13 4441.025813
demand_8 9 0 3997.657963
demand_9 9 5 2503.299510
demand_10 9 11 4266.513934
demand_11 9 13 3156.060881
demand_12 11 0 3747.597582
demand_13 11 5 4953.016203
demand_14 11 9 2730.301653
demand_15 11 13 3502.540226
demand_16 13 0 3561.579083
demand_17 13 5 2757.066969
demand_18 13 9 2500.493518
demand_19 13 11 2746.943757
