DEMANDS 20
label src dest bw
demand_0 0 5 3384.279330
demand_1 0 9 2992.030108
demand_2 0 11 4971.733924
demand_3 0 13 3239.191806
demand_4 5 0 4896.110439
demand_5 5 9 4137.049573
demand_6 5 11 3493.724722
demand_7 5 13 2650.735375
demand_8 9 0 3553.045842
demand_9 9 5 3050.118221
demand_10 9 11 4225.982761
demand_11 9 13 3289.302229
demand_12 11 0 3284.771924
demand_13 11 5 3906.178381
demand_14 11 9 4595.809776
demand_15 11 13 4059.042426
demand_16 13 0 4935.950895
demand_17 13 5 4030.015024
demand_18 13 9 4974.161313
demand_19 13 11 4738.997187
