DEMANDS 20
label src dest bw
demand_0 0 5 3976.696672
demand_1 0 9 4261.973694
demand_2 0 11 2556.872695
demand_3 0 13 3240.447910
demand_4 5 0 2947.074952
demand_5 5 9 4146.808069
demand_6 5 11 4318.183648
demand_7 5 13 3706.073178
demand_8 9 0 4169.300201
demand_9 9 5 4666.674004
demand_10 9 11 4143.841540
demand_11 9 13 2730.052211
demand_12 11 0 3488.013486
demand_13 11 5 3050.030440
demand_14 11 9 3764.070128
demand_15 11 13 4813.341396
demand_16 13 0 4820.937052
demand_17 13 5 4240.097482
demand_18 13 9 2724.336093
demand_19 13 11 2929.380611
