DEMANDS 20
label src dest bw
demand_0 0 5 4751.184115
demand_1 0 9 3941.403515
demand_2 0 11 4451.923646
demand_3 0 13 4511.427624
demand_4 5 0 3480.134625
demand_5 5 9 3531.374927
demand_6 5 11 4590.196880
demand_7 5 13 3378.065848
demand_8 9 0 2876.364056
demand_9 9 5 2716.210529
demand_10 9 11 3163.961050
demand_11 9 13 3099.983345
demand_12 11 0 4307.666219
demand_13 11 5 4807.587704
demand_14 11 9 3049.386297
demand_15 11 13 4000.104154
demand_16 13 0 2703.507322
demand_17 13 5 4225.065540
demand_18 13 9 2890.659845
demand_19 13 11 2563.532595
