DEMANDS 20
label src dest bw
demand_0 0 5 4171.382796
demand_1 0 9 2728.795153
demand_2 0 11 2881.641938
demand_3 0 13 4806.706049
demand_4 5 0 2651.780007
demand_5 5 9 4136.872576
demand_6 5 11 3792.400182
demand_7 5 13 2991.811171
demand_8 9 0 4812.355228
demand_9 9 5 2850.067602
demand_10 9 11 3119.511745
demand_11 9 13 3405.023909
demand_12 11 0 3137.098294
demand_13 11 5 4842.686903
demand_14 11 9 4356.758593
demand_15 11 13 2559.835421
demand_16 13 0 3219.933014
demand_17 13 5 3863.667848
demand_18 13 9 4035.860805
demand_19 13 11 2886.565896
