DEMANDS 20
label src dest bw
demand_0 0 5 4983.124547
demand_1 0 9 3254.420977
demand_2 0 11 4967.818826
demand_3 0 13 4898.254653
demand_4 5 0 2824.136134
demand_5 5 9 3447.484177
demand_6 5 11 4436.165989
demand_7 5 13 4442.980666
demand_8 9 0 4080.818470
demand_9 9 5 2729.209410
demand_10 9 11 3156.797643
demand_11 9 13 2912.151039
demand_12 11 0 3276.842453
demand_13 11 5 4791.276372
demand_14 11 9 4841.294216
demand_15 11 13 3872.703964
demand_16 13 0 2554.250316
demand_17 13 5 4700.750661
demand_18 13 9 3631.390982
demand_19 13 11 3452.147508
