DEMANDS 20
label src dest bw
demand_0 0 5 3576.817749
demand_1 0 9 3988.696748
demand_2 0 11 4065.833135
demand_3 0 13 3798.289540
demand_4 5 0 4229.202736
demand_5 5 9 3166.621132
demand_6 5 11 4379.342286
demand_7 5 13 4763.408401
demand_8 9 0 4506.148136
demand_9 9 5 4372.170090
demand_10 9 11 4736.925567
demand_11 9 13 4435.612281
demand_12 11 0 4954.545627
demand_13 11 5 3684.172014
demand_14 11 9 4246.995316
demand_15 11 13 4900.255110
demand_16 13 0 2925.357304
demand_17 13 5 2599.227797
demand_18 13 9 2768.201349
demand_19 13 11 3787.218871
