DEMANDS 20
label src dest bw
demand_0 0 5 3521.855717
demand_1 0 9 3812.766150
demand_2 0 11 3588.666252
demand_3 0 13 4289.307221
demand_4 5 0 4894.084924
demand_5 5 9 4427.777594
demand_6 5 11 3397.975450
demand_7 5 13 2524.194028
demand_8 9 0 4337.122214
demand_9 9 5 3660.469443
demand_10 9 11 4426.538360
demand_11 9 13 3987.942418
demand_12 11 0 2753.686270
demand_13 11 5 3856.538458
demand_14 11 9 2720.002428
demand_15 11 13 3672.489750
demand_16 13 0 4410.224581
demand_17 13 5 4248.478615
demand_18 13 9 3640.572313
demand_19 13 11 4874.628871
