DEMANDS 20
label src dest bw
demand_0 0 5 3320.223399
demand_1 0 9 3100.112619
demand_2 0 11 3913.737852
demand_3 0 13 3941.022612
demand_4 5 0 3612.805513
demand_5 5 9 2958.126678
demand_6 5 11 3014.703360
demand_7 5 13 4821.848139
demand_8 9 0 3081.930626
demand_9 9 5 3596.215624
demand_10 9 11 3640.753427
demand_11 9 13 4719.786955
demand_12 11 0 4196.273983
demand_13 11 5 4763.936559
demand_14 11 9 4602.473887
demand_15 11 13 4239.050485
demand_16 13 0 3347.795846
demand_17 13 5 2652.653269
demand_18 13 9 4033.400973
demand_19 13 11 3099.697861
