DEMANDS 20
label src dest bw
demand_0 0 5 4235.937222
demand_1 0 9 4870.268615
demand_2 0 11 3404.608310
demand_3 0 13 3650.512321
demand_4 5 0 3511.729363
demand_5 5 9 3783.136476
demand_6 5 11 2727.718033
demand_7 5 13 3183.087430
demand_8 9 0 3732.860330
demand_9 9 5 3719.814447
demand_10 9 11 3082.168811
demand_11 9 13 2831.246901
demand_12 11 0 3433.128449
demand_13 11 5 4150.381533
demand_14 11 9 4089.558276
demand_15 11 13 3312.215756
demand_16 13 0 3285.254212
demand_17 13 5 2787.212203
demand_18 13 9 3603.386543
demand_19 13 11 3491.065474
