DEMANDS 20
label src dest bw
demand_0 0 5 2819.689752
demand_1 0 9 2776.444761
demand_2 0 11 2592.429729
demand_3 0 13 4838.173515
demand_4 5 0 2782.494052
demand_5 5 9 4046.119759
demand_6 5 11 4377.843464
demand_7 5 13 3770.092849
demand_8 9 0 4099.224577
demand_9 9 5 3067.928757
demand_10 9 11 4083.749525
demand_11 9 13 4145.460889
demand_12 11 0 3440.846018
demand_13 11 5 3584.716158
demand_14 11 9 3155.328601
demand_15 11 13 3424.814160
demand_16 13 0 3239.996512
demand_17 13 5 2929.975438
demand_18 13 9 4656.005882
demand_19 13 11 2784.660056
