DEMANDS 20
label src dest bw
demand_0 0 5 4042.267780
demand_1 0 9 3272.256445
demand_2 0 11 3143.178180
demand_3 0 13 2915.831432
demand_4 5 0 4546.950476
demand_5 5 9 4970.551844
demand_6 5 11 3839.967420
demand_7 5 13 3559.106553
demand_8 9 0 3363.749332
demand_9 9 5 3193.899742
demand_10 9 11 3523.385387
demand_11 9 13 4212.737687
demand_12 11 0 3199.156193
demand_13 11 5 4716.133326
demand_14 11 9 3202.376201
demand_15 11 13 2965.976200
demand_16 13 0 2831.200922
demand_17 13 5 4550.281666
demand_18 13 9 3644.449147
demand_19 13 11 3641.332938
