DEMANDS 20
label src dest bw
demand_0 0 5 4527.961595
demand_1 0 9 3983.363210
demand_2 0 11 4031.095379
demand_3 0 13 3180.517422
demand_4 5 0 3314.918739
demand_5 5 9 3912.853795
demand_6 5 11 3521.098332
demand_7 5 13 3102.381669
demand_8 9 0 3291.302496
demand_9 9 5 4135.631501
demand_10 9 11 3587.736304
demand_11 9 13 2745.603525
demand_12 11 0 4127.848896
demand_13 11 5 4686.522960
demand_14 11 9 3996.472554
demand_15 11 13 4765.718102
demand_16 13 0 4800.209448
demand_17 13 5 2901.502874
demand_18 13 9 3756.237943
demand_19 13 11 3003.037224
