DEMANDS 20
label src dest bw
demand_0 0 5 2551.436023
demand_1 0 9 3858.416097
demand_2 0 11 3388.194232
demand_3 0 13 2897.703015
demand_4 5 0 3728.481925
demand_5 5 9 3119.001000
demand_6 5 11 4675.488222
demand_7 5 13 2764.680077
demand_8 9 0 4657.382741
demand_9 9 5 3985.566934
demand_10 9 11 4681.599889
demand_11 9 13 4845.797394
demand_12 11 0 4475.179705
demand_13 11 5 2717.974451
demand_14 11 9 3692.278933
demand_15 11 13 4243.344010
demand_16 13 0 3302.651182
demand_17 13 5 3068.469069
demand_18 13 9 4366.079540
demand_19 13 11 2754.646098
