DEMANDS 20
label src dest bw
demand_0 0 5 4829.777485
demand_1 0 9 3265.098656
demand_2 0 11 3441.529725
demand_3 0 13 3292.096654
demand_4 5 0 3398.760683
demand_5 5 9 2892.674146
demand_6 5 11 3659.074816
demand_7 5 13 4361.926918
demand_8 9 0 4302.319657
demand_9 9 5 3348.470164
demand_10 9 11 2563.989139
demand_11 9 13 2848.324945
demand_12 11 0 3459.987126
demand_13 11 5 3062.856368
demand_14 11 9 2937.236520
demand_15 11 13 4720.245766
demand_16 13 0 2617.438588
demand_17 13 5 4330.171487
demand_18 13 9 2971.757631
demand_19 13 11 3298.709295
