DEMANDS 20
label src dest bw
demand_0 0 5 2583.495216
demand_1 0 9 3243.250157
demand_2 0 11 4348.846346
demand_3 0 13 4017.857422
demand_4 5 0 4357.429929
demand_5 5 9 4819.950650
demand_6 5 11 2638.110804
demand_7 5 13 3169.353116
demand_8 9 0 3520.529468
demand_9 9 5 2828.817014
demand_10 9 11 4373.017440
demand_11 9 13 3737.182348
demand_12 11 0 3723.392678
demand_13 11 5 4983.381682
demand_14 11 9 3031.732637
demand_15 11 13 3266.851819
demand_16 13 0 4435.093122
demand_17 13 5 2796.577989
demand_18 13 9 4408.620664
demand_19 13 11 4116.501658
