DEMANDS 20
label src dest bw
demand_0 0 5 3989.969415
demand_1 0 9 4176.885251
demand_2 0 11 3058.940754
demand_3 0 13 4882.179087
demand_4 5 0 3435.731884
demand_5 5 9 3398.073070
demand_6 5 11 2528.545549
demand_7 5 13 3763.854212
demand_8 9 0 3931.717952
demand_9 9 5 2932.480187
demand_10 9 11 2957.736281
demand_11 9 13 4827.303100
demand_12 11 0 3321.023378
demand_13 11 5 2505.889037
demand_14 11 9 3996.110269
demand_15 11 13 2710.480456
demand_16 13 0 4233.531166
demand_17 13 5 4803.120664
demand_18 13 9 3041.836779
demand_19 13 11 3647.249881
