DEMANDS 20
label src dest bw
demand_0 0 5 4209.450141
demand_1 0 9 3905.663534
demand_2 0 11 3138.954608
demand_3 0 13 3233.903936
demand_4 5 0 3860.615424
demand_5 5 9 4122.077905
demand_6 5 11 3621.024036
demand_7 5 13 2888.899567
demand_8 9 0 4305.645147
demand_9 9 5 4301.513106
demand_10 9 11 4317.157237
demand_11 9 13 4049.758558
demand_12 11 0 3598.592168
demand_13 11 5 2718.347327
demand_14 11 9 4210.383481
demand_15 11 13 3989.850166
demand_16 13 0 2518.118695
demand_17 13 5 3097.691739
demand_18 13 9 3937.242315
demand_19 13 11 3048.409993
