DEMANDS 20
label src dest bw
demand_0 0 5 4433.148846
demand_1 0 9 3578.948974
demand_2 0 11 3735.964665
demand_3 0 13 4773.351709
demand_4 5 0 3435.916772
demand_5 5 9 3862.794312
demand_6 5 11 4253.114964
demand_7 5 13 3796.715221
demand_8 9 0 3998.444860
demand_9 9 5 4999.609389
demand_10 9 11 3530.627156
demand_11 9 13 3791.181907
demand_12 11 0 4826.640083
demand_13 11 5 4671.432711
demand_14 11 9 4765.483116
demand_15 11 13 3774.184073
demand_16 13 0 3612.176765
demand_17 13 5 3123.008419
demand_18 13 9 3178.222897
demand_19 13 11 3045.454319
