DEMANDS 20
label src dest bw
demand_0 0 5 3443.728082
demand_1 0 9 3833.413758
demand_2 0 11 2541.708368
demand_3 0 13 2668.923300
demand_4 5 0 3067.487418
demand_5 5 9 4118.848623
demand_6 5 11 4962.544121
demand_7 5 13 3771.629009
demand_8 9 0 3362.725203
demand_9 9 5 3995.419216
demand_10 9 11 4724.641874
demand_11 9 13 3324.904332
demand_12 11 0 3944.490499
demand_13 11 5 4377.715647
demand_14 11 9 4249.322154
demand_15 11 13 3110.543854
demand_16 13 0 3770.600566
demand_17 13 5 4576.132579
demand_18 13 9 3438.906132
demand_19 13 11 3188.415341
