DEMANDS 20
label src dest bw
demand_0 0 5 2994.798101
demand_1 0 9 3346.691719
demand_2 0 11 4208.729644
demand_3 0 13 2757.830586
demand_4 5 0 4088.507514
demand_5 5 9 4181.760492
demand_6 5 11 3295.107015
demand_7 5 13 3333.606665
demand_8 9 0 3599.226457
demand_9 9 5 4011.049305
demand_10 9 11 3411.369082
demand_11 9 13 4174.875751
demand_12 11 0 3927.458254
demand_13 11 5 3777.992762
demand_14 11 9 2633.354980
demand_15 11 13 4186.086954
demand_16 13 0 3788.539701
demand_17 13 5 3492.599770
demand_18 13 9 2786.430474
demand_19 13 11 4280.252795
