DEMANDS 20
label src dest bw
demand_0 0 5 3379.364780
demand_1 0 9 4767.219803
demand_2 0 11 3332.499534
demand_3 0 13 3858.745546
demand_4 5 0 4641.817355
demand_5 5 9 2737.102695
demand_6 5 11 3055.690810
demand_7 5 13 4055.237865
demand_8 9 0 3485.084635
demand_9 9 5 2882.675176
demand_10 9 11 3825.081859
demand_11 9 13 4905.027879
demand_12 11 0 4264.726536
demand_13 11 5 3521.400429
demand_14 11 9 3498.527983
demand_15 11 13 4186.350504
demand_16 13 0 3304.573806
demand_17 13 5 3133.478419
demand_18 13 9 4360.818136
demand_19 13 11 2935.595554
