DEMANDS 20
label src dest bw
demand_0 0 5 4329.316728
demand_1 0 9 4435.582848
demand_2 0 11 2594.765871
demand_3 0 13 4165.291953
demand_4 5 0 3944.516679
demand_5 5 9 3871.156621
demand_6 5 11 3495.109945
demand_7 5 13 4532.681567
demand_8 9 0 3478.194112
demand_9 9 5 3264.620004
demand_10 9 11 3233.505566
demand_11 9 13 4429.828790
demand_12 11 0 3100.672150
demand_13 11 5 4861.318586
demand_14 11 9 2751.171358
demand_15 11 13 3871.661202
demand_16 13 0 4356.435510
demand_17 13 5 3760.120272
demand_18 13 9 3022.809985
demand_19 13 11 2931.587285
