DEMANDS 20
label src dest bw
demand_0 0 5 3915.742085
demand_1 0 9 4250.081151
demand_2 0 11 3287.127583
demand_3 0 13 2778.764772
demand_4 5 0 3581.190589
demand_5 5 9 3653.711094
demand_6 5 11 3514.728223
demand_7 5 13 2676.476309
demand_8 9 0 3770.433893
demand_9 9 5 3852.998100
demand_10 9 11 4270.355056
demand_11 9 13 4377.952446
demand_12 11 0 3349.922595
demand_13 11 5 2890.414887
demand_14 11 9 4040.296450
demand_15 11 13 2538.434873
demand_16 13 0 4986.496558
demand_17 13 5 4640.208037
demand_18 13 9 4937.758838
demand_19 13 11 2978.072343
