DEMANDS 20
label src dest bw
demand_0 0 5 3329.315215
demand_1 0 9 3561.028710
demand_2 0 11 3944.849186
demand_3 0 13 3058.952310
demand_4 5 0 3853.587105
demand_5 5 9 4560.817109
demand_6 5 11 3163.890435
demand_7 5 13 4911.113490
demand_8 9 0 4665.365264
demand_9 9 5 4789.283449
demand_10 9 11 4586.038790
demand_11 9 13 3082.096936
demand_12 11 0 4799.614087
demand_13 11 5 4448.005961
demand_14 11 9 4995.307323
demand_15 11 13 2714.659978
demand_16 13 0 4705.386422
demand_17 13 5 3373.668761
demand_18 13 9 3449.528344
demand_19 13 11 3035.372770
