DEMANDS 20
label src dest bw
demand_0 0 5 4737.768565
demand_1 0 9 2809.183177
demand_2 0 11 3038.546760
demand_3 0 13 2777.573769
demand_4 5 0 2802.265941
demand_5 5 9 4827.507543
demand_6 5 11 4779.160641
demand_7 5 13 4415.250388
demand_8 9 0 3642.201468
demand_9 9 5 4511.806764
demand_10 9 11 4040.513082
demand_11 9 13 4077.763041
demand_12 11 0 3248.869786
demand_13 11 5 4889.542413
demand_14 11 9 3284.935800
demand_15 11 13 4805.056357
demand_16 13 0 2586.064793
demand_17 13 5 3455.391015
demand_18 13 9 2992.760126
demand_19 13 11 2937.519842
