DEMANDS 20
label src dest bw
demand_0 0 5 4257.384986
demand_1 0 9 3925.959240
demand_2 0 11 3700.352168
demand_3 0 13 4003.627441
demand_4 5 0 4328.046041
demand_5 5 9 3063.865619
demand_6 5 11 4446.315532
demand_7 5 13 4658.926766
demand_8 9 0 4647.586335
demand_9 9 5 4040.610014
demand_10 9 11 2952.134275
demand_11 9 13 4239.933053
demand_12 11 0 2827.323747
demand_13 11 5 4794.918375
demand_14 11 9 4841.144391
demand_15 11 13 4999.792108
demand_16 13 0 3081.730846
demand_17 13 5 4968.027584
demand_18 13 9 3506.428571
demand_19 13 11 4555.202835
