DEMANDS 20
label src dest bw
demand_0 0 5 3610.197464
demand_1 0 9 2789.127692
demand_2 0 11 3308.235086
demand_3 0 13 3658.134770
demand_4 5 0 3263.385020
demand_5 5 9 3457.277107
demand_6 5 11 2998.486747
demand_7 5 13 3706.039624
demand_8 9 0 3414.225068
demand_9 9 5 2761.179866
demand_10 9 11 3001.337160
demand_11 9 13 3328.241943
demand_12 11 0 4763.078172
demand_13 11 5 3178.968503
demand_14 11 9 3530.327857
demand_15 11 13 4967.022769
demand_16 13 0 2646.714221
demand_17 13 5 3351.958725
demand_18 13 9 3536.862553
demand_19 13 11 4074.161473
