DEMANDS 20
label src dest bw
demand_0 0 5 2888.151632
demand_1 0 9 4063.852954
demand_2 0 11 4568.609329
demand_3 0 13 4406.130487
demand_4 5 0 4882.110432
demand_5 5 9 3824.905060
demand_6 5 11 3864.931630
demand_7 5 13 3365.530322
demand_8 9 0 2893.124921
demand_9 9 5 4959.402288
demand_10 9 11 3678.118897
demand_11 9 13 2668.328932
demand_12 11 0 2930.785235
demand_13 11 5 4133.984027
demand_14 11 9 2578.834659
demand_15 11 13 2967.097463
demand_16 13 0 2959.651808
demand_17 13 5 3805.646500
demand_18 13 9 2533.008930
demand_19 13 11 3957.642709
