DEMANDS 20
label src dest bw
demand_0 0 5 3939.396537
demand_1 0 9 4487.950851
demand_2 0 11 4190.616636
demand_3 0 13 2840.711927
demand_4 5 0 3243.645998
demand_5 5 9 3989.719021
demand_6 5 11 3240.442018
demand_7 5 13 4643.865034
demand_8 9 0 3557.503668
demand_9 9 5 3151.482924
demand_10 9 11 3289.438058
demand_11 9 13 2988.148108
demand_12 11 0 2514.756655
demand_13 11 5 3362.461538
demand_14 11 9 3606.599391
demand_15 11 13 2888.268692
demand_16 13 0 3904.343889
demand_17 13 5 3686.302955
demand_18 13 9 4565.229114
demand_19 13 11 4494.268620
