DEMANDS 20
label src dest bw
demand_0 0 5 3915.560913
demand_1 0 9 4780.205980
demand_2 0 11 4440.034734
demand_3 0 13 2859.972800
demand_4 5 0 2820.532681
demand_5 5 9 3999.798702
demand_6 5 11 3077.270478
demand_7 5 13 4530.734294
demand_8 9 0 4329.175059
demand_9 9 5 4960.782705
demand_10 9 11 3122.125025
demand_11 9 13 4555.273738
demand_12 11 0 3063.491015
demand_13 11 5 3000.702436
demand_14 11 9 3703.073420
demand_15 11 13 4734.314257
demand_16 13 0 2830.449927
demand_17 13 5 4021.724579
demand_18 13 9 3220.214048
demand_19 13 11 3388.150368
