DEMANDS 20
label src dest bw
demand_0 0 5 4640.912827
demand_1 0 9 4196.783850
demand_2 0 11 4658.498867
demand_3 0 13 3986.247601
demand_4 5 0 2613.002078
demand_5 5 9 2588.994912
demand_6 5 11 3876.356485
demand_7 5 13 3741.946765
demand_8 9 0 4695.058539
demand_9 9 5 3073.382176
demand_10 9 11 3385.619389
demand_11 9 13 3518.995784
demand_12 11 0 3783.223733
demand_13 11 5 3611.753709
demand_14 11 9 3678.246333
demand_15 11 13 4698.235582
demand_16 13 0 3926.381802
demand_17 13 5 3829.046913
demand_18 13 9 2705.557848
demand_19 13 11 4437.446202
