DEMANDS 20
label src dest bw
demand_0 0 5 4492.588694
demand_1 0 9 4959.432247
demand_2 0 11 3712.568189
demand_3 0 13 4179.251115
demand_4 5 0 2960.502527
demand_5 5 9 3776.128620
demand_6 5 11 4648.114437
demand_7 5 13 3094.411027
demand_8 9 0 2959.218677
demand_9 9 5 2538.260663
demand_10 9 11 4803.695261
demand_11 9 13 3760.980379
demand_12 11 0 4352.941331
demand_13 11 5 4900.952235
demand_14 11 9 2773.945089
demand_15 11 13 3885.770577
demand_16 13 0 3152.417625
demand_17 13 5 4047.194239
demand_18 13 9 3956.391094
demand_19 13 11 4237.114124
