DEMANDS 20
label src dest bw
demand_0 0 5 2844.621422
demand_1 0 9 4267.502711
demand_2 0 11 2975.833029
demand_3 0 13 3887.185132
demand_4 5 0 4860.427670
demand_5 5 9 3113.932242
demand_6 5 11 2792.340509
demand_7 5 13 3906.371188
demand_8 9 0 4724.739039
demand_9 9 5 2636.197883
demand_10 9 11 3228.177687
demand_11 9 13 4590.669511
demand_12 11 0 2785.342577
demand_13 11 5 4426.032853
demand_14 11 9 4053.710761
demand_15 11 13 4097.444167
demand_16 13 0 4549.667810
demand_17 13 5 4337.878341
demand_18 13 9 3635.690220
demand_19 13 11 3693.221236
