DEMANDS 20
label src dest bw
demand_0 0 5 2522.537485
demand_1 0 9 3219.531801
demand_2 0 11 3800.463850
demand_3 0 13 3945.627511
demand_4 5 0 4514.083336
demand_5 5 9 2752.603976
demand_6 5 11 4825.142996
demand_7 5 13 2736.350245
demand_8 9 0 4640.488982
demand_9 9 5 3594.996279
demand_10 9 11 3957.314874
demand_11 9 13 4419.021219
demand_12 11 0 3455.455649
demand_13 11 5 4257.023869
demand_14 11 9 3987.722957
demand_15 11 13 3444.688570
demand_16 13 0 4845.419496
demand_17 13 5 4666.235116
demand_18 13 9 3111.727445
demand_19 13 11 3090.478348
