DEMANDS 20
label src dest bw
demand_0 0 5 2756.662798
demand_1 0 9 4599.221596
demand_2 0 11 3146.858276
demand_3 0 13 3667.173496
demand_4 5 0 3063.274429
demand_5 5 9 3793.178356
demand_6 5 11 4562.526518
demand_7 5 13 4766.907094
demand_8 9 0 3440.739492
demand_9 9 5 2807.058596
demand_10 9 11 4729.390974
demand_11 9 13 4877.806387
demand_12 11 0 3909.160861
demand_13 11 5 3019.462003
demand_14 11 9 3430.382356
demand_15 11 13 4119.761128
demand_16 13 0 4606.362877
demand_17 13 5 3142.095098
demand_18 13 9 3178.357392
demand_19 13 11 3095.418558
