DEMANDS 20
label src dest bw
demand_0 0 5 4534.611060
demand_1 0 9 3242.974704
demand_2 0 11 3660.862077
demand_3 0 13 3063.638734
demand_4 5 0 3441.728936
demand_5 5 9 4680.766878
demand_6 5 11 3516.743375
demand_7 5 13 4688.109153
demand_8 9 0 4442.143631
demand_9 9 5 2735.439290
demand_10 9 11 4924.100186
demand_11 9 13 3051.107541
demand_12 11 0 3535.668521
demand_13 11 5 4152.955715
demand_14 11 9 3629.256562
demand_15 11 13 4164.779003
demand_16 13 0 3173.070868
demand_17 13 5 2531.141222
demand_18 13 9 4507.786986
demand_19 13 11 4273.652221
