DEMANDS 272
label src dest bw
demand_0 0 1 16.420457
demand_1 0 2 755.609540
demand_2 0 3 448.630074
demand_3 0 4 674.244574
demand_4 0 5 3645.164862
demand_5 0 6 2915.480886
demand_6 0 7 141.207928
demand_7 0 8 1291.742329
demand_8 0 9 260.314106
demand_9 0 10 507.198030
demand_10 0 11 1738.650223
demand_11 0 12 1227.600804
demand_12 0 13 84.007899
demand_13 0 14 456.976590
demand_14 0 15 2555.084093
demand_15 0 16 5839.284222
demand_16 1 0 5.232807
demand_17 1 2 10.334637
demand_18 1 3 6.136012
demand_19 1 4 9.221790
demand_20 1 5 49.855716
demand_21 1 6 39.875669
demand_22 1 7 1.931332
demand_23 1 8 17.667442
demand_24 1 9 3.560373
demand_25 1 10 6.937058
demand_26 1 11 23.779899
demand_27 1 12 16.790164
demand_28 1 13 1.148994
demand_29 1 14 6.250169
demand_30 1 15 34.946443
demand_31 1 16 79.865166
demand_32 2 0 28.503985
demand_33 2 1 1.223359
demand_34 2 3 33.423890
demand_35 2 4 50.232648
demand_36 2 5 271.572499
demand_37 2 6 217.209498
demand_38 2 7 10.520290
demand_39 2 8 96.237538
demand_40 2 9 19.393952
demand_41 2 10 37.787327
demand_42 2 11 129.533122
demand_43 2 12 91.458859
demand_44 2 13 6.258766
demand_45 2 14 34.045723
demand_46 2 15 190.359174
demand_47 2 16 435.039036
demand_48 3 0 294.090859
demand_49 3 1 12.622047
demand_50 3 2 580.820571
demand_51 3 4 518.277096
demand_52 3 5 2801.958715
demand_53 3 6 2241.066560
demand_54 3 7 108.543454
demand_55 3 8 992.934151
demand_56 3 9 200.097775
demand_57 3 10 389.872062
demand_58 3 11 1336.462500
demand_59 3 12 943.629960
demand_60 3 13 64.575039
demand_61 3 14 351.267937
demand_62 3 15 1964.037406
demand_63 3 16 4488.530406
demand_64 4 0 198.234099
demand_65 4 1 8.507983
demand_66 4 2 391.506363
demand_67 4 3 232.450121
demand_68 4 5 1888.680811
demand_69 4 6 1510.607342
demand_70 4 7 73.164511
demand_71 4 8 669.294543
demand_72 4 9 134.877372
demand_73 4 10 262.796121
demand_74 4 11 900.852345
demand_75 4 12 636.060692
demand_76 4 13 43.527279
demand_77 4 14 236.774728
demand_78 4 15 1323.873811
demand_79 4 16 3025.526822
demand_80 5 0 103.273810
demand_81 5 1 4.432395
demand_82 5 2 203.962657
demand_83 5 3 121.099294
demand_84 5 4 181.999707
demand_85 5 6 786.979514
demand_86 5 7 38.116438
demand_87 5 8 348.681672
demand_88 5 9 70.266922
demand_89 5 10 136.908618
demand_90 5 11 469.316096
demand_91 5 12 331.367868
demand_92 5 13 22.676360
demand_93 5 14 123.352280
demand_94 5 15 689.697143
demand_95 5 16 1576.205517
demand_96 6 0 7.997975
demand_97 6 1 0.343264
demand_98 6 2 15.795758
demand_99 6 3 9.378458
demand_100 6 4 14.094852
demand_101 6 5 76.200922
demand_102 6 7 2.951903
demand_103 6 8 27.003431
demand_104 6 9 5.441777
demand_105 6 10 10.602801
demand_106 6 11 36.345887
demand_107 6 12 25.662574
demand_108 6 13 1.756156
demand_109 6 14 9.552939
demand_110 6 15 53.413157
demand_111 6 16 122.068235
demand_112 7 0 711.426297
demand_113 7 1 30.533612
demand_114 7 2 1405.045465
demand_115 7 3 834.221404
demand_116 7 4 1253.748438
demand_117 7 5 6778.133532
demand_118 7 6 5421.296294
demand_119 7 8 2401.976955
demand_120 7 9 484.050471
demand_121 7 10 943.127706
demand_122 7 11 3232.995988
demand_123 7 12 2282.706679
demand_124 7 13 156.211523
demand_125 7 14 849.741635
demand_126 7 15 4751.143452
demand_127 7 16 10858.068067
demand_128 8 0 219.063654
demand_129 8 1 9.401964
demand_130 8 2 432.644104
demand_131 8 3 256.874942
demand_132 8 4 386.056454
demand_133 8 5 2087.134960
demand_134 8 6 1669.335219
demand_135 8 7 80.852311
demand_136 8 9 149.049684
demand_137 8 10 290.409564
demand_138 8 11 995.509888
demand_139 8 12 702.895110
demand_140 8 13 48.100931
demand_141 8 14 261.653959
demand_142 8 15 1462.980561
demand_143 8 16 3343.435675
demand_144 9 0 64.377557
demand_145 9 1 2.763012
demand_146 9 2 127.143732
demand_147 9 3 75.489389
demand_148 9 4 113.452739
demand_149 9 5 613.358940
demand_150 9 6 490.577610
demand_151 9 7 23.760556
demand_152 9 8 217.356892
demand_153 9 10 85.344410
demand_154 9 11 292.556495
demand_155 9 12 206.564026
demand_156 9 13 14.135711
demand_157 9 14 76.893827
demand_158 9 15 429.934922
demand_159 9 16 982.555608
demand_160 10 0 275.992130
demand_161 10 1 11.845270
demand_162 10 2 545.076127
demand_163 10 3 323.629508
demand_164 10 4 486.381658
demand_165 10 5 2629.522578
demand_166 10 6 2103.148446
demand_167 10 7 101.863550
demand_168 10 8 931.827708
demand_169 10 9 187.783501
demand_170 10 11 1254.214881
demand_171 10 12 885.557761
demand_172 10 13 60.601008
demand_173 10 14 329.650457
demand_174 10 15 1843.168022
demand_175 10 16 4212.300481
demand_176 11 0 5.148510
demand_177 11 1 0.220968
demand_178 11 2 10.168152
demand_179 11 3 6.037164
demand_180 11 4 9.073233
demand_181 11 5 49.052570
demand_182 11 6 39.233295
demand_183 11 7 1.900219
demand_184 11 8 17.382830
demand_185 11 9 3.503017
demand_186 11 10 6.825306
demand_187 11 12 16.519685
demand_188 11 13 1.130485
demand_189 11 14 6.149482
demand_190 11 15 34.383477
demand_191 11 16 78.578585
demand_192 12 0 291.735595
demand_193 12 1 12.520962
demand_194 12 2 576.168995
demand_195 12 3 342.090360
demand_196 12 4 514.126408
demand_197 12 5 2779.518873
demand_198 12 6 2223.118694
demand_199 12 7 107.674170
demand_200 12 8 984.982112
demand_201 12 9 198.495266
demand_202 12 10 386.749722
demand_203 12 11 1325.759270
demand_204 12 13 64.057882
demand_205 12 14 348.454763
demand_206 12 15 1948.308164
demand_207 12 16 4452.583440
demand_208 13 0 21.684348
demand_209 13 1 0.930668
demand_210 13 2 42.825932
demand_211 13 3 25.427155
demand_212 13 4 38.214383
demand_213 13 5 206.598216
demand_214 13 6 165.241676
demand_215 13 7 8.003289
demand_216 13 8 73.212508
demand_217 13 9 14.753909
demand_218 13 10 28.746631
demand_219 13 11 98.542054
demand_220 13 12 69.577137
demand_221 13 14 25.900214
demand_222 13 15 144.815347
demand_223 13 16 330.955046
demand_224 14 0 174.069265
demand_225 14 1 7.470856
demand_226 14 2 343.781545
demand_227 14 3 204.114336
demand_228 14 4 306.762724
demand_229 14 5 1658.449689
demand_230 14 6 1326.463563
demand_231 14 7 64.245721
demand_232 14 8 587.707208
demand_233 14 9 118.435754
demand_234 14 10 230.761144
demand_235 14 11 791.038000
demand_236 14 12 558.524580
demand_237 14 13 38.221282
demand_238 14 15 1162.492940
demand_239 14 16 2656.713611
demand_240 15 0 657.547144
demand_241 15 1 28.221180
demand_242 15 2 1298.635763
demand_243 15 3 771.042487
demand_244 15 4 1158.797064
demand_245 15 5 6264.798421
demand_246 15 6 5010.719884
demand_247 15 7 242.688394
demand_248 15 8 2220.065652
demand_249 15 9 447.391396
demand_250 15 10 871.700880
demand_251 15 11 2988.148295
demand_252 15 12 2109.828189
demand_253 15 13 144.381001
demand_254 15 14 785.387309
demand_255 15 16 10035.743226
demand_256 16 0 188.125198
demand_257 16 1 8.074121
demand_258 16 2 371.541588
demand_259 16 3 220.596381
demand_260 16 4 331.533532
demand_261 16 5 1792.367975
demand_262 16 6 1433.574274
demand_263 16 7 69.433504
demand_264 16 8 635.164024
demand_265 16 9 127.999332
demand_266 16 10 249.394894
demand_267 16 11 854.913590
demand_268 16 12 603.624925
demand_269 16 13 41.307615
demand_270 16 14 224.700456
demand_271 16 15 1256.363175
