DEMANDS 272
label src dest bw
demand_0 0 1 50.451300
demand_1 0 2 938.584081
demand_2 0 3 365.774592
demand_3 0 4 711.046597
demand_4 0 5 3681.118252
demand_5 0 6 2643.962657
demand_6 0 7 166.908302
demand_7 0 8 1520.775776
demand_8 0 9 220.881339
demand_9 0 10 534.025050
demand_10 0 11 1811.464100
demand_11 0 12 1136.561325
demand_12 0 13 158.924400
demand_13 0 14 422.952989
demand_14 0 15 1954.707497
demand_15 0 16 3862.213230
demand_16 1 0 46.642914
demand_17 1 2 130.950724
demand_18 1 3 51.032666
demand_19 1 4 99.204822
demand_20 1 5 513.587553
demand_21 1 6 368.884186
demand_22 1 7 23.286953
demand_23 1 8 212.177783
demand_24 1 9 30.817241
demand_25 1 10 74.506875
demand_26 1 11 252.734455
demand_27 1 12 158.572398
demand_28 1 13 22.173043
demand_29 1 14 59.010164
demand_30 1 15 272.719693
demand_31 1 16 538.853822
demand_32 2 0 105.033249
demand_33 2 1 15.850691
demand_34 2 3 114.918349
demand_35 2 4 223.395235
demand_36 2 5 1156.526562
demand_37 2 6 830.675037
demand_38 2 7 52.438925
demand_39 2 8 477.794371
demand_40 2 9 69.396069
demand_41 2 10 167.778950
demand_42 2 11 569.122263
demand_43 2 12 357.082623
demand_44 2 13 49.930558
demand_45 2 14 132.882546
demand_46 2 15 614.126194
demand_47 2 16 1213.422630
demand_48 3 0 316.459971
demand_49 3 1 47.757346
demand_50 3 2 888.466403
demand_51 3 4 673.078764
demand_52 3 5 3484.557176
demand_53 3 6 2502.782692
demand_54 3 7 157.995881
demand_55 3 8 1439.570745
demand_56 3 9 209.086914
demand_57 3 10 505.509655
demand_58 3 11 1714.737153
demand_59 3 12 1075.872235
demand_60 3 13 150.438296
demand_61 3 14 400.368521
demand_62 3 15 1850.331766
demand_63 3 16 3655.982206
demand_64 4 0 257.782255
demand_65 4 1 38.902223
demand_66 4 2 723.727781
demand_67 4 3 282.043175
demand_68 4 5 2838.453794
demand_69 4 6 2038.719030
demand_70 4 7 128.700430
demand_71 4 8 1172.646863
demand_72 4 9 170.318211
demand_73 4 10 411.778521
demand_74 4 11 1396.792169
demand_75 4 12 876.384996
demand_76 4 13 122.544166
demand_77 4 14 326.132559
demand_78 4 15 1507.244954
demand_79 4 16 2978.093352
demand_80 5 0 162.759604
demand_81 5 1 24.562243
demand_82 5 2 456.950177
demand_83 5 3 178.077562
demand_84 5 4 346.173428
demand_85 5 6 1287.214677
demand_86 5 7 81.259399
demand_87 5 8 740.390525
demand_88 5 9 107.536202
demand_89 5 10 259.990390
demand_90 5 11 881.912296
demand_91 5 12 553.335507
demand_92 5 13 77.372432
demand_93 5 14 205.914896
demand_94 5 15 951.650422
demand_95 5 16 1880.320640
demand_96 6 0 73.735767
demand_97 6 1 11.127551
demand_98 6 2 207.014338
demand_99 6 3 80.675335
demand_100 6 4 156.828614
demand_101 6 5 811.908358
demand_102 6 7 36.813337
demand_103 6 8 335.422684
demand_104 6 9 48.717643
demand_105 6 10 117.784698
demand_106 6 11 399.536973
demand_107 6 12 250.680249
demand_108 6 13 35.052405
demand_109 6 14 93.286616
demand_110 6 15 431.130772
demand_111 6 16 851.850711
demand_112 7 0 412.215414
demand_113 7 1 62.207912
demand_114 7 2 1157.301332
demand_115 7 3 451.010656
demand_116 7 4 876.741030
demand_117 7 5 4538.925329
demand_118 7 6 3260.082466
demand_119 7 8 1875.160540
demand_120 7 9 272.353083
demand_121 7 10 658.468340
demand_122 7 11 2233.587655
demand_123 7 12 1401.413003
demand_124 7 13 195.958384
demand_125 7 14 521.513274
demand_126 7 15 2410.210909
demand_127 7 16 4762.220677
demand_128 8 0 279.468243
demand_129 8 1 42.174881
demand_130 8 2 784.611537
demand_131 8 3 305.770117
demand_132 8 4 594.401050
demand_133 8 5 3077.239332
demand_134 8 6 2210.226708
demand_135 8 7 139.527382
demand_136 8 9 184.646267
demand_137 8 10 446.419478
demand_138 8 11 1514.297611
demand_139 8 12 950.111073
demand_140 8 13 132.853220
demand_141 8 14 353.568531
demand_142 8 15 1634.042261
demand_143 8 16 3228.626098
demand_144 9 0 119.156301
demand_145 9 1 17.982017
demand_146 9 2 334.533211
demand_147 9 3 130.370578
demand_148 9 4 253.433556
demand_149 9 5 1312.036220
demand_150 9 6 942.369827
demand_151 9 7 59.490003
demand_152 9 8 542.039881
demand_153 9 10 190.338957
demand_154 9 11 645.647966
demand_155 9 12 405.096909
demand_156 9 13 56.644355
demand_157 9 14 150.750289
demand_158 9 15 696.703246
demand_159 9 16 1376.582685
demand_160 10 0 289.634100
demand_161 10 1 43.709022
demand_162 10 2 813.152343
demand_163 10 3 316.892724
demand_164 10 4 616.022813
demand_165 10 5 3189.176113
demand_166 10 6 2290.625286
demand_167 10 7 144.602790
demand_168 10 8 1317.540336
demand_169 10 9 191.362907
demand_170 10 11 1569.381270
demand_171 10 12 984.672042
demand_172 10 13 137.685851
demand_173 10 14 366.429839
demand_174 10 15 1693.481717
demand_175 10 16 3346.069681
demand_176 11 0 15.129813
demand_177 11 1 2.283258
demand_178 11 2 42.477189
demand_179 11 3 16.553740
demand_180 11 4 32.179601
demand_181 11 5 166.595151
demand_182 11 6 119.656944
demand_183 11 7 7.553714
demand_184 11 8 68.825246
demand_185 11 9 9.996354
demand_186 11 10 24.168195
demand_187 11 12 51.436980
demand_188 11 13 7.192389
demand_189 11 14 19.141444
demand_190 11 15 88.463551
demand_191 11 16 174.790907
demand_192 12 0 297.088674
demand_193 12 1 44.834001
demand_194 12 2 834.081179
demand_195 12 3 325.048879
demand_196 12 4 631.877949
demand_197 12 5 3271.258820
demand_198 12 6 2349.581178
demand_199 12 7 148.324563
demand_200 12 8 1351.451062
demand_201 12 9 196.288187
demand_202 12 10 474.566160
demand_203 12 11 1609.773854
demand_204 12 13 141.229596
demand_205 12 14 375.860975
demand_206 12 15 1737.068386
demand_207 12 16 3432.190500
demand_208 13 0 89.431416
demand_209 13 1 13.496200
demand_210 13 2 251.080122
demand_211 13 3 97.848164
demand_212 13 4 190.211693
demand_213 13 5 984.733963
demand_214 13 6 707.285028
demand_215 13 7 44.649550
demand_216 13 8 406.821910
demand_217 13 9 59.087848
demand_218 13 10 142.856754
demand_219 13 11 484.583787
demand_220 13 12 304.040908
demand_221 13 14 113.143926
demand_222 13 15 522.902751
demand_223 13 16 1033.178583
demand_224 14 0 172.136628
demand_225 14 1 25.977341
demand_226 14 2 483.276320
demand_227 14 3 188.337094
demand_228 14 4 366.117421
demand_229 14 5 1895.405344
demand_230 14 6 1361.374616
demand_231 14 7 85.940974
demand_232 14 8 783.046437
demand_233 14 9 113.731655
demand_234 14 10 274.969144
demand_235 14 11 932.721662
demand_236 14 12 585.214671
demand_237 14 13 81.830068
demand_238 14 15 1006.477592
demand_239 14 16 1988.651028
demand_240 15 0 390.252053
demand_241 15 1 58.893396
demand_242 15 2 1095.638845
demand_243 15 3 426.980235
demand_244 15 4 830.027153
demand_245 15 5 4297.085615
demand_246 15 6 3086.381127
demand_247 15 7 194.837333
demand_248 15 8 1775.249602
demand_249 15 9 257.841765
demand_250 15 10 623.384309
demand_251 15 11 2114.579265
demand_252 15 12 1326.743936
demand_253 15 13 185.517472
demand_254 15 14 493.726384
demand_255 15 16 4508.483503
demand_256 16 0 184.817383
demand_257 16 1 27.891008
demand_258 16 2 518.877742
demand_259 16 3 202.211286
demand_260 16 4 393.088121
demand_261 16 5 2035.033798
demand_262 16 6 1461.662733
demand_263 16 7 92.271971
demand_264 16 8 840.730966
demand_265 16 9 122.109902
demand_266 16 10 295.225242
demand_267 16 11 1001.432286
demand_268 16 12 628.325566
demand_269 16 13 87.858228
demand_270 16 14 233.821238
demand_271 16 15 1080.621580
