DEMANDS 272
label src dest bw
demand_0 0 1 14.371966
demand_1 0 2 1618.341360
demand_2 0 3 615.389303
demand_3 0 4 1453.848279
demand_4 0 5 4447.827538
demand_5 0 6 2052.002425
demand_6 0 7 108.181859
demand_7 0 8 1675.951613
demand_8 0 9 195.080894
demand_9 0 10 892.698708
demand_10 0 11 1795.080950
demand_11 0 12 1647.575287
demand_12 0 13 87.767029
demand_13 0 14 778.550613
demand_14 0 15 1805.084208
demand_15 0 16 6203.899233
demand_16 1 0 9.334830
demand_17 1 2 64.563247
demand_18 1 3 24.550773
demand_19 1 4 58.000844
demand_20 1 5 177.444755
demand_21 1 6 81.864026
demand_22 1 7 4.315883
demand_23 1 8 66.861590
demand_24 1 9 7.782694
demand_25 1 10 35.613949
demand_26 1 11 71.614220
demand_27 1 12 65.729525
demand_28 1 13 3.501439
demand_29 1 14 31.060045
demand_30 1 15 72.013297
demand_31 1 16 247.502712
demand_32 2 0 33.519587
demand_33 2 1 2.058845
demand_34 2 3 88.157125
demand_35 2 4 208.269926
demand_36 2 5 637.170142
demand_37 2 6 293.958042
demand_38 2 7 15.497510
demand_39 2 8 240.087170
demand_40 2 9 27.946165
demand_41 2 10 127.882873
demand_42 2 11 257.152952
demand_43 2 12 236.022141
demand_44 2 13 12.572999
demand_45 2 14 111.530674
demand_46 2 15 258.585962
demand_47 2 16 888.734853
demand_48 3 0 205.240638
demand_49 3 1 12.606321
demand_50 3 2 1419.522570
demand_51 3 4 1275.238028
demand_52 3 5 3901.396659
demand_53 3 6 1799.906885
demand_54 3 7 94.891347
demand_55 3 8 1470.055205
demand_56 3 9 171.114537
demand_57 3 10 783.027608
demand_58 3 11 1574.549094
demand_59 3 12 1445.165008
demand_60 3 13 76.984549
demand_61 3 14 682.902998
demand_62 3 15 1583.323418
demand_63 3 16 5441.728919
demand_64 4 0 92.535912
demand_65 4 1 5.683754
demand_66 4 2 640.013678
demand_67 4 3 243.371133
demand_68 4 5 1759.004949
demand_69 4 6 811.515822
demand_70 4 7 42.783229
demand_71 4 8 662.797097
demand_72 4 9 77.149632
demand_73 4 10 353.040093
demand_74 4 11 709.909781
demand_75 4 12 651.574967
demand_76 4 13 34.709673
demand_77 4 14 307.897365
demand_78 4 15 713.865821
demand_79 4 16 2453.487542
demand_80 5 0 45.922898
demand_81 5 1 2.820683
demand_82 5 2 317.620287
demand_83 5 3 120.778058
demand_84 5 4 285.336406
demand_85 5 6 402.731843
demand_86 5 7 21.232080
demand_87 5 8 328.927039
demand_88 5 9 38.287132
demand_89 5 10 175.203592
demand_90 5 11 352.307702
demand_91 5 12 323.357820
demand_92 5 13 17.225407
demand_93 5 14 152.800562
demand_94 5 15 354.270970
demand_95 5 16 1217.594941
demand_96 6 0 12.923614
demand_97 6 1 0.793796
demand_98 6 2 89.384647
demand_99 6 3 33.989341
demand_100 6 4 80.299323
demand_101 6 5 245.663557
demand_102 6 7 5.975128
demand_103 6 8 92.566592
demand_104 6 9 10.774758
demand_105 6 10 49.305765
demand_106 6 11 99.146374
demand_107 6 12 90.999303
demand_108 6 13 4.847571
demand_109 6 14 43.001108
demand_110 6 15 99.698876
demand_111 6 16 342.655362
demand_112 7 0 337.508378
demand_113 7 1 20.730489
demand_114 7 2 2334.336737
demand_115 7 3 887.653181
demand_116 7 4 2097.067734
demand_117 7 5 6415.659563
demand_118 7 6 2959.860487
demand_119 7 8 2417.435231
demand_120 7 9 281.389643
demand_121 7 10 1287.651321
demand_122 7 11 2589.270416
demand_123 7 12 2376.504496
demand_124 7 13 126.597395
demand_125 7 14 1123.001205
demand_126 7 15 2603.699371
demand_127 7 16 8948.662039
demand_128 8 0 141.478415
demand_129 8 1 8.689908
demand_130 8 2 978.518708
demand_131 8 3 372.090809
demand_132 8 4 879.059125
demand_133 8 5 2689.347603
demand_134 8 6 1240.728818
demand_135 8 7 65.411399
demand_136 8 9 117.954289
demand_137 8 10 539.763988
demand_138 8 11 1085.383057
demand_139 8 12 996.194796
demand_140 8 13 53.067716
demand_141 8 14 470.745146
demand_142 8 15 1091.431457
demand_143 8 16 3751.143989
demand_144 9 0 44.896018
demand_145 9 1 2.757610
demand_146 9 2 310.517992
demand_147 9 3 118.077345
demand_148 9 4 278.956010
demand_149 9 5 853.423456
demand_150 9 6 393.726372
demand_151 9 7 20.757310
demand_152 9 8 321.571915
demand_153 9 10 171.285872
demand_154 9 11 344.429764
demand_155 9 12 316.127229
demand_156 9 13 16.840231
demand_157 9 14 149.383794
demand_158 9 15 346.349131
demand_159 9 16 1190.368349
demand_160 10 0 183.065463
demand_161 10 1 11.244274
demand_162 10 2 1266.150602
demand_163 10 3 481.465502
demand_164 10 4 1137.455248
demand_165 10 5 3479.871214
demand_166 10 6 1605.436387
demand_167 10 7 84.638834
demand_168 10 8 1311.223451
demand_169 10 9 152.626508
demand_170 10 11 1404.427323
demand_171 10 12 1289.022509
demand_172 10 13 68.666772
demand_173 10 14 609.118911
demand_174 10 15 1412.253627
demand_175 10 16 4853.778653
demand_176 11 0 6.458850
demand_177 11 1 0.396716
demand_178 11 2 44.671871
demand_179 11 3 16.986893
demand_180 11 4 40.131288
demand_181 11 5 122.775566
demand_182 11 6 56.642430
demand_183 11 7 2.986197
demand_184 11 8 46.262115
demand_185 11 9 5.384914
demand_186 11 10 24.641601
demand_187 11 12 45.478829
demand_188 11 13 2.422676
demand_189 11 14 21.490715
demand_190 11 15 49.826625
demand_191 11 16 171.249275
demand_192 12 0 183.895076
demand_193 12 1 11.295230
demand_194 12 2 1271.888518
demand_195 12 3 483.647398
demand_196 12 4 1142.609945
demand_197 12 5 3495.641225
demand_198 12 6 1612.711871
demand_199 12 7 85.022399
demand_200 12 8 1317.165627
demand_201 12 9 153.318178
demand_202 12 10 701.590693
demand_203 12 11 1410.791879
demand_204 12 13 68.977955
demand_205 12 14 611.879304
demand_206 12 15 1418.653650
demand_207 12 16 4875.774910
demand_208 13 0 32.421514
demand_209 13 1 1.991399
demand_210 13 2 224.239560
demand_211 13 3 85.269171
demand_212 13 4 201.447177
demand_213 13 5 616.296978
demand_214 13 6 284.328221
demand_215 13 7 14.989824
demand_216 13 8 232.222114
demand_217 13 9 27.030672
demand_218 13 10 123.693536
demand_219 13 11 248.728835
demand_220 13 12 228.290252
demand_221 13 14 107.877022
demand_222 13 15 250.114900
demand_223 13 16 859.620638
demand_224 14 0 67.799819
demand_225 14 1 4.164410
demand_226 14 2 468.929418
demand_227 14 3 178.314758
demand_228 14 4 421.266023
demand_229 14 5 1288.799281
demand_230 14 6 594.586734
demand_231 14 7 31.346697
demand_232 14 8 485.622523
demand_233 14 9 56.526498
demand_234 14 10 258.667730
demand_235 14 11 520.141354
demand_236 14 12 477.400220
demand_237 14 13 25.431311
demand_238 14 15 523.039891
demand_239 14 16 1797.637341
demand_240 15 0 270.398985
demand_241 15 1 16.608486
demand_242 15 2 1870.182566
demand_243 15 3 711.154255
demand_244 15 4 1680.091588
demand_245 15 5 5139.984507
demand_246 15 6 2371.328606
demand_247 15 7 125.016781
demand_248 15 8 1936.757945
demand_249 15 9 225.438771
demand_250 15 10 1031.617681
demand_251 15 11 2074.425816
demand_252 15 12 1903.965784
demand_253 15 13 101.425059
demand_254 15 14 899.706217
demand_255 15 16 7169.330570
demand_256 16 0 85.510467
demand_257 16 1 5.252236
demand_258 16 2 591.423020
demand_259 16 3 224.894085
demand_260 16 4 531.309007
demand_261 16 5 1625.459041
demand_262 16 6 749.904502
demand_263 16 7 39.535072
demand_264 16 8 612.476693
demand_265 16 9 71.292333
demand_266 16 10 326.236837
demand_267 16 11 656.012522
demand_268 16 12 602.106562
demand_269 16 13 32.074470
demand_270 16 14 284.521403
demand_271 16 15 659.668214
