DEMANDS 272
label src dest bw
demand_0 0 1 26.215381
demand_1 0 2 1387.899796
demand_2 0 3 497.719725
demand_3 0 4 962.902218
demand_4 0 5 1797.940476
demand_5 0 6 1787.449426
demand_6 0 7 192.177026
demand_7 0 8 1458.410801
demand_8 0 9 252.025689
demand_9 0 10 890.029948
demand_10 0 11 1477.111871
demand_11 0 12 1402.118469
demand_12 0 13 162.416751
demand_13 0 14 671.237767
demand_14 0 15 1610.242262
demand_15 0 16 5187.547797
demand_16 1 0 30.264721
demand_17 1 2 109.509626
demand_18 1 3 39.271640
demand_19 1 4 75.975990
demand_20 1 5 141.863115
demand_21 1 6 141.035338
demand_22 1 7 15.163367
demand_23 1 8 115.073164
demand_24 1 9 19.885613
demand_25 1 10 70.226141
demand_26 1 11 116.548737
demand_27 1 12 110.631523
demand_28 1 13 12.815189
demand_29 1 14 52.962755
demand_30 1 15 127.053140
demand_31 1 16 409.313712
demand_32 2 0 115.761637
demand_33 2 1 7.911855
demand_34 2 3 150.212829
demand_35 2 4 290.605855
demand_36 2 5 542.622105
demand_37 2 6 539.455885
demand_38 2 7 57.999419
demand_39 2 8 440.151356
demand_40 2 9 76.061867
demand_41 2 10 268.612855
demand_42 2 11 445.795377
demand_43 2 12 423.162216
demand_44 2 13 49.017707
demand_45 2 14 202.580928
demand_46 2 15 485.974401
demand_47 2 16 1565.612512
demand_48 3 0 343.676592
demand_49 3 1 23.488952
demand_50 3 2 1243.556663
demand_51 3 4 862.759310
demand_52 3 5 1610.952654
demand_53 3 6 1601.552685
demand_54 3 7 172.190400
demand_55 3 8 1306.734445
demand_56 3 9 225.814735
demand_57 3 10 797.465837
demand_58 3 11 1323.490583
demand_59 3 12 1256.296579
demand_60 3 13 145.525227
demand_61 3 14 601.428288
demand_62 3 15 1442.775265
demand_63 3 16 4648.037019
demand_64 4 0 286.873774
demand_65 4 1 19.606701
demand_66 4 2 1038.021795
demand_67 4 3 372.248720
demand_68 4 5 1344.694629
demand_69 4 6 1336.848285
demand_70 4 7 143.730795
demand_71 4 8 1090.757562
demand_72 4 9 188.492108
demand_73 4 10 665.660797
demand_74 4 11 1104.744248
demand_75 4 12 1048.656060
demand_76 4 13 121.472838
demand_77 4 14 502.024306
demand_78 4 15 1204.313574
demand_79 4 16 3879.810124
demand_80 5 0 152.118087
demand_81 5 1 10.396677
demand_82 5 2 550.422885
demand_83 5 3 197.389125
demand_84 5 4 381.874411
demand_85 5 6 708.879036
demand_86 5 7 76.214892
demand_87 5 8 578.386626
demand_88 5 9 99.950088
demand_89 5 10 352.974223
demand_90 5 11 585.803226
demand_91 5 12 556.061825
demand_92 5 13 64.412357
demand_93 5 14 266.204109
demand_94 5 15 638.600996
demand_95 5 16 2057.313527
demand_96 6 0 40.331649
demand_97 6 1 2.756511
demand_98 6 2 145.935718
demand_99 6 3 52.334531
demand_100 6 4 101.247819
demand_101 6 5 189.050921
demand_102 6 7 20.207145
demand_103 6 8 153.349852
demand_104 6 9 26.500148
demand_105 6 10 93.585402
demand_106 6 11 155.316243
demand_107 6 12 147.430792
demand_108 6 13 17.077894
demand_109 6 14 70.579710
demand_110 6 15 169.314717
demand_111 6 16 545.463380
demand_112 7 0 672.732566
demand_113 7 1 45.978641
demand_114 7 2 2434.210199
demand_115 7 3 872.940852
demand_116 7 4 1688.815293
demand_117 7 5 3153.372496
demand_118 7 6 3134.972450
demand_119 7 8 2557.878067
demand_120 7 9 442.022908
demand_121 7 10 1561.006048
demand_122 7 11 2590.677506
demand_123 7 12 2459.148052
demand_124 7 13 284.859551
demand_125 7 14 1177.270739
demand_126 7 15 2824.172285
demand_127 7 16 9098.338219
demand_128 8 0 322.485407
demand_129 8 1 22.040617
demand_130 8 2 1166.878645
demand_131 8 3 418.458537
demand_132 8 4 809.561353
demand_133 8 5 1511.620906
demand_134 8 6 1502.800542
demand_135 8 7 161.573096
demand_136 8 9 211.890942
demand_137 8 10 748.293892
demand_138 8 11 1241.883819
demand_139 8 12 1178.833015
demand_140 8 13 136.552105
demand_141 8 14 564.344068
demand_142 8 15 1353.813377
demand_143 8 16 4361.437883
demand_144 9 0 135.740340
demand_145 9 1 9.277322
demand_146 9 2 491.161772
demand_147 9 3 176.137285
demand_148 9 4 340.760019
demand_149 9 5 636.270452
demand_150 9 6 632.557791
demand_151 9 7 68.009239
demand_152 9 8 516.114806
demand_153 9 10 314.971360
demand_154 9 11 522.732900
demand_155 9 12 496.193598
demand_156 9 13 57.477420
demand_157 9 14 237.543324
demand_158 9 15 569.846214
demand_159 9 16 1835.813492
demand_160 10 0 335.797188
demand_161 10 1 22.950425
demand_162 10 2 1215.045890
demand_163 10 3 435.731966
demand_164 10 4 842.979000
demand_165 10 5 1574.018666
demand_166 10 6 1564.834209
demand_167 10 7 168.242625
demand_168 10 8 1276.775208
demand_169 10 9 220.637526
demand_170 10 11 1293.147181
demand_171 10 12 1227.493720
demand_172 10 13 142.188800
demand_173 10 14 587.639462
demand_174 10 15 1409.697046
demand_175 10 16 4541.472410
demand_176 11 0 20.193698
demand_177 11 1 1.380160
demand_178 11 2 73.068718
demand_179 11 3 26.203435
demand_180 11 4 50.693884
demand_181 11 5 94.656118
demand_182 11 6 94.103796
demand_183 11 7 10.117538
demand_184 11 8 76.780909
demand_185 11 9 13.268389
demand_186 11 10 46.857380
demand_187 11 12 73.817289
demand_188 11 13 8.550750
demand_189 11 14 35.338634
demand_190 11 15 84.774376
demand_191 11 16 273.108672
demand_192 12 0 337.619884
demand_193 12 1 23.074999
demand_194 12 2 1221.641119
demand_195 12 3 438.097104
demand_196 12 4 847.554663
demand_197 12 5 1582.562388
demand_198 12 6 1573.328077
demand_199 12 7 169.155841
demand_200 12 8 1283.705501
demand_201 12 9 221.835140
demand_202 12 10 783.411875
demand_203 12 11 1300.166341
demand_204 12 13 142.960596
demand_205 12 14 590.829150
demand_206 12 15 1417.348835
demand_207 12 16 4566.123373
demand_208 13 0 88.516286
demand_209 13 1 6.049742
demand_210 13 2 320.286628
demand_211 13 3 114.859137
demand_212 13 4 222.209633
demand_213 13 5 414.912009
demand_214 13 6 412.490982
demand_215 13 7 44.348830
demand_216 13 8 336.558503
demand_217 13 9 58.160148
demand_218 13 10 205.392847
demand_219 13 11 340.874162
demand_220 13 12 323.567881
demand_221 13 14 154.902019
demand_222 13 15 371.596758
demand_223 13 16 1197.134113
demand_224 14 0 155.361622
demand_225 14 1 10.618360
demand_226 14 2 562.159264
demand_227 14 3 201.597951
demand_228 14 4 390.016919
demand_229 14 5 728.243421
demand_230 14 6 723.994093
demand_231 14 7 77.839982
demand_232 14 8 590.719262
demand_233 14 9 102.081272
demand_234 14 10 360.500507
demand_235 14 11 598.294001
demand_236 14 12 567.918440
demand_237 14 13 65.785788
demand_238 14 15 652.217551
demand_239 14 16 2101.180547
demand_240 15 0 502.634456
demand_241 15 1 34.353100
demand_242 15 2 1818.728542
demand_243 15 3 652.220767
demand_244 15 4 1261.804168
demand_245 15 5 2356.053132
demand_246 15 6 2342.305474
demand_247 15 7 251.832187
demand_248 15 8 1911.127416
demand_249 15 9 330.258939
demand_250 15 10 1166.311051
demand_251 15 11 1935.633630
demand_252 15 12 1837.360945
demand_253 15 13 212.833795
demand_254 15 14 879.601891
demand_255 15 16 6797.854767
demand_256 16 0 219.092816
demand_257 16 1 14.974138
demand_258 16 2 792.763711
demand_259 16 3 284.295839
demand_260 16 4 550.006519
demand_261 16 5 1026.977573
demand_262 16 6 1020.985121
demand_263 16 7 109.770873
demand_264 16 8 833.039361
demand_265 16 9 143.956229
demand_266 16 10 508.382123
demand_267 16 11 843.721350
demand_268 16 12 800.885370
demand_269 16 13 92.771904
demand_270 16 14 383.408763
demand_271 16 15 919.764983
