DEMANDS 272
label src dest bw
demand_0 0 1 84.070495
demand_1 0 2 1460.094778
demand_2 0 3 516.110791
demand_3 0 4 1198.831661
demand_4 0 5 3421.648004
demand_5 0 6 2852.629116
demand_6 0 7 129.900484
demand_7 0 8 2292.954773
demand_8 0 9 155.062800
demand_9 0 10 749.704504
demand_10 0 11 2730.747317
demand_11 0 12 1862.661491
demand_12 0 13 100.144579
demand_13 0 14 594.339710
demand_14 0 15 2778.952120
demand_15 0 16 3748.171509
demand_16 1 0 33.498835
demand_17 1 2 193.075504
demand_18 1 3 68.247865
demand_19 1 4 158.527399
demand_20 1 5 452.461322
demand_21 1 6 377.217160
demand_22 1 7 17.177379
demand_23 1 8 303.208672
demand_24 1 9 20.504716
demand_25 1 10 99.137109
demand_26 1 11 361.100131
demand_27 1 12 246.308878
demand_28 1 13 13.242610
demand_29 1 14 78.592459
demand_30 1 15 367.474489
demand_31 1 16 495.639129
demand_32 2 0 59.085156
demand_33 2 1 19.608231
demand_34 2 3 120.375402
demand_35 2 4 279.610203
demand_36 2 5 798.050073
demand_37 2 6 665.334620
demand_38 2 7 30.297415
demand_39 2 8 534.798647
demand_40 2 9 36.166163
demand_41 2 10 174.857768
demand_42 2 11 636.907447
demand_43 2 12 434.438942
demand_44 2 13 23.357280
demand_45 2 14 138.621170
demand_46 2 15 648.150523
demand_47 2 16 874.206974
demand_48 3 0 212.067989
demand_49 3 1 70.377713
demand_50 3 2 1222.285302
demand_51 3 4 1003.574796
demand_52 3 5 2864.355195
demand_53 3 6 2388.013910
demand_54 3 7 108.743251
demand_55 3 8 1919.495199
demand_56 3 9 129.807314
demand_57 3 10 627.598160
demand_58 3 11 2285.983320
demand_59 3 12 1559.284916
demand_60 3 13 83.833768
demand_61 3 14 497.538039
demand_62 3 15 2326.336880
demand_63 3 16 3137.696958
demand_64 4 0 114.973634
demand_65 4 1 38.155600
demand_66 4 2 662.667588
demand_67 4 3 234.238146
demand_68 4 5 1552.923320
demand_69 4 6 1294.672705
demand_70 4 7 58.955653
demand_71 4 8 1040.663135
demand_72 4 9 70.375631
demand_73 4 10 340.255224
demand_74 4 11 1239.356352
demand_75 4 12 845.373476
demand_76 4 13 45.450862
demand_77 4 14 269.742532
demand_78 4 15 1261.234220
demand_79 4 16 1701.116812
demand_80 5 0 99.034846
demand_81 5 1 32.866092
demand_82 5 2 570.802023
demand_83 5 3 201.765727
demand_84 5 4 468.665150
demand_85 5 6 1115.192312
demand_86 5 7 50.782634
demand_87 5 8 896.396072
demand_88 5 9 60.619462
demand_89 5 10 293.085664
demand_90 5 11 1067.544461
demand_91 5 12 728.179406
demand_92 5 13 39.150012
demand_93 5 14 232.348142
demand_94 5 15 1086.389402
demand_95 5 16 1465.291098
demand_96 6 0 36.700937
demand_97 6 1 12.179717
demand_98 6 2 211.531294
demand_99 6 3 74.771573
demand_100 6 4 173.680788
demand_101 6 5 495.711402
demand_102 6 7 18.819338
demand_103 6 8 332.191921
demand_104 6 9 22.464730
demand_105 6 10 108.613472
demand_106 6 11 395.617135
demand_107 6 12 269.853164
demand_108 6 13 14.508450
demand_109 6 14 86.104991
demand_110 6 15 402.600808
demand_111 6 16 543.016508
demand_112 7 0 306.181160
demand_113 7 1 101.610478
demand_114 7 2 1764.720517
demand_115 7 3 623.789165
demand_116 7 4 1448.948972
demand_117 7 5 4135.520874
demand_118 7 6 3447.785173
demand_119 7 8 2771.343609
demand_120 7 9 187.414207
demand_121 7 10 906.118520
demand_122 7 11 3300.474659
demand_123 7 12 2251.276423
demand_124 7 13 121.038166
demand_125 7 14 718.339314
demand_126 7 15 3358.736635
demand_127 7 16 4530.168356
demand_128 8 0 139.304645
demand_129 8 1 46.230185
demand_130 8 2 802.902979
demand_131 8 3 283.808214
demand_132 8 4 659.234953
demand_133 8 5 1881.556880
demand_134 8 6 1568.654617
demand_135 8 7 71.431997
demand_136 8 9 85.268701
demand_137 8 10 412.260895
demand_138 8 11 1501.632078
demand_139 8 12 1024.273549
demand_140 8 13 55.069289
demand_141 8 14 326.826129
demand_142 8 15 1528.139796
demand_143 8 16 2061.111453
demand_144 9 0 61.534563
demand_145 9 1 20.421101
demand_146 9 2 354.663577
demand_147 9 3 125.365628
demand_148 9 4 291.201593
demand_149 9 5 831.133662
demand_150 9 6 692.916420
demand_151 9 7 31.553411
demand_152 9 8 556.969009
demand_153 9 10 182.106590
demand_154 9 11 663.310783
demand_155 9 12 452.448839
demand_156 9 13 24.325568
demand_157 9 14 144.367784
demand_158 9 15 675.019947
demand_159 9 16 910.447688
demand_160 10 0 146.735575
demand_161 10 1 48.696242
demand_162 10 2 845.732243
demand_163 10 3 298.947400
demand_164 10 4 694.400531
demand_165 10 5 1981.924792
demand_166 10 6 1652.331380
demand_167 10 7 75.242395
demand_168 10 8 1328.150618
demand_169 10 9 89.817190
demand_170 10 11 1581.733656
demand_171 10 12 1078.911386
demand_172 10 13 58.006851
demand_173 10 14 344.260019
demand_174 10 15 1609.655376
demand_175 10 16 2171.057347
demand_176 11 0 12.304034
demand_177 11 1 4.083265
demand_178 11 2 70.916126
demand_179 11 3 25.067262
demand_180 11 4 58.226697
demand_181 11 5 166.187855
demand_182 11 6 138.550872
demand_183 11 7 6.309206
demand_184 11 8 111.367749
demand_185 11 9 7.531328
demand_186 11 10 36.412800
demand_187 11 12 90.468604
demand_188 11 13 4.863976
demand_189 11 14 28.866804
demand_190 11 15 134.972414
demand_191 11 16 182.046950
demand_192 12 0 177.959157
demand_193 12 1 59.058222
demand_194 12 2 1025.693989
demand_195 12 3 362.559845
demand_196 12 4 842.160692
demand_197 12 5 2403.654779
demand_198 12 6 2003.927815
demand_199 12 7 91.253080
demand_200 12 8 1610.765249
demand_201 12 9 108.929218
demand_202 12 10 526.655814
demand_203 12 11 1918.307737
demand_204 12 13 70.350017
demand_205 12 14 417.514450
demand_206 12 15 1952.170865
demand_207 12 16 2633.032489
demand_208 13 0 45.860481
demand_209 13 1 15.219439
demand_210 13 2 264.323683
demand_211 13 3 93.432500
demand_212 13 4 217.026733
demand_213 13 5 619.427324
demand_214 13 6 516.416773
demand_215 13 7 23.516127
demand_216 13 8 415.097882
demand_217 13 9 28.071308
demand_218 13 10 135.720406
demand_219 13 11 494.352284
demand_220 13 12 337.201086
demand_221 13 14 107.594427
demand_222 13 15 503.078889
demand_223 13 16 678.538484
demand_224 14 0 100.453187
demand_225 14 1 33.336788
demand_226 14 2 578.976839
demand_227 14 3 204.655341
demand_228 14 4 475.377199
demand_229 14 5 1356.798871
demand_230 14 6 1131.163685
demand_231 14 7 51.509924
demand_232 14 8 909.233926
demand_233 14 9 61.487632
demand_234 14 10 297.283129
demand_235 14 11 1082.833439
demand_236 14 12 738.608123
demand_237 14 13 39.710704
demand_238 14 15 1101.948270
demand_239 14 16 1486.276457
demand_240 15 0 298.401776
demand_241 15 1 99.028781
demand_242 15 2 1719.882884
demand_243 15 3 607.940066
demand_244 15 4 1412.134393
demand_245 15 5 4030.446463
demand_246 15 6 3360.184601
demand_247 15 7 153.013094
demand_248 15 8 2700.929916
demand_249 15 9 182.652428
demand_250 15 10 883.096059
demand_251 15 11 3216.616920
demand_252 15 12 2194.076484
demand_253 15 13 117.962854
demand_254 15 14 700.087905
demand_255 15 16 4415.066829
demand_256 16 0 113.793347
demand_257 16 1 37.763905
demand_258 16 2 655.864829
demand_259 16 3 231.833523
demand_260 16 4 538.507181
demand_261 16 5 1536.981446
demand_262 16 6 1281.381960
demand_263 16 7 58.350430
demand_264 16 8 1029.979980
demand_265 16 9 69.653175
demand_266 16 10 336.762259
demand_267 16 11 1226.633469
demand_268 16 12 836.695110
demand_269 16 13 44.984277
demand_270 16 14 266.973431
demand_271 16 15 1248.286745
