DEMANDS 272
label src dest bw
demand_0 0 1 58.439641
demand_1 0 2 1817.014193
demand_2 0 3 1027.034150
demand_3 0 4 1539.641972
demand_4 0 5 4032.485735
demand_5 0 6 3343.635425
demand_6 0 7 268.419425
demand_7 0 8 2428.431180
demand_8 0 9 593.927231
demand_9 0 10 1439.065291
demand_10 0 11 2837.671543
demand_11 0 12 2324.507550
demand_12 0 13 190.938829
demand_13 0 14 1083.489412
demand_14 0 15 3157.998777
demand_15 0 16 4296.532721
demand_16 1 0 30.209500
demand_17 1 2 53.794229
demand_18 1 3 30.406208
demand_19 1 4 45.582392
demand_20 1 5 119.385123
demand_21 1 6 98.991132
demand_22 1 7 7.946782
demand_23 1 8 71.895742
demand_24 1 9 17.583714
demand_25 1 10 42.604735
demand_26 1 11 84.011647
demand_27 1 12 68.818996
demand_28 1 13 5.652904
demand_29 1 14 32.077613
demand_30 1 15 93.495203
demand_31 1 16 127.202456
demand_32 2 0 129.784167
demand_33 2 1 7.432982
demand_34 2 3 130.629249
demand_35 2 4 195.828224
demand_36 2 5 512.894903
demand_37 2 6 425.279513
demand_38 2 7 34.140469
demand_39 2 8 308.873994
demand_40 2 9 75.542053
demand_41 2 10 183.035800
demand_42 2 11 360.925585
demand_43 2 12 295.655869
demand_44 2 13 24.285654
demand_45 2 14 137.809836
demand_46 2 15 401.668247
demand_47 2 16 546.479239
demand_48 3 0 779.759171
demand_49 3 1 44.658266
demand_50 3 2 1388.521604
demand_51 3 4 1176.559957
demand_52 3 5 3081.535400
demand_53 3 6 2555.131402
demand_54 3 7 205.120121
demand_55 3 8 1855.752789
demand_56 3 9 453.865905
demand_57 3 10 1099.701506
demand_58 3 11 2168.485120
demand_59 3 12 1776.336675
demand_60 3 13 145.911182
demand_61 3 14 827.978373
demand_62 3 15 2413.272028
demand_63 3 16 3283.314201
demand_64 4 0 263.601442
demand_65 4 1 15.096948
demand_66 4 2 469.396592
demand_67 4 3 265.317867
demand_68 4 5 1041.728274
demand_69 4 6 863.774801
demand_70 4 7 69.341871
demand_71 4 8 627.346403
demand_72 4 9 153.431613
demand_73 4 10 371.759530
demand_74 4 11 733.067114
demand_75 4 12 600.499394
demand_76 4 13 49.325996
demand_77 4 14 279.902182
demand_78 4 15 815.818538
demand_79 4 16 1109.940595
demand_80 5 0 186.095912
demand_81 5 1 10.658061
demand_82 5 2 331.382052
demand_83 5 3 187.307664
demand_84 5 4 280.795669
demand_85 5 6 609.803034
demand_86 5 7 48.953597
demand_87 5 8 442.890600
demand_88 5 9 108.318815
demand_89 5 10 262.452770
demand_90 5 11 517.526733
demand_91 5 12 423.937295
demand_92 5 13 34.822899
demand_93 5 14 197.603819
demand_94 5 15 575.947133
demand_95 5 16 783.589822
demand_96 6 0 39.243230
demand_97 6 1 2.247533
demand_98 6 2 69.880643
demand_99 6 3 39.498760
demand_100 6 4 59.213171
demand_101 6 5 155.085579
demand_102 6 7 10.323157
demand_103 6 8 93.395161
demand_104 6 9 22.841878
demand_105 6 10 55.345087
demand_106 6 11 109.134158
demand_107 6 12 89.398357
demand_108 6 13 7.343326
demand_109 6 14 41.669976
demand_110 6 15 121.453639
demand_111 6 16 165.240576
demand_112 7 0 1526.757180
demand_113 7 1 87.440240
demand_114 7 2 2718.705220
demand_115 7 3 1536.698566
demand_116 7 4 2303.687380
demand_117 7 5 6033.601751
demand_118 7 6 5002.910334
demand_119 7 8 3633.537123
demand_120 7 9 888.662878
demand_121 7 10 2153.199646
demand_122 7 11 4245.862506
demand_123 7 12 3478.041522
demand_124 7 13 285.691985
demand_125 7 14 1621.169681
demand_126 7 15 4725.151731
demand_127 7 16 6428.681724
demand_128 8 0 306.173291
demand_129 8 1 17.535117
demand_130 8 2 545.204526
demand_131 8 3 308.166920
demand_132 8 4 461.977553
demand_133 8 5 1209.968245
demand_134 8 6 1003.275139
demand_135 8 7 80.540640
demand_136 8 9 178.210944
demand_137 8 10 431.798999
demand_138 8 11 851.458054
demand_139 8 12 697.480538
demand_140 8 13 57.292185
demand_141 8 14 325.106614
demand_142 8 15 947.573900
demand_143 8 16 1289.196911
demand_144 9 0 144.157600
demand_145 9 1 8.256175
demand_146 9 2 256.702261
demand_147 9 3 145.096274
demand_148 9 4 217.515954
demand_149 9 5 569.697370
demand_150 9 6 472.378685
demand_151 9 7 37.921483
demand_152 9 8 343.081401
demand_153 9 10 203.306785
demand_154 9 11 400.897640
demand_155 9 12 328.399386
demand_156 9 13 26.975259
demand_157 9 14 153.072102
demand_158 9 15 446.152502
demand_159 9 16 607.001128
demand_160 10 0 340.769307
demand_161 10 1 19.516496
demand_162 10 2 606.809848
demand_163 10 3 342.988205
demand_164 10 4 514.178654
demand_165 10 5 1346.688466
demand_166 10 6 1116.640097
demand_167 10 7 89.641320
demand_168 10 8 810.998594
demand_169 10 9 198.347869
demand_170 10 11 947.668458
demand_171 10 12 776.292271
demand_172 10 13 63.765909
demand_173 10 14 361.841998
demand_174 10 15 1054.644904
demand_175 10 16 1434.869567
demand_176 11 0 25.672312
demand_177 11 1 1.470301
demand_178 11 2 45.714833
demand_179 11 3 25.839476
demand_180 11 4 38.736337
demand_181 11 5 101.454579
demand_182 11 6 84.123577
demand_183 11 7 6.753249
demand_184 11 8 61.097665
demand_185 11 9 14.942802
demand_186 11 10 36.205897
demand_187 11 12 58.483018
demand_188 11 13 4.803890
demand_189 11 14 27.259851
demand_190 11 15 79.453086
demand_191 11 16 108.097820
demand_192 12 0 374.746892
demand_193 12 1 21.462456
demand_194 12 2 667.313929
demand_195 12 3 377.187034
demand_196 12 4 565.446620
demand_197 12 5 1480.964711
demand_198 12 6 1227.978571
demand_199 12 7 98.579319
demand_200 12 8 891.862022
demand_201 12 9 218.124831
demand_202 12 10 528.508977
demand_203 12 11 1042.159028
demand_204 12 13 70.123910
demand_205 12 14 397.920709
demand_206 12 15 1159.801932
demand_207 12 16 1577.938214
demand_208 13 0 121.020583
demand_209 13 1 6.931075
demand_210 13 2 215.502042
demand_211 13 3 121.808601
demand_212 13 4 182.605062
demand_213 13 5 478.262038
demand_214 13 6 396.562814
demand_215 13 7 31.835158
demand_216 13 8 288.017496
demand_217 13 9 70.441129
demand_218 13 10 170.676437
demand_219 13 11 336.554340
demand_220 13 12 275.691916
demand_221 13 14 128.504324
demand_222 13 15 374.545883
demand_223 13 16 509.578615
demand_224 14 0 195.618506
demand_225 14 1 11.203438
demand_226 14 2 348.338990
demand_227 14 3 196.892264
demand_228 14 4 295.164084
demand_229 14 5 773.066063
demand_230 14 6 641.006874
demand_231 14 7 51.458570
demand_232 14 8 465.553471
demand_233 14 9 113.861528
demand_234 14 10 275.882573
demand_235 14 11 544.008761
demand_236 14 12 445.630318
demand_237 14 13 36.604799
demand_238 14 15 605.418554
demand_239 14 16 823.686395
demand_240 15 0 1329.775504
demand_241 15 1 76.158731
demand_242 15 2 2367.938826
demand_243 15 3 1338.434256
demand_244 15 4 2006.466443
demand_245 15 5 5255.148570
demand_246 15 6 4357.436598
demand_247 15 7 349.805071
demand_248 15 8 3164.739438
demand_249 15 9 774.007905
demand_250 15 10 1875.394583
demand_251 15 11 3698.062815
demand_252 15 12 3029.305825
demand_253 15 13 248.832105
demand_254 15 14 1412.006938
demand_255 15 16 5599.255463
demand_256 16 0 244.061198
demand_257 16 1 13.977841
demand_258 16 2 434.601168
demand_259 16 3 245.650388
demand_260 16 4 368.258103
demand_261 16 5 964.507056
demand_262 16 6 799.744915
demand_263 16 7 64.201698
demand_264 16 8 580.842478
demand_265 16 9 142.058036
demand_266 16 10 344.201745
demand_267 16 11 678.726326
demand_268 16 12 555.985584
demand_269 16 13 45.669560
demand_270 16 14 259.153597
demand_271 16 15 755.343554
