DEMANDS 272
label src dest bw
demand_0 0 1 14.658283
demand_1 0 2 1258.056528
demand_2 0 3 444.754747
demand_3 0 4 1086.806840
demand_4 0 5 5297.123882
demand_5 0 6 3435.634911
demand_6 0 7 70.029626
demand_7 0 8 1674.016335
demand_8 0 9 246.797659
demand_9 0 10 886.539305
demand_10 0 11 1772.705614
demand_11 0 12 1290.118094
demand_12 0 13 31.654955
demand_13 0 14 742.901625
demand_14 0 15 2225.561121
demand_15 0 16 5300.277699
demand_16 1 0 12.600287
demand_17 1 2 53.694344
demand_18 1 3 18.982306
demand_19 1 4 46.385340
demand_20 1 5 226.083315
demand_21 1 6 146.634239
demand_22 1 7 2.988892
demand_23 1 8 71.447671
demand_24 1 9 10.533420
demand_25 1 10 37.837844
demand_26 1 11 75.659768
demand_27 1 12 55.062744
demand_28 1 13 1.351046
demand_29 1 14 31.707331
demand_30 1 15 94.987818
demand_31 1 16 226.217921
demand_32 2 0 17.831527
demand_33 2 1 0.885359
demand_34 2 3 26.863158
demand_35 2 4 65.643064
demand_36 2 5 319.945943
demand_37 2 6 207.512129
demand_38 2 7 4.229785
demand_39 2 8 101.110479
demand_40 2 9 14.906563
demand_41 2 10 53.546917
demand_42 2 11 107.071306
demand_43 2 12 77.923050
demand_44 2 13 1.911957
demand_45 2 14 44.871211
demand_46 2 15 134.423749
demand_47 2 16 320.136434
demand_48 3 0 207.863770
demand_49 3 1 10.320717
demand_50 3 2 885.782121
demand_51 3 4 765.207323
demand_52 3 5 3729.639745
demand_53 3 6 2418.988266
demand_54 3 7 49.306998
demand_55 3 8 1178.654303
demand_56 3 9 173.767195
demand_57 3 10 624.201416
demand_58 3 11 1248.140210
demand_59 3 12 908.356275
demand_60 3 13 22.287865
demand_61 3 14 523.067893
demand_62 3 15 1566.990200
demand_63 3 16 3731.860309
demand_64 4 0 79.677821
demand_65 4 1 3.956111
demand_66 4 2 339.535787
demand_67 4 3 120.034473
demand_68 4 5 1429.636178
demand_69 4 6 927.240531
demand_70 4 7 18.900235
demand_71 4 8 451.798819
demand_72 4 9 66.608006
demand_73 4 10 239.267325
demand_74 4 11 478.433983
demand_75 4 12 348.188855
demand_76 4 13 8.543329
demand_77 4 14 200.501076
demand_78 4 15 600.654764
demand_79 4 16 1430.487359
demand_80 5 0 28.622752
demand_81 5 1 1.421158
demand_82 5 2 121.971820
demand_83 5 3 43.120118
demand_84 5 4 105.368722
demand_85 5 6 333.093651
demand_86 5 7 6.789553
demand_87 5 8 162.300194
demand_88 5 9 23.927668
demand_89 5 10 85.952268
demand_90 5 11 171.868374
demand_91 5 12 125.080271
demand_92 5 13 3.069029
demand_93 5 14 72.026225
demand_94 5 15 215.773881
demand_95 5 16 513.875571
demand_96 6 0 12.619896
demand_97 6 1 0.626595
demand_98 6 2 53.777906
demand_99 6 3 19.011848
demand_100 6 4 46.457528
demand_101 6 5 226.435159
demand_102 6 7 2.993543
demand_103 6 8 71.558862
demand_104 6 9 10.549813
demand_105 6 10 37.896729
demand_106 6 11 75.777514
demand_107 6 12 55.148436
demand_108 6 13 1.353148
demand_109 6 14 31.756676
demand_110 6 15 95.135643
demand_111 6 16 226.569975
demand_112 7 0 781.924558
demand_113 7 1 38.823609
demand_114 7 2 3332.061149
demand_115 7 3 1177.967746
demand_116 7 4 2878.492951
demand_117 7 5 14029.847070
demand_118 7 6 9099.547878
demand_119 7 8 4433.763244
demand_120 7 9 653.662909
demand_121 7 10 2348.068715
demand_122 7 11 4695.149521
demand_123 7 12 3416.978715
demand_124 7 13 83.840626
demand_125 7 14 1967.633081
demand_126 7 15 5894.572766
demand_127 7 16 14038.200200
demand_128 8 0 102.711711
demand_129 8 1 5.099775
demand_130 8 2 437.691461
demand_131 8 3 154.734983
demand_132 8 4 378.111844
demand_133 8 5 1842.926642
demand_134 8 6 1195.294513
demand_135 8 7 24.364064
demand_136 8 9 85.863572
demand_137 8 10 308.436605
demand_138 8 11 616.743440
demand_139 8 12 448.846026
demand_140 8 13 11.013101
demand_141 8 14 258.463503
demand_142 8 15 774.296765
demand_143 8 16 1844.023889
demand_144 9 0 23.455804
demand_145 9 1 1.164612
demand_146 9 2 99.953598
demand_147 9 3 35.336120
demand_148 9 4 86.347673
demand_149 9 5 420.860730
demand_150 9 6 272.963942
demand_151 9 7 5.563910
demand_152 9 8 133.001937
demand_153 9 10 70.436257
demand_154 9 11 140.842879
demand_155 9 12 102.500915
demand_156 9 13 2.515012
demand_157 9 14 59.024128
demand_158 9 15 176.822612
demand_159 9 16 421.111304
demand_160 10 0 119.990525
demand_161 10 1 5.957691
demand_162 10 2 511.322688
demand_163 10 3 180.765480
demand_164 10 4 441.720211
demand_165 10 5 2152.955421
demand_166 10 6 1396.374518
demand_167 10 7 28.462741
demand_168 10 8 680.384794
demand_169 10 9 100.308086
demand_170 10 11 720.495923
demand_171 10 12 524.353745
demand_172 10 13 12.865795
demand_173 10 14 301.943869
demand_174 10 15 904.553865
demand_175 10 16 2154.237254
demand_176 11 0 7.652549
demand_177 11 1 0.379959
demand_178 11 2 32.610256
demand_179 11 3 11.528549
demand_180 11 4 28.171269
demand_181 11 5 137.307475
demand_182 11 6 89.055564
demand_183 11 7 1.815248
demand_184 11 8 43.392407
demand_185 11 9 6.397276
demand_186 11 10 22.980107
demand_187 11 12 33.441328
demand_188 11 13 0.820532
demand_189 11 14 19.256855
demand_190 11 15 57.689075
demand_191 11 16 137.389226
demand_192 12 0 139.493336
demand_193 12 1 6.926032
demand_194 12 2 594.431163
demand_195 12 3 210.146425
demand_196 12 4 513.515759
demand_197 12 5 2502.888732
demand_198 12 6 1623.336002
demand_199 12 7 33.088968
demand_200 12 8 790.971990
demand_201 12 9 116.611786
demand_202 12 10 418.889436
demand_203 12 11 837.602632
demand_204 12 13 14.956953
demand_205 12 14 351.020695
demand_206 12 15 1051.576662
demand_207 12 16 2504.378909
demand_208 13 0 16.395816
demand_209 13 1 0.814074
demand_210 13 2 69.868458
demand_211 13 3 24.700264
demand_212 13 4 60.357795
demand_213 13 5 294.185411
demand_214 13 6 190.804235
demand_215 13 7 3.889223
demand_216 13 8 92.969542
demand_217 13 9 13.706357
demand_218 13 10 49.235573
demand_219 13 11 98.450431
demand_220 13 12 71.649055
demand_221 13 14 41.258393
demand_222 13 15 123.600585
demand_223 13 16 294.360564
demand_224 14 0 53.999697
demand_225 14 1 2.681158
demand_226 14 2 230.112086
demand_227 14 3 81.350432
demand_228 14 4 198.788674
demand_229 14 5 968.900998
demand_230 14 6 628.414620
demand_231 14 7 12.809173
demand_232 14 8 306.195614
demand_233 14 9 45.141949
demand_234 14 10 162.157585
demand_235 14 11 324.246945
demand_236 14 12 235.976491
demand_237 14 13 5.790032
demand_238 14 15 407.079094
demand_239 14 16 969.477865
demand_240 15 0 490.328817
demand_241 15 1 24.345487
demand_242 15 2 2089.467053
demand_243 15 3 738.679359
demand_244 15 4 1805.043760
demand_245 15 5 8797.828701
demand_246 15 6 5706.139425
demand_247 15 7 116.310033
demand_248 15 8 2780.321790
demand_249 15 9 409.898574
demand_250 15 10 1472.425625
demand_251 15 11 2944.231752
demand_252 15 12 2142.717113
demand_253 15 13 52.574733
demand_254 15 14 1233.862259
demand_255 15 16 8803.066777
demand_256 16 0 73.502119
demand_257 16 1 3.649479
demand_258 16 2 313.218905
demand_259 16 3 110.730791
demand_260 16 4 270.582793
demand_261 16 5 1318.827340
demand_262 16 6 855.371585
demand_263 16 7 17.435308
demand_264 16 8 416.780607
demand_265 16 9 61.445325
demand_266 16 10 220.722094
demand_267 16 11 441.351322
demand_268 16 12 321.201288
demand_269 16 13 7.881149
demand_270 16 14 184.960555
demand_271 16 15 554.098964
