DEMANDS 272
label src dest bw
demand_0 0 1 39.960891
demand_1 0 2 1196.094847
demand_2 0 3 637.796951
demand_3 0 4 1188.647509
demand_4 0 5 2707.808454
demand_5 0 6 2590.871452
demand_6 0 7 77.798991
demand_7 0 8 1675.161485
demand_8 0 9 143.723733
demand_9 0 10 1086.984850
demand_10 0 11 1948.081329
demand_11 0 12 1326.630491
demand_12 0 13 70.546511
demand_13 0 14 914.381775
demand_14 0 15 2275.450310
demand_15 0 16 3923.831951
demand_16 1 0 33.407232
demand_17 1 2 72.322979
demand_18 1 3 38.564981
demand_19 1 4 71.872669
demand_20 1 5 163.730137
demand_21 1 6 156.659433
demand_22 1 7 4.704188
demand_23 1 8 101.290185
demand_24 1 9 8.690388
demand_25 1 10 65.725542
demand_26 1 11 117.792535
demand_27 1 12 80.215937
demand_28 1 13 4.265660
demand_29 1 14 55.288938
demand_30 1 15 137.587203
demand_31 1 16 237.258120
demand_32 2 0 85.079431
demand_33 2 1 6.153609
demand_34 2 3 98.214862
demand_35 2 4 183.040780
demand_36 2 5 416.977588
demand_37 2 6 398.970366
demand_38 2 7 11.980329
demand_39 2 8 257.959456
demand_40 2 9 22.132133
demand_41 2 10 167.385666
demand_42 2 11 299.986601
demand_43 2 12 204.288890
demand_44 2 13 10.863514
demand_45 2 14 140.806380
demand_46 2 15 350.398412
demand_47 2 16 604.234018
demand_48 3 0 469.474021
demand_49 3 1 33.956031
demand_50 3 2 1016.359571
demand_51 3 4 1010.031333
demand_52 3 5 2300.910371
demand_53 3 6 2201.545306
demand_54 3 7 66.108260
demand_55 3 8 1423.437624
demand_56 3 9 122.126596
demand_57 3 10 923.645360
demand_58 3 11 1655.346236
demand_59 3 12 1127.279830
demand_60 3 13 59.945599
demand_61 3 14 776.979075
demand_62 3 15 1933.522000
demand_63 3 16 3334.203945
demand_64 4 0 359.484957
demand_65 4 1 26.000762
demand_66 4 2 778.245357
demand_67 4 3 414.985916
demand_68 4 5 1761.849707
demand_69 4 6 1685.764036
demand_70 4 7 50.620320
demand_71 4 8 1089.952565
demand_72 4 9 93.514597
demand_73 4 10 707.252367
demand_74 4 11 1267.529287
demand_75 4 12 863.179055
demand_76 4 13 45.901456
demand_77 4 14 594.947275
demand_78 4 15 1480.533623
demand_79 4 16 2553.061743
demand_80 5 0 122.792993
demand_81 5 1 8.881349
demand_82 5 2 265.833312
demand_83 5 3 141.751030
demand_84 5 4 264.178134
demand_85 5 6 575.823850
demand_86 5 7 17.290906
demand_87 5 8 372.306366
demand_88 5 9 31.942748
demand_89 5 10 241.583503
demand_90 5 11 432.963083
demand_91 5 12 294.844994
demand_92 5 13 15.679035
demand_93 5 14 203.222292
demand_94 5 15 505.721176
demand_95 5 16 872.075695
demand_96 6 0 52.066358
demand_97 6 1 3.765846
demand_98 6 2 112.717932
demand_99 6 3 60.104894
demand_100 6 4 112.016108
demand_101 6 5 255.179237
demand_102 6 7 7.331644
demand_103 6 8 157.864353
demand_104 6 9 13.544279
demand_105 6 10 102.435593
demand_106 6 11 183.583852
demand_107 6 12 125.019388
demand_108 6 13 6.648183
demand_109 6 14 86.169774
demand_110 6 15 214.434545
demand_111 6 16 369.775211
demand_112 7 0 1268.624722
demand_113 7 1 91.756857
demand_114 7 2 2746.432858
demand_115 7 3 1464.487961
demand_116 7 4 2729.332531
demand_117 7 5 6217.578923
demand_118 7 6 5949.072102
demand_119 7 8 3846.449598
demand_120 7 9 330.013614
demand_121 7 10 2495.898144
demand_122 7 11 4473.118988
demand_123 7 12 3046.164424
demand_124 7 13 161.986532
demand_125 7 14 2099.572753
demand_126 7 15 5224.812659
demand_127 7 16 9009.771278
demand_128 8 0 374.522269
demand_129 8 1 27.088378
demand_130 8 2 810.799481
demand_131 8 3 432.344841
demand_132 8 4 805.751137
demand_133 8 5 1835.548154
demand_134 8 6 1756.279807
demand_135 8 7 52.737775
demand_136 8 9 97.426328
demand_137 8 10 736.836844
demand_138 8 11 1320.550234
demand_139 8 12 899.285969
demand_140 8 13 47.821521
demand_141 8 14 619.834012
demand_142 8 15 1542.464575
demand_143 8 16 2659.856713
demand_144 9 0 92.396799
demand_145 9 1 6.682859
demand_146 9 2 200.028898
demand_147 9 3 106.661960
demand_148 9 4 198.783442
demand_149 9 5 452.840292
demand_150 9 6 433.284335
demand_151 9 7 13.010713
demand_152 9 8 280.145597
demand_153 9 10 181.781890
demand_154 9 11 325.787342
demand_155 9 12 221.859024
demand_156 9 13 11.797844
demand_157 9 14 152.916618
demand_158 9 15 380.534887
demand_159 9 16 656.201957
demand_160 10 0 387.812037
demand_161 10 1 28.049598
demand_162 10 2 839.570366
demand_163 10 3 447.686420
demand_164 10 4 834.342884
demand_165 10 5 1900.681822
demand_166 10 6 1818.600671
demand_167 10 7 54.609154
demand_168 10 8 1175.839812
demand_169 10 9 100.883461
demand_170 10 11 1367.409414
demand_171 10 12 931.196760
demand_172 10 13 49.518448
demand_173 10 14 641.828566
demand_174 10 15 1597.198293
demand_175 10 16 2754.240630
demand_176 11 0 12.041322
demand_177 11 1 0.870923
demand_178 11 2 26.068137
demand_179 11 3 13.900384
demand_180 11 4 25.905827
demand_181 11 5 59.014986
demand_182 11 6 56.466418
demand_183 11 7 1.695580
demand_184 11 8 36.509093
demand_185 11 9 3.132369
demand_186 11 10 23.690153
demand_187 11 12 28.913079
demand_188 11 13 1.537517
demand_189 11 14 19.928377
demand_190 11 15 49.592012
demand_191 11 16 85.517455
demand_192 12 0 446.951861
demand_193 12 1 32.327052
demand_194 12 2 967.601573
demand_195 12 3 515.956853
demand_196 12 4 961.576921
demand_197 12 5 2190.528390
demand_198 12 6 2095.930184
demand_199 12 7 62.936837
demand_200 12 8 1355.150799
demand_201 12 9 116.267795
demand_202 12 10 879.335158
demand_203 12 11 1575.934018
demand_204 12 13 57.069818
demand_205 12 14 739.704920
demand_206 12 15 1840.764806
demand_207 12 16 3174.251589
demand_208 13 0 55.504879
demand_209 13 1 4.014547
demand_210 13 2 120.161952
demand_211 13 3 64.074289
demand_212 13 4 119.413779
demand_213 13 5 272.031562
demand_214 13 6 260.283850
demand_215 13 7 7.815834
demand_216 13 8 168.289893
demand_217 13 9 14.438758
demand_218 13 10 109.200555
demand_219 13 11 195.707938
demand_220 13 12 133.275810
demand_221 13 14 91.860524
demand_222 13 15 228.596045
demand_223 13 16 394.195585
demand_224 14 0 233.658028
demand_225 14 1 16.899975
demand_226 14 2 505.843907
demand_227 14 3 269.732541
demand_228 14 4 502.694332
demand_229 14 5 1145.167051
demand_230 14 6 1095.712887
demand_231 14 7 32.902195
demand_232 14 8 708.447355
demand_233 14 9 60.782617
demand_234 14 10 459.699885
demand_235 14 11 823.868670
demand_236 14 12 561.049111
demand_237 14 13 29.835028
demand_238 14 15 962.317226
demand_239 14 16 1659.439040
demand_240 15 0 575.919383
demand_241 15 1 41.654992
demand_242 15 2 1246.802061
demand_243 15 3 664.835699
demand_244 15 4 1239.039001
demand_245 15 5 2822.603215
demand_246 15 6 2700.708788
demand_247 15 7 81.097199
demand_248 15 8 1746.178237
demand_249 15 9 149.816753
demand_250 15 10 1133.066457
demand_251 15 11 2030.668238
demand_252 15 12 1382.871629
demand_253 15 13 73.537258
demand_254 15 14 953.146052
demand_255 15 16 4090.178779
demand_256 16 0 255.377817
demand_257 16 1 18.470920
demand_258 16 2 552.864860
demand_259 16 3 294.805653
demand_260 16 4 549.422515
demand_261 16 5 1251.616579
demand_262 16 6 1197.565381
demand_263 16 7 35.960633
demand_264 16 8 774.301404
demand_265 16 9 66.432693
demand_266 16 10 502.431499
demand_267 16 11 900.451760
demand_268 16 12 613.201689
demand_269 16 13 32.608356
demand_270 16 14 422.650054
demand_271 16 15 1051.769866
