DEMANDS 272
label src dest bw
demand_0 0 1 21.211195
demand_1 0 2 1519.471184
demand_2 0 3 687.401573
demand_3 0 4 1399.037022
demand_4 0 5 3205.520712
demand_5 0 6 3185.226726
demand_6 0 7 197.808602
demand_7 0 8 1667.484382
demand_8 0 9 305.976219
demand_9 0 10 1152.051568
demand_10 0 11 2049.456545
demand_11 0 12 1571.290296
demand_12 0 13 196.945327
demand_13 0 14 906.363821
demand_14 0 15 2348.703961
demand_15 0 16 5207.755604
demand_16 1 0 30.948964
demand_17 1 2 88.561417
demand_18 1 3 40.064766
demand_19 1 4 81.541988
demand_20 1 5 186.831748
demand_21 1 6 185.648926
demand_22 1 7 11.529149
demand_23 1 8 97.188273
demand_24 1 9 17.833631
demand_25 1 10 67.146597
demand_26 1 11 119.451279
demand_27 1 12 91.581662
demand_28 1 13 11.478834
demand_29 1 14 52.826842
demand_30 1 15 136.892726
demand_31 1 16 303.530743
demand_32 2 0 98.646159
demand_33 2 1 3.940500
demand_34 2 3 127.701698
demand_35 2 4 259.905433
demand_36 2 5 595.504077
demand_37 2 6 591.733971
demand_38 2 7 36.747798
demand_39 2 8 309.776113
demand_40 2 9 56.842586
demand_41 2 10 214.021829
demand_42 2 11 380.736809
demand_43 2 12 291.905703
demand_44 2 13 36.587424
demand_45 2 14 168.379305
demand_46 2 15 436.329355
demand_47 2 16 967.468306
demand_48 3 0 520.697334
demand_49 3 1 20.799671
demand_50 3 2 1489.991507
demand_51 3 4 1371.893921
demand_52 3 5 3143.329528
demand_53 3 6 3123.429271
demand_54 3 7 193.970863
demand_55 3 8 1635.133061
demand_56 3 9 300.039891
demand_57 3 10 1129.700300
demand_58 3 11 2009.694478
demand_59 3 12 1540.805263
demand_60 3 13 193.124337
demand_61 3 14 888.779209
demand_62 3 15 2303.136113
demand_63 3 16 5106.718513
demand_64 4 0 219.420089
demand_65 4 1 8.764911
demand_66 4 2 627.877363
demand_67 4 3 284.048748
demand_68 4 5 1324.588392
demand_69 4 6 1316.202492
demand_70 4 7 81.738663
demand_71 4 8 689.039521
demand_72 4 9 126.435792
demand_73 4 10 476.051871
demand_74 4 11 846.878431
demand_75 4 12 649.290107
demand_76 4 13 81.381940
demand_77 4 14 374.528541
demand_78 4 15 970.533739
demand_79 4 16 2151.953845
demand_80 5 0 181.384105
demand_81 5 1 7.245533
demand_82 5 2 519.036221
demand_83 5 3 234.809530
demand_84 5 4 477.897111
demand_85 5 6 1088.041722
demand_86 5 7 67.569448
demand_87 5 8 569.596055
demand_88 5 9 104.518429
demand_89 5 10 393.529340
demand_90 5 11 700.073942
demand_91 5 12 536.737114
demand_92 5 13 67.274562
demand_93 5 14 309.604853
demand_94 5 15 802.293878
demand_95 5 16 1778.917441
demand_96 6 0 31.434973
demand_97 6 1 1.255695
demand_98 6 2 89.952147
demand_99 6 3 40.693926
demand_100 6 4 82.822488
demand_101 6 5 189.765672
demand_102 6 7 11.710198
demand_103 6 8 98.714475
demand_104 6 9 18.113682
demand_105 6 10 68.201038
demand_106 6 11 121.327090
demand_107 6 12 93.019820
demand_108 6 13 11.659092
demand_109 6 14 53.656412
demand_110 6 15 139.042429
demand_111 6 16 308.297257
demand_112 7 0 611.890726
demand_113 7 1 24.442464
demand_114 7 2 1750.944217
demand_115 7 3 792.118878
demand_116 7 4 1612.163369
demand_117 7 5 3693.842973
demand_118 7 6 3670.457444
demand_119 7 8 1921.505434
demand_120 7 9 352.587991
demand_121 7 10 1327.552672
demand_122 7 11 2361.666431
demand_123 7 12 1810.657344
demand_124 7 13 226.947563
demand_125 7 14 1044.437373
demand_126 7 15 2706.500566
demand_127 7 16 6001.094104
demand_128 8 0 294.320861
demand_129 8 1 11.756882
demand_130 8 2 842.208236
demand_131 8 3 381.011021
demand_132 8 4 775.454326
demand_133 8 5 1776.747051
demand_134 8 6 1765.498557
demand_135 8 7 109.640798
demand_136 8 9 169.595643
demand_137 8 10 638.555919
demand_138 8 11 1135.967039
demand_139 8 12 870.930389
demand_140 8 13 109.162305
demand_141 8 14 502.376803
demand_142 8 15 1301.833060
demand_143 8 16 2886.540205
demand_144 9 0 170.990910
demand_145 9 1 6.830369
demand_146 9 2 489.295772
demand_147 9 3 221.355092
demand_148 9 4 450.513907
demand_149 9 5 1032.232628
demand_150 9 6 1025.697617
demand_151 9 7 63.697761
demand_152 9 8 536.958560
demand_153 9 10 370.980357
demand_154 9 11 659.960146
demand_155 9 12 505.982415
demand_156 9 13 63.419772
demand_157 9 14 291.864690
demand_158 9 15 756.322944
demand_159 9 16 1676.986592
demand_160 10 0 313.417409
demand_161 10 1 12.519709
demand_162 10 2 896.853599
demand_163 10 3 405.732324
demand_164 10 4 825.768466
demand_165 10 5 1892.028502
demand_166 10 6 1880.050168
demand_167 10 7 116.754670
demand_168 10 8 984.217000
demand_169 10 9 180.599591
demand_170 10 11 1209.672483
demand_171 10 12 927.439344
demand_172 10 13 116.245130
demand_173 10 14 534.972735
demand_174 10 15 1386.300460
demand_175 10 16 3073.828847
demand_176 11 0 27.719234
demand_177 11 1 1.107267
demand_178 11 2 79.319444
demand_179 11 3 35.883741
demand_180 11 4 73.032539
demand_181 11 5 167.334612
demand_182 11 6 166.275226
demand_183 11 7 10.326006
demand_184 11 8 87.046030
demand_185 11 9 15.972573
demand_186 11 10 60.139403
demand_187 11 12 82.024506
demand_188 11 13 10.280941
demand_189 11 14 47.314010
demand_190 11 15 122.607059
demand_191 11 16 271.855291
demand_192 12 0 412.541859
demand_193 12 1 16.479314
demand_194 12 2 1180.501274
demand_195 12 3 534.053190
demand_196 12 4 1086.934062
demand_197 12 5 2490.419907
demand_198 12 6 2474.653187
demand_199 12 7 153.680642
demand_200 12 8 1295.495076
demand_201 12 9 237.717780
demand_202 12 10 895.047144
demand_203 12 11 1592.255311
demand_204 12 13 153.009950
demand_205 12 14 704.168435
demand_206 12 15 1824.745377
demand_207 12 16 4045.987967
demand_208 13 0 57.078598
demand_209 13 1 2.280050
demand_210 13 2 163.332172
demand_211 13 3 73.890702
demand_212 13 4 150.386370
demand_213 13 5 344.570312
demand_214 13 6 342.388855
demand_215 13 7 21.262995
demand_216 13 8 179.242521
demand_217 13 9 32.890232
demand_218 13 10 123.837218
demand_219 13 11 220.301768
demand_220 13 12 168.902352
demand_221 13 14 97.427561
demand_222 13 15 252.468703
demand_223 13 16 559.796094
demand_224 14 0 186.418215
demand_225 14 1 7.446625
demand_226 14 2 533.441481
demand_227 14 3 241.326402
demand_228 14 4 491.160602
demand_229 14 5 1125.363702
demand_230 14 6 1118.239082
demand_231 14 7 69.444761
demand_232 14 8 585.404546
demand_233 14 9 107.419219
demand_234 14 10 404.451299
demand_235 14 11 719.503697
demand_236 14 12 551.633642
demand_237 14 13 69.141691
demand_238 14 15 824.560632
demand_239 14 16 1828.289271
demand_240 15 0 536.171643
demand_241 15 1 21.417805
demand_242 15 2 1534.271722
demand_243 15 3 694.097267
demand_244 15 4 1412.664461
demand_245 15 5 3236.744361
demand_246 15 6 3216.252699
demand_247 15 7 199.735374
demand_248 15 8 1683.726656
demand_249 15 9 308.956607
demand_250 15 10 1163.273224
demand_251 15 11 2069.419452
demand_252 15 12 1586.595584
demand_253 15 13 198.863690
demand_254 15 14 915.192336
demand_255 15 16 5258.482193
demand_256 16 0 194.027435
demand_257 16 1 7.750581
demand_258 16 2 555.215499
demand_259 16 3 251.176864
demand_260 16 4 511.208799
demand_261 16 5 1171.298806
demand_262 16 6 1163.883373
demand_263 16 7 72.279358
demand_264 16 8 609.299593
demand_265 16 9 111.803857
demand_266 16 10 420.960195
demand_267 16 11 748.872405
demand_268 16 12 574.150228
demand_269 16 13 71.963917
demand_270 16 14 331.185775
demand_271 16 15 858.217554
