DEMANDS 272
label src dest bw
demand_0 0 1 172.560681
demand_1 0 2 2237.028978
demand_2 0 3 564.645430
demand_3 0 4 1555.334361
demand_4 0 5 3152.978290
demand_5 0 6 2831.616767
demand_6 0 7 358.735463
demand_7 0 8 2377.793922
demand_8 0 9 444.146780
demand_9 0 10 1362.807666
demand_10 0 11 2434.373997
demand_11 0 12 2358.540836
demand_12 0 13 201.867620
demand_13 0 14 594.554857
demand_14 0 15 2729.381715
demand_15 0 16 3666.087203
demand_16 1 0 9.656784
demand_17 1 2 48.278642
demand_18 1 3 12.185946
demand_19 1 4 33.566588
demand_20 1 5 68.046285
demand_21 1 6 61.110792
demand_22 1 7 7.742082
demand_23 1 8 51.316573
demand_24 1 9 9.585394
demand_25 1 10 29.411556
demand_26 1 11 52.537661
demand_27 1 12 50.901061
demand_28 1 13 4.356624
demand_29 1 14 12.831439
demand_30 1 15 58.904397
demand_31 1 16 79.119991
demand_32 2 0 79.261139
demand_33 2 1 30.567020
demand_34 2 3 100.020050
demand_35 2 4 275.508509
demand_36 2 5 558.511641
demand_37 2 6 501.586367
demand_38 2 7 63.545611
demand_39 2 8 421.197187
demand_40 2 9 78.675184
demand_41 2 10 241.404753
demand_42 2 11 431.219657
demand_43 2 12 417.786737
demand_44 2 13 35.758386
demand_45 2 14 105.318140
demand_46 2 15 483.476675
demand_47 2 16 649.402625
demand_48 3 0 277.512316
demand_49 3 1 107.022489
demand_50 3 2 1387.409971
demand_51 3 4 964.621569
demand_52 3 5 1955.483618
demand_53 3 6 1756.174541
demand_54 3 7 222.488472
demand_55 3 8 1474.712679
demand_56 3 9 275.460746
demand_57 3 10 845.216117
demand_58 3 11 1509.803758
demand_59 3 12 1462.771876
demand_60 3 13 125.198713
demand_61 3 14 368.744145
demand_62 3 15 1692.768151
demand_63 3 16 2273.714821
demand_64 4 0 144.128238
demand_65 4 1 55.582985
demand_66 4 2 720.562452
demand_67 4 3 181.876185
demand_68 4 5 1015.596039
demand_69 4 6 912.083277
demand_70 4 7 115.551165
demand_71 4 8 765.903811
demand_72 4 9 143.062739
demand_73 4 10 438.969742
demand_74 4 11 784.128643
demand_75 4 12 759.702259
demand_76 4 13 65.022952
demand_77 4 14 191.510217
demand_78 4 15 879.152662
demand_79 4 16 1180.871956
demand_80 5 0 89.834464
demand_81 5 1 34.644617
demand_82 5 2 449.123242
demand_83 5 3 113.362584
demand_84 5 4 312.260957
demand_85 5 6 568.497285
demand_86 5 7 72.022507
demand_87 5 8 477.384301
demand_88 5 9 89.170343
demand_89 5 10 273.607809
demand_90 5 11 488.743754
demand_91 5 12 473.518902
demand_92 5 13 40.528505
demand_93 5 14 119.367432
demand_94 5 15 547.971786
demand_95 5 16 736.032025
demand_96 6 0 66.692332
demand_97 6 1 25.719865
demand_98 6 2 333.425227
demand_99 6 3 84.159406
demand_100 6 4 231.819846
demand_101 6 5 469.945858
demand_102 6 7 53.468889
demand_103 6 8 354.405994
demand_104 6 9 66.199295
demand_105 6 10 203.124081
demand_106 6 11 362.839154
demand_107 6 12 351.536355
demand_108 6 13 30.088013
demand_109 6 14 88.617354
demand_110 6 15 406.809535
demand_111 6 16 546.423837
demand_112 7 0 847.564810
demand_113 7 1 326.862956
demand_114 7 2 4237.361020
demand_115 7 3 1069.546510
demand_116 7 4 2946.100949
demand_117 7 5 5972.344317
demand_118 7 6 5363.624089
demand_119 7 8 4503.996766
demand_120 7 9 841.299005
demand_121 7 10 2581.418542
demand_122 7 11 4611.170255
demand_123 7 12 4467.527736
demand_124 7 13 382.375908
demand_125 7 14 1126.200688
demand_126 7 15 5169.971334
demand_127 7 16 6944.270800
demand_128 8 0 152.477931
demand_129 8 1 58.803040
demand_130 8 2 762.306356
demand_131 8 3 192.412707
demand_132 8 4 530.007112
demand_133 8 5 1074.431943
demand_134 8 6 964.922440
demand_135 8 7 122.245320
demand_136 8 9 151.350705
demand_137 8 10 464.400308
demand_138 8 11 829.555088
demand_139 8 12 803.713626
demand_140 8 13 68.789887
demand_141 8 14 202.604861
demand_142 8 15 930.084076
demand_143 8 16 1249.282689
demand_144 9 0 85.073227
demand_145 9 1 32.808448
demand_146 9 2 425.319657
demand_147 9 3 107.354354
demand_148 9 4 295.711090
demand_149 9 5 599.466372
demand_150 9 6 538.366863
demand_151 9 7 68.205305
demand_152 9 8 452.082877
demand_153 9 10 259.106563
demand_154 9 11 462.840278
demand_155 9 12 448.422345
demand_156 9 13 38.380489
demand_157 9 14 113.040944
demand_158 9 15 518.929217
demand_159 9 16 697.022241
demand_160 10 0 188.057123
demand_161 10 1 72.524138
demand_162 10 2 940.182878
demand_163 10 3 237.310277
demand_164 10 4 653.678942
demand_165 10 5 1325.139832
demand_166 10 6 1190.077388
demand_167 10 7 150.770036
demand_168 10 8 999.343842
demand_169 10 9 186.666870
demand_170 10 11 1023.123425
demand_171 10 12 991.252118
demand_172 10 13 84.841315
demand_173 10 14 249.880668
demand_174 10 15 1147.109842
demand_175 10 16 1540.790241
demand_176 11 0 6.058117
demand_177 11 1 2.336310
demand_178 11 2 30.287273
demand_179 11 3 7.644769
demand_180 11 4 21.057768
demand_181 11 5 42.688367
demand_182 11 6 38.337434
demand_183 11 7 4.856942
demand_184 11 8 32.193098
demand_185 11 9 6.013331
demand_186 11 10 18.451137
demand_187 11 12 31.932430
demand_188 11 13 2.733098
demand_189 11 14 8.049715
demand_190 11 15 36.953267
demand_191 11 16 49.635380
demand_192 12 0 199.647534
demand_193 12 1 76.993974
demand_194 12 2 998.128603
demand_195 12 3 251.936278
demand_196 12 4 693.966742
demand_197 12 5 1406.811376
demand_198 12 6 1263.424710
demand_199 12 7 160.062355
demand_200 12 8 1060.935799
demand_201 12 9 198.171597
demand_202 12 10 608.064234
demand_203 12 11 1086.180975
demand_204 12 13 90.070289
demand_205 12 14 265.281413
demand_206 12 15 1217.808971
demand_207 12 16 1635.752837
demand_208 13 0 72.687773
demand_209 13 1 28.032004
demand_210 13 2 363.399157
demand_211 13 3 91.725085
demand_212 13 4 252.659756
demand_213 13 5 512.192583
demand_214 13 6 459.988295
demand_215 13 7 58.275582
demand_216 13 8 386.266032
demand_217 13 9 72.150413
demand_218 13 10 221.384328
demand_219 13 11 395.457308
demand_220 13 12 383.138421
demand_221 13 14 96.583788
demand_222 13 15 443.380494
demand_223 13 16 595.545704
demand_224 14 0 90.372026
demand_225 14 1 34.851928
demand_226 14 2 451.810760
demand_227 14 3 114.040937
demand_228 14 4 314.129502
demand_229 14 5 636.804230
demand_230 14 6 571.899128
demand_231 14 7 72.453484
demand_232 14 8 480.240931
demand_233 14 9 89.703931
demand_234 14 10 275.245056
demand_235 14 11 491.668358
demand_236 14 12 476.352402
demand_237 14 13 40.771024
demand_238 14 15 551.250806
demand_239 14 16 740.436383
demand_240 15 0 659.770720
demand_241 15 1 254.440257
demand_242 15 2 3298.493164
demand_243 15 3 832.568157
demand_244 15 4 2293.336300
demand_245 15 5 4649.057942
demand_246 15 6 4175.211248
demand_247 15 7 528.954468
demand_248 15 8 3506.050693
demand_249 15 9 654.893223
demand_250 15 10 2009.456210
demand_251 15 11 3589.477860
demand_252 15 12 3477.662070
demand_253 15 13 297.653259
demand_254 15 14 876.669525
demand_255 15 16 5405.635643
demand_256 16 0 125.637318
demand_257 16 1 48.451970
demand_258 16 2 628.117953
demand_259 16 3 158.542395
demand_260 16 4 436.710228
demand_261 16 5 885.300230
demand_262 16 6 795.067629
demand_263 16 7 100.726538
demand_264 16 8 667.642246
demand_265 16 9 124.708517
demand_266 16 10 382.652156
demand_267 16 11 683.528924
demand_268 16 12 662.236321
demand_269 16 13 56.680838
demand_270 16 14 166.940430
demand_271 16 15 766.361845
