DEMANDS 272
label src dest bw
demand_0 0 1 82.348821
demand_1 0 2 1439.670770
demand_2 0 3 585.751972
demand_3 0 4 1424.447865
demand_4 0 5 3669.272547
demand_5 0 6 2768.077073
demand_6 0 7 174.925861
demand_7 0 8 2097.211513
demand_8 0 9 344.879678
demand_9 0 10 1182.647188
demand_10 0 11 2608.228384
demand_11 0 12 1936.199652
demand_12 0 13 106.844327
demand_13 0 14 688.842325
demand_14 0 15 2632.643270
demand_15 0 16 11115.003026
demand_16 1 0 6.574066
demand_17 1 2 20.110815
demand_18 1 3 8.182391
demand_19 1 4 19.898166
demand_20 1 5 51.256207
demand_21 1 6 38.667373
demand_22 1 7 2.443546
demand_23 1 8 29.296027
demand_24 1 9 4.817637
demand_25 1 10 16.520443
demand_26 1 11 36.434441
demand_27 1 12 27.046846
demand_28 1 13 1.492512
demand_29 1 14 9.622464
demand_30 1 15 36.775493
demand_31 1 16 155.265897
demand_32 2 0 63.456951
demand_33 2 1 11.103733
demand_34 2 3 78.981501
demand_35 2 4 192.069400
demand_36 2 5 494.756596
demand_37 2 6 373.241392
demand_38 2 7 23.586616
demand_39 2 8 282.783363
demand_40 2 9 46.502813
demand_41 2 10 159.465532
demand_42 2 11 351.687748
demand_43 2 12 261.072880
demand_44 2 13 14.406653
demand_45 2 14 92.881976
demand_46 2 15 354.979797
demand_47 2 16 1498.722430
demand_48 3 0 326.197912
demand_49 3 1 57.078294
demand_50 3 2 997.876473
demand_51 3 4 987.325048
demand_52 3 5 2543.276439
demand_53 3 6 1918.632402
demand_54 3 7 121.246055
demand_55 3 8 1453.636534
demand_56 3 9 239.045846
demand_57 3 10 819.726169
demand_58 3 11 1807.836761
demand_59 3 12 1342.034666
demand_60 3 13 74.056821
demand_61 3 14 477.456071
demand_62 3 15 1824.759408
demand_63 3 16 7704.122534
demand_64 4 0 127.545435
demand_65 4 1 22.317972
demand_66 4 2 390.175978
demand_67 4 3 158.749037
demand_68 4 5 994.437086
demand_69 4 6 750.197338
demand_70 4 7 47.407970
demand_71 4 8 568.381029
demand_72 4 9 93.468429
demand_73 4 10 320.518088
demand_74 4 11 706.875546
demand_75 4 12 524.743996
demand_76 4 13 28.956683
demand_77 4 14 186.688327
demand_78 4 15 713.492407
demand_79 4 16 3012.360373
demand_80 5 0 67.679189
demand_81 5 1 11.842542
demand_82 5 2 207.038327
demand_83 5 3 84.236696
demand_84 5 4 204.849129
demand_85 5 6 398.075768
demand_86 5 7 25.156000
demand_87 5 8 301.598930
demand_88 5 9 49.596973
demand_89 5 10 170.075896
demand_90 5 11 375.088008
demand_91 5 12 278.443895
demand_92 5 13 15.365229
demand_93 5 14 99.062067
demand_94 5 15 378.599101
demand_95 5 16 1598.442979
demand_96 6 0 33.657392
demand_97 6 1 5.889389
demand_98 6 2 102.961785
demand_99 6 3 41.891570
demand_100 6 4 101.873079
demand_101 6 5 262.417532
demand_102 6 7 12.510276
demand_103 6 8 149.987514
demand_104 6 9 24.664964
demand_105 6 10 84.580077
demand_106 6 11 186.534210
demand_107 6 12 138.472334
demand_108 6 13 7.641249
demand_109 6 14 49.264343
demand_110 6 15 188.280303
demand_111 6 16 794.918235
demand_112 7 0 544.502102
demand_113 7 1 95.277283
demand_114 7 2 1665.693795
demand_115 7 3 677.712881
demand_116 7 4 1648.080950
demand_117 7 5 4245.334865
demand_118 7 6 3202.655010
demand_119 7 8 2426.466021
demand_120 7 9 399.024521
demand_121 7 10 1368.318454
demand_122 7 11 3017.710664
demand_123 7 12 2240.175889
demand_124 7 13 123.618494
demand_125 7 14 796.988041
demand_126 7 15 3045.958598
demand_127 7 16 12860.017691
demand_128 8 0 139.165652
demand_129 8 1 24.351284
demand_130 8 2 425.723541
demand_131 8 3 173.212104
demand_132 8 4 421.221992
demand_133 8 5 1085.036756
demand_134 8 6 818.545183
demand_135 8 7 51.727144
demand_136 8 9 101.984010
demand_137 8 10 349.719366
demand_138 8 11 771.276494
demand_139 8 12 572.551579
demand_140 8 13 31.594825
demand_141 8 14 203.696845
demand_142 8 15 778.496194
demand_143 8 16 3286.805947
demand_144 9 0 66.965233
demand_145 9 1 11.717614
demand_146 9 2 204.854256
demand_147 9 3 83.348073
demand_148 9 4 202.688152
demand_149 9 5 522.109718
demand_150 9 6 393.876421
demand_151 9 7 24.890626
demand_152 9 8 298.417329
demand_153 9 10 168.281746
demand_154 9 11 371.131162
demand_155 9 12 275.506559
demand_156 9 13 15.203139
demand_157 9 14 98.017050
demand_158 9 15 374.605216
demand_159 9 16 1581.580823
demand_160 10 0 197.194708
demand_161 10 1 34.505241
demand_162 10 2 603.241017
demand_163 10 3 245.437792
demand_164 10 4 596.862420
demand_165 10 5 1537.473532
demand_166 10 6 1159.860757
demand_167 10 7 73.296240
demand_168 10 8 878.759250
demand_169 10 9 144.509128
demand_170 10 11 1092.882051
demand_171 10 12 811.293160
demand_172 10 13 44.769181
demand_173 10 14 288.634008
demand_174 10 15 1103.112210
demand_175 10 16 4657.332684
demand_176 11 0 3.740820
demand_177 11 1 0.654571
demand_178 11 2 11.443593
demand_179 11 3 4.656000
demand_180 11 4 11.322590
demand_181 11 5 29.166156
demand_182 11 6 22.002772
demand_183 11 7 1.390443
demand_184 11 8 16.670225
demand_185 11 9 2.741365
demand_186 11 10 9.400575
demand_187 11 12 15.390381
demand_188 11 13 0.849280
demand_189 11 14 5.475440
demand_190 11 15 20.926242
demand_191 11 16 88.350459
demand_192 12 0 235.259229
demand_193 12 1 41.165792
demand_194 12 2 719.684712
demand_195 12 3 292.814682
demand_196 12 4 712.074853
demand_197 12 5 1834.252255
demand_198 12 6 1383.748835
demand_199 12 7 87.444623
demand_200 12 8 1048.386267
demand_201 12 9 172.403745
demand_202 12 10 591.199820
demand_203 12 11 1303.841220
demand_204 12 13 53.410982
demand_205 12 14 344.349069
demand_206 12 15 1316.046108
demand_207 12 16 5556.338238
demand_208 13 0 51.452738
demand_209 13 1 9.003229
demand_210 13 2 157.399770
demand_211 13 3 64.040493
demand_212 13 4 155.735444
demand_213 13 5 401.163008
demand_214 13 6 302.634953
demand_215 13 7 19.124713
demand_216 13 8 229.288958
demand_217 13 9 37.705831
demand_218 13 10 129.299281
demand_219 13 11 285.158633
demand_220 13 12 211.685468
demand_221 13 14 75.311402
demand_222 13 15 287.827922
demand_223 13 16 1215.207644
demand_224 14 0 93.774925
demand_225 14 1 16.408789
demand_226 14 2 286.868151
demand_227 14 3 116.716675
demand_228 14 4 283.834842
demand_229 14 5 731.137601
demand_230 14 6 551.565795
demand_231 14 7 34.855649
demand_232 14 8 417.889425
demand_233 14 9 68.720570
demand_234 14 10 235.653748
demand_235 14 11 519.714417
demand_236 14 12 385.806274
demand_237 14 13 21.289753
demand_238 14 15 524.579316
demand_239 14 16 2214.770514
demand_240 15 0 534.817081
demand_241 15 1 93.582593
demand_242 15 2 1636.066216
demand_243 15 3 665.658449
demand_244 15 4 1618.766650
demand_245 15 5 4169.823391
demand_246 15 6 3145.689610
demand_247 15 7 198.788708
demand_248 15 8 2383.306640
demand_249 15 9 391.927100
demand_250 15 10 1343.980269
demand_251 15 11 2964.034856
demand_252 15 12 2200.330037
demand_253 15 13 121.419701
demand_254 15 14 782.812070
demand_255 15 16 12631.277458
demand_256 16 0 110.114627
demand_257 16 1 19.267919
demand_258 16 2 336.853155
demand_259 16 3 137.053835
demand_260 16 4 333.291311
demand_261 16 5 858.533813
demand_262 16 6 647.672729
demand_263 16 7 40.929030
demand_264 16 8 490.704077
demand_265 16 9 80.694705
demand_266 16 10 276.714958
demand_267 16 11 610.271445
demand_268 16 12 453.030635
demand_269 16 13 24.999361
demand_270 16 14 161.174843
demand_271 16 15 615.984023
