DEMANDS 272
label src dest bw
demand_0 0 1 29.028288
demand_1 0 2 1284.018244
demand_2 0 3 587.045876
demand_3 0 4 1260.241096
demand_4 0 5 4578.672816
demand_5 0 6 3030.112316
demand_6 0 7 248.698027
demand_7 0 8 1876.423201
demand_8 0 9 335.289438
demand_9 0 10 707.463656
demand_10 0 11 1962.268711
demand_11 0 12 1620.844254
demand_12 0 13 86.592643
demand_13 0 14 648.099325
demand_14 0 15 2032.962360
demand_15 0 16 5237.483340
demand_16 1 0 28.509565
demand_17 1 2 91.827007
demand_18 1 3 41.982788
demand_19 1 4 90.126576
demand_20 1 5 327.445364
demand_21 1 6 216.699527
demand_22 1 7 17.785725
demand_23 1 8 134.193052
demand_24 1 9 23.978340
demand_25 1 10 50.594507
demand_26 1 11 140.332323
demand_27 1 12 115.915235
demand_28 1 13 6.192703
demand_29 1 14 46.349047
demand_30 1 15 145.388004
demand_31 1 16 374.560426
demand_32 2 0 35.866759
demand_33 2 1 2.611693
demand_34 2 3 52.816889
demand_35 2 4 113.384690
demand_36 2 5 411.946094
demand_37 2 6 272.621125
demand_38 2 7 22.375519
demand_39 2 8 168.822984
demand_40 2 9 30.166203
demand_41 2 10 63.650953
demand_42 2 11 176.546559
demand_43 2 12 145.828384
demand_44 2 13 7.790795
demand_45 2 14 58.309907
demand_46 2 15 182.906912
demand_47 2 16 471.219694
demand_48 3 0 365.689774
demand_49 3 1 26.628265
demand_50 3 2 1177.857219
demand_51 3 4 1156.045936
demand_52 3 5 4200.113866
demand_53 3 6 2779.586414
demand_54 3 7 228.135985
demand_55 3 8 1721.282874
demand_56 3 9 307.568126
demand_57 3 10 648.971444
demand_58 3 11 1800.030784
demand_59 3 12 1486.834875
demand_60 3 13 79.433272
demand_61 3 14 594.515282
demand_62 3 15 1864.879571
demand_63 3 16 4804.454758
demand_64 4 0 165.460296
demand_65 4 1 12.048247
demand_66 4 2 532.934246
demand_67 4 3 243.654522
demand_68 4 5 1900.386975
demand_69 4 6 1257.653956
demand_70 4 7 103.222595
demand_71 4 8 778.813065
demand_72 4 9 139.162527
demand_73 4 10 293.634154
demand_74 4 11 814.443410
demand_75 4 12 672.734531
demand_76 4 13 35.940444
demand_77 4 14 268.994874
demand_78 4 15 843.784945
demand_79 4 16 2173.827552
demand_80 5 0 126.367760
demand_81 5 1 9.201663
demand_82 5 2 407.020347
demand_83 5 3 186.087400
demand_84 5 4 399.483240
demand_85 5 6 960.513897
demand_86 5 7 78.834672
demand_87 5 8 594.806519
demand_88 5 9 106.283243
demand_89 5 10 224.258576
demand_90 5 11 622.018648
demand_91 5 12 513.790668
demand_92 5 13 27.448962
demand_93 5 14 205.440704
demand_94 5 15 644.427795
demand_95 5 16 1660.227413
demand_96 6 0 33.695412
demand_97 6 1 2.453583
demand_98 6 2 108.530200
demand_99 6 3 49.619393
demand_100 6 4 106.520463
demand_101 6 5 387.007178
demand_102 6 7 21.020921
demand_103 6 8 158.602564
demand_104 6 9 28.339963
demand_105 6 10 59.797571
demand_106 6 11 165.858559
demand_107 6 12 137.000040
demand_108 6 13 7.319146
demand_109 6 14 54.779868
demand_110 6 15 171.833860
demand_111 6 16 442.692397
demand_112 7 0 708.614454
demand_113 7 1 51.598855
demand_114 7 2 2282.389913
demand_115 7 3 1043.495754
demand_116 7 4 2240.125153
demand_117 7 5 8138.760256
demand_118 7 6 5386.136699
demand_119 7 8 3335.411631
demand_120 7 9 595.989375
demand_121 7 10 1257.542811
demand_122 7 11 3488.005200
demand_123 7 12 2881.110602
demand_124 7 13 153.921626
demand_125 7 14 1152.020518
demand_126 7 15 3613.665777
demand_127 7 16 9309.820324
demand_128 8 0 169.066462
demand_129 8 1 12.310835
demand_130 8 2 544.549418
demand_131 8 3 248.964913
demand_132 8 4 534.465580
demand_133 8 5 1941.805444
demand_134 8 6 1285.064216
demand_135 8 7 105.472307
demand_136 8 9 142.195540
demand_137 8 10 300.033838
demand_138 8 11 832.194004
demand_139 8 12 687.396615
demand_140 8 13 36.723757
demand_141 8 14 274.857551
demand_142 8 15 862.175031
demand_143 8 16 2221.205592
demand_144 9 0 96.777892
demand_145 9 1 7.047032
demand_146 9 2 311.713772
demand_147 9 3 142.513773
demand_148 9 4 305.941530
demand_149 9 5 1111.538236
demand_150 9 6 735.603052
demand_151 9 7 60.374999
demand_152 9 8 455.528538
demand_153 9 10 171.746909
demand_154 9 11 476.368762
demand_155 9 12 393.483098
demand_156 9 13 21.021601
demand_157 9 14 157.335370
demand_158 9 15 493.530655
demand_159 9 16 1271.473902
demand_160 10 0 197.849163
demand_161 10 1 14.406692
demand_162 10 2 637.256173
demand_163 10 3 291.349916
demand_164 10 4 625.455613
demand_165 10 5 2272.387895
demand_166 10 6 1503.839829
demand_167 10 7 123.428428
demand_168 10 8 931.265792
demand_169 10 9 166.403604
demand_170 10 11 973.870780
demand_171 10 12 804.422375
demand_172 10 13 42.975789
demand_173 10 14 321.650644
demand_174 10 15 1008.955923
demand_175 10 16 2599.354490
demand_176 11 0 24.679193
demand_177 11 1 1.797053
demand_178 11 2 79.489686
demand_179 11 3 36.342235
demand_180 11 4 78.017715
demand_181 11 5 283.451787
demand_182 11 6 187.585089
demand_183 11 7 15.396143
demand_184 11 8 116.163685
demand_185 11 9 20.756755
demand_186 11 10 43.796935
demand_187 11 12 100.341566
demand_188 11 13 5.360689
demand_189 11 14 40.121869
demand_190 11 15 125.854551
demand_191 11 16 324.236754
demand_192 12 0 244.220196
demand_193 12 1 17.783270
demand_194 12 2 786.613524
demand_195 12 3 359.635252
demand_196 12 4 772.047199
demand_197 12 5 2804.980362
demand_198 12 6 1856.303318
demand_199 12 7 152.357050
demand_200 12 8 1149.531849
demand_201 12 9 205.404563
demand_202 12 10 433.405430
demand_203 12 11 1202.122409
demand_204 12 13 53.048268
demand_205 12 14 397.037734
demand_206 12 15 1245.430657
demand_207 12 16 3208.579975
demand_208 13 0 35.824467
demand_209 13 1 2.608614
demand_210 13 2 115.387713
demand_211 13 3 52.754609
demand_212 13 4 113.250990
demand_213 13 5 411.460340
demand_214 13 6 272.299659
demand_215 13 7 22.349135
demand_216 13 8 168.623913
demand_217 13 9 30.130632
demand_218 13 10 63.575898
demand_219 13 11 176.338381
demand_220 13 12 145.656428
demand_221 13 14 58.241150
demand_222 13 15 182.691233
demand_223 13 16 470.664047
demand_224 14 0 143.874865
demand_225 14 1 10.476470
demand_226 14 2 463.409318
demand_227 14 3 211.868118
demand_228 14 4 454.828013
demand_229 14 5 1652.468458
demand_230 14 6 1093.584370
demand_231 14 7 89.756500
demand_232 14 8 677.211558
demand_233 14 9 121.007821
demand_234 14 10 255.327564
demand_235 14 11 708.193680
demand_236 14 12 584.971697
demand_237 14 13 31.251766
demand_238 14 15 733.707411
demand_239 14 16 1890.236836
demand_240 15 0 426.915206
demand_241 15 1 31.086489
demand_242 15 2 1375.059389
demand_243 15 3 628.669373
demand_244 15 4 1349.596363
demand_245 15 5 4903.315881
demand_246 15 6 3244.957313
demand_247 15 7 266.331541
demand_248 15 8 2009.467819
demand_249 15 9 359.062569
demand_250 15 10 757.625172
demand_251 15 11 2101.400060
demand_252 15 12 1735.767479
demand_253 15 13 92.732349
demand_254 15 14 694.051714
demand_255 15 16 5608.838252
demand_256 16 0 144.124532
demand_257 16 1 10.494650
demand_258 16 2 464.213476
demand_259 16 3 212.235775
demand_260 16 4 455.617280
demand_261 16 5 1655.335999
demand_262 16 6 1095.482075
demand_263 16 7 89.912255
demand_264 16 8 678.386729
demand_265 16 9 121.217807
demand_266 16 10 255.770636
demand_267 16 11 709.422614
demand_268 16 12 585.986802
demand_269 16 13 31.305998
demand_270 16 14 234.308540
demand_271 16 15 734.980619
