DEMANDS 272
label src dest bw
demand_0 0 1 52.436981
demand_1 0 2 1477.127886
demand_2 0 3 647.520976
demand_3 0 4 751.325236
demand_4 0 5 3963.152987
demand_5 0 6 2782.577148
demand_6 0 7 263.037336
demand_7 0 8 2442.216982
demand_8 0 9 454.267595
demand_9 0 10 701.542791
demand_10 0 11 2568.340880
demand_11 0 12 2422.509010
demand_12 0 13 210.691713
demand_13 0 14 675.526936
demand_14 0 15 2676.911682
demand_15 0 16 4039.562403
demand_16 1 0 30.668216
demand_17 1 2 74.921773
demand_18 1 3 32.843074
demand_19 1 4 38.108155
demand_20 1 5 201.016075
demand_21 1 6 141.135792
demand_22 1 7 13.341583
demand_23 1 8 123.872299
demand_24 1 9 23.041020
demand_25 1 10 35.583128
demand_26 1 11 130.269461
demand_27 1 12 122.872686
demand_28 1 13 10.686547
demand_29 1 14 34.263571
demand_30 1 15 135.776308
demand_31 1 16 204.891656
demand_32 2 0 114.138818
demand_33 2 1 9.898571
demand_34 2 3 122.233051
demand_35 2 4 141.828264
demand_36 2 5 748.127548
demand_37 2 6 525.269306
demand_38 2 7 49.653768
demand_39 2 8 461.019246
demand_40 2 9 85.752456
demand_41 2 10 132.430792
demand_42 2 11 484.827755
demand_43 2 12 457.298956
demand_44 2 13 39.772443
demand_45 2 14 127.519758
demand_46 2 15 505.322751
demand_47 2 16 762.551414
demand_48 3 0 505.991426
demand_49 3 1 43.881582
demand_50 3 2 1236.125870
demand_51 3 4 628.742149
demand_52 3 5 3316.541498
demand_53 3 6 2328.583482
demand_54 3 7 220.121263
demand_55 3 8 2043.755060
demand_56 3 9 380.151191
demand_57 3 10 587.081999
demand_58 3 11 2149.301109
demand_59 3 12 2027.262558
demand_60 3 13 176.316133
demand_61 3 14 565.310782
demand_62 3 15 2240.157953
demand_63 3 16 3380.484274
demand_64 4 0 257.986764
demand_65 4 1 22.373635
demand_66 4 2 630.255961
demand_67 4 3 276.282073
demand_68 4 5 1690.984793
demand_69 4 6 1187.260663
demand_70 4 7 112.231886
demand_71 4 8 1042.036932
demand_72 4 9 193.825370
demand_73 4 10 299.331920
demand_74 4 11 1095.851052
demand_75 4 12 1033.628000
demand_76 4 13 89.897232
demand_77 4 14 288.231562
demand_78 4 15 1142.175677
demand_79 4 16 1723.586906
demand_80 5 0 153.581466
demand_81 5 1 13.319194
demand_82 5 2 375.196127
demand_83 5 3 164.472802
demand_84 5 4 190.839481
demand_85 5 6 706.785227
demand_86 5 7 66.812488
demand_87 5 8 620.332445
demand_88 5 9 115.385705
demand_89 5 10 178.194549
demand_90 5 11 652.368397
demand_91 5 12 615.326544
demand_92 5 13 53.516500
demand_93 5 14 171.586423
demand_94 5 15 679.945795
demand_95 5 16 1026.064285
demand_96 6 0 45.772836
demand_97 6 1 3.969602
demand_98 6 2 111.822027
demand_99 6 3 49.018849
demand_100 6 4 56.877073
demand_101 6 5 300.019928
demand_102 6 7 19.912540
demand_103 6 8 184.881524
demand_104 6 9 34.389117
demand_105 6 10 53.108426
demand_106 6 11 194.429397
demand_107 6 12 183.389584
demand_108 6 13 15.949854
demand_109 6 14 51.138965
demand_110 6 15 202.648460
demand_111 6 16 305.804299
demand_112 7 0 782.545927
demand_113 7 1 67.865485
demand_114 7 2 1911.742403
demand_115 7 3 838.040713
demand_116 7 4 972.387243
demand_117 7 5 5129.229287
demand_118 7 6 3601.293275
demand_119 7 8 3160.789127
demand_120 7 9 587.926497
demand_121 7 10 907.957336
demand_122 7 11 3324.022389
demand_123 7 12 3135.282489
demand_124 7 13 272.683419
demand_125 7 14 874.286850
demand_126 7 15 3464.537918
demand_127 7 16 5228.120604
demand_128 8 0 335.433831
demand_129 8 1 29.090152
demand_130 8 2 819.457436
demand_131 8 3 359.221354
demand_132 8 4 416.808225
demand_133 8 5 2198.614768
demand_134 8 6 1543.673744
demand_135 8 7 145.923656
demand_136 8 9 252.011327
demand_137 8 10 389.190714
demand_138 8 11 1424.823166
demand_139 8 12 1343.920889
demand_140 8 13 116.884186
demand_141 8 14 374.758053
demand_142 8 15 1485.054343
demand_143 8 16 2241.003964
demand_144 9 0 119.006975
demand_145 9 1 10.320757
demand_146 9 2 290.731410
demand_147 9 3 127.446437
demand_148 9 4 147.877410
demand_149 9 5 780.036087
demand_150 9 6 547.672673
demand_151 9 7 51.771560
demand_152 9 8 480.682271
demand_153 9 10 138.079124
demand_154 9 11 505.506241
demand_155 9 12 476.803306
demand_156 9 13 41.468785
demand_157 9 14 132.958629
demand_158 9 15 526.875374
demand_159 9 16 795.075148
demand_160 10 0 357.813401
demand_161 10 1 31.030997
demand_162 10 2 874.130229
demand_163 10 3 383.187986
demand_164 10 4 444.616954
demand_165 10 5 2345.302571
demand_166 10 6 1646.665006
demand_167 10 7 155.659431
demand_168 10 8 1445.247707
demand_169 10 9 268.825090
demand_170 10 11 1519.884922
demand_171 10 12 1433.584983
demand_172 10 13 124.682499
demand_173 10 14 399.761267
demand_174 10 15 1584.134620
demand_175 10 16 2390.519902
demand_176 11 0 10.318613
demand_177 11 1 0.894871
demand_178 11 2 25.208144
demand_179 11 3 11.050365
demand_180 11 4 12.821852
demand_181 11 5 67.633773
demand_182 11 6 47.486481
demand_183 11 7 4.488903
demand_184 11 8 41.678015
demand_185 11 9 7.752371
demand_186 11 10 11.972282
demand_187 11 12 41.341685
demand_188 11 13 3.595591
demand_189 11 14 11.528305
demand_190 11 15 45.683232
demand_191 11 16 68.937749
demand_192 12 0 440.528908
demand_193 12 1 38.204413
demand_194 12 2 1076.202385
demand_195 12 3 471.769320
demand_196 12 4 547.398786
demand_197 12 5 2887.464745
demand_198 12 6 2027.323558
demand_199 12 7 191.643128
demand_200 12 8 1779.344744
demand_201 12 9 330.969223
demand_202 12 10 511.128408
demand_203 12 11 1871.235799
demand_204 12 13 153.505276
demand_205 12 14 492.173837
demand_206 12 15 1950.338060
demand_207 12 16 2943.134940
demand_208 13 0 46.074395
demand_209 13 1 3.995754
demand_210 13 2 112.558728
demand_211 13 3 49.341792
demand_212 13 4 57.251788
demand_213 13 5 301.996506
demand_214 13 6 212.035361
demand_215 13 7 20.043727
demand_216 13 8 186.099552
demand_217 13 9 34.615678
demand_218 13 10 53.458313
demand_219 13 11 195.710328
demand_220 13 12 184.597783
demand_221 13 14 51.475877
demand_222 13 15 203.983539
demand_223 13 16 307.818985
demand_224 14 0 201.546553
demand_225 14 1 17.478916
demand_226 14 2 492.373773
demand_227 14 3 215.839366
demand_228 14 4 250.440632
demand_229 14 5 1321.045122
demand_230 14 6 927.521592
demand_231 14 7 87.678722
demand_232 14 8 814.068708
demand_233 14 9 151.421858
demand_234 14 10 233.846557
demand_235 14 11 856.109820
demand_236 14 12 807.499413
demand_237 14 13 70.230259
demand_238 14 15 892.299927
demand_239 14 16 1346.514814
demand_240 15 0 713.421865
demand_241 15 1 61.870772
demand_242 15 2 1742.873846
demand_243 15 3 764.014669
demand_244 15 4 886.494065
demand_245 15 5 4676.152792
demand_246 15 6 3283.182845
demand_247 15 7 310.359650
demand_248 15 8 2881.589430
demand_249 15 9 535.993611
demand_250 15 10 827.755399
demand_251 15 11 3030.403927
demand_252 15 12 2858.335852
demand_253 15 13 248.596672
demand_254 15 14 797.059103
demand_255 15 16 4766.308813
demand_256 16 0 202.094664
demand_257 16 1 17.526450
demand_258 16 2 493.712796
demand_259 16 3 216.426346
demand_260 16 4 251.121712
demand_261 16 5 1324.637739
demand_262 16 6 930.044011
demand_263 16 7 87.917167
demand_264 16 8 816.282589
demand_265 16 9 151.833654
demand_266 16 10 234.482509
demand_267 16 11 858.438033
demand_268 16 12 809.695429
demand_269 16 13 70.421252
demand_270 16 14 225.787012
demand_271 16 15 894.726560
