DEMANDS 272
label src dest bw
demand_0 0 1 17.886214
demand_1 0 2 1791.173591
demand_2 0 3 648.854107
demand_3 0 4 959.697178
demand_4 0 5 3891.359345
demand_5 0 6 3708.656474
demand_6 0 7 194.308745
demand_7 0 8 2846.535234
demand_8 0 9 295.278164
demand_9 0 10 783.723689
demand_10 0 11 2861.266318
demand_11 0 12 2711.671342
demand_12 0 13 42.864350
demand_13 0 14 694.273966
demand_14 0 15 3022.299524
demand_15 0 16 3952.095695
demand_16 1 0 35.877980
demand_17 1 2 130.979932
demand_18 1 3 47.447588
demand_19 1 4 70.178050
demand_20 1 5 284.556440
demand_21 1 6 271.196256
demand_22 1 7 14.208866
demand_23 1 8 208.153465
demand_24 1 9 21.592276
demand_25 1 10 57.309953
demand_26 1 11 209.230679
demand_27 1 12 198.291516
demand_28 1 13 3.134464
demand_29 1 14 50.768924
demand_30 1 15 221.006265
demand_31 1 16 288.997798
demand_32 2 0 89.794918
demand_33 2 1 3.273477
demand_34 2 3 118.751175
demand_35 2 4 175.640666
demand_36 2 5 712.183970
demand_37 2 6 678.746283
demand_38 2 7 35.561756
demand_39 2 8 520.963649
demand_40 2 9 54.040852
demand_41 2 10 143.434569
demand_42 2 11 523.659684
demand_43 2 12 496.281297
demand_44 2 13 7.844894
demand_45 2 14 127.063770
demand_46 2 15 553.131460
demand_47 2 16 723.299740
demand_48 3 0 454.146985
demand_49 3 1 16.555944
demand_50 3 2 1657.956806
demand_51 3 4 888.320639
demand_52 3 5 3601.943299
demand_53 3 6 3432.828775
demand_54 3 7 179.857222
demand_55 3 8 2634.826959
demand_56 3 9 273.317140
demand_57 3 10 725.435006
demand_58 3 11 2648.462433
demand_59 3 12 2509.993437
demand_60 3 13 39.676356
demand_61 3 14 642.638019
demand_62 3 15 2797.518952
demand_63 3 16 3658.162442
demand_64 4 0 116.902227
demand_65 4 1 4.261675
demand_66 4 2 426.775579
demand_67 4 3 154.599805
demand_68 4 5 927.178218
demand_69 4 6 883.646355
demand_70 4 7 46.297147
demand_71 4 8 678.232266
demand_72 4 9 70.354716
demand_73 4 10 186.734626
demand_74 4 11 681.742180
demand_75 4 12 646.098800
demand_76 4 13 10.213113
demand_77 4 14 165.421808
demand_78 4 15 720.110901
demand_79 4 16 941.649618
demand_80 5 0 97.023120
demand_81 5 1 3.536981
demand_82 5 2 354.202818
demand_83 5 3 128.310262
demand_84 5 4 189.779174
demand_85 5 6 733.383174
demand_86 5 7 38.424363
demand_87 5 8 562.899546
demand_88 5 9 58.390967
demand_89 5 10 154.980589
demand_90 5 11 565.812603
demand_91 5 12 536.230344
demand_92 5 13 8.476383
demand_93 5 14 137.291995
demand_94 5 15 597.656761
demand_95 5 16 781.523041
demand_96 6 0 52.812986
demand_97 6 1 1.925299
demand_98 6 2 192.804649
demand_99 6 3 69.843643
demand_100 6 4 103.303263
demand_101 6 5 418.871836
demand_102 6 7 20.915689
demand_103 6 8 306.405380
demand_104 6 9 31.784191
demand_105 6 10 84.361209
demand_106 6 11 307.991057
demand_107 6 12 291.888426
demand_108 6 13 4.613984
demand_109 6 14 74.732705
demand_110 6 15 325.324916
demand_111 6 16 425.409589
demand_112 7 0 1024.309329
demand_113 7 1 37.341232
demand_114 7 2 3739.451499
demand_115 7 3 1354.619383
demand_116 7 4 2003.569653
demand_117 7 5 8124.030864
demand_118 7 6 7742.600205
demand_119 7 8 5942.740839
demand_120 7 9 616.455256
demand_121 7 10 1636.187994
demand_122 7 11 5973.495073
demand_123 7 12 5661.184106
demand_124 7 13 89.488344
demand_125 7 14 1449.442889
demand_126 7 15 6309.685752
demand_127 7 16 8250.830766
demand_128 8 0 119.129772
demand_129 8 1 4.342880
demand_130 8 2 434.907688
demand_131 8 3 157.545668
demand_132 8 4 233.020229
demand_133 8 5 944.845383
demand_134 8 6 900.484030
demand_135 8 7 47.179328
demand_136 8 9 71.695309
demand_137 8 10 190.292811
demand_138 8 11 694.732619
demand_139 8 12 658.410062
demand_140 8 13 10.407721
demand_141 8 14 168.573882
demand_142 8 15 733.832447
demand_143 8 16 959.592533
demand_144 9 0 94.613795
demand_145 9 1 3.449149
demand_146 9 2 345.407085
demand_147 9 3 125.124001
demand_148 9 4 185.066487
demand_149 9 5 750.403587
demand_150 9 6 715.171454
demand_151 9 7 37.470191
demand_152 9 8 548.921356
demand_153 9 10 151.132038
demand_154 9 11 551.762075
demand_155 9 12 522.914416
demand_156 9 13 8.265894
demand_157 9 14 133.882695
demand_158 9 15 582.815464
demand_159 9 16 762.115888
demand_160 10 0 129.057283
demand_161 10 1 4.704788
demand_162 10 2 471.150106
demand_163 10 3 170.674514
demand_164 10 4 252.438641
demand_165 10 5 1023.582739
demand_166 10 6 975.524595
demand_167 10 7 51.110951
demand_168 10 8 748.752318
demand_169 10 9 77.669936
demand_170 10 11 752.627181
demand_171 10 12 713.277735
demand_172 10 13 11.275034
demand_173 10 14 182.621749
demand_174 10 15 794.985338
demand_175 10 16 1039.558821
demand_176 11 0 35.484814
demand_177 11 1 1.293600
demand_178 11 2 129.544598
demand_179 11 3 46.927637
demand_180 11 4 69.409010
demand_181 11 5 281.438151
demand_182 11 6 268.224373
demand_183 11 7 14.053160
demand_184 11 8 205.872432
demand_185 11 9 21.355658
demand_186 11 10 56.681927
demand_187 11 12 196.118554
demand_188 11 13 3.100116
demand_189 11 14 50.212577
demand_190 11 15 218.584385
demand_191 11 16 285.830838
demand_192 12 0 140.334629
demand_193 12 1 5.115904
demand_194 12 2 512.320374
demand_195 12 3 185.588477
demand_196 12 4 274.497357
demand_197 12 5 1113.025943
demand_198 12 6 1060.768360
demand_199 12 7 55.577153
demand_200 12 8 814.180157
demand_201 12 9 84.456928
demand_202 12 10 224.164545
demand_203 12 11 818.393615
demand_204 12 13 12.260275
demand_205 12 14 198.579691
demand_206 12 15 864.453133
demand_207 12 16 1130.398056
demand_208 13 0 86.081710
demand_209 13 1 3.138112
demand_210 13 2 314.258956
demand_211 13 3 113.840565
demand_212 13 4 168.377557
demand_213 13 5 682.733672
demand_214 13 6 650.678704
demand_215 13 7 34.091203
demand_216 13 8 499.420712
demand_217 13 9 51.806150
demand_218 13 10 137.503249
demand_219 13 11 502.005260
demand_220 13 12 475.759026
demand_221 13 14 121.809417
demand_222 13 15 530.258316
demand_223 13 16 693.389782
demand_224 14 0 108.573006
demand_225 14 1 3.958033
demand_226 14 2 396.368049
demand_227 14 3 143.584652
demand_228 14 4 212.370984
demand_229 14 5 861.117269
demand_230 14 6 820.687028
demand_231 14 7 42.998500
demand_232 14 8 629.908582
demand_233 14 9 65.341980
demand_234 14 10 173.429885
demand_235 14 11 633.168417
demand_236 14 12 600.064608
demand_237 14 13 9.485434
demand_238 14 15 668.803387
demand_239 14 16 874.557590
demand_240 15 0 505.750740
demand_241 15 1 18.437161
demand_242 15 2 1846.346907
demand_243 15 3 668.840686
demand_244 15 4 989.258621
demand_245 15 5 4011.224443
demand_246 15 6 3822.893797
demand_247 15 7 200.294015
demand_248 15 8 2934.216734
demand_249 15 9 304.373584
demand_250 15 10 807.864641
demand_251 15 11 2949.401578
demand_252 15 12 2795.198645
demand_253 15 13 44.184696
demand_254 15 14 715.659608
demand_255 15 16 4073.831648
demand_256 16 0 112.074590
demand_257 16 1 4.085683
demand_258 16 2 409.151301
demand_259 16 3 148.215396
demand_260 16 4 219.220153
demand_261 16 5 888.889133
demand_262 16 6 847.154977
demand_263 16 7 44.385243
demand_264 16 8 650.223742
demand_265 16 9 67.449322
demand_266 16 10 179.023166
demand_267 16 11 653.588710
demand_268 16 12 619.417271
demand_269 16 13 9.791348
demand_270 16 14 158.590490
demand_271 16 15 690.372943
