DEMANDS 272
label src dest bw
demand_0 0 1 327.376569
demand_1 0 2 1064.857894
demand_2 0 3 776.284839
demand_3 0 4 1060.372578
demand_4 0 5 3513.664720
demand_5 0 6 3084.226353
demand_6 0 7 433.192088
demand_7 0 8 1346.324256
demand_8 0 9 491.305021
demand_9 0 10 809.422544
demand_10 0 11 1605.848723
demand_11 0 12 1065.205376
demand_12 0 13 413.001182
demand_13 0 14 792.744666
demand_14 0 15 1910.042930
demand_15 0 16 4071.856832
demand_16 1 0 10.868247
demand_17 1 2 21.912418
demand_18 1 3 15.974223
demand_19 1 4 21.820120
demand_20 1 5 72.303442
demand_21 1 6 63.466551
demand_22 1 7 8.914134
demand_23 1 8 27.704373
demand_24 1 9 10.109970
demand_25 1 10 16.656124
demand_26 1 11 33.044812
demand_27 1 12 21.919569
demand_28 1 13 8.498650
demand_29 1 14 16.312930
demand_30 1 15 39.304455
demand_31 1 16 83.789799
demand_32 2 0 94.957448
demand_33 2 1 58.859394
demand_34 2 3 139.569106
demand_35 2 4 190.645553
demand_36 2 5 631.725649
demand_37 2 6 554.516452
demand_38 2 7 77.884082
demand_39 2 8 242.057120
demand_40 2 9 88.332271
demand_41 2 10 145.526970
demand_42 2 11 288.717310
demand_43 2 12 191.514447
demand_44 2 13 74.253937
demand_45 2 14 142.528436
demand_46 2 15 343.408721
demand_47 2 16 732.083623
demand_48 3 0 501.647343
demand_49 3 1 310.946211
demand_50 3 2 1011.414860
demand_51 3 4 1007.154653
demand_52 3 5 3337.321095
demand_53 3 6 2929.435358
demand_54 3 7 411.451066
demand_55 3 8 1278.755003
demand_56 3 9 466.647430
demand_57 3 10 768.799287
demand_58 3 11 1525.254469
demand_59 3 12 1011.744903
demand_60 3 13 392.273500
demand_61 3 14 752.958438
demand_62 3 15 1814.181793
demand_63 3 16 3867.498690
demand_64 4 0 240.766206
demand_65 4 1 149.238983
demand_66 4 2 485.429698
demand_67 4 3 353.879816
demand_68 4 5 1601.751009
demand_69 4 6 1405.985791
demand_70 4 7 197.476401
demand_71 4 8 613.739900
demand_72 4 9 223.967958
demand_73 4 10 368.986081
demand_74 4 11 732.047596
demand_75 4 12 485.588103
demand_76 4 13 188.272107
demand_77 4 14 361.383248
demand_78 4 15 870.718590
demand_79 4 16 1856.210341
demand_80 5 0 193.784525
demand_81 5 1 120.117379
demand_82 5 2 390.705844
demand_83 5 3 284.825820
demand_84 5 4 389.060141
demand_85 5 6 1131.630113
demand_86 5 7 158.942035
demand_87 5 8 493.978358
demand_88 5 9 180.264187
demand_89 5 10 296.984339
demand_90 5 11 589.200196
demand_91 5 12 390.833338
demand_92 5 13 151.533811
demand_93 5 14 290.865077
demand_94 5 15 700.811760
demand_95 5 16 1494.000531
demand_96 6 0 18.887871
demand_97 6 1 11.707651
demand_98 6 2 38.081481
demand_99 6 3 27.761522
demand_100 6 4 37.921077
demand_101 6 5 125.655786
demand_102 6 7 15.491829
demand_103 6 8 48.147289
demand_104 6 9 17.570065
demand_105 6 10 28.946594
demand_106 6 11 57.428411
demand_107 6 12 38.093907
demand_108 6 13 14.769761
demand_109 6 14 28.350159
demand_110 6 15 68.307014
demand_111 6 16 145.617869
demand_112 7 0 849.864366
demand_113 7 1 526.788606
demand_114 7 2 1713.485502
demand_115 7 3 1249.136457
demand_116 7 4 1706.268085
demand_117 7 5 5653.912689
demand_118 7 6 4962.894271
demand_119 7 8 2166.399016
demand_120 7 9 790.569366
demand_121 7 10 1302.459044
demand_122 7 11 2584.005360
demand_123 7 12 1714.044643
demand_124 7 13 664.568992
demand_125 7 14 1275.622316
demand_126 7 15 3073.490733
demand_127 7 16 6552.111497
demand_128 8 0 308.578662
demand_129 8 1 191.272548
demand_130 8 2 622.152292
demand_131 8 3 453.551027
demand_132 8 4 619.531708
demand_133 8 5 2052.888531
demand_134 8 6 1801.985508
demand_135 8 7 253.096166
demand_136 8 9 287.049142
demand_137 8 10 472.912013
demand_138 8 11 938.230790
demand_139 8 12 622.355311
demand_140 8 13 241.299457
demand_141 8 14 463.167821
demand_142 8 15 1115.958846
demand_143 8 16 2379.017026
demand_144 9 0 175.562336
demand_145 9 1 108.822351
demand_146 9 2 353.966503
demand_147 9 3 258.042723
demand_148 9 4 352.475552
demand_149 9 5 1167.967691
demand_150 9 6 1025.219256
demand_151 9 7 143.996198
demand_152 9 8 447.527968
demand_153 9 10 269.057937
demand_154 9 11 533.795787
demand_155 9 12 354.082009
demand_156 9 13 137.284595
demand_157 9 14 263.514089
demand_158 9 15 634.912152
demand_159 9 16 1353.514805
demand_160 10 0 424.508132
demand_161 10 1 263.131455
demand_162 10 2 855.887784
demand_163 10 3 623.944955
demand_164 10 4 852.282676
demand_165 10 5 2824.135247
demand_166 10 6 2478.970831
demand_167 10 7 348.181497
demand_168 10 8 1082.118553
demand_169 10 9 394.890218
demand_170 10 11 1290.713355
demand_171 10 12 856.167075
demand_172 10 13 331.952900
demand_173 10 14 637.174669
demand_174 10 15 1535.211806
demand_175 10 16 3272.786482
demand_176 11 0 1.178882
demand_177 11 1 0.730730
demand_178 11 2 2.376846
demand_179 11 3 1.732728
demand_180 11 4 2.366834
demand_181 11 5 7.842774
demand_182 11 6 6.884234
demand_183 11 7 0.966919
demand_184 11 8 3.005101
demand_185 11 9 1.096631
demand_186 11 10 1.806694
demand_187 11 12 2.377622
demand_188 11 13 0.921851
demand_189 11 14 1.769468
demand_190 11 15 4.263365
demand_191 11 16 9.088702
demand_192 12 0 450.474100
demand_193 12 1 279.226466
demand_194 12 2 908.240033
demand_195 12 3 662.109913
demand_196 12 4 904.414411
demand_197 12 5 2996.879659
demand_198 12 6 2630.602506
demand_199 12 7 369.478781
demand_200 12 8 1148.308703
demand_201 12 9 419.044542
demand_202 12 10 690.373769
demand_203 12 11 1369.662661
demand_204 12 13 352.257526
demand_205 12 14 676.148852
demand_206 12 15 1629.116395
demand_207 12 16 3472.973629
demand_208 13 0 23.169528
demand_209 13 1 14.361637
demand_210 13 2 46.714101
demand_211 13 3 34.054730
demand_212 13 4 46.517335
demand_213 13 5 154.140463
demand_214 13 6 135.301491
demand_215 13 7 19.003643
demand_216 13 8 59.061709
demand_217 13 9 21.552991
demand_218 13 10 35.508444
demand_219 13 11 70.446751
demand_220 13 12 46.729345
demand_221 13 14 34.776804
demand_222 13 15 83.791404
demand_223 13 16 178.627714
demand_224 14 0 228.603451
demand_225 14 1 141.699897
demand_226 14 2 460.907310
demand_227 14 3 336.002916
demand_228 14 4 458.965910
demand_229 14 5 1520.835564
demand_230 14 6 1334.959792
demand_231 14 7 187.500512
demand_232 14 8 582.735682
demand_233 14 9 212.653798
demand_234 14 10 350.346060
demand_235 14 11 695.066844
demand_236 14 12 461.057712
demand_237 14 13 178.761190
demand_238 14 15 826.732613
demand_239 14 16 1762.440407
demand_240 15 0 642.932387
demand_241 15 1 398.521775
demand_242 15 2 1296.271932
demand_243 15 3 944.986419
demand_244 15 4 1290.811871
demand_245 15 5 4277.251436
demand_246 15 6 3754.487877
demand_247 15 7 527.333035
demand_248 15 8 1638.906332
demand_249 15 9 598.075022
demand_250 15 10 985.325583
demand_251 15 11 1954.830441
demand_252 15 12 1296.694929
demand_253 15 13 502.754258
demand_254 15 14 965.023283
demand_255 15 16 4956.749396
demand_256 16 0 239.820618
demand_257 16 1 148.652861
demand_258 16 2 483.523217
demand_259 16 3 352.489985
demand_260 16 4 481.486557
demand_261 16 5 1595.460278
demand_262 16 6 1400.463910
demand_263 16 7 196.700831
demand_264 16 8 611.329493
demand_265 16 9 223.088344
demand_266 16 10 367.536922
demand_267 16 11 729.172546
demand_268 16 12 483.681000
demand_269 16 13 187.532685
demand_270 16 14 359.963948
demand_271 16 15 867.298922
