DEMANDS 272
label src dest bw
demand_0 0 1 29.514553
demand_1 0 2 722.645704
demand_2 0 3 557.991797
demand_3 0 4 687.278078
demand_4 0 5 3060.317743
demand_5 0 6 2227.762921
demand_6 0 7 418.130007
demand_7 0 8 1107.529369
demand_8 0 9 430.452106
demand_9 0 10 613.811222
demand_10 0 11 1935.752357
demand_11 0 12 1056.041091
demand_12 0 13 216.654204
demand_13 0 14 560.663873
demand_14 0 15 1996.502948
demand_15 0 16 3198.477649
demand_16 1 0 106.479955
demand_17 1 2 138.314486
demand_18 1 3 106.799706
demand_19 1 4 131.545118
demand_20 1 5 585.745233
demand_21 1 6 426.394127
demand_22 1 7 80.030140
demand_23 1 8 211.981272
demand_24 1 9 82.388592
demand_25 1 10 117.483552
demand_26 1 11 370.503265
demand_27 1 12 202.126409
demand_28 1 13 41.467644
demand_29 1 14 107.311142
demand_30 1 15 382.130936
demand_31 1 16 612.189058
demand_32 2 0 133.754006
demand_33 2 1 7.096062
demand_34 2 3 134.155659
demand_35 2 4 165.239425
demand_36 2 5 735.779534
demand_37 2 6 535.611823
demand_38 2 7 100.529268
demand_39 2 8 266.278704
demand_40 2 9 103.491819
demand_41 2 10 147.576093
demand_42 2 11 465.404931
demand_43 2 12 253.899591
demand_44 2 13 52.089274
demand_45 2 14 134.798096
demand_46 2 15 480.010944
demand_47 2 16 768.996749
demand_48 3 0 533.335669
demand_49 3 1 28.295099
demand_50 3 2 692.788132
demand_51 3 4 658.881791
demand_52 3 5 2933.874511
demand_53 3 6 2135.718380
demand_54 3 7 400.854118
demand_55 3 8 1061.769548
demand_56 3 9 412.667105
demand_57 3 10 588.450367
demand_58 3 11 1855.772824
demand_59 3 12 1012.408612
demand_60 3 13 207.702697
demand_61 3 14 537.498909
demand_62 3 15 1914.013381
demand_63 3 16 3066.326061
demand_64 4 0 336.729291
demand_65 4 1 17.864526
demand_66 4 2 437.401941
demand_67 4 3 337.740463
demand_68 4 5 1852.344673
demand_69 4 6 1348.417101
demand_70 4 7 253.085122
demand_71 4 8 670.363766
demand_72 4 9 260.543425
demand_73 4 10 371.526764
demand_74 4 11 1171.669371
demand_75 4 12 639.199016
demand_76 4 13 131.136142
demand_77 4 14 339.357814
demand_78 4 15 1208.440401
demand_79 4 16 1935.969900
demand_80 5 0 320.705070
demand_81 5 1 17.014391
demand_82 5 2 416.586925
demand_83 5 3 321.668122
demand_84 5 4 396.198385
demand_85 5 6 1284.248836
demand_86 5 7 241.041347
demand_87 5 8 638.462598
demand_88 5 9 248.144725
demand_89 5 10 353.846606
demand_90 5 11 1115.912150
demand_91 5 12 608.780912
demand_92 5 13 124.895655
demand_93 5 14 323.208507
demand_94 5 15 1150.933326
demand_95 5 16 1843.841263
demand_96 6 0 128.894856
demand_97 6 1 6.838269
demand_98 6 2 167.430816
demand_99 6 3 129.281917
demand_100 6 4 159.236440
demand_101 6 5 709.049391
demand_102 6 7 96.877139
demand_103 6 8 256.605062
demand_104 6 9 99.732064
demand_105 6 10 142.214799
demand_106 6 11 448.497230
demand_107 6 12 244.675670
demand_108 6 13 50.196922
demand_109 6 14 129.901014
demand_110 6 15 462.572621
demand_111 6 16 741.059858
demand_112 7 0 1130.768865
demand_113 7 1 59.990770
demand_114 7 2 1468.837161
demand_115 7 3 1134.164477
demand_116 7 4 1396.949537
demand_117 7 5 6220.348920
demand_118 7 6 4528.112387
demand_119 7 8 2251.145042
demand_120 7 9 874.929507
demand_121 7 10 1247.622075
demand_122 7 11 3934.576764
demand_123 7 12 2146.490858
demand_124 7 13 440.367589
demand_125 7 14 1139.595693
demand_126 7 15 4058.057365
demand_127 7 16 6501.170355
demand_128 8 0 342.026007
demand_129 8 1 18.145533
demand_130 8 2 444.282227
demand_131 8 3 343.053085
demand_132 8 4 422.538228
demand_133 8 5 1881.481859
demand_134 8 6 1369.627560
demand_135 8 7 257.066125
demand_136 8 9 264.641745
demand_137 8 10 377.370841
demand_138 8 11 1190.099607
demand_139 8 12 649.253549
demand_140 8 13 133.198899
demand_141 8 14 344.695876
demand_142 8 15 1227.449041
demand_143 8 16 1966.422502
demand_144 9 0 154.541830
demand_145 9 1 8.198920
demand_146 9 2 200.745519
demand_147 9 3 155.005907
demand_148 9 4 190.920660
demand_149 9 5 850.133157
demand_150 9 6 618.855715
demand_151 9 7 116.153358
demand_152 9 8 307.663294
demand_153 9 10 170.512122
demand_154 9 11 537.737385
demand_155 9 12 293.360240
demand_156 9 13 60.184902
demand_157 9 14 155.748190
demand_158 9 15 554.613441
demand_159 9 16 888.512935
demand_160 10 0 412.373032
demand_161 10 1 21.877659
demand_162 10 2 535.661046
demand_163 10 3 413.611356
demand_164 10 4 509.444798
demand_165 10 5 2268.460181
demand_166 10 6 1651.329013
demand_167 10 7 309.938820
demand_168 10 8 820.956020
demand_169 10 9 319.072575
demand_170 10 11 1434.876215
demand_171 10 12 782.790339
demand_172 10 13 160.594904
demand_173 10 14 415.592033
demand_174 10 15 1479.907584
demand_175 10 16 2370.871195
demand_176 11 0 81.768016
demand_177 11 1 4.338045
demand_178 11 2 106.214368
demand_179 11 3 82.013559
demand_180 11 4 101.016039
demand_181 11 5 449.805087
demand_182 11 6 327.436292
demand_183 11 7 61.456692
demand_184 11 8 162.784516
demand_185 11 9 63.267792
demand_186 11 10 90.217890
demand_187 11 12 155.216776
demand_188 11 13 31.843806
demand_189 11 14 82.406300
demand_190 11 15 293.445732
demand_191 11 16 470.111811
demand_192 12 0 433.312771
demand_193 12 1 22.988577
demand_194 12 2 562.861182
demand_195 12 3 434.613976
demand_196 12 4 535.313708
demand_197 12 5 2383.649488
demand_198 12 6 1735.181244
demand_199 12 7 325.677090
demand_200 12 8 862.643044
demand_201 12 9 335.274644
demand_202 12 10 478.091142
demand_203 12 11 1507.737269
demand_204 12 13 168.749694
demand_205 12 14 436.695228
demand_206 12 15 1555.055269
demand_207 12 16 2491.260794
demand_208 13 0 132.680516
demand_209 13 1 7.039110
demand_210 13 2 172.348283
demand_211 13 3 133.078945
demand_212 13 4 163.913237
demand_213 13 5 729.874275
demand_214 13 6 531.313080
demand_215 13 7 99.722434
demand_216 13 8 264.141590
demand_217 13 9 102.661209
demand_218 13 10 146.391669
demand_219 13 11 461.669658
demand_220 13 12 251.861829
demand_221 13 14 133.716226
demand_222 13 15 476.158446
demand_223 13 16 762.824893
demand_224 14 0 330.100202
demand_225 14 1 17.512832
demand_226 14 2 428.790939
demand_227 14 3 331.091468
demand_228 14 4 407.805113
demand_229 14 5 1815.878116
demand_230 14 6 1321.871216
demand_231 14 7 248.102711
demand_232 14 8 657.166515
demand_233 14 9 255.414184
demand_234 14 10 364.212628
demand_235 14 11 1148.603066
demand_236 14 12 626.615296
demand_237 14 13 128.554504
demand_238 14 15 1184.650196
demand_239 14 16 1897.857039
demand_240 15 0 780.458310
demand_241 15 1 41.405716
demand_242 15 2 1013.793538
demand_243 15 3 782.801966
demand_244 15 4 964.176596
demand_245 15 5 4293.293844
demand_246 15 6 3125.309736
demand_247 15 7 586.591045
demand_248 15 8 1553.743572
demand_249 15 9 603.877615
demand_250 15 10 861.110566
demand_251 15 11 2715.650588
demand_252 15 12 1481.511103
demand_253 15 13 303.942348
demand_254 15 14 786.550600
demand_255 15 16 4487.117206
demand_256 16 0 333.502857
demand_257 16 1 17.693353
demand_258 16 2 433.210893
demand_259 16 3 334.504340
demand_260 16 4 412.008745
demand_261 16 5 1834.596088
demand_262 16 6 1335.496992
demand_263 16 7 250.660140
demand_264 16 8 663.940551
demand_265 16 9 258.046980
demand_266 16 10 367.966911
demand_267 16 11 1160.442803
demand_268 16 12 633.074411
demand_269 16 13 129.879636
demand_270 16 14 336.106194
demand_271 16 15 1196.861504
