DEMANDS 272
label src dest bw
demand_0 0 1 105.017970
demand_1 0 2 1034.112064
demand_2 0 3 654.474259
demand_3 0 4 971.831672
demand_4 0 5 6130.679827
demand_5 0 6 3033.443605
demand_6 0 7 233.289736
demand_7 0 8 1987.026667
demand_8 0 9 460.747997
demand_9 0 10 922.958539
demand_10 0 11 2069.472436
demand_11 0 12 1676.869515
demand_12 0 13 207.714581
demand_13 0 14 889.404292
demand_14 0 15 2404.650846
demand_15 0 16 7224.322361
demand_16 1 0 1.646431
demand_17 1 2 3.637267
demand_18 1 3 2.301973
demand_19 1 4 3.418209
demand_20 1 5 21.563351
demand_21 1 6 10.669487
demand_22 1 7 0.820547
demand_23 1 8 6.988940
demand_24 1 9 1.620582
demand_25 1 10 3.246309
demand_26 1 11 7.278925
demand_27 1 12 5.898029
demand_28 1 13 0.730591
demand_29 1 14 3.128289
demand_30 1 15 8.457843
demand_31 1 16 25.410004
demand_32 2 0 34.834333
demand_33 2 1 7.815109
demand_34 2 3 48.703931
demand_35 2 4 72.320679
demand_36 2 5 456.226055
demand_37 2 6 225.739404
demand_38 2 7 17.360694
demand_39 2 8 147.868322
demand_40 2 9 34.287428
demand_41 2 10 68.683693
demand_42 2 11 154.003678
demand_43 2 12 124.787395
demand_44 2 13 15.457471
demand_45 2 14 66.186691
demand_46 2 15 178.946609
demand_47 2 16 537.611518
demand_48 3 0 320.268969
demand_49 3 1 71.852591
demand_50 3 2 707.532541
demand_51 3 4 664.920714
demand_52 3 5 4194.570033
demand_53 3 6 2075.461776
demand_54 3 7 159.615273
demand_55 3 8 1359.510323
demand_56 3 9 315.240691
demand_57 3 10 631.482044
demand_58 3 11 1415.919165
demand_59 3 12 1147.302879
demand_60 3 13 142.116924
demand_61 3 14 608.524453
demand_62 3 15 1645.245986
demand_63 3 16 4942.832923
demand_64 4 0 109.833812
demand_65 4 1 24.641301
demand_66 4 2 242.642914
demand_67 4 3 153.565118
demand_68 4 5 1438.495951
demand_69 4 6 711.763861
demand_70 4 7 54.738846
demand_71 4 8 466.233745
demand_72 4 9 108.109402
demand_73 4 10 216.561973
demand_74 4 11 485.578729
demand_75 4 12 393.458813
demand_76 4 13 48.737920
demand_77 4 14 208.688842
demand_78 4 15 564.224622
demand_79 4 16 1695.107029
demand_80 5 0 50.245274
demand_81 5 1 11.272566
demand_82 5 2 111.000971
demand_83 5 3 70.250876
demand_84 5 4 104.315831
demand_85 5 6 325.608023
demand_86 5 7 25.041181
demand_87 5 8 213.286254
demand_88 5 9 49.456415
demand_89 5 10 99.069818
demand_90 5 11 222.135934
demand_91 5 12 179.994171
demand_92 5 13 22.295959
demand_93 5 14 95.468125
demand_94 5 15 258.113784
demand_95 5 16 775.454443
demand_96 6 0 2.563528
demand_97 6 1 0.575129
demand_98 6 2 5.663300
demand_99 6 3 3.584219
demand_100 6 4 5.322222
demand_101 6 5 33.574579
demand_102 6 7 1.277608
demand_103 6 8 10.881923
demand_104 6 9 2.523280
demand_105 6 10 5.054569
demand_106 6 11 11.333436
demand_107 6 12 9.183351
demand_108 6 13 1.137546
demand_109 6 14 4.870810
demand_110 6 15 13.169035
demand_111 6 16 39.563896
demand_112 7 0 766.332106
demand_113 7 1 171.927200
demand_114 7 2 1692.967334
demand_115 7 3 1071.454032
demand_116 7 4 1591.006750
demand_117 7 5 10036.669175
demand_118 7 6 4966.116448
demand_119 7 8 3253.004537
demand_120 7 9 754.300559
demand_121 7 10 1510.995482
demand_122 7 11 3387.978298
demand_123 7 12 2745.239525
demand_124 7 13 340.054055
demand_125 7 14 1456.063094
demand_126 7 15 3936.706157
demand_127 7 16 11827.095135
demand_128 8 0 184.200862
demand_129 8 1 41.325606
demand_130 8 2 406.933286
demand_131 8 3 257.542069
demand_132 8 4 382.425338
demand_133 8 5 2412.482916
demand_134 8 6 1193.689946
demand_135 8 7 91.801810
demand_136 8 9 181.308877
demand_137 8 10 363.193279
demand_138 8 11 814.357794
demand_139 8 12 659.864676
demand_140 8 13 81.737734
demand_141 8 14 349.989352
demand_142 8 15 946.253800
demand_143 8 16 2842.842029
demand_144 9 0 41.185940
demand_145 9 1 9.240097
demand_146 9 2 90.987250
demand_147 9 3 57.584487
demand_148 9 4 85.507455
demand_149 9 5 539.413198
demand_150 9 6 266.900175
demand_151 9 7 20.526200
demand_152 9 8 174.830270
demand_153 9 10 81.207310
demand_154 9 11 182.084333
demand_155 9 12 147.540823
demand_156 9 13 18.275948
demand_157 9 14 78.255010
demand_158 9 15 211.575297
demand_159 9 16 635.638288
demand_160 10 0 189.956003
demand_161 10 1 42.616776
demand_162 10 2 419.647443
demand_163 10 3 265.588671
demand_164 10 4 394.373772
demand_165 10 5 2487.858135
demand_166 10 6 1230.985399
demand_167 10 7 94.670050
demand_168 10 8 806.344581
demand_169 10 9 186.973661
demand_170 10 11 839.801454
demand_171 10 12 680.481379
demand_172 10 13 84.291535
demand_173 10 14 360.924362
demand_174 10 15 975.818398
demand_175 10 16 2931.663317
demand_176 11 0 1.059684
demand_177 11 1 0.237741
demand_178 11 2 2.341036
demand_179 11 3 1.481607
demand_180 11 4 2.200045
demand_181 11 5 13.878709
demand_182 11 6 6.867147
demand_183 11 7 0.528124
demand_184 11 8 4.498256
demand_185 11 9 1.043047
demand_186 11 10 2.089405
demand_187 11 12 3.796118
demand_188 11 13 0.470227
demand_189 11 14 2.013445
demand_190 11 15 5.443679
demand_191 11 16 16.354511
demand_192 12 0 318.937416
demand_193 12 1 71.553856
demand_194 12 2 704.590897
demand_195 12 3 445.925177
demand_196 12 4 662.156234
demand_197 12 5 4177.130652
demand_198 12 6 2066.832818
demand_199 12 7 158.951655
demand_200 12 8 1353.858011
demand_201 12 9 313.930043
demand_202 12 10 628.856589
demand_203 12 11 1410.032327
demand_204 12 13 141.526057
demand_205 12 14 605.994446
demand_206 12 15 1638.405697
demand_207 12 16 4922.282557
demand_208 13 0 30.365999
demand_209 13 1 6.812635
demand_210 13 2 67.084029
demand_211 13 3 42.456491
demand_212 13 4 63.043829
demand_213 13 5 397.704191
demand_214 13 6 196.782946
demand_215 13 7 15.133771
demand_216 13 8 128.900686
demand_217 13 9 29.889248
demand_218 13 10 59.873373
demand_219 13 11 134.249037
demand_220 13 12 108.780438
demand_221 13 14 57.696671
demand_222 13 15 155.992442
demand_223 13 16 468.650029
demand_224 14 0 61.872996
demand_225 14 1 13.881255
demand_226 14 2 136.688729
demand_227 14 3 86.508278
demand_228 14 4 128.456519
demand_229 14 5 810.352051
demand_230 14 6 400.959978
demand_231 14 7 30.836191
demand_232 14 8 262.644793
demand_233 14 9 60.901579
demand_234 14 10 121.996478
demand_235 14 11 273.542459
demand_236 14 12 221.648282
demand_237 14 13 27.455672
demand_238 14 15 317.846275
demand_239 14 16 954.909505
demand_240 15 0 663.277972
demand_241 15 1 148.806925
demand_242 15 2 1465.301962
demand_243 15 3 927.367979
demand_244 15 4 1377.052744
demand_245 15 5 8686.966810
demand_246 15 6 4298.287410
demand_247 15 7 330.563698
demand_248 15 8 2815.549856
demand_249 15 9 652.864392
demand_250 15 10 1307.801161
demand_251 15 11 2932.372733
demand_252 15 12 2376.067620
demand_253 15 13 294.324565
demand_254 15 14 1260.255923
demand_255 15 16 10236.621442
demand_256 16 0 97.763293
demand_257 16 1 21.933270
demand_258 16 2 215.976938
demand_259 16 3 136.688616
demand_260 16 4 202.969519
demand_261 16 5 1280.408093
demand_262 16 6 633.542421
demand_263 16 7 48.723155
demand_264 16 8 414.995579
demand_265 16 9 96.228392
demand_266 16 10 192.762241
demand_267 16 11 432.214588
demand_268 16 12 350.218468
demand_269 16 13 43.381719
demand_270 16 14 185.754351
demand_271 16 15 502.217452
