DEMANDS 272
label src dest bw
demand_0 0 1 55.739219
demand_1 0 2 1077.508315
demand_2 0 3 469.687004
demand_3 0 4 1043.629490
demand_4 0 5 5689.001664
demand_5 0 6 4175.477487
demand_6 0 7 183.401753
demand_7 0 8 1689.929866
demand_8 0 9 292.540214
demand_9 0 10 747.286133
demand_10 0 11 1939.409011
demand_11 0 12 1279.366529
demand_12 0 13 127.856703
demand_13 0 14 610.836670
demand_14 0 15 3024.309676
demand_15 0 16 8049.302118
demand_16 1 0 34.332154
demand_17 1 2 79.436598
demand_18 1 3 34.626496
demand_19 1 4 76.938966
demand_20 1 5 419.407377
demand_21 1 6 307.826604
demand_22 1 7 13.520834
demand_23 1 8 124.585840
demand_24 1 9 21.566793
demand_25 1 10 55.091796
demand_26 1 11 142.978064
demand_27 1 12 94.318088
demand_28 1 13 9.425915
demand_29 1 14 45.032401
demand_30 1 15 222.959645
demand_31 1 16 593.414607
demand_32 2 0 71.335822
demand_33 2 1 8.538223
demand_34 2 3 71.947410
demand_35 2 4 159.864842
demand_36 2 5 871.450413
demand_37 2 6 639.606349
demand_38 2 7 28.093775
demand_39 2 8 258.866171
demand_40 2 9 44.811780
demand_41 2 10 114.470490
demand_42 2 11 297.081788
demand_43 2 12 195.975420
demand_44 2 13 19.585295
demand_45 2 14 93.568942
demand_46 2 15 463.268614
demand_47 2 16 1233.005028
demand_48 3 0 339.310409
demand_49 3 1 40.612246
demand_50 3 2 785.085148
demand_51 3 4 760.400640
demand_52 3 5 4145.073085
demand_53 3 6 3042.301685
demand_54 3 7 133.628660
demand_55 3 8 1231.302646
demand_56 3 9 213.148218
demand_57 3 10 544.481408
demand_58 3 11 1413.076067
demand_59 3 12 932.161402
demand_60 3 13 93.157888
demand_61 3 14 445.062735
demand_62 3 15 2203.547367
demand_63 3 16 5864.815575
demand_64 4 0 133.956765
demand_65 4 1 16.033358
demand_66 4 2 309.944712
demand_67 4 3 135.105225
demand_68 4 5 1636.438400
demand_69 4 6 1201.073950
demand_70 4 7 52.755420
demand_71 4 8 486.107456
demand_72 4 9 84.149042
demand_73 4 10 214.956472
demand_74 4 11 557.870004
demand_75 4 12 368.009124
demand_76 4 13 36.777915
demand_77 4 14 175.706854
demand_78 4 15 869.941122
demand_79 4 16 2315.377611
demand_80 5 0 105.526654
demand_81 5 1 12.630542
demand_82 5 2 244.164064
demand_83 5 3 106.431372
demand_84 5 4 236.487101
demand_85 5 6 946.165834
demand_86 5 7 41.558953
demand_87 5 8 382.939174
demand_88 5 9 66.289797
demand_89 5 10 169.335510
demand_90 5 11 439.471306
demand_91 5 12 289.905263
demand_92 5 13 28.972410
demand_93 5 14 138.415975
demand_94 5 15 685.310482
demand_95 5 16 1823.976941
demand_96 6 0 56.344927
demand_97 6 1 6.743955
demand_98 6 2 130.369019
demand_99 6 3 56.827992
demand_100 6 4 126.269980
demand_101 6 5 688.319112
demand_102 6 7 22.189997
demand_103 6 8 204.466635
demand_104 6 9 35.394790
demand_105 6 10 90.415043
demand_106 6 11 234.651415
demand_107 6 12 154.792086
demand_108 6 13 15.469535
demand_109 6 14 73.905859
demand_110 6 15 365.914843
demand_111 6 16 973.894686
demand_112 7 0 572.656130
demand_113 7 1 68.541521
demand_114 7 2 1324.992723
demand_115 7 3 577.565717
demand_116 7 4 1283.332537
demand_117 7 5 6995.663701
demand_118 7 6 5134.510062
demand_119 7 8 2078.076563
demand_120 7 9 359.731474
demand_121 7 10 918.924406
demand_122 7 11 2384.856610
demand_123 7 12 1573.214163
demand_124 7 13 157.223104
demand_125 7 14 751.134940
demand_126 7 15 3718.939574
demand_127 7 16 9898.082999
demand_128 8 0 146.451577
demand_129 8 1 17.528868
demand_130 8 2 338.854792
demand_131 8 3 147.707159
demand_132 8 4 328.200579
demand_133 8 5 1789.077121
demand_134 8 6 1313.104070
demand_135 8 7 57.676179
demand_136 8 9 91.998040
demand_137 8 10 235.006527
demand_138 8 11 609.905304
demand_139 8 12 402.335159
demand_140 8 13 40.208373
demand_141 8 14 192.095903
demand_142 8 15 951.084842
demand_143 8 16 2531.344357
demand_144 9 0 101.495199
demand_145 9 1 12.148015
demand_146 9 2 234.836217
demand_147 9 3 102.365353
demand_148 9 4 227.452539
demand_149 9 5 1239.882433
demand_150 9 6 910.019278
demand_151 9 7 39.971268
demand_152 9 8 368.309675
demand_153 9 10 162.866352
demand_154 9 11 422.682099
demand_155 9 12 278.829956
demand_156 9 13 27.865571
demand_157 9 14 133.128043
demand_158 9 15 659.129433
demand_159 9 16 1754.295198
demand_160 10 0 220.574581
demand_161 10 1 26.400691
demand_162 10 2 510.358136
demand_163 10 3 222.465646
demand_164 10 4 494.311546
demand_165 10 5 2694.576222
demand_166 10 6 1977.700661
demand_167 10 7 86.867614
demand_168 10 8 800.429513
demand_169 10 9 138.560674
demand_170 10 11 918.594459
demand_171 10 12 605.967590
demand_172 10 13 60.558891
demand_173 10 14 289.320704
demand_174 10 15 1432.453956
demand_175 10 16 3812.524476
demand_176 11 0 6.893346
demand_177 11 1 0.825068
demand_178 11 2 15.949595
demand_179 11 3 6.952445
demand_180 11 4 15.448110
demand_181 11 5 84.210273
demand_182 11 6 61.806644
demand_183 11 7 2.714767
demand_184 11 8 25.014838
demand_185 11 9 4.330266
demand_186 11 10 11.061549
demand_187 11 12 18.937559
demand_188 11 13 1.892572
demand_189 11 14 9.041784
demand_190 11 15 44.766720
demand_191 11 16 119.148134
demand_192 12 0 259.716589
demand_193 12 1 31.085619
demand_194 12 2 600.923613
demand_195 12 3 261.943233
demand_196 12 4 582.029479
demand_197 12 5 3172.741581
demand_198 12 6 2328.653044
demand_199 12 7 102.282686
demand_200 12 8 942.469535
demand_201 12 9 163.148924
demand_202 12 10 416.759553
demand_203 12 11 1081.603412
demand_204 12 13 71.305354
demand_205 12 14 340.662038
demand_206 12 15 1686.649720
demand_207 12 16 4489.075068
demand_208 13 0 66.915999
demand_209 13 1 8.009212
demand_210 13 2 154.828014
demand_211 13 3 67.489694
demand_212 13 4 149.959939
demand_213 13 5 817.457108
demand_214 13 6 599.977633
demand_215 13 7 26.353142
demand_216 13 8 242.827347
demand_217 13 9 42.035333
demand_218 13 10 107.378130
demand_219 13 11 278.675201
demand_220 13 12 183.833179
demand_221 13 14 87.771600
demand_222 13 15 434.565428
demand_223 13 16 1156.610530
demand_224 14 0 108.378025
demand_225 14 1 12.971824
demand_226 14 2 250.761472
demand_227 14 3 109.307188
demand_228 14 4 242.877074
demand_229 14 5 1323.964195
demand_230 14 6 971.731600
demand_231 14 7 42.681892
demand_232 14 8 393.286339
demand_233 14 9 68.080973
demand_234 14 10 173.911020
demand_235 14 11 451.345991
demand_236 14 12 297.738615
demand_237 14 13 29.755255
demand_238 14 15 703.827835
demand_239 14 16 1873.261502
demand_240 15 0 476.333555
demand_241 15 1 57.012620
demand_242 15 2 1102.124750
demand_243 15 3 480.417334
demand_244 15 4 1067.471939
demand_245 15 5 5818.970907
demand_246 15 6 4270.869206
demand_247 15 7 187.591695
demand_248 15 8 1728.537502
demand_249 15 9 299.223501
demand_250 15 10 764.358410
demand_251 15 11 1983.716174
demand_252 15 12 1308.594557
demand_253 15 13 130.777680
demand_254 15 14 624.791664
demand_255 15 16 8233.194085
demand_256 16 0 111.312492
demand_257 16 1 13.323052
demand_258 16 2 257.551145
demand_259 16 3 112.266814
demand_260 16 4 249.453267
demand_261 16 5 1359.812143
demand_262 16 6 998.042421
demand_263 16 7 43.837556
demand_264 16 8 403.935047
demand_265 16 9 69.924349
demand_266 16 10 178.619874
demand_267 16 11 463.566735
demand_268 16 12 305.800252
demand_269 16 13 30.560915
demand_270 16 14 146.005076
demand_271 16 15 722.884834
