DEMANDS 272
label src dest bw
demand_0 0 1 134.350767
demand_1 0 2 1158.392856
demand_2 0 3 470.489544
demand_3 0 4 1068.206191
demand_4 0 5 4209.285293
demand_5 0 6 3571.954805
demand_6 0 7 243.958425
demand_7 0 8 1738.915325
demand_8 0 9 308.036266
demand_9 0 10 795.782760
demand_10 0 11 2572.112457
demand_11 0 12 1444.610575
demand_12 0 13 183.884137
demand_13 0 14 618.922044
demand_14 0 15 2767.067680
demand_15 0 16 4291.984307
demand_16 1 0 6.876338
demand_17 1 2 22.879521
demand_18 1 3 9.292681
demand_19 1 4 21.098236
demand_20 1 5 83.137969
demand_21 1 6 70.549998
demand_22 1 7 4.818445
demand_23 1 8 34.345472
demand_24 1 9 6.084052
demand_25 1 10 15.717576
demand_26 1 11 50.802022
demand_27 1 12 28.532632
demand_28 1 13 3.631912
demand_29 1 14 12.224384
demand_30 1 15 54.652600
demand_31 1 16 84.771365
demand_32 2 0 62.693596
demand_33 2 1 24.193416
demand_34 2 3 84.724109
demand_35 2 4 192.358830
demand_36 2 5 757.993356
demand_37 2 6 643.225113
demand_38 2 7 43.931179
demand_39 2 8 313.137782
demand_40 2 9 55.470092
demand_41 2 10 143.301773
demand_42 2 11 463.177004
demand_43 2 12 260.140414
demand_44 2 13 33.113211
demand_45 2 14 111.453314
demand_46 2 15 498.283858
demand_47 2 16 772.885505
demand_48 3 0 256.756407
demand_49 3 1 99.082120
demand_50 3 2 854.301193
demand_51 3 4 787.789582
demand_52 3 5 3104.298710
demand_53 3 6 2634.274924
demand_54 3 7 179.916487
demand_55 3 8 1282.429730
demand_56 3 9 227.173147
demand_57 3 10 586.880485
demand_58 3 11 1896.902877
demand_59 3 12 1065.383416
demand_60 3 13 135.612402
demand_61 3 14 456.447775
demand_62 3 15 2040.680076
demand_63 3 16 3165.288267
demand_64 4 0 150.072467
demand_65 4 1 57.912861
demand_66 4 2 499.333546
demand_67 4 3 202.807891
demand_68 4 5 1814.442607
demand_69 4 6 1539.716730
demand_70 4 7 105.160028
demand_71 4 8 749.571919
demand_72 4 9 132.781241
demand_73 4 10 343.027865
demand_74 4 11 1108.727517
demand_75 4 12 622.709747
demand_76 4 13 79.264576
demand_77 4 14 266.790785
demand_78 4 15 1192.764364
demand_79 4 16 1850.090610
demand_80 5 0 99.728228
demand_81 5 1 38.485054
demand_82 5 2 331.824024
demand_83 5 3 134.772701
demand_84 5 4 305.989868
demand_85 5 6 1023.193825
demand_86 5 7 69.882394
demand_87 5 8 498.115883
demand_88 5 9 88.237624
demand_89 5 10 227.953614
demand_90 5 11 736.786921
demand_91 5 12 413.811680
demand_92 5 13 52.673991
demand_93 5 14 177.291497
demand_94 5 15 792.632247
demand_95 5 16 1229.447762
demand_96 6 0 11.906127
demand_97 6 1 4.594566
demand_98 6 2 39.615051
demand_99 6 3 16.089936
demand_100 6 4 36.530822
demand_101 6 5 143.950346
demand_102 6 7 8.342960
demand_103 6 8 59.467925
demand_104 6 9 10.534313
demand_105 6 10 27.214407
demand_106 6 11 87.961840
demand_107 6 12 49.403207
demand_108 6 13 6.288522
demand_109 6 14 21.166074
demand_110 6 15 94.628974
demand_111 6 16 146.778510
demand_112 7 0 672.481055
demand_113 7 1 259.509976
demand_114 7 2 2237.534692
demand_115 7 3 908.790718
demand_116 7 4 2063.331450
demand_117 7 5 8130.593884
demand_118 7 6 6899.535639
demand_119 7 8 3358.863399
demand_120 7 9 594.998345
demand_121 7 10 1537.122336
demand_122 7 11 4968.254790
demand_123 7 12 2790.388651
demand_124 7 13 355.187909
demand_125 7 14 1195.500765
demand_126 7 15 5344.827446
demand_127 7 16 8290.334092
demand_128 8 0 164.636733
demand_129 8 1 63.533202
demand_130 8 2 547.792982
demand_131 8 3 222.490037
demand_132 8 4 505.144564
demand_133 8 5 1990.531044
demand_134 8 6 1689.143508
demand_135 8 7 115.365623
demand_136 8 9 145.667425
demand_137 8 10 376.318111
demand_138 8 11 1216.327557
demand_139 8 12 683.142623
demand_140 8 13 86.957062
demand_141 8 14 292.682358
demand_142 8 15 1308.520030
demand_143 8 16 2029.638623
demand_144 9 0 90.322451
demand_145 9 1 34.855372
demand_146 9 2 300.528344
demand_147 9 3 122.061736
demand_148 9 4 277.130713
demand_149 9 5 1092.038450
demand_150 9 6 926.692233
demand_151 9 7 63.291500
demand_152 9 8 451.136538
demand_153 9 10 206.454377
demand_154 9 11 667.297535
demand_155 9 12 374.783409
demand_156 9 13 47.706091
demand_157 9 14 160.570411
demand_158 9 15 717.875860
demand_159 9 16 1113.493518
demand_160 10 0 164.963667
demand_161 10 1 63.659365
demand_162 10 2 548.880781
demand_163 10 3 222.931855
demand_164 10 4 506.147673
demand_165 10 5 1994.483813
demand_166 10 6 1692.497786
demand_167 10 7 115.594714
demand_168 10 8 823.949489
demand_169 10 9 145.956690
demand_170 10 11 1218.742923
demand_171 10 12 684.499198
demand_172 10 13 87.129740
demand_173 10 14 293.263562
demand_174 10 15 1311.118471
demand_175 10 16 2033.669051
demand_176 11 0 1.129521
demand_177 11 1 0.435882
demand_178 11 2 3.758237
demand_179 11 3 1.526435
demand_180 11 4 3.465640
demand_181 11 5 13.656414
demand_182 11 6 11.588688
demand_183 11 7 0.791488
demand_184 11 8 5.641658
demand_185 11 9 0.999379
demand_186 11 10 2.581801
demand_187 11 12 4.686829
demand_188 11 13 0.596585
demand_189 11 14 2.008003
demand_190 11 15 8.977348
demand_191 11 16 13.924719
demand_192 12 0 169.699485
demand_193 12 1 65.486914
demand_194 12 2 564.638189
demand_195 12 3 229.331839
demand_196 12 4 520.678288
demand_197 12 5 2051.741957
demand_198 12 6 1741.086439
demand_199 12 7 118.913236
demand_200 12 8 847.603639
demand_201 12 9 150.146851
demand_202 12 10 387.890286
demand_203 12 11 1253.730902
demand_204 12 13 89.631083
demand_205 12 14 301.682646
demand_206 12 15 1348.758391
demand_207 12 16 2092.052135
demand_208 13 0 35.820470
demand_209 13 1 13.823095
demand_210 13 2 119.184836
demand_211 13 3 48.407774
demand_212 13 4 109.905702
demand_213 13 5 433.085353
demand_214 13 6 367.511632
demand_215 13 7 25.100418
demand_216 13 8 178.913688
demand_217 13 9 31.693265
demand_218 13 10 81.876574
demand_219 13 11 264.639756
demand_220 13 12 148.633233
demand_221 13 14 63.679711
demand_222 13 15 284.698328
demand_223 13 16 441.594097
demand_224 14 0 140.866401
demand_225 14 1 54.360247
demand_226 14 2 468.702364
demand_227 14 3 190.366817
demand_228 14 4 432.211546
demand_229 14 5 1703.137201
demand_230 14 6 1445.264144
demand_231 14 7 98.709078
demand_232 14 8 703.590081
demand_233 14 9 124.635891
demand_234 14 10 321.985118
demand_235 14 11 1040.713590
demand_236 14 12 584.510158
demand_237 14 13 74.402159
demand_238 14 15 1119.595270
demand_239 14 16 1736.598408
demand_240 15 0 399.124280
demand_241 15 1 154.021785
demand_242 15 2 1327.999378
demand_243 15 3 539.376446
demand_244 15 4 1224.608000
demand_245 15 5 4825.589371
demand_246 15 6 4094.943902
demand_247 15 7 279.677689
demand_248 15 8 1993.519262
demand_249 15 9 353.137511
demand_250 15 10 912.297590
demand_251 15 11 2948.709264
demand_252 15 12 1656.123772
demand_253 15 13 210.807602
demand_254 15 14 709.541747
demand_255 15 16 4920.396793
demand_256 16 0 146.823979
demand_257 16 1 56.659272
demand_258 16 2 488.524909
demand_259 16 3 198.417886
demand_260 16 4 450.490807
demand_261 16 5 1775.166952
demand_262 16 6 1506.387827
demand_263 16 7 102.883721
demand_264 16 8 733.346590
demand_265 16 9 129.907042
demand_266 16 10 335.602640
demand_267 16 11 1084.727861
demand_268 16 12 609.230492
demand_269 16 13 77.548805
demand_270 16 14 261.015798
demand_271 16 15 1166.945635
