DEMANDS 272
label src dest bw
demand_0 0 1 16.261632
demand_1 0 2 603.978210
demand_2 0 3 307.003052
demand_3 0 4 556.345799
demand_4 0 5 2698.351565
demand_5 0 6 2653.629373
demand_6 0 7 156.672783
demand_7 0 8 1377.806777
demand_8 0 9 215.584622
demand_9 0 10 487.691879
demand_10 0 11 1674.928638
demand_11 0 12 920.080572
demand_12 0 13 113.248314
demand_13 0 14 329.472648
demand_14 0 15 1947.234267
demand_15 0 16 4545.055199
demand_16 1 0 58.519256
demand_17 1 2 139.613070
demand_18 1 3 70.965538
demand_19 1 4 128.602562
demand_20 1 5 623.739633
demand_21 1 6 613.401839
demand_22 1 7 36.215824
demand_23 1 8 318.488037
demand_24 1 9 49.833637
demand_25 1 10 112.732810
demand_26 1 11 387.169480
demand_27 1 12 212.681967
demand_28 1 13 26.178005
demand_29 1 14 76.159516
demand_30 1 15 450.114508
demand_31 1 16 1050.615901
demand_32 2 0 74.877912
demand_33 2 1 4.809765
demand_34 2 3 90.803466
demand_35 2 4 164.552524
demand_36 2 5 798.101760
demand_37 2 6 784.874106
demand_38 2 7 46.339708
demand_39 2 8 407.519178
demand_40 2 9 63.764288
demand_41 2 10 144.246492
demand_42 2 11 495.400047
demand_43 2 12 272.135749
demand_44 2 13 33.495887
demand_45 2 14 97.449385
demand_46 2 15 575.940924
demand_47 2 16 1344.308354
demand_48 3 0 238.605435
demand_49 3 1 15.326764
demand_50 3 2 569.255993
demand_51 3 4 524.361931
demand_52 3 5 2543.225524
demand_53 3 6 2501.074375
demand_54 3 7 147.665792
demand_55 3 8 1298.597784
demand_56 3 9 203.190837
demand_57 3 10 459.654868
demand_58 3 11 1578.638350
demand_59 3 12 867.185887
demand_60 3 13 106.737760
demand_61 3 14 310.531533
demand_62 3 15 1835.289349
demand_63 3 16 4283.763664
demand_64 4 0 148.035507
demand_65 4 1 9.509026
demand_66 4 2 353.177618
demand_67 4 3 179.520726
demand_68 4 5 1577.867153
demand_69 4 6 1551.715751
demand_70 4 7 91.614763
demand_71 4 8 805.675615
demand_72 4 9 126.063593
demand_73 4 10 285.178924
demand_74 4 11 979.418292
demand_75 4 12 538.019186
demand_76 4 13 66.222206
demand_77 4 14 192.659873
demand_78 4 15 1138.649622
demand_79 4 16 2657.731261
demand_80 5 0 109.729040
demand_81 5 1 7.048419
demand_82 5 2 261.787472
demand_83 5 3 133.066974
demand_84 5 4 241.141747
demand_85 5 6 1150.185412
demand_86 5 7 67.908033
demand_87 5 8 597.194646
demand_88 5 9 93.442698
demand_89 5 10 211.384487
demand_90 5 11 725.978731
demand_91 5 12 398.798439
demand_92 5 13 49.086191
demand_93 5 14 142.806165
demand_94 5 15 844.006503
demand_95 5 16 1970.002382
demand_96 6 0 66.328988
demand_97 6 1 4.260627
demand_98 6 2 158.245238
demand_99 6 3 80.436297
demand_100 6 4 145.765314
demand_101 6 5 706.981275
demand_102 6 7 41.049034
demand_103 6 8 360.992098
demand_104 6 9 56.484223
demand_105 6 10 127.777652
demand_106 6 11 438.839475
demand_107 6 12 241.065599
demand_108 6 13 29.671611
demand_109 6 14 86.323441
demand_110 6 15 510.184878
demand_111 6 16 1190.826636
demand_112 7 0 465.091715
demand_113 7 1 29.875057
demand_114 7 2 1109.598553
demand_115 7 3 564.010649
demand_116 7 4 1022.090672
demand_117 7 5 4957.276513
demand_118 7 6 4875.115139
demand_119 7 8 2531.237687
demand_120 7 9 396.061282
demand_121 7 10 895.963123
demand_122 7 11 3077.095106
demand_123 7 12 1690.326001
demand_124 7 13 208.054137
demand_125 7 14 605.290667
demand_126 7 15 3577.361386
demand_127 7 16 8349.948048
demand_128 8 0 157.300958
demand_129 8 1 10.104190
demand_130 8 2 375.282788
demand_131 8 3 190.756818
demand_132 8 4 345.686317
demand_133 8 5 1676.624889
demand_134 8 6 1648.836686
demand_135 8 7 97.348875
demand_136 8 9 133.953836
demand_137 8 10 303.028098
demand_138 8 11 1040.719481
demand_139 8 12 571.693476
demand_140 8 13 70.367014
demand_141 8 14 204.718336
demand_142 8 15 1209.917002
demand_143 8 16 2824.077027
demand_144 9 0 75.361012
demand_145 9 1 4.840797
demand_146 9 2 179.793506
demand_147 9 3 91.389315
demand_148 9 4 165.614190
demand_149 9 5 803.250979
demand_150 9 6 789.937983
demand_151 9 7 46.638684
demand_152 9 8 410.148424
demand_153 9 10 145.177146
demand_154 9 11 498.596286
demand_155 9 12 273.891523
demand_156 9 13 33.711997
demand_157 9 14 98.078112
demand_158 9 15 579.656799
demand_159 9 16 1352.981607
demand_160 10 0 213.431905
demand_161 10 1 13.709748
demand_162 10 2 509.197917
demand_163 10 3 258.826083
demand_164 10 4 469.040302
demand_165 10 5 2274.908223
demand_166 10 6 2237.204136
demand_167 10 7 132.086644
demand_168 10 8 1161.592139
demand_169 10 9 181.753644
demand_170 10 11 1412.087654
demand_171 10 12 775.695386
demand_172 10 13 95.476632
demand_173 10 14 277.769600
demand_174 10 15 1641.661266
demand_175 10 16 3831.814794
demand_176 11 0 54.609965
demand_177 11 1 3.507858
demand_178 11 2 130.286429
demand_179 11 3 66.224792
demand_180 11 4 120.011461
demand_181 11 5 582.071644
demand_182 11 6 572.424451
demand_183 11 7 33.796480
demand_184 11 8 297.211922
demand_185 11 9 46.504576
demand_186 11 10 105.201864
demand_187 11 12 198.474068
demand_188 11 13 24.429223
demand_189 11 14 71.071794
demand_190 11 15 420.045285
demand_191 11 16 980.431085
demand_192 12 0 236.013741
demand_193 12 1 15.160287
demand_194 12 2 563.072823
demand_195 12 3 286.210781
demand_196 12 4 518.666394
demand_197 12 5 2515.601406
demand_198 12 6 2473.908096
demand_199 12 7 146.061870
demand_200 12 8 1284.492618
demand_201 12 9 200.983810
demand_202 12 10 454.662169
demand_203 12 11 1561.491427
demand_204 12 13 105.578391
demand_205 12 14 307.158588
demand_206 12 15 1815.354724
demand_207 12 16 4237.234094
demand_208 13 0 69.414730
demand_209 13 1 4.458839
demand_210 13 2 165.607087
demand_211 13 3 84.178337
demand_212 13 4 152.546575
demand_213 13 5 739.871300
demand_214 13 6 727.608751
demand_215 13 7 42.958708
demand_216 13 8 377.786091
demand_217 13 9 59.111969
demand_218 13 10 133.722095
demand_219 13 11 459.255067
demand_220 13 12 252.280399
demand_221 13 14 90.339361
demand_222 13 15 533.919585
demand_223 13 16 1246.226007
demand_224 14 0 140.848902
demand_225 14 1 9.047396
demand_226 14 2 336.032084
demand_227 14 3 170.805624
demand_228 14 4 309.531098
demand_229 14 5 1501.267239
demand_230 14 6 1476.385396
demand_231 14 7 87.167188
demand_232 14 8 766.562891
demand_233 14 9 119.943648
demand_234 14 10 271.334488
demand_235 14 11 931.870970
demand_236 14 12 511.900242
demand_237 14 13 63.007351
demand_238 14 15 1083.372178
demand_239 14 16 2528.707733
demand_240 15 0 412.551585
demand_241 15 1 26.500154
demand_242 15 2 984.250260
demand_243 15 3 500.295920
demand_244 15 4 906.627903
demand_245 15 5 4397.266637
demand_246 15 6 4324.386807
demand_247 15 7 255.315880
demand_248 15 8 2245.290736
demand_249 15 9 351.319330
demand_250 15 10 794.748636
demand_251 15 11 2729.484145
demand_252 15 12 1499.374528
demand_253 15 13 184.550834
demand_254 15 14 536.912647
demand_255 15 16 7406.677412
demand_256 16 0 147.524456
demand_257 16 1 9.476199
demand_258 16 2 351.958372
demand_259 16 3 178.900981
demand_260 16 4 324.201368
demand_261 16 5 1572.420014
demand_262 16 6 1546.358892
demand_263 16 7 91.298489
demand_264 16 8 802.894248
demand_265 16 9 125.628394
demand_266 16 10 284.194425
demand_267 16 11 976.037128
demand_268 16 12 536.161827
demand_269 16 13 65.993593
demand_270 16 14 191.994769
demand_271 16 15 1134.718756
