DEMANDS 272
label src dest bw
demand_0 0 1 205.541329
demand_1 0 2 919.815809
demand_2 0 3 633.698288
demand_3 0 4 778.989636
demand_4 0 5 5056.408664
demand_5 0 6 3888.052727
demand_6 0 7 240.622155
demand_7 0 8 1488.336840
demand_8 0 9 254.240390
demand_9 0 10 762.070853
demand_10 0 11 1853.306328
demand_11 0 12 975.149036
demand_12 0 13 215.747767
demand_13 0 14 693.228085
demand_14 0 15 1970.324142
demand_15 0 16 7234.100282
demand_16 1 0 20.077738
demand_17 1 2 69.556758
demand_18 1 3 47.920462
demand_19 1 4 58.907439
demand_20 1 5 382.367198
demand_21 1 6 294.015758
demand_22 1 7 18.195922
demand_23 1 8 112.548495
demand_24 1 9 19.225737
demand_25 1 10 57.628035
demand_26 1 11 140.147602
demand_27 1 12 73.741074
demand_28 1 13 16.314913
demand_29 1 14 52.422124
demand_30 1 15 148.996525
demand_31 1 16 547.044916
demand_32 2 0 36.863852
demand_33 2 1 28.538000
demand_34 2 3 87.984650
demand_35 2 4 108.157355
demand_36 2 5 702.047579
demand_37 2 6 539.829390
demand_38 2 7 33.408732
demand_39 2 8 206.645337
demand_40 2 9 35.299530
demand_41 2 10 105.808298
demand_42 2 11 257.318841
demand_43 2 12 135.392739
demand_44 2 13 29.955094
demand_45 2 14 96.249953
demand_46 2 15 273.565960
demand_47 2 16 1004.405087
demand_48 3 0 223.617588
demand_49 3 1 173.112642
demand_50 3 2 774.694541
demand_51 3 4 656.086808
demand_52 3 5 4258.648470
demand_53 3 6 3274.626499
demand_54 3 7 202.658694
demand_55 3 8 1253.518817
demand_56 3 9 214.128350
demand_57 3 10 641.837337
demand_58 3 11 1560.906303
demand_59 3 12 821.297729
demand_60 3 13 181.708790
demand_61 3 14 583.856037
demand_62 3 15 1659.461972
demand_63 3 16 6092.761117
demand_64 4 0 71.542329
demand_65 4 1 55.384202
demand_66 4 2 247.849252
demand_67 4 3 170.753368
demand_68 4 5 1362.476155
demand_69 4 6 1047.656446
demand_70 4 7 64.836917
demand_71 4 8 401.040262
demand_72 4 9 68.506423
demand_73 4 10 205.344037
demand_74 4 11 499.383228
demand_75 4 12 262.759084
demand_76 4 13 58.134381
demand_77 4 14 186.793987
demand_78 4 15 530.914299
demand_79 4 16 1949.266721
demand_80 5 0 63.163182
demand_81 5 1 48.897520
demand_82 5 2 218.820769
demand_83 5 3 150.754472
demand_84 5 4 185.318745
demand_85 5 6 924.953323
demand_86 5 7 57.243118
demand_87 5 8 354.069814
demand_88 5 9 60.482846
demand_89 5 10 181.293829
demand_90 5 11 440.894701
demand_91 5 12 231.984339
demand_92 5 13 51.325594
demand_93 5 14 164.916390
demand_94 5 15 468.732805
demand_95 5 16 1720.965625
demand_96 6 0 21.883977
demand_97 6 1 16.941391
demand_98 6 2 75.814240
demand_99 6 3 52.231494
demand_100 6 4 64.206884
demand_101 6 5 416.765811
demand_102 6 7 19.832868
demand_103 6 8 122.673611
demand_104 6 9 20.955328
demand_105 6 10 62.812383
demand_106 6 11 152.755595
demand_107 6 12 80.374987
demand_108 6 13 17.782640
demand_109 6 14 57.138136
demand_110 6 15 162.400588
demand_111 6 16 596.258307
demand_112 7 0 456.641339
demand_113 7 1 353.507028
demand_114 7 2 1581.975535
demand_115 7 3 1089.886887
demand_116 7 4 1339.770999
demand_117 7 5 8696.431094
demand_118 7 6 6686.995628
demand_119 7 8 2559.765168
demand_120 7 9 437.263713
demand_121 7 10 1310.672673
demand_122 7 11 3187.469970
demand_123 7 12 1677.142210
demand_124 7 13 371.060908
demand_125 7 14 1192.271170
demand_126 7 15 3388.726915
demand_127 7 16 12441.805797
demand_128 8 0 95.820484
demand_129 8 1 74.179036
demand_130 8 2 331.957815
demand_131 8 3 228.699156
demand_132 8 4 281.134217
demand_133 8 5 1824.837492
demand_134 8 6 1403.182547
demand_135 8 7 86.839565
demand_136 8 9 91.754331
demand_137 8 10 275.028297
demand_138 8 11 668.850778
demand_139 8 12 351.927354
demand_140 8 13 77.862499
demand_141 8 14 250.183220
demand_142 8 15 711.082036
demand_143 8 16 2610.757613
demand_144 9 0 37.578102
demand_145 9 1 29.090934
demand_146 9 2 130.184530
demand_147 9 3 89.689384
demand_148 9 4 110.252942
demand_149 9 5 715.650000
demand_150 9 6 550.288776
demand_151 9 7 34.056038
demand_152 9 8 210.649164
demand_153 9 10 107.858372
demand_154 9 11 262.304485
demand_155 9 12 138.016022
demand_156 9 13 30.535485
demand_157 9 14 98.114830
demand_158 9 15 278.866398
demand_159 9 16 1023.865793
demand_160 10 0 112.424878
demand_161 10 1 87.033261
demand_162 10 2 389.481617
demand_163 10 3 268.329628
demand_164 10 4 329.850976
demand_165 10 5 2141.057159
demand_166 10 6 1646.335112
demand_167 10 7 101.887688
demand_168 10 8 630.212955
demand_169 10 9 107.654116
demand_170 10 11 784.753576
demand_171 10 12 412.911607
demand_172 10 13 91.355017
demand_173 10 14 293.536589
demand_174 10 15 834.302939
demand_175 10 16 3063.166611
demand_176 11 0 4.849365
demand_177 11 1 3.754116
demand_178 11 2 16.800004
demand_179 11 3 11.574202
demand_180 11 4 14.227880
demand_181 11 5 92.352930
demand_182 11 6 71.013458
demand_183 11 7 4.394851
demand_184 11 8 27.183774
demand_185 11 9 4.643581
demand_186 11 10 13.918866
demand_187 11 12 17.810639
demand_188 11 13 3.940532
demand_189 11 14 12.661486
demand_190 11 15 35.987045
demand_191 11 16 132.127445
demand_192 12 0 194.841870
demand_193 12 1 150.836038
demand_194 12 2 675.004746
demand_195 12 3 465.038052
demand_196 12 4 571.659778
demand_197 12 5 3710.634033
demand_198 12 6 2853.238678
demand_199 12 7 176.580023
demand_200 12 8 1092.212615
demand_201 12 9 186.573733
demand_202 12 10 559.243967
demand_203 12 11 1360.044646
demand_204 12 13 158.326010
demand_205 12 14 508.723858
demand_206 12 15 1445.917904
demand_207 12 16 5308.728089
demand_208 13 0 29.719771
demand_209 13 1 23.007439
demand_210 13 2 102.960345
demand_211 13 3 70.933543
demand_212 13 4 87.196851
demand_213 13 5 565.993297
demand_214 13 6 435.212407
demand_215 13 7 26.934241
demand_216 13 8 166.598219
demand_217 13 9 28.458609
demand_218 13 10 85.303033
demand_219 13 11 207.451381
demand_220 13 12 109.154116
demand_221 13 14 77.597061
demand_222 13 15 220.549867
demand_223 13 16 809.755015
demand_224 14 0 66.297945
demand_225 14 1 51.324284
demand_226 14 2 229.680755
demand_227 14 3 158.236355
demand_228 14 4 194.516039
demand_229 14 5 1262.600347
demand_230 14 6 970.858379
demand_231 14 7 60.084071
demand_232 14 8 371.642155
demand_233 14 9 63.484585
demand_234 14 10 190.291368
demand_235 14 11 462.776126
demand_236 14 12 243.497627
demand_237 14 13 53.872862
demand_238 14 15 491.995823
demand_239 14 16 1806.376448
demand_240 15 0 337.992221
demand_241 15 1 261.655298
demand_242 15 2 1170.930835
demand_243 15 3 806.701579
demand_244 15 4 991.658303
demand_245 15 5 6436.837421
demand_246 15 6 4949.513568
demand_247 15 7 306.313393
demand_248 15 8 1894.661390
demand_249 15 9 323.649484
demand_250 15 10 970.120595
demand_251 15 11 2359.269655
demand_252 15 12 1241.370353
demand_253 15 13 274.648153
demand_254 15 14 882.483354
demand_255 15 16 9209.051423
demand_256 16 0 67.031129
demand_257 16 1 51.891875
demand_258 16 2 232.220775
demand_259 16 3 159.986278
demand_260 16 4 196.667175
demand_261 16 5 1276.563338
demand_262 16 6 981.595021
demand_263 16 7 60.748536
demand_264 16 8 375.752114
demand_265 16 9 64.186655
demand_266 16 10 192.395784
demand_267 16 11 467.893928
demand_268 16 12 246.190447
demand_269 16 13 54.468637
demand_270 16 14 175.015434
demand_271 16 15 497.436764
