DEMANDS 272
label src dest bw
demand_0 0 1 192.017545
demand_1 0 2 1444.860809
demand_2 0 3 928.558097
demand_3 0 4 1334.187621
demand_4 0 5 4230.051145
demand_5 0 6 2477.023586
demand_6 0 7 407.046807
demand_7 0 8 1901.712753
demand_8 0 9 575.315661
demand_9 0 10 1278.124455
demand_10 0 11 1971.608388
demand_11 0 12 1857.241105
demand_12 0 13 264.278872
demand_13 0 14 987.952658
demand_14 0 15 2459.498946
demand_15 0 16 4462.734292
demand_16 1 0 25.405330
demand_17 1 2 41.108903
demand_18 1 3 26.419157
demand_19 1 4 37.960051
demand_20 1 5 120.352606
demand_21 1 6 70.475801
demand_22 1 7 11.581218
demand_23 1 8 54.107167
demand_24 1 9 16.368771
demand_25 1 10 36.364952
demand_26 1 11 56.095825
demand_27 1 12 52.841869
demand_28 1 13 7.519212
demand_29 1 14 28.109040
demand_30 1 15 69.977194
demand_31 1 16 126.972862
demand_32 2 0 102.651013
demand_33 2 1 22.074414
demand_34 2 3 106.747413
demand_35 2 4 153.378746
demand_36 2 5 486.288384
demand_37 2 6 284.759629
demand_38 2 7 46.794265
demand_39 2 8 218.621664
demand_40 2 9 66.138520
demand_41 2 10 146.933702
demand_42 2 11 226.656895
demand_43 2 12 213.509186
demand_44 2 13 30.381606
demand_45 2 14 113.575436
demand_46 2 15 282.744990
demand_47 2 16 513.037732
demand_48 3 0 865.331679
demand_49 3 1 186.083795
demand_50 3 2 1400.211541
demand_51 3 4 1292.958389
demand_52 3 5 4099.333579
demand_53 3 6 2400.478296
demand_54 3 7 394.468196
demand_55 3 8 1842.945790
demand_56 3 9 557.537185
demand_57 3 10 1238.627694
demand_58 3 11 1910.681501
demand_59 3 12 1799.848410
demand_60 3 13 256.112094
demand_61 3 14 957.422822
demand_62 3 15 2383.495205
demand_63 3 16 4324.826323
demand_64 4 0 194.196007
demand_65 4 1 41.760554
demand_66 4 2 314.232677
demand_67 4 3 201.945609
demand_68 4 5 919.964254
demand_69 4 6 538.710544
demand_70 4 7 88.525765
demand_71 4 8 413.590213
demand_72 4 9 125.121381
demand_73 4 10 277.970353
demand_74 4 11 428.791326
demand_75 4 12 403.918385
demand_76 4 13 57.476165
demand_77 4 14 214.862917
demand_78 4 15 534.899233
demand_79 4 16 970.568885
demand_80 5 0 164.483775
demand_81 5 1 35.371137
demand_82 5 2 266.154684
demand_83 5 3 171.047678
demand_84 5 4 245.767815
demand_85 5 6 456.287156
demand_86 5 7 74.981212
demand_87 5 8 350.310392
demand_88 5 9 105.977653
demand_89 5 10 235.440541
demand_90 5 11 363.185716
demand_91 5 12 342.118366
demand_92 5 13 48.682239
demand_93 5 14 181.988622
demand_94 5 15 453.058980
demand_95 5 16 822.070629
demand_96 6 0 82.737945
demand_97 6 1 17.792242
demand_98 6 2 133.880023
demand_99 6 3 86.039692
demand_100 6 4 123.625105
demand_101 6 5 391.954257
demand_102 6 7 37.716738
demand_103 6 8 176.211678
demand_104 6 9 53.308439
demand_105 6 10 118.430323
demand_106 6 11 182.688170
demand_107 6 12 172.090959
demand_108 6 13 24.487938
demand_109 6 14 91.543160
demand_110 6 15 227.895846
demand_111 6 16 413.514552
demand_112 7 0 1685.522996
demand_113 7 1 362.460456
demand_114 7 2 2727.380504
demand_115 7 3 1752.785621
demand_116 7 4 2518.469104
demand_117 7 5 7984.823836
demand_118 7 6 4675.734712
demand_119 7 8 3589.753599
demand_120 7 9 1085.990227
demand_121 7 10 2412.641896
demand_122 7 11 3721.691562
demand_123 7 12 3505.807031
demand_124 7 13 498.864001
demand_125 7 14 1864.901313
demand_126 7 15 4642.654459
demand_127 7 16 8424.046407
demand_128 8 0 227.254281
demand_129 8 1 48.869514
demand_130 8 2 367.724971
demand_131 8 3 236.323109
demand_132 8 4 339.558040
demand_133 8 5 1076.571130
demand_134 8 6 630.416038
demand_135 8 7 103.595636
demand_136 8 9 146.420979
demand_137 8 10 325.289658
demand_138 8 11 501.785108
demand_139 8 12 472.678010
demand_140 8 13 67.260417
demand_141 8 14 251.439350
demand_142 8 15 625.955921
demand_143 8 16 1135.790262
demand_144 9 0 106.112101
demand_145 9 1 22.818698
demand_146 9 2 171.702241
demand_147 9 3 110.346619
demand_148 9 4 158.550223
demand_149 9 5 502.684588
demand_150 9 6 294.360881
demand_151 9 7 48.372029
demand_152 9 8 225.992939
demand_153 9 10 151.887871
demand_154 9 11 234.299094
demand_155 9 12 220.708083
demand_156 9 13 31.405983
demand_157 9 14 117.404863
demand_158 9 15 292.278313
demand_159 9 16 530.335845
demand_160 10 0 245.179817
demand_161 10 1 52.724281
demand_162 10 2 396.730662
demand_163 10 3 254.963984
demand_164 10 4 366.341958
demand_165 10 5 1161.489730
demand_166 10 6 680.142475
demand_167 10 7 111.767132
demand_168 10 8 522.173316
demand_169 10 9 157.970485
demand_170 10 11 541.365297
demand_171 10 12 509.962267
demand_172 10 13 72.565836
demand_173 10 14 271.272575
demand_174 10 15 675.330550
demand_175 10 16 1225.379994
demand_176 11 0 7.320262
demand_177 11 1 1.574173
demand_178 11 2 11.845071
demand_179 11 3 7.612385
demand_180 11 4 10.937764
demand_181 11 5 34.678257
demand_182 11 6 20.306814
demand_183 11 7 3.336998
demand_184 11 8 15.590375
demand_185 11 9 4.716478
demand_186 11 10 10.478154
demand_187 11 12 15.225793
demand_188 11 13 2.166577
demand_189 11 14 8.099306
demand_190 11 15 20.163146
demand_191 11 16 36.585810
demand_192 12 0 644.899939
demand_193 12 1 138.681422
demand_194 12 2 1043.526267
demand_195 12 3 670.635371
demand_196 12 4 963.594430
demand_197 12 5 3055.082853
demand_198 12 6 1788.988366
demand_199 12 7 293.982668
demand_200 12 8 1373.479853
demand_201 12 9 415.512000
demand_202 12 10 923.103757
demand_203 12 11 1423.960792
demand_204 12 13 190.870943
demand_205 12 14 713.532088
demand_206 12 15 1776.331491
demand_207 12 16 3223.134318
demand_208 13 0 89.509608
demand_209 13 1 19.248443
demand_210 13 2 144.837395
demand_211 13 3 93.081586
demand_212 13 4 133.743166
demand_213 13 5 424.033640
demand_214 13 6 248.304640
demand_215 13 7 40.803653
demand_216 13 8 190.633672
demand_217 13 9 57.671453
demand_218 13 10 128.123218
demand_219 13 11 197.640230
demand_220 13 12 186.175694
demand_221 13 14 99.035484
demand_222 13 15 246.547915
demand_223 13 16 447.358531
demand_224 14 0 170.477028
demand_225 14 1 36.659946
demand_226 14 2 275.852494
demand_227 14 3 177.280098
demand_228 14 4 254.722794
demand_229 14 5 807.600393
demand_230 14 6 472.912774
demand_231 14 7 77.713283
demand_232 14 8 363.074562
demand_233 14 9 109.839134
demand_234 14 10 244.019227
demand_235 14 11 376.419021
demand_236 14 12 354.584045
demand_237 14 13 50.456062
demand_238 14 15 469.566974
demand_239 14 16 852.024206
demand_240 15 0 1344.623976
demand_241 15 1 289.152400
demand_242 15 2 2175.764571
demand_243 15 3 1398.282656
demand_244 15 4 2009.105749
demand_245 15 5 6369.883770
demand_246 15 6 3730.061836
demand_247 15 7 612.957328
demand_248 15 8 2863.721687
demand_249 15 9 866.347419
demand_250 15 10 1924.682218
demand_251 15 11 2968.975041
demand_252 15 12 2796.753412
demand_253 15 13 397.968167
demand_254 15 14 1487.722816
demand_255 15 16 6720.273057
demand_256 16 0 174.665999
demand_257 16 1 37.560756
demand_258 16 2 282.630757
demand_259 16 3 181.636235
demand_260 16 4 260.981857
demand_261 16 5 827.444796
demand_262 16 6 484.533214
demand_263 16 7 79.622858
demand_264 16 8 371.996051
demand_265 16 9 112.538107
demand_266 16 10 250.015282
demand_267 16 11 385.668410
demand_268 16 12 363.296905
demand_269 16 13 51.695871
demand_270 16 14 193.254469
demand_271 16 15 481.105201
