DEMANDS 272
label src dest bw
demand_0 0 1 76.675661
demand_1 0 2 1117.982921
demand_2 0 3 661.928793
demand_3 0 4 897.898373
demand_4 0 5 3468.922105
demand_5 0 6 3399.358342
demand_6 0 7 270.514020
demand_7 0 8 1326.068835
demand_8 0 9 306.188153
demand_9 0 10 727.894265
demand_10 0 11 1955.104565
demand_11 0 12 1133.924372
demand_12 0 13 151.883427
demand_13 0 14 698.846546
demand_14 0 15 2453.721441
demand_15 0 16 6046.938733
demand_16 1 0 18.130554
demand_17 1 2 46.258619
demand_18 1 3 27.388533
demand_19 1 4 37.152212
demand_20 1 5 143.533091
demand_21 1 6 140.654762
demand_22 1 7 11.193020
demand_23 1 8 54.868560
demand_24 1 9 12.669103
demand_25 1 10 30.117976
demand_26 1 11 80.896081
demand_27 1 12 46.918226
demand_28 1 13 6.284459
demand_29 1 14 28.916073
demand_30 1 15 101.527279
demand_31 1 16 250.203315
demand_32 2 0 53.850761
demand_33 2 1 9.423143
demand_34 2 3 81.348499
demand_35 2 4 110.348252
demand_36 2 5 426.317167
demand_37 2 6 417.768048
demand_38 2 7 33.245131
demand_39 2 8 162.968753
demand_40 2 9 37.629345
demand_41 2 10 89.455402
demand_42 2 11 240.274821
demand_43 2 12 139.354938
demand_44 2 13 18.665888
demand_45 2 14 85.885549
demand_46 2 15 301.552915
demand_47 2 16 743.145482
demand_48 3 0 376.465099
demand_49 3 1 65.876221
demand_50 3 2 960.519786
demand_51 3 4 771.433209
demand_52 3 5 2980.339194
demand_53 3 6 2920.573192
demand_54 3 7 232.413272
demand_55 3 8 1139.297685
demand_56 3 9 263.062855
demand_57 3 10 625.373456
demand_58 3 11 1679.736410
demand_59 3 12 974.215952
demand_60 3 13 130.491293
demand_61 3 14 600.416985
demand_62 3 15 2108.125222
demand_63 3 16 5195.253155
demand_64 4 0 305.542378
demand_65 4 1 53.465719
demand_66 4 2 779.566288
demand_67 4 3 461.561051
demand_68 4 5 2418.869444
demand_69 4 6 2370.362832
demand_70 4 7 188.628651
demand_71 4 8 924.663999
demand_72 4 9 213.504122
demand_73 4 10 507.558585
demand_74 4 11 1363.288812
demand_75 4 12 790.682216
demand_76 4 13 105.907879
demand_77 4 14 487.303694
demand_78 4 15 1710.972930
demand_79 4 16 4216.513053
demand_80 5 0 75.857224
demand_81 5 1 13.273972
demand_82 5 2 193.543478
demand_83 5 3 114.592091
demand_84 5 4 155.442781
demand_85 5 6 588.491671
demand_86 5 7 46.830970
demand_87 5 8 229.566991
demand_88 5 9 53.006821
demand_89 5 10 126.011932
demand_90 5 11 338.464686
demand_91 5 12 196.303238
demand_92 5 13 26.293825
demand_93 5 14 120.983236
demand_94 5 15 424.784470
demand_95 5 16 1046.836704
demand_96 6 0 23.001726
demand_97 6 1 4.024986
demand_98 6 2 58.687014
demand_99 6 3 34.747064
demand_100 6 4 47.133971
demand_101 6 5 182.096414
demand_102 6 7 14.200271
demand_103 6 8 69.610205
demand_104 6 9 16.072937
demand_105 6 10 38.209833
demand_106 6 11 102.630593
demand_107 6 12 59.523839
demand_108 6 13 7.972917
demand_109 6 14 36.685012
demand_110 6 15 128.804817
demand_111 6 16 317.425940
demand_112 7 0 503.628971
demand_113 7 1 88.128151
demand_114 7 2 1284.967961
demand_115 7 3 760.796319
demand_116 7 4 1032.010972
demand_117 7 5 3987.049961
demand_118 7 6 3907.095962
demand_119 7 8 1524.134166
demand_120 7 9 351.921268
demand_121 7 10 836.614577
demand_122 7 11 2247.124422
demand_123 7 12 1303.290471
demand_124 7 13 174.569158
demand_125 7 14 803.228210
demand_126 7 15 2820.216101
demand_127 7 16 6950.126325
demand_128 8 0 316.467928
demand_129 8 1 55.377540
demand_130 8 2 807.441929
demand_131 8 3 478.065498
demand_132 8 4 648.490044
demand_133 8 5 2505.363099
demand_134 8 6 2455.121993
demand_135 8 7 195.373613
demand_136 8 9 221.138578
demand_137 8 10 525.707807
demand_138 8 11 1412.037136
demand_139 8 12 818.955339
demand_140 8 13 109.694920
demand_141 8 14 504.728643
demand_142 8 15 1772.153703
demand_143 8 16 4367.286640
demand_144 9 0 59.360187
demand_145 9 1 10.387217
demand_146 9 2 151.452642
demand_147 9 3 89.671195
demand_148 9 4 121.637887
demand_149 9 5 469.933311
demand_150 9 6 460.509540
demand_151 9 7 36.646412
demand_152 9 8 179.641946
demand_153 9 10 98.607507
demand_154 9 11 264.857133
demand_155 9 12 153.612223
demand_156 9 13 20.575579
demand_157 9 14 94.672426
demand_158 9 15 332.404536
demand_159 9 16 819.176060
demand_160 10 0 327.409569
demand_161 10 1 57.292177
demand_162 10 2 835.358628
demand_163 10 3 494.594253
demand_164 10 4 670.911101
demand_165 10 5 2591.984148
demand_166 10 6 2540.005994
demand_167 10 7 202.128509
demand_168 10 8 990.840756
demand_169 10 9 228.784278
demand_170 10 11 1460.857260
demand_171 10 12 847.270106
demand_172 10 13 113.487540
demand_173 10 14 522.179257
demand_174 10 15 1833.424587
demand_175 10 16 4518.282299
demand_176 11 0 7.093308
demand_177 11 1 1.241231
demand_178 11 2 18.097993
demand_179 11 3 10.715354
demand_180 11 4 14.535247
demand_181 11 5 56.155175
demand_182 11 6 55.029071
demand_183 11 7 4.379102
demand_184 11 8 21.466503
demand_185 11 9 4.956597
demand_186 11 10 11.783208
demand_187 11 12 18.356054
demand_188 11 13 2.458700
demand_189 11 14 11.312981
demand_190 11 15 39.721029
demand_191 11 16 97.888304
demand_192 12 0 355.824469
demand_193 12 1 62.264394
demand_194 12 2 907.856913
demand_195 12 3 537.518614
demand_196 12 4 729.137475
demand_197 12 5 2816.934724
demand_198 12 6 2760.445540
demand_199 12 7 219.670640
demand_200 12 8 1076.832871
demand_201 12 9 248.639784
demand_202 12 10 591.085809
demand_203 12 11 1587.640706
demand_204 12 13 123.336785
demand_205 12 14 567.497638
demand_206 12 15 1992.542040
demand_207 12 16 4910.410547
demand_208 13 0 48.910603
demand_209 13 1 8.558684
demand_210 13 2 124.791387
demand_211 13 3 73.885755
demand_212 13 4 100.225130
demand_213 13 5 387.207704
demand_214 13 6 379.442864
demand_215 13 7 30.195291
demand_216 13 8 148.018334
demand_217 13 9 34.177306
demand_218 13 10 81.248947
demand_219 13 11 218.232502
demand_220 13 12 126.570802
demand_221 13 14 78.006585
demand_222 13 15 273.889069
demand_223 13 16 674.970839
demand_224 14 0 163.805344
demand_225 14 1 28.663685
demand_226 14 2 417.935884
demand_227 14 3 247.449035
demand_228 14 4 335.661613
demand_229 14 5 1296.788170
demand_230 14 6 1270.783128
demand_231 14 7 101.126336
demand_232 14 8 495.724702
demand_233 14 9 114.462407
demand_234 14 10 272.108927
demand_235 14 11 730.877314
demand_236 14 12 423.895281
demand_237 14 13 56.778626
demand_238 14 15 917.275407
demand_239 14 16 2260.528883
demand_240 15 0 474.524004
demand_241 15 1 83.035182
demand_242 15 2 1210.709028
demand_243 15 3 716.829524
demand_244 15 4 972.370548
demand_245 15 5 3756.636376
demand_246 15 6 3681.302958
demand_247 15 7 292.950599
demand_248 15 8 1436.053700
demand_249 15 9 331.583564
demand_250 15 10 788.266208
demand_251 15 11 2117.261993
demand_252 15 12 1227.972672
demand_253 15 13 164.480721
demand_254 15 14 756.809255
demand_255 15 16 6548.475095
demand_256 16 0 245.838012
demand_257 16 1 43.018275
demand_258 16 2 627.235499
demand_259 16 3 371.369927
demand_260 16 4 503.758799
demand_261 16 5 1946.211381
demand_262 16 6 1907.183181
demand_263 16 7 151.769757
demand_264 16 8 743.980459
demand_265 16 9 171.784448
demand_266 16 10 408.379335
demand_267 16 11 1096.895993
demand_268 16 12 636.179324
demand_269 16 13 85.212999
demand_270 16 14 392.082341
demand_271 16 15 1376.641057
