DEMANDS 272
label src dest bw
demand_0 0 1 28.050810
demand_1 0 2 1544.839662
demand_2 0 3 657.337325
demand_3 0 4 1325.021273
demand_4 0 5 2559.272439
demand_5 0 6 2217.998610
demand_6 0 7 176.921084
demand_7 0 8 1567.161631
demand_8 0 9 301.267040
demand_9 0 10 1085.032702
demand_10 0 11 1594.514038
demand_11 0 12 1560.153552
demand_12 0 13 58.391912
demand_13 0 14 911.169177
demand_14 0 15 1644.168252
demand_15 0 16 3413.290460
demand_16 1 0 26.739555
demand_17 1 2 99.865233
demand_18 1 3 42.493177
demand_19 1 4 85.655205
demand_20 1 5 165.442632
demand_21 1 6 143.381190
demand_22 1 7 11.436957
demand_23 1 8 101.308224
demand_24 1 9 19.475227
demand_25 1 10 70.141288
demand_26 1 11 103.076404
demand_27 1 12 100.855191
demand_28 1 13 3.774710
demand_29 1 14 58.901985
demand_30 1 15 106.286271
demand_31 1 16 220.650115
demand_32 2 0 135.360288
demand_33 2 1 9.179381
demand_34 2 3 215.107869
demand_35 2 4 433.601579
demand_36 2 5 837.499438
demand_37 2 6 725.820573
demand_38 2 7 57.895872
demand_39 2 8 512.839886
demand_40 2 9 98.586994
demand_41 2 10 355.067426
demand_42 2 11 521.790721
demand_43 2 12 510.546553
demand_44 2 13 19.108241
demand_45 2 14 298.172114
demand_46 2 15 538.039626
demand_47 2 16 1116.969338
demand_48 3 0 389.522210
demand_49 3 1 26.415228
demand_50 3 2 1454.763420
demand_51 3 4 1247.762163
demand_52 3 5 2410.046827
demand_53 3 6 2088.671933
demand_54 3 7 166.605200
demand_55 3 8 1475.783843
demand_56 3 9 283.700814
demand_57 3 10 1021.766804
demand_58 3 11 1501.541391
demand_59 3 12 1469.184391
demand_60 3 13 54.987206
demand_61 3 14 858.040884
demand_62 3 15 1548.300376
demand_63 3 16 3214.268914
demand_64 4 0 215.357180
demand_65 4 1 14.604325
demand_66 4 2 804.302656
demand_67 4 3 342.234971
demand_68 4 5 1332.455186
demand_69 4 6 1154.774969
demand_70 4 7 92.111888
demand_71 4 8 815.924327
demand_72 4 9 156.851152
demand_73 4 10 564.909554
demand_74 4 11 830.165037
demand_75 4 12 812.275653
demand_76 4 13 30.401064
demand_77 4 14 474.389548
demand_78 4 15 856.016922
demand_79 4 16 1777.089655
demand_80 5 0 146.029767
demand_81 5 1 9.902926
demand_82 5 2 545.382928
demand_83 5 3 232.063278
demand_84 5 4 467.779278
demand_85 5 6 783.031797
demand_86 5 7 62.459387
demand_87 5 8 553.263371
demand_88 5 9 106.357899
demand_89 5 10 383.054842
demand_90 5 11 562.919736
demand_91 5 12 550.789272
demand_92 5 13 20.614406
demand_93 5 14 321.674881
demand_94 5 15 580.449427
demand_95 5 16 1205.012010
demand_96 6 0 43.981881
demand_97 6 1 2.982606
demand_98 6 2 164.260803
demand_99 6 3 69.893828
demand_100 6 4 140.887798
demand_101 6 5 272.124128
demand_102 6 7 18.811790
demand_103 6 8 166.634269
demand_104 6 9 32.033335
demand_105 6 10 115.370124
demand_106 6 11 169.542615
demand_107 6 12 165.889109
demand_108 6 13 6.208736
demand_109 6 14 96.883440
demand_110 6 15 174.822284
demand_111 6 16 362.930760
demand_112 7 0 922.432443
demand_113 7 1 62.554234
demand_114 7 2 3445.043543
demand_115 7 3 1465.883978
demand_116 7 4 2954.841265
demand_117 7 5 5707.262191
demand_118 7 6 4946.210263
demand_119 7 8 3494.822273
demand_120 7 9 671.835464
demand_121 7 10 2419.658815
demand_122 7 11 3555.819045
demand_123 7 12 3479.194026
demand_124 7 13 130.215895
demand_125 7 14 2031.937403
demand_126 7 15 3666.549586
demand_127 7 16 7611.750624
demand_128 8 0 221.143844
demand_129 8 1 14.996745
demand_130 8 2 825.914329
demand_131 8 3 351.430850
demand_132 8 4 708.393293
demand_133 8 5 1368.258359
demand_134 8 6 1185.803860
demand_135 8 7 94.586941
demand_136 8 9 161.065754
demand_137 8 10 580.088716
demand_138 8 11 852.471635
demand_139 8 12 834.101562
demand_140 8 13 31.217943
demand_141 8 14 487.136431
demand_142 8 15 879.018162
demand_143 8 16 1824.840189
demand_144 9 0 138.628391
demand_145 9 1 9.401006
demand_146 9 2 517.740727
demand_147 9 3 220.301377
demand_148 9 4 444.070342
demand_149 9 5 857.719806
demand_150 9 6 743.344596
demand_151 9 7 59.293694
demand_152 9 8 525.221758
demand_153 9 10 363.640081
demand_154 9 11 534.388700
demand_155 9 12 522.873056
demand_156 9 13 19.569585
demand_157 9 14 305.371104
demand_158 9 15 551.029915
demand_159 9 16 1143.937154
demand_160 10 0 298.573225
demand_161 10 1 20.247574
demand_162 10 2 1115.092782
demand_163 10 3 474.477789
demand_164 10 4 956.423954
demand_165 10 5 1847.328429
demand_166 10 6 1600.990900
demand_167 10 7 127.704790
demand_168 10 8 1131.205177
demand_169 10 9 217.459915
demand_170 10 11 1150.948632
demand_171 10 12 1126.146621
demand_172 10 13 42.148322
demand_173 10 14 657.698141
demand_174 10 15 1186.789928
demand_175 10 16 2463.773846
demand_176 11 0 9.262966
demand_177 11 1 0.628163
demand_178 11 2 34.594752
demand_179 11 3 14.720247
demand_180 11 4 29.672194
demand_181 11 5 57.311704
demand_182 11 6 49.669304
demand_183 11 7 3.961926
demand_184 11 8 35.094624
demand_185 11 9 6.746498
demand_186 11 10 24.297950
demand_187 11 12 34.937687
demand_188 11 13 1.307614
demand_189 11 14 20.404494
demand_190 11 15 36.819091
demand_191 11 16 76.436370
demand_192 12 0 379.666172
demand_193 12 1 25.746847
demand_194 12 2 1417.953700
demand_195 12 3 603.346687
demand_196 12 4 1216.190173
demand_197 12 5 2349.065676
demand_198 12 6 2035.822495
demand_199 12 7 162.389607
demand_200 12 8 1438.442246
demand_201 12 9 276.522363
demand_202 12 10 995.913151
demand_203 12 11 1463.548053
demand_204 12 13 53.595871
demand_205 12 14 836.329969
demand_206 12 15 1509.123901
demand_207 12 16 3132.938619
demand_208 13 0 44.525362
demand_209 13 1 3.019462
demand_210 13 2 166.290563
demand_211 13 3 70.757501
demand_212 13 4 142.628740
demand_213 13 5 275.486749
demand_214 13 6 238.751145
demand_215 13 7 19.044246
demand_216 13 8 168.693358
demand_217 13 9 32.429169
demand_218 13 10 116.795745
demand_219 13 11 171.637643
demand_220 13 12 167.938990
demand_221 13 14 98.080623
demand_222 13 15 176.982552
demand_223 13 16 367.415472
demand_224 14 0 184.487936
demand_225 14 1 12.510945
demand_226 14 2 689.014114
demand_227 14 3 293.179095
demand_228 14 4 590.972889
demand_229 14 5 1141.461392
demand_230 14 6 989.249813
demand_231 14 7 78.908593
demand_232 14 8 698.969938
demand_233 14 9 134.368147
demand_234 14 10 483.935559
demand_235 14 11 711.169388
demand_236 14 12 695.844264
demand_237 14 13 26.043383
demand_238 14 15 733.315670
demand_239 14 16 1522.362067
demand_240 15 0 507.730032
demand_241 15 1 34.431425
demand_242 15 2 1896.238668
demand_243 15 3 806.859433
demand_244 15 4 1626.418997
demand_245 15 5 3141.420745
demand_246 15 6 2722.518610
demand_247 15 7 217.164674
demand_248 15 8 1923.638134
demand_249 15 9 369.795148
demand_250 15 10 1331.841107
demand_251 15 11 1957.212292
demand_252 15 12 1915.035953
demand_253 15 13 71.674106
demand_254 15 14 1118.429485
demand_255 15 16 4189.699109
demand_256 16 0 197.171558
demand_257 16 1 13.371078
demand_258 16 2 736.384121
demand_259 16 3 313.335280
demand_260 16 4 631.602521
demand_261 16 5 1219.937339
demand_262 16 6 1057.261149
demand_263 16 7 84.333592
demand_264 16 8 747.024412
demand_265 16 9 143.606013
demand_266 16 10 517.206330
demand_267 16 11 760.062580
demand_268 16 12 743.683847
demand_269 16 13 27.833877
demand_270 16 14 434.330196
demand_271 16 15 783.731428
