DEMANDS 272
label src dest bw
demand_0 0 1 88.878956
demand_1 0 2 1382.499089
demand_2 0 3 713.126352
demand_3 0 4 1144.689624
demand_4 0 5 3007.057049
demand_5 0 6 2954.400051
demand_6 0 7 272.352898
demand_7 0 8 1695.153012
demand_8 0 9 335.499582
demand_9 0 10 925.013711
demand_10 0 11 2199.966316
demand_11 0 12 1430.357336
demand_12 0 13 207.040749
demand_13 0 14 892.106558
demand_14 0 15 2809.789518
demand_15 0 16 3125.070237
demand_16 1 0 25.176492
demand_17 1 2 59.306251
demand_18 1 3 30.591593
demand_19 1 4 49.104734
demand_20 1 5 128.996308
demand_21 1 6 126.737436
demand_22 1 7 11.683356
demand_23 1 8 72.718434
demand_24 1 9 14.392214
demand_25 1 10 39.681107
demand_26 1 11 94.373844
demand_27 1 12 61.359267
demand_28 1 13 8.881605
demand_29 1 14 38.269461
demand_30 1 15 120.533954
demand_31 1 16 134.058821
demand_32 2 0 60.704551
demand_33 2 1 9.193071
demand_34 2 3 73.761227
demand_35 2 4 118.399370
demand_36 2 5 311.030740
demand_37 2 6 305.584237
demand_38 2 7 28.170441
demand_39 2 8 175.335781
demand_40 2 9 34.701930
demand_41 2 10 95.677499
demand_42 2 11 227.550439
demand_43 2 12 147.947010
demand_44 2 13 21.414970
demand_45 2 14 92.273794
demand_46 2 15 290.626649
demand_47 2 16 323.237269
demand_48 3 0 567.308533
demand_49 3 1 85.912954
demand_50 3 2 1336.363363
demand_51 3 4 1106.489897
demand_52 3 5 2906.707788
demand_53 3 6 2855.808021
demand_54 3 7 263.264140
demand_55 3 8 1638.583632
demand_56 3 9 324.303540
demand_57 3 10 894.144845
demand_58 3 11 2126.550685
demand_59 3 12 1382.624520
demand_60 3 13 200.131540
demand_61 3 14 862.335844
demand_62 3 15 2716.023322
demand_63 3 16 3020.782729
demand_64 4 0 220.070538
demand_65 4 1 33.327385
demand_66 4 2 518.402576
demand_67 4 3 267.404544
demand_68 4 5 1127.571174
demand_69 4 6 1107.826117
demand_70 4 7 102.125524
demand_71 4 8 635.639977
demand_72 4 9 125.803951
demand_73 4 10 346.857003
demand_74 4 11 824.932338
demand_75 4 12 536.348222
demand_76 4 13 77.635102
demand_77 4 14 334.517644
demand_78 4 15 1053.600785
demand_79 4 16 1171.823168
demand_80 5 0 107.613606
demand_81 5 1 16.296957
demand_82 5 2 253.496769
demand_83 5 3 130.759743
demand_84 5 4 209.891727
demand_85 5 6 541.722503
demand_86 5 7 49.938969
demand_87 5 8 310.825385
demand_88 5 9 61.517625
demand_89 5 10 169.611676
demand_90 5 11 403.388586
demand_91 5 12 262.272117
demand_92 5 13 37.963252
demand_93 5 14 163.577779
demand_94 5 15 515.206534
demand_95 5 16 573.016803
demand_96 6 0 32.031608
demand_97 6 1 4.850853
demand_98 6 2 75.454299
demand_99 6 3 38.921146
demand_100 6 4 62.475088
demand_101 6 5 164.119733
demand_102 6 7 14.864528
demand_103 6 8 92.518384
demand_104 6 9 18.310960
demand_105 6 10 50.485575
demand_106 6 11 120.070181
demand_107 6 12 78.066315
demand_108 6 13 11.299909
demand_109 6 14 48.689562
demand_110 6 15 153.353228
demand_111 6 16 170.560679
demand_112 7 0 1105.276369
demand_113 7 1 167.382566
demand_114 7 2 2603.611194
demand_115 7 3 1343.005407
demand_116 7 4 2155.753116
demand_117 7 5 5663.083220
demand_118 7 6 5563.916176
demand_119 7 8 3192.421168
demand_120 7 9 631.834388
demand_121 7 10 1742.045309
demand_122 7 11 4143.118048
demand_123 7 12 2693.740922
demand_124 7 13 389.912454
demand_125 7 14 1680.072442
demand_126 7 15 5291.576319
demand_127 7 16 5885.333247
demand_128 8 0 280.345467
demand_129 8 1 42.455394
demand_130 8 2 660.387409
demand_131 8 3 340.643742
demand_132 8 4 546.791401
demand_133 8 5 1436.400666
demand_134 8 6 1411.247652
demand_135 8 7 130.096595
demand_136 8 9 160.260286
demand_137 8 10 441.857367
demand_138 8 11 1050.872341
demand_139 8 12 683.248171
demand_140 8 13 98.898513
demand_141 8 14 426.138391
demand_142 8 15 1342.170590
demand_143 8 16 1492.772800
demand_144 9 0 68.852032
demand_145 9 1 10.426921
demand_146 9 2 162.189227
demand_147 9 3 83.661112
demand_148 9 4 134.290378
demand_149 9 5 352.775826
demand_150 9 6 346.598319
demand_151 9 7 31.951345
demand_152 9 8 198.868526
demand_153 9 10 108.518884
demand_154 9 11 258.091191
demand_155 9 12 167.803764
demand_156 9 13 24.289187
demand_157 9 14 104.658350
demand_158 9 15 329.633194
demand_159 9 16 366.620658
demand_160 10 0 375.456863
demand_161 10 1 56.859022
demand_162 10 2 884.433719
demand_163 10 3 456.212229
demand_164 10 4 732.298567
demand_165 10 5 1923.721087
demand_166 10 6 1890.034537
demand_167 10 7 174.233812
demand_168 10 8 1084.449527
demand_169 10 9 214.630986
demand_170 10 11 1407.396509
demand_171 10 12 915.050338
demand_172 10 13 132.451313
demand_173 10 14 570.712218
demand_174 10 15 1797.522048
demand_175 10 16 1999.218311
demand_176 11 0 4.844111
demand_177 11 1 0.733590
demand_178 11 2 11.410885
demand_179 11 3 5.886010
demand_180 11 4 9.448051
demand_181 11 5 24.819678
demand_182 11 6 24.385057
demand_183 11 7 2.247949
demand_184 11 8 13.991471
demand_185 11 9 2.769150
demand_186 11 10 7.634888
demand_187 11 12 11.805898
demand_188 11 13 1.708875
demand_189 11 14 7.363278
demand_190 11 15 23.191469
demand_191 11 16 25.793736
demand_192 12 0 478.967167
demand_193 12 1 72.534577
demand_194 12 2 1128.264669
demand_195 12 3 581.986110
demand_196 12 4 934.187132
demand_197 12 5 2454.074836
demand_198 12 6 2411.101187
demand_199 12 7 222.268611
demand_200 12 8 1383.423155
demand_201 12 9 273.802947
demand_202 12 10 754.908482
demand_203 12 11 1795.403908
demand_204 12 13 168.967028
demand_205 12 14 728.052783
demand_206 12 15 2293.083782
demand_207 12 16 2550.386010
demand_208 13 0 46.242829
demand_209 13 1 7.002994
demand_210 13 2 108.930536
demand_211 13 3 56.188996
demand_212 13 4 90.192937
demand_213 13 5 236.933490
demand_214 13 6 232.784515
demand_215 13 7 21.459361
demand_216 13 8 133.565314
demand_217 13 9 26.434845
demand_218 13 10 72.884127
demand_219 13 11 173.340808
demand_220 13 12 112.701406
demand_221 13 14 70.291290
demand_222 13 15 221.390292
demand_223 13 16 246.232043
demand_224 14 0 124.804536
demand_225 14 1 18.900344
demand_226 14 2 293.992070
demand_227 14 3 151.648196
demand_228 14 4 243.421261
demand_229 14 5 639.458596
demand_230 14 6 628.260947
demand_231 14 7 57.916561
demand_232 14 8 360.478749
demand_233 14 9 71.344869
demand_234 14 10 196.706600
demand_235 14 11 467.828627
demand_236 14 12 304.169252
demand_237 14 13 44.027760
demand_238 14 15 597.509136
demand_239 14 16 664.554411
demand_240 15 0 1090.217580
demand_241 15 1 165.102070
demand_242 15 2 2568.138408
demand_243 15 3 1324.707689
demand_244 15 4 2126.382152
demand_245 15 5 5585.926793
demand_246 15 6 5488.110846
demand_247 15 7 505.924339
demand_248 15 8 3148.926167
demand_249 15 9 623.225989
demand_250 15 10 1718.310889
demand_251 15 11 4086.670319
demand_252 15 12 2657.040168
demand_253 15 13 384.600109
demand_254 15 14 1657.182369
demand_255 15 16 5805.148783
demand_256 16 0 197.877050
demand_257 16 1 29.966413
demand_258 16 2 466.123150
demand_259 16 3 240.437556
demand_260 16 4 385.943353
demand_261 16 5 1013.858827
demand_262 16 6 996.105003
demand_263 16 7 91.826455
demand_264 16 8 571.537492
demand_265 16 9 113.116980
demand_266 16 10 311.877460
demand_267 16 11 741.740257
demand_268 16 12 482.259028
demand_269 16 13 69.805823
demand_270 16 14 300.782490
demand_271 16 15 947.348141
