DEMANDS 272
label src dest bw
demand_0 0 1 58.015732
demand_1 0 2 1654.084458
demand_2 0 3 731.646663
demand_3 0 4 1241.134393
demand_4 0 5 4354.782508
demand_5 0 6 2359.844863
demand_6 0 7 294.733201
demand_7 0 8 1762.642532
demand_8 0 9 682.434060
demand_9 0 10 1219.185072
demand_10 0 11 1920.040166
demand_11 0 12 1681.086303
demand_12 0 13 68.282564
demand_13 0 14 932.159955
demand_14 0 15 2064.129273
demand_15 0 16 5355.205633
demand_16 1 0 15.497688
demand_17 1 2 36.984288
demand_18 1 3 16.359159
demand_19 1 4 27.750984
demand_20 1 5 97.370197
demand_21 1 6 52.764647
demand_22 1 7 6.590049
demand_23 1 8 39.411578
demand_24 1 9 15.258796
demand_25 1 10 27.260211
demand_26 1 11 42.930890
demand_27 1 12 37.588032
demand_28 1 13 1.526755
demand_29 1 14 20.842510
demand_30 1 15 46.152632
demand_31 1 16 119.739029
demand_32 2 0 155.719480
demand_33 2 1 13.034110
demand_34 2 3 164.375465
demand_35 2 4 278.839573
demand_36 2 5 978.367616
demand_37 2 6 530.174765
demand_38 2 7 66.216262
demand_39 2 8 396.004248
demand_40 2 9 153.319111
demand_41 2 10 273.908327
demand_42 2 11 431.366002
demand_43 2 12 377.681410
demand_44 2 13 15.340709
demand_45 2 14 209.423803
demand_46 2 15 463.737795
demand_47 2 16 1203.127770
demand_48 3 0 484.969537
demand_49 3 1 40.593163
demand_50 3 2 1157.350213
demand_51 3 4 868.412219
demand_52 3 5 3047.007932
demand_53 3 6 1651.165357
demand_54 3 7 206.222561
demand_55 3 8 1233.307465
demand_56 3 9 477.493880
demand_57 3 10 853.054447
demand_58 3 11 1343.437383
demand_59 3 12 1176.243197
demand_60 3 13 47.776786
demand_61 3 14 652.225173
demand_62 3 15 1444.255427
demand_63 3 16 3746.996322
demand_64 4 0 283.064003
demand_65 4 1 23.693165
demand_66 4 2 675.514973
demand_67 4 3 298.798694
demand_68 4 5 1778.458635
demand_69 4 6 963.741924
demand_70 4 7 120.366702
demand_71 4 8 719.849229
demand_72 4 9 278.700657
demand_73 4 10 497.905513
demand_74 4 11 784.129174
demand_75 4 12 686.542312
demand_76 4 13 27.886058
demand_77 4 14 380.686732
demand_78 4 15 842.974023
demand_79 4 16 2187.023504
demand_80 5 0 239.038232
demand_81 5 1 20.008098
demand_82 5 2 570.450158
demand_83 5 3 252.325661
demand_84 5 4 428.034558
demand_85 5 6 813.848330
demand_86 5 7 101.645717
demand_87 5 8 607.888978
demand_88 5 9 235.353531
demand_89 5 10 420.464816
demand_90 5 11 662.171276
demand_91 5 12 579.762383
demand_92 5 13 23.548858
demand_93 5 14 321.477413
demand_94 5 15 711.863813
demand_95 5 16 1846.869356
demand_96 6 0 88.113239
demand_97 6 1 7.375298
demand_98 6 2 210.276870
demand_99 6 3 93.011194
demand_100 6 4 157.780248
demand_101 6 5 553.605369
demand_102 6 7 37.468205
demand_103 6 8 224.077406
demand_104 6 9 86.755001
demand_105 6 10 154.989922
demand_106 6 11 244.086712
demand_107 6 12 213.709502
demand_108 6 13 8.680478
demand_109 6 14 118.501614
demand_110 6 15 262.404160
demand_111 6 16 680.784995
demand_112 7 0 1031.460391
demand_113 7 1 86.335813
demand_114 7 2 2461.517296
demand_115 7 3 1088.796226
demand_116 7 4 1846.987776
demand_117 7 5 6480.547236
demand_118 7 6 3511.791020
demand_119 7 8 2623.067437
demand_120 7 9 1015.560744
demand_121 7 10 1814.324007
demand_122 7 11 2857.297918
demand_123 7 12 2501.699953
demand_124 7 13 101.614347
demand_125 7 14 1387.189052
demand_126 7 15 3071.723383
demand_127 7 16 7969.321775
demand_128 8 0 292.645335
demand_129 8 1 24.495146
demand_130 8 2 698.380239
demand_131 8 3 308.912624
demand_132 8 4 524.026285
demand_133 8 5 1838.657048
demand_134 8 6 996.363282
demand_135 8 7 124.440951
demand_136 8 9 288.134297
demand_137 8 10 514.758940
demand_138 8 11 810.670884
demand_139 8 12 709.780838
demand_140 8 13 28.829963
demand_141 8 14 393.572462
demand_142 8 15 871.507551
demand_143 8 16 2261.051284
demand_144 9 0 230.537504
demand_145 9 1 19.296565
demand_146 9 2 550.163687
demand_147 9 3 243.352402
demand_148 9 4 412.812702
demand_149 9 5 1448.440671
demand_150 9 6 784.906082
demand_151 9 7 98.030971
demand_152 9 8 586.271100
demand_153 9 10 405.512156
demand_154 9 11 638.623000
demand_155 9 12 559.144749
demand_156 9 13 22.711408
demand_157 9 14 310.044965
demand_158 9 15 686.548360
demand_159 9 16 1781.190594
demand_160 10 0 298.328327
demand_161 10 1 24.970827
demand_162 10 2 711.942352
demand_163 10 3 314.911517
demand_164 10 4 534.202552
demand_165 10 5 1874.362634
demand_166 10 6 1015.712042
demand_167 10 7 126.857518
demand_168 10 8 758.667349
demand_169 10 9 293.729687
demand_170 10 11 826.413612
demand_171 10 12 723.564345
demand_172 10 13 29.389823
demand_173 10 14 401.215396
demand_174 10 15 888.431690
demand_175 10 16 2304.959506
demand_176 11 0 3.244161
demand_177 11 1 0.271544
demand_178 11 2 7.741992
demand_179 11 3 3.424494
demand_180 11 4 5.809167
demand_181 11 5 20.382691
demand_182 11 6 11.045325
demand_183 11 7 1.379508
demand_184 11 8 8.250102
demand_185 11 9 3.194153
demand_186 11 10 5.706433
demand_187 11 12 7.868375
demand_188 11 13 0.319599
demand_189 11 14 4.363003
demand_190 11 15 9.661220
demand_191 11 16 25.065202
demand_192 12 0 378.809853
demand_193 12 1 31.707332
demand_194 12 2 904.006603
demand_195 12 3 399.866773
demand_196 12 4 678.317048
demand_197 12 5 2380.018822
demand_198 12 6 1289.725763
demand_199 12 7 161.080505
demand_200 12 8 963.336836
demand_201 12 9 372.970614
demand_202 12 10 666.321088
demand_203 12 11 1049.359348
demand_204 12 13 37.318462
demand_205 12 14 509.453281
demand_206 12 15 1128.108353
demand_207 12 16 2926.779966
demand_208 13 0 139.325635
demand_209 13 1 11.661904
demand_210 13 2 332.492128
demand_211 13 3 147.070335
demand_212 13 4 249.483884
demand_213 13 5 875.366972
demand_214 13 6 474.358994
demand_215 13 7 59.245142
demand_216 13 8 354.313689
demand_217 13 9 137.177973
demand_218 13 10 245.071790
demand_219 13 11 385.952626
demand_220 13 12 337.919844
demand_221 13 14 187.376071
demand_222 13 15 414.916379
demand_223 13 16 1076.464813
demand_224 14 0 242.772264
demand_225 14 1 20.320645
demand_226 14 2 579.361196
demand_227 14 3 256.267256
demand_228 14 4 434.720914
demand_229 14 5 1525.310266
demand_230 14 6 826.561508
demand_231 14 7 103.233532
demand_232 14 8 617.384851
demand_233 14 9 239.030003
demand_234 14 10 427.032924
demand_235 14 11 672.515096
demand_236 14 12 588.818888
demand_237 14 13 23.916716
demand_238 14 15 722.983884
demand_239 14 16 1875.719422
demand_240 15 0 718.919614
demand_241 15 1 60.175369
demand_242 15 2 1715.657798
demand_243 15 3 758.882230
demand_244 15 4 1287.335655
demand_245 15 5 4516.889408
demand_246 15 6 2447.690154
demand_247 15 7 305.704653
demand_248 15 8 1828.256950
demand_249 15 9 707.837687
demand_250 15 10 1264.569271
demand_251 15 11 1991.513715
demand_252 15 12 1743.664787
demand_253 15 13 70.824384
demand_254 15 14 966.859635
demand_255 15 16 5554.553312
demand_256 16 0 275.491675
demand_257 16 1 23.059342
demand_258 16 2 657.444074
demand_259 16 3 290.805443
demand_260 16 4 493.310029
demand_261 16 5 1730.882567
demand_262 16 6 937.960582
demand_263 16 7 117.146737
demand_264 16 8 700.592332
demand_265 16 9 271.245054
demand_266 16 10 484.585897
demand_267 16 11 763.152705
demand_268 16 12 668.176418
demand_269 16 13 27.140069
demand_270 16 14 370.502870
demand_271 16 15 820.423378
