DEMANDS 272
label src dest bw
demand_0 0 1 120.393997
demand_1 0 2 1268.000212
demand_2 0 3 539.777315
demand_3 0 4 1064.568728
demand_4 0 5 3570.102397
demand_5 0 6 2962.537105
demand_6 0 7 254.514424
demand_7 0 8 1371.469647
demand_8 0 9 346.855083
demand_9 0 10 688.647114
demand_10 0 11 1506.005386
demand_11 0 12 1361.376819
demand_12 0 13 140.346683
demand_13 0 14 586.580690
demand_14 0 15 2440.858510
demand_15 0 16 4556.252183
demand_16 1 0 26.574450
demand_17 1 2 92.109683
demand_18 1 3 39.210338
demand_19 1 4 77.332076
demand_20 1 5 259.338285
demand_21 1 6 215.203713
demand_22 1 7 18.488359
demand_23 1 8 99.625878
demand_24 1 9 25.196141
demand_25 1 10 50.024493
demand_26 1 11 109.398782
demand_27 1 12 98.892718
demand_28 1 13 10.195021
demand_29 1 14 42.610215
demand_30 1 15 177.308096
demand_31 1 16 330.973876
demand_32 2 0 64.960940
demand_33 2 1 21.378578
demand_34 2 3 95.849224
demand_35 2 4 189.037375
demand_36 2 5 633.949476
demand_37 2 6 526.063019
demand_38 2 7 45.194582
demand_39 2 8 243.534321
demand_40 2 9 61.591678
demand_41 2 10 122.284301
demand_42 2 11 267.424073
demand_43 2 12 241.742120
demand_44 2 13 24.921612
demand_45 2 14 104.160183
demand_46 2 15 433.427617
demand_47 2 16 809.061859
demand_48 3 0 362.401908
demand_49 3 1 119.266090
demand_50 3 2 1256.120996
demand_51 3 4 1054.595352
demand_52 3 5 3536.656015
demand_53 3 6 2934.782677
demand_54 3 7 252.130014
demand_55 3 8 1358.621080
demand_56 3 9 343.605583
demand_57 3 10 682.195547
demand_58 3 11 1491.896426
demand_59 3 12 1348.622807
demand_60 3 13 139.031850
demand_61 3 14 581.085328
demand_62 3 15 2417.991411
demand_63 3 16 4513.567090
demand_64 4 0 212.846086
demand_65 4 1 70.047425
demand_66 4 2 737.745667
demand_67 4 3 314.052294
demand_68 4 5 2077.150736
demand_69 4 6 1723.658159
demand_70 4 7 148.081137
demand_71 4 8 797.946072
demand_72 4 9 201.806618
demand_73 4 10 400.667460
demand_74 4 11 876.221421
demand_75 4 12 792.073881
demand_76 4 13 81.656262
demand_77 4 14 341.283351
demand_78 4 15 1420.136032
demand_79 4 16 2650.910680
demand_80 5 0 117.025202
demand_81 5 1 38.512872
demand_82 5 2 405.620968
demand_83 5 3 172.669527
demand_84 5 4 340.545210
demand_85 5 6 947.686883
demand_86 5 7 81.416695
demand_87 5 8 438.719837
demand_88 5 9 110.955577
demand_89 5 10 220.291532
demand_90 5 11 481.756515
demand_91 5 12 435.491239
demand_92 5 13 44.895542
demand_93 5 14 187.641473
demand_94 5 15 780.806961
demand_95 5 16 1457.500877
demand_96 6 0 35.297584
demand_97 6 1 11.616398
demand_98 6 2 122.344932
demand_99 6 3 52.081236
demand_100 6 4 102.716535
demand_101 6 5 344.466768
demand_102 6 7 24.557212
demand_103 6 8 132.328338
demand_104 6 9 33.466841
demand_105 6 10 66.445166
demand_106 6 11 145.309224
demand_107 6 12 131.354516
demand_108 6 13 13.541563
demand_109 6 14 56.597131
demand_110 6 15 235.509952
demand_111 6 16 439.616932
demand_112 7 0 556.539160
demand_113 7 1 183.156457
demand_114 7 2 1929.019987
demand_115 7 3 821.168024
demand_116 7 4 1619.537863
demand_117 7 5 5431.228492
demand_118 7 6 4506.934015
demand_119 7 8 2086.428957
demand_120 7 9 527.673720
demand_121 7 10 1047.644972
demand_122 7 11 2291.099373
demand_123 7 12 2071.074649
demand_124 7 13 213.510655
demand_125 7 14 892.370414
demand_126 7 15 3713.299736
demand_127 7 16 6931.466922
demand_128 8 0 228.961788
demand_129 8 1 75.351086
demand_130 8 2 793.604291
demand_131 8 3 337.830853
demand_132 8 4 666.282468
demand_133 8 5 2234.422798
demand_134 8 6 1854.165430
demand_135 8 7 159.293143
demand_136 8 9 217.086464
demand_137 8 10 431.004111
demand_138 8 11 942.564777
demand_139 8 12 852.045982
demand_140 8 13 87.838889
demand_141 8 14 367.123718
demand_142 8 15 1527.662038
demand_143 8 16 2851.625141
demand_144 9 0 105.547602
demand_145 9 1 34.735606
demand_146 9 2 365.838469
demand_147 9 3 155.734443
demand_148 9 4 307.145212
demand_149 9 5 1030.032002
demand_150 9 6 854.739636
demand_151 9 7 73.431508
demand_152 9 8 395.691067
demand_153 9 10 198.685776
demand_154 9 11 434.506793
demand_155 9 12 392.779123
demand_156 9 13 40.492277
demand_157 9 14 169.237970
demand_158 9 15 704.226965
demand_159 9 16 1314.552087
demand_160 10 0 279.720087
demand_161 10 1 92.055589
demand_162 10 2 969.537596
demand_163 10 3 412.724221
demand_164 10 4 813.989932
demand_165 10 5 2729.769651
demand_166 10 6 2265.213425
demand_167 10 7 194.606673
demand_168 10 8 1048.652336
demand_169 10 9 265.212135
demand_170 10 11 1151.520976
demand_171 10 12 1040.935164
demand_172 10 13 107.311800
demand_173 10 14 448.510991
demand_174 10 15 1866.327837
demand_175 10 16 3483.798936
demand_176 11 0 22.732457
demand_177 11 1 7.481228
demand_178 11 2 78.792952
demand_179 11 3 33.541515
demand_180 11 4 66.151812
demand_181 11 5 221.844525
demand_182 11 6 184.090697
demand_183 11 7 15.815410
demand_184 11 8 85.222495
demand_185 11 9 21.553416
demand_186 11 10 42.792216
demand_187 11 12 84.595331
demand_188 11 13 8.721078
demand_189 11 14 36.449855
demand_190 11 15 151.673828
demand_191 11 16 283.123421
demand_192 12 0 282.091564
demand_193 12 1 92.836040
demand_194 12 2 977.757370
demand_195 12 3 416.223312
demand_196 12 4 820.890967
demand_197 12 5 2752.912734
demand_198 12 6 2284.417984
demand_199 12 7 196.256555
demand_200 12 8 1057.542848
demand_201 12 9 267.460613
demand_202 12 10 531.017097
demand_203 12 11 1161.283612
demand_204 12 13 108.221593
demand_205 12 14 452.313483
demand_206 12 15 1882.150630
demand_207 12 16 3513.334706
demand_208 13 0 48.334760
demand_209 13 1 15.906919
demand_210 13 2 167.533077
demand_211 13 3 71.317460
demand_212 13 4 140.654925
demand_213 13 5 471.695693
demand_214 13 6 391.421824
demand_215 13 7 33.627427
demand_216 13 8 181.203857
demand_217 13 9 45.827831
demand_218 13 10 90.986712
demand_219 13 11 198.979238
demand_220 13 12 179.870354
demand_221 13 14 77.501302
demand_222 13 15 322.495637
demand_223 13 16 601.989604
demand_224 14 0 134.153906
demand_225 14 1 44.149911
demand_226 14 2 464.990760
demand_227 14 3 197.942762
demand_228 14 4 390.390015
demand_229 14 5 1309.199013
demand_230 14 6 1086.397594
demand_231 14 7 93.333466
demand_232 14 8 502.934232
demand_233 14 9 127.195885
demand_234 14 10 252.535088
demand_235 14 11 552.270088
demand_236 14 12 499.233072
demand_237 14 13 51.466798
demand_238 14 15 895.091848
demand_239 14 16 1670.831869
demand_240 15 0 439.263232
demand_241 15 1 144.561071
demand_242 15 2 1522.529977
demand_243 15 3 648.128553
demand_244 15 4 1278.263036
demand_245 15 5 4286.740544
demand_246 15 6 3557.216714
demand_247 15 7 305.603923
demand_248 15 8 1646.769164
demand_249 15 9 416.480421
demand_250 15 10 826.881466
demand_251 15 11 1808.310695
demand_252 15 12 1634.650371
demand_253 15 13 168.518924
demand_254 15 14 704.326920
demand_255 15 16 5470.843351
demand_256 16 0 157.230537
demand_257 16 1 51.744406
demand_258 16 2 544.976652
demand_259 16 3 231.992102
demand_260 16 4 457.543379
demand_261 16 5 1534.402309
demand_262 16 6 1273.275460
demand_263 16 7 109.388324
demand_264 16 8 589.447013
demand_265 16 9 149.075623
demand_266 16 10 295.975186
demand_267 16 11 647.269429
demand_268 16 12 585.109194
demand_269 16 13 60.319915
demand_270 16 14 252.107829
demand_271 16 15 1049.062048
