DEMANDS 272
label src dest bw
demand_0 0 1 8.471882
demand_1 0 2 926.696835
demand_2 0 3 522.202303
demand_3 0 4 670.362271
demand_4 0 5 3185.951676
demand_5 0 6 3010.979928
demand_6 0 7 195.099333
demand_7 0 8 2086.060429
demand_8 0 9 357.515107
demand_9 0 10 664.127723
demand_10 0 11 2287.480597
demand_11 0 12 1115.837316
demand_12 0 13 104.721851
demand_13 0 14 590.264615
demand_14 0 15 2446.128553
demand_15 0 16 5054.723368
demand_16 1 0 14.339118
demand_17 1 2 33.438517
demand_18 1 3 18.842916
demand_19 1 4 24.189055
demand_20 1 5 114.960466
demand_21 1 6 108.646863
demand_22 1 7 7.039878
demand_23 1 8 75.272479
demand_24 1 9 12.900416
demand_25 1 10 23.964090
demand_26 1 11 82.540435
demand_27 1 12 40.263378
demand_28 1 13 3.778737
demand_29 1 14 21.298846
demand_30 1 15 88.265017
demand_31 1 16 182.392395
demand_32 2 0 84.361270
demand_33 2 1 1.798498
demand_34 2 3 110.858447
demand_35 2 4 142.311361
demand_36 2 5 676.346416
demand_37 2 6 639.201624
demand_38 2 7 41.417682
demand_39 2 8 442.850250
demand_40 2 9 75.896965
demand_41 2 10 140.987827
demand_42 2 11 485.609784
demand_43 2 12 236.881361
demand_44 2 13 22.231426
demand_45 2 14 125.307411
demand_46 2 15 519.289195
demand_47 2 16 1073.068390
demand_48 3 0 321.672801
demand_49 3 1 6.857742
demand_50 3 2 750.134121
demand_51 3 4 542.638750
demand_52 3 5 2578.935170
demand_53 3 6 2437.300632
demand_54 3 7 157.927233
demand_55 3 8 1688.605213
demand_56 3 9 289.398075
demand_57 3 10 537.592065
demand_58 3 11 1851.648978
demand_59 3 12 903.237836
demand_60 3 13 84.769291
demand_61 3 14 477.802029
demand_62 3 15 1980.069881
demand_63 3 16 4091.651473
demand_64 4 0 218.578991
demand_65 4 1 4.659885
demand_66 4 2 509.721551
demand_67 4 3 287.232844
demand_68 4 5 1752.405068
demand_69 4 6 1656.163377
demand_70 4 7 107.312695
demand_71 4 8 1147.419434
demand_72 4 9 196.648082
demand_73 4 10 365.297690
demand_74 4 11 1258.208849
demand_75 4 12 613.756631
demand_76 4 13 57.601345
demand_77 4 14 324.669928
demand_78 4 15 1345.471780
demand_79 4 16 2780.306718
demand_80 5 0 98.830951
demand_81 5 1 2.106977
demand_82 5 2 230.471673
demand_83 5 3 129.872936
demand_84 5 4 166.720667
demand_85 5 6 748.837760
demand_86 5 7 48.521661
demand_87 5 8 518.808115
demand_88 5 9 88.914844
demand_89 5 10 165.170120
demand_90 5 11 568.901782
demand_91 5 12 277.511354
demand_92 5 13 26.044570
demand_93 5 14 146.800192
demand_94 5 15 608.357900
demand_95 5 16 1257.121540
demand_96 6 0 47.809275
demand_97 6 1 1.019246
demand_98 6 2 111.490211
demand_99 6 3 62.825773
demand_100 6 4 80.650789
demand_101 6 5 383.299492
demand_102 6 7 23.472257
demand_103 6 8 250.972388
demand_104 6 9 43.012378
demand_105 6 10 79.900715
demand_106 6 11 275.205100
demand_107 6 12 134.245563
demand_108 6 13 12.599009
demand_109 6 14 71.014300
demand_110 6 15 294.291918
demand_111 6 16 608.130033
demand_112 7 0 751.371664
demand_113 7 1 16.018491
demand_114 7 2 1752.182716
demand_115 7 3 987.371290
demand_116 7 4 1267.509654
demand_117 7 5 6023.943595
demand_118 7 6 5693.109971
demand_119 7 8 3944.287810
demand_120 7 9 675.983523
demand_121 7 10 1255.721476
demand_122 7 11 4325.129661
demand_123 7 12 2109.806342
demand_124 7 13 198.006307
demand_125 7 14 1116.062359
demand_126 7 15 4625.098535
demand_127 7 16 9557.385533
demand_128 8 0 222.875314
demand_129 8 1 4.751478
demand_130 8 2 519.740486
demand_131 8 3 292.878608
demand_132 8 4 375.974536
demand_133 8 5 1786.849819
demand_134 8 6 1688.716430
demand_135 8 7 109.422001
demand_136 8 9 200.513338
demand_137 8 10 372.477872
demand_138 8 11 1282.939827
demand_139 8 12 625.820448
demand_140 8 13 58.733540
demand_141 8 14 331.051543
demand_142 8 15 1371.917972
demand_143 8 16 2834.955597
demand_144 9 0 94.664464
demand_145 9 1 2.018152
demand_146 9 2 220.755514
demand_147 9 3 124.397789
demand_148 9 4 159.692104
demand_149 9 5 758.949824
demand_150 9 6 717.268471
demand_151 9 7 46.476099
demand_152 9 8 496.936349
demand_153 9 10 158.206925
demand_154 9 11 544.918182
demand_155 9 12 265.812109
demand_156 9 13 24.946590
demand_157 9 14 140.611431
demand_158 9 15 582.710921
demand_159 9 16 1204.124168
demand_160 10 0 230.761264
demand_161 10 1 4.919599
demand_162 10 2 538.130353
demand_163 10 3 303.241469
demand_164 10 4 389.277563
demand_165 10 5 1850.073548
demand_166 10 6 1748.467926
demand_167 10 7 113.293657
demand_168 10 8 1211.369666
demand_169 10 9 207.608059
demand_170 10 11 1328.333815
demand_171 10 12 647.963721
demand_172 10 13 60.811697
demand_173 10 14 342.765070
demand_174 10 15 1420.460255
demand_175 10 16 2935.264231
demand_176 11 0 3.171067
demand_177 11 1 0.067604
demand_178 11 2 7.394860
demand_179 11 3 4.167072
demand_180 11 4 5.349360
demand_181 11 5 25.423272
demand_182 11 6 24.027031
demand_183 11 7 1.556855
demand_184 11 8 16.646355
demand_185 11 9 2.852901
demand_186 11 10 5.299609
demand_187 11 12 8.904164
demand_188 11 13 0.835660
demand_189 11 14 4.710196
demand_190 11 15 19.519628
demand_191 11 16 40.335705
demand_192 12 0 274.103706
demand_193 12 1 5.843616
demand_194 12 2 639.204005
demand_195 12 3 360.197414
demand_196 12 4 462.393128
demand_197 12 5 2197.561269
demand_198 12 6 2076.871699
demand_199 12 7 134.572894
demand_200 12 8 1438.893640
demand_201 12 9 246.601779
demand_202 12 10 458.092749
demand_203 12 11 1577.826431
demand_204 12 13 72.233577
demand_205 12 14 407.144485
demand_206 12 15 1687.256404
demand_207 12 16 3486.576517
demand_208 13 0 75.083214
demand_209 13 1 1.600699
demand_210 13 2 175.092456
demand_211 13 3 98.666231
demand_212 13 4 126.659952
demand_213 13 5 601.961809
demand_214 13 6 568.902202
demand_215 13 7 36.862564
demand_216 13 8 394.145561
demand_217 13 9 67.549813
demand_218 13 10 125.481980
demand_219 13 11 432.202399
demand_220 13 12 210.829139
demand_221 13 14 111.526097
demand_222 13 15 462.177747
demand_223 13 16 955.052283
demand_224 14 0 164.451307
demand_225 14 1 3.505937
demand_226 14 2 383.496946
demand_227 14 3 216.104103
demand_228 14 4 277.417462
demand_229 14 5 1318.449242
demand_230 14 6 1246.040307
demand_231 14 7 80.738377
demand_232 14 8 863.278879
demand_233 14 9 147.951246
demand_234 14 10 274.837405
demand_235 14 11 946.633021
demand_236 14 12 461.769359
demand_237 14 13 43.337269
demand_238 14 15 1012.286646
demand_239 14 16 2091.807055
demand_240 15 0 476.303960
demand_241 15 1 10.154323
demand_242 15 2 1110.730690
demand_243 15 3 625.907095
demand_244 15 4 803.490332
demand_245 15 5 3818.653706
demand_246 15 6 3608.934106
demand_247 15 7 233.844348
demand_248 15 8 2500.333714
demand_249 15 9 428.514468
demand_250 15 10 796.017657
demand_251 15 11 2741.754160
demand_252 15 12 1337.432810
demand_253 15 13 125.518692
demand_254 15 14 707.485984
demand_255 15 16 6058.547048
demand_256 16 0 184.549355
demand_257 16 1 3.934407
demand_258 16 2 430.365165
demand_259 16 3 242.514781
demand_260 16 4 311.321414
demand_261 16 5 1479.580557
demand_262 16 6 1398.322326
demand_263 16 7 90.605637
demand_264 16 8 968.782570
demand_265 16 9 166.032776
demand_266 16 10 308.426042
demand_267 16 11 1062.323651
demand_268 16 12 518.203465
demand_269 16 13 48.633636
demand_270 16 14 274.123444
demand_271 16 15 1136.000987
