DEMANDS 272
label src dest bw
demand_0 0 1 143.188927
demand_1 0 2 761.875230
demand_2 0 3 413.296619
demand_3 0 4 675.326556
demand_4 0 5 1810.413041
demand_5 0 6 1475.003534
demand_6 0 7 264.899932
demand_7 0 8 1202.177337
demand_8 0 9 330.623367
demand_9 0 10 602.504817
demand_10 0 11 1217.946625
demand_11 0 12 923.090220
demand_12 0 13 194.496056
demand_13 0 14 474.185619
demand_14 0 15 1274.632813
demand_15 0 16 2745.066530
demand_16 1 0 14.026724
demand_17 1 2 30.496190
demand_18 1 3 16.543355
demand_19 1 4 27.031837
demand_20 1 5 72.466852
demand_21 1 6 59.041147
demand_22 1 7 10.603362
demand_23 1 8 48.120515
demand_24 1 9 13.234126
demand_25 1 10 24.116943
demand_26 1 11 48.751725
demand_27 1 12 36.949271
demand_28 1 13 7.785249
demand_29 1 14 18.980607
demand_30 1 15 51.020748
demand_31 1 16 109.878976
demand_32 2 0 93.541236
demand_33 2 1 38.222405
demand_34 2 3 110.324107
demand_35 2 4 180.269560
demand_36 2 5 483.265998
demand_37 2 6 393.732833
demand_38 2 7 70.711560
demand_39 2 8 320.905461
demand_40 2 9 88.255568
demand_41 2 10 160.830753
demand_42 2 11 325.114865
demand_43 2 12 246.406818
demand_44 2 13 51.918169
demand_45 2 14 126.577627
demand_46 2 15 340.246499
demand_47 2 16 732.759479
demand_48 3 0 335.745316
demand_49 3 1 137.190761
demand_50 3 2 729.960373
demand_51 3 4 647.037211
demand_52 3 5 1734.575066
demand_53 3 6 1413.215821
demand_54 3 7 253.803307
demand_55 3 8 1151.818280
demand_56 3 9 316.773596
demand_57 3 10 577.265966
demand_58 3 11 1166.926994
demand_59 3 12 884.422087
demand_60 3 13 186.348641
demand_61 3 14 454.322043
demand_62 3 15 1221.238605
demand_63 3 16 2630.076038
demand_64 4 0 198.047911
demand_65 4 1 80.925458
demand_66 4 2 430.585685
demand_67 4 3 233.581038
demand_68 4 5 1023.183204
demand_69 4 6 833.621282
demand_70 4 7 149.712334
demand_71 4 8 679.429297
demand_72 4 9 186.856959
demand_73 4 10 340.515007
demand_74 4 11 688.341556
demand_75 4 12 521.698854
demand_76 4 13 109.922484
demand_77 4 14 267.993408
demand_78 4 15 720.378640
demand_79 4 16 1551.417219
demand_80 5 0 156.508890
demand_81 5 1 63.951968
demand_82 5 2 340.273661
demand_83 5 3 184.589219
demand_84 5 4 301.618730
demand_85 5 6 658.775654
demand_86 5 7 118.311327
demand_87 5 8 536.924247
demand_88 5 9 147.665155
demand_89 5 10 269.094613
demand_90 5 11 543.967228
demand_91 5 12 412.276547
demand_92 5 13 86.867091
demand_93 5 14 211.783860
demand_94 5 15 569.284782
demand_95 5 16 1226.019434
demand_96 6 0 38.162316
demand_97 6 1 15.593716
demand_98 6 2 82.970566
demand_99 6 3 45.009278
demand_100 6 4 73.545148
demand_101 6 5 197.159572
demand_102 6 7 28.848421
demand_103 6 8 130.920825
demand_104 6 9 36.005906
demand_105 6 10 65.614635
demand_106 6 11 132.638149
demand_107 6 12 100.527376
demand_108 6 13 21.181221
demand_109 6 14 51.640278
demand_110 6 15 138.811450
demand_111 6 16 298.946223
demand_112 7 0 1519.598741
demand_113 7 1 620.931695
demand_114 7 2 3303.834222
demand_115 7 3 1792.240327
demand_116 7 4 2928.520180
demand_117 7 5 7850.766534
demand_118 7 6 6396.279808
demand_119 7 8 5213.182514
demand_120 7 9 1433.731866
demand_121 7 10 2612.732316
demand_122 7 11 5281.565248
demand_123 7 12 4002.935045
demand_124 7 13 843.422520
demand_125 7 14 2056.282466
demand_126 7 15 5527.382098
demand_127 7 16 11903.845121
demand_128 8 0 224.934576
demand_129 8 1 91.911769
demand_130 8 2 489.041305
demand_131 8 3 265.291625
demand_132 8 4 433.486438
demand_133 8 5 1162.088910
demand_134 8 6 946.792367
demand_135 8 7 170.037039
demand_136 8 9 212.224360
demand_137 8 10 386.742777
demand_138 8 11 781.789698
demand_139 8 12 592.523851
demand_140 8 13 124.845383
demand_141 8 14 304.375762
demand_142 8 15 818.176086
demand_143 8 16 1762.035126
demand_144 9 0 106.624078
demand_145 9 1 43.568258
demand_146 9 2 231.816643
demand_147 9 3 125.754232
demand_148 9 4 205.482380
demand_149 9 5 550.856436
demand_150 9 6 448.801004
demand_151 9 7 80.601404
demand_152 9 8 365.787867
demand_153 9 10 183.324826
demand_154 9 11 370.586006
demand_155 9 12 280.869712
demand_156 9 13 59.179536
demand_157 9 14 144.280998
demand_158 9 15 387.833977
demand_159 9 16 835.244517
demand_160 10 0 246.164834
demand_161 10 1 100.586782
demand_162 10 2 535.199050
demand_163 10 3 290.330948
demand_164 10 4 474.400685
demand_165 10 5 1271.771678
demand_166 10 6 1036.154555
demand_167 10 7 186.085840
demand_168 10 8 844.500705
demand_169 10 9 232.254974
demand_170 10 11 855.578250
demand_171 10 12 648.448708
demand_172 10 13 136.628808
demand_173 10 14 333.104008
demand_174 10 15 895.398936
demand_175 10 16 1928.343304
demand_176 11 0 0.674276
demand_177 11 1 0.275519
demand_178 11 2 1.465976
demand_179 11 3 0.795252
demand_180 11 4 1.299441
demand_181 11 5 3.483538
demand_182 11 6 2.838154
demand_183 11 7 0.509712
demand_184 11 8 2.313191
demand_185 11 9 0.636175
demand_186 11 10 1.159320
demand_187 11 12 1.776180
demand_188 11 13 0.374243
demand_189 11 14 0.912413
demand_190 11 15 2.452607
demand_191 11 16 5.281968
demand_192 12 0 328.881086
demand_193 12 1 134.385930
demand_194 12 2 715.036515
demand_195 12 3 387.887887
demand_196 12 4 633.808697
demand_197 12 5 1699.112111
demand_198 12 6 1384.322975
demand_199 12 7 248.614362
demand_200 12 8 1128.269642
demand_201 12 9 310.297239
demand_202 12 10 565.463907
demand_203 12 11 1143.069462
demand_204 12 13 182.538789
demand_205 12 14 445.033542
demand_206 12 15 1196.270686
demand_207 12 16 2576.304788
demand_208 13 0 66.362499
demand_209 13 1 27.116750
demand_210 13 2 144.281966
demand_211 13 3 78.269048
demand_212 13 4 127.891602
demand_213 13 5 342.851353
demand_214 13 6 279.332365
demand_215 13 7 50.166066
demand_216 13 8 227.665244
demand_217 13 9 62.612601
demand_218 13 10 114.100809
demand_219 13 11 230.651591
demand_220 13 12 174.812445
demand_221 13 14 89.800050
demand_222 13 15 241.386675
demand_223 13 16 519.853620
demand_224 14 0 171.059015
demand_225 14 1 69.897376
demand_226 14 2 371.907802
demand_227 14 3 201.749881
demand_228 14 4 329.659247
demand_229 14 5 883.749344
demand_230 14 6 720.019893
demand_231 14 7 129.310348
demand_232 14 8 586.840356
demand_233 14 9 161.393106
demand_234 14 10 294.111468
demand_235 14 11 594.538100
demand_236 14 12 450.604563
demand_237 14 13 94.942844
demand_238 14 15 622.209345
demand_239 14 16 1339.998492
demand_240 15 0 1085.598039
demand_241 15 1 443.592254
demand_242 15 2 2360.251991
demand_243 15 3 1280.372596
demand_244 15 4 2092.128454
demand_245 15 5 5608.570556
demand_246 15 6 4569.488399
demand_247 15 7 820.646960
demand_248 15 8 3724.286262
demand_249 15 9 1024.254930
demand_250 15 10 1866.530290
demand_251 15 11 3773.138739
demand_252 15 12 2859.688100
demand_253 15 13 602.539216
demand_254 15 14 1469.003726
demand_255 15 16 8504.081094
demand_256 16 0 195.323983
demand_257 16 1 79.812419
demand_258 16 2 424.663459
demand_259 16 3 230.368392
demand_260 16 4 376.421886
demand_261 16 5 1009.110460
demand_262 16 6 822.155752
demand_263 16 7 147.653207
demand_264 16 8 670.084505
demand_265 16 9 184.286950
demand_266 16 10 335.831603
demand_267 16 11 678.874186
demand_268 16 12 514.523468
demand_269 16 13 108.410623
demand_270 16 14 264.307458
demand_271 16 15 710.470636
