DEMANDS 272
label src dest bw
demand_0 0 1 45.122046
demand_1 0 2 1116.759355
demand_2 0 3 584.839916
demand_3 0 4 883.901775
demand_4 0 5 3660.285762
demand_5 0 6 3396.317938
demand_6 0 7 372.323984
demand_7 0 8 1493.799722
demand_8 0 9 437.363150
demand_9 0 10 865.079199
demand_10 0 11 3028.365267
demand_11 0 12 1292.340179
demand_12 0 13 46.677094
demand_13 0 14 802.079724
demand_14 0 15 3225.889839
demand_15 0 16 6165.253671
demand_16 1 0 19.984771
demand_17 1 2 41.098214
demand_18 1 3 21.522878
demand_19 1 4 32.528748
demand_20 1 5 134.703332
demand_21 1 6 124.988969
demand_22 1 7 13.702012
demand_23 1 8 54.973795
demand_24 1 9 16.095539
demand_25 1 10 31.836053
demand_26 1 11 111.447826
demand_27 1 12 47.559819
demand_28 1 13 1.717778
demand_29 1 14 29.517589
demand_30 1 15 118.716990
demand_31 1 16 226.889447
demand_32 2 0 83.107206
demand_33 2 1 6.905444
demand_34 2 3 89.503467
demand_35 2 4 135.271672
demand_36 2 5 560.167420
demand_37 2 6 519.769980
demand_38 2 7 56.980186
demand_39 2 8 228.610002
demand_40 2 9 66.933732
demand_41 2 10 132.391079
demand_42 2 11 463.458776
demand_43 2 12 197.778783
demand_44 2 13 7.143428
demand_45 2 14 122.749686
demand_46 2 15 493.687790
demand_47 2 16 943.525852
demand_48 3 0 441.810789
demand_49 3 1 36.710413
demand_50 3 2 908.573550
demand_51 3 4 719.125181
demand_52 3 5 2977.936843
demand_53 3 6 2763.177789
demand_54 3 7 302.915505
demand_55 3 8 1215.326212
demand_56 3 9 355.830097
demand_57 3 10 703.811502
demand_58 3 11 2463.818699
demand_59 3 12 1051.422672
demand_60 3 13 37.975570
demand_61 3 14 652.556363
demand_62 3 15 2624.520824
demand_63 3 16 5015.929699
demand_64 4 0 215.826065
demand_65 4 1 17.933161
demand_66 4 2 443.841252
demand_67 4 3 232.436898
demand_68 4 5 1454.732219
demand_69 4 6 1349.821694
demand_70 4 7 147.975248
demand_71 4 8 593.690964
demand_72 4 9 173.824206
demand_73 4 10 343.814299
demand_74 4 11 1203.583767
demand_75 4 12 513.623531
demand_76 4 13 18.551194
demand_77 4 14 318.775990
demand_78 4 15 1282.087298
demand_79 4 16 2450.298620
demand_80 5 0 106.518307
demand_81 5 1 8.850692
demand_82 5 2 219.052406
demand_83 5 3 114.716380
demand_84 5 4 173.377379
demand_85 5 6 666.187941
demand_86 5 7 73.031369
demand_87 5 8 293.008893
demand_88 5 9 85.788805
demand_89 5 10 169.685330
demand_90 5 11 594.014005
demand_91 5 12 253.492594
demand_92 5 13 9.155714
demand_93 5 14 157.327980
demand_94 5 15 632.758460
demand_95 5 16 1209.314829
demand_96 6 0 36.512476
demand_97 6 1 3.033851
demand_98 6 2 75.087052
demand_99 6 3 39.322622
demand_100 6 4 59.430511
demand_101 6 5 246.105007
demand_102 6 7 25.033782
demand_103 6 8 100.437948
demand_104 6 9 29.406792
demand_105 6 10 58.164946
demand_106 6 11 203.616850
demand_107 6 12 86.892502
demand_108 6 13 3.138407
demand_109 6 14 53.929078
demand_110 6 15 216.897722
demand_111 6 16 414.530421
demand_112 7 0 684.084896
demand_113 7 1 56.841163
demand_114 7 2 1406.804582
demand_115 7 3 736.734794
demand_116 7 4 1113.469130
demand_117 7 5 4610.936778
demand_118 7 6 4278.411116
demand_119 7 8 1881.770038
demand_120 7 9 550.955298
demand_121 7 10 1089.757946
demand_122 7 11 3814.893617
demand_123 7 12 1627.987335
demand_124 7 13 58.800089
demand_125 7 14 1010.396221
demand_126 7 15 4063.719356
demand_127 7 16 7766.496047
demand_128 8 0 288.810028
demand_129 8 1 23.997457
demand_130 8 2 593.931065
demand_131 8 3 311.037998
demand_132 8 4 470.089389
demand_133 8 5 1946.665960
demand_134 8 6 1806.278785
demand_135 8 7 198.014710
demand_136 8 9 232.604778
demand_137 8 10 460.078895
demand_138 8 11 1610.588889
demand_139 8 12 687.310991
demand_140 8 13 24.824485
demand_141 8 14 426.573606
demand_142 8 15 1715.639256
demand_143 8 16 3278.894118
demand_144 9 0 103.783770
demand_145 9 1 8.623477
demand_146 9 2 213.428895
demand_147 9 3 111.771383
demand_148 9 4 168.926437
demand_149 9 5 699.533648
demand_150 9 6 649.085572
demand_151 9 7 71.156508
demand_152 9 8 285.486773
demand_153 9 10 165.329170
demand_154 9 11 578.764485
demand_155 9 12 246.984935
demand_156 9 13 8.920669
demand_157 9 14 153.289058
demand_158 9 15 616.514293
demand_159 9 16 1178.269314
demand_160 10 0 344.981033
demand_161 10 1 28.664751
demand_162 10 2 709.445421
demand_163 10 3 371.532147
demand_164 10 4 561.517631
demand_165 10 5 2325.275327
demand_166 10 6 2157.584085
demand_167 10 7 236.526826
demand_168 10 8 948.968431
demand_169 10 9 277.844356
demand_170 10 11 1923.834229
demand_171 10 12 820.986920
demand_172 10 13 29.652629
demand_173 10 14 509.538412
demand_174 10 15 2049.315966
demand_175 10 16 3916.610118
demand_176 11 0 14.093879
demand_177 11 1 1.171072
demand_178 11 2 28.983733
demand_179 11 3 15.178600
demand_180 11 4 22.940280
demand_181 11 5 94.996960
demand_182 11 6 88.146091
demand_183 11 7 9.663083
demand_184 11 8 38.769222
demand_185 11 9 11.351073
demand_186 11 10 22.451770
demand_187 11 12 33.540657
demand_188 11 13 1.211431
demand_189 11 14 20.816718
demand_190 11 15 83.722897
demand_191 11 16 160.009463
demand_192 12 0 372.489261
demand_193 12 1 30.950432
demand_194 12 2 766.015448
demand_195 12 3 401.157518
demand_196 12 4 606.292136
demand_197 12 5 2510.689010
demand_198 12 6 2329.626340
demand_199 12 7 255.387091
demand_200 12 8 1024.637635
demand_201 12 9 299.999215
demand_202 12 10 593.381222
demand_203 12 11 2077.237651
demand_204 12 13 32.017081
demand_205 12 14 550.168178
demand_206 12 15 2212.725097
demand_207 12 16 4228.914256
demand_208 13 0 38.975470
demand_209 13 1 3.238503
demand_210 13 2 80.152142
demand_211 13 3 41.975177
demand_212 13 4 63.439469
demand_213 13 5 262.706324
demand_214 13 6 243.760804
demand_215 13 7 26.722467
demand_216 13 8 107.213114
demand_217 13 9 31.390463
demand_218 13 10 62.088534
demand_219 13 11 217.352075
demand_220 13 12 92.753943
demand_221 13 14 57.566930
demand_222 13 15 231.528825
demand_223 13 16 442.493082
demand_224 14 0 144.336360
demand_225 14 1 11.993024
demand_226 14 2 296.824346
demand_227 14 3 155.445061
demand_228 14 4 234.932947
demand_229 14 5 972.870229
demand_230 14 6 902.710014
demand_231 14 7 98.960284
demand_232 14 8 397.038202
demand_233 14 9 116.247095
demand_234 14 10 229.930080
demand_235 14 11 804.911584
demand_236 14 12 343.492112
demand_237 14 13 12.406342
demand_238 14 15 857.411795
demand_239 14 16 1638.667618
demand_240 15 0 631.564679
demand_241 15 1 52.477216
demand_242 15 2 1298.797984
demand_243 15 3 680.172412
demand_244 15 4 1027.983189
demand_245 15 5 4256.934808
demand_246 15 6 3949.938608
demand_247 15 7 433.015078
demand_248 15 8 1737.298246
demand_249 15 9 508.656028
demand_250 15 10 1006.092418
demand_251 15 11 3522.007394
demand_252 15 12 1502.999561
demand_253 15 13 54.285747
demand_254 15 14 932.823643
demand_255 15 16 7170.227862
demand_256 16 0 156.433135
demand_257 16 1 12.998155
demand_258 16 2 321.701081
demand_259 16 3 168.472852
demand_260 16 4 254.622588
demand_261 16 5 1054.406110
demand_262 16 6 978.365794
demand_263 16 7 107.254108
demand_264 16 8 430.313822
demand_265 16 9 125.989720
demand_266 16 10 249.200432
demand_267 16 11 872.370916
demand_268 16 12 372.280054
demand_269 16 13 13.446112
demand_270 16 14 231.052387
demand_271 16 15 929.271149
