DEMANDS 272
label src dest bw
demand_0 0 1 52.732154
demand_1 0 2 1257.230185
demand_2 0 3 676.218212
demand_3 0 4 1050.679251
demand_4 0 5 3659.085396
demand_5 0 6 3072.429163
demand_6 0 7 336.788651
demand_7 0 8 1788.425341
demand_8 0 9 353.959444
demand_9 0 10 927.889573
demand_10 0 11 1896.567959
demand_11 0 12 1736.584731
demand_12 0 13 225.181190
demand_13 0 14 788.578388
demand_14 0 15 2155.376831
demand_15 0 16 4959.976859
demand_16 1 0 23.080161
demand_17 1 2 73.785915
demand_18 1 3 39.686750
demand_19 1 4 61.663593
demand_20 1 5 214.749031
demand_21 1 6 180.318608
demand_22 1 7 19.765878
demand_23 1 8 104.961368
demand_24 1 9 20.773619
demand_25 1 10 54.457157
demand_26 1 11 111.308179
demand_27 1 12 101.918881
demand_28 1 13 13.215718
demand_29 1 14 46.281086
demand_30 1 15 126.497481
demand_31 1 16 291.097395
demand_32 2 0 60.142033
demand_33 2 1 8.064426
demand_34 2 3 103.415302
demand_35 2 4 160.682321
demand_36 2 5 559.590698
demand_37 2 6 469.872275
demand_38 2 7 51.505711
demand_39 2 8 273.507196
demand_40 2 9 54.131672
demand_41 2 10 141.903869
demand_42 2 11 290.045646
demand_43 2 12 265.579115
demand_44 2 13 34.437376
demand_45 2 14 120.598752
demand_46 2 15 329.625766
demand_47 2 16 758.538436
demand_48 3 0 324.404459
demand_49 3 1 43.499290
demand_50 3 2 1037.101956
demand_51 3 4 866.715992
demand_52 3 5 3018.416730
demand_53 3 6 2534.478041
demand_54 3 7 277.820381
demand_55 3 8 1475.290239
demand_56 3 9 291.984742
demand_57 3 10 765.425539
demand_58 3 11 1564.498184
demand_59 3 12 1432.526393
demand_60 3 13 185.754252
demand_61 3 14 650.506327
demand_62 3 15 1777.992253
demand_63 3 16 4091.535319
demand_64 4 0 162.531162
demand_65 4 1 21.793752
demand_66 4 2 519.602557
demand_67 4 3 279.475244
demand_68 4 5 1512.268916
demand_69 4 6 1269.808877
demand_70 4 7 139.191889
demand_71 4 8 739.141003
demand_72 4 9 146.288432
demand_73 4 10 383.488880
demand_74 4 11 783.835429
demand_75 4 12 717.715720
demand_76 4 13 93.065473
demand_77 4 14 325.912750
demand_78 4 15 890.798938
demand_79 4 16 2049.916308
demand_80 5 0 89.304549
demand_81 5 1 11.974818
demand_82 5 2 285.501385
demand_83 5 3 153.560771
demand_84 5 4 238.596229
demand_85 5 6 697.710564
demand_86 5 7 76.480526
demand_87 5 8 406.129218
demand_88 5 9 80.379800
demand_89 5 10 210.712216
demand_90 5 11 430.687066
demand_91 5 12 394.356858
demand_92 5 13 51.135856
demand_93 5 14 179.076373
demand_94 5 15 489.459351
demand_95 5 16 1126.349240
demand_96 6 0 37.982392
demand_97 6 1 5.093047
demand_98 6 2 121.427472
demand_99 6 3 65.311404
demand_100 6 4 101.478096
demand_101 6 5 353.406637
demand_102 6 7 32.528168
demand_103 6 8 172.732067
demand_104 6 9 34.186580
demand_105 6 10 89.618661
demand_106 6 11 183.176841
demand_107 6 12 167.725129
demand_108 6 13 21.748748
demand_109 6 14 76.163523
demand_110 6 15 208.173462
demand_111 6 16 479.051060
demand_112 7 0 651.134889
demand_113 7 1 87.310469
demand_114 7 2 2081.639902
demand_115 7 3 1119.638099
demand_116 7 4 1739.646312
demand_117 7 5 6058.475416
demand_118 7 6 5087.128213
demand_119 7 8 2961.158264
demand_120 7 9 586.063007
demand_121 7 10 1536.339156
demand_122 7 11 3140.213773
demand_123 7 12 2875.323957
demand_124 7 13 372.840356
demand_125 7 14 1305.676764
demand_126 7 15 3568.732656
demand_127 7 16 8212.406822
demand_128 8 0 174.692892
demand_129 8 1 23.424514
demand_130 8 2 558.482891
demand_131 8 3 300.387556
demand_132 8 4 466.729476
demand_133 8 5 1625.427558
demand_134 8 6 1364.824947
demand_135 8 7 149.607209
demand_136 8 9 157.234766
demand_137 8 10 412.184226
demand_138 8 11 842.487533
demand_139 8 12 771.420279
demand_140 8 13 100.029289
demand_141 8 14 350.299844
demand_142 8 15 957.454807
demand_143 8 16 2203.305526
demand_144 9 0 81.167619
demand_145 9 1 10.883740
demand_146 9 2 259.488100
demand_147 9 3 139.569175
demand_148 9 4 216.856679
demand_149 9 5 755.222974
demand_150 9 6 634.139092
demand_151 9 7 69.512050
demand_152 9 8 369.125002
demand_153 9 10 191.513301
demand_154 9 11 391.445276
demand_155 9 12 358.425274
demand_156 9 13 46.476644
demand_157 9 14 162.759939
demand_158 9 15 444.862561
demand_159 9 16 1023.722616
demand_160 10 0 217.302960
demand_161 10 1 29.138084
demand_162 10 2 694.704768
demand_163 10 3 373.656330
demand_164 10 4 580.571398
demand_165 10 5 2021.892334
demand_166 10 6 1697.725059
demand_167 10 7 186.098524
demand_168 10 8 988.226044
demand_169 10 9 195.586549
demand_170 10 11 1047.982160
demand_171 10 12 959.580599
demand_172 10 13 124.427848
demand_173 10 14 435.742932
demand_174 10 15 1190.991579
demand_175 10 16 2740.722914
demand_176 11 0 10.953423
demand_177 11 1 1.468741
demand_178 11 2 35.017448
demand_179 11 3 18.834607
demand_180 11 4 29.264415
demand_181 11 5 101.915969
demand_182 11 6 85.575919
demand_183 11 7 9.380525
demand_184 11 8 49.812749
demand_185 11 9 9.858781
demand_186 11 10 25.844372
demand_187 11 12 48.368840
demand_188 11 13 6.271939
demand_189 11 14 21.964158
demand_190 11 15 60.033395
demand_191 11 16 138.149509
demand_192 12 0 311.239874
demand_193 12 1 41.734055
demand_194 12 2 995.015552
demand_195 12 3 535.182536
demand_196 12 4 831.543983
demand_197 12 5 2895.927031
demand_198 12 6 2431.626951
demand_199 12 7 266.546214
demand_200 12 8 1415.421814
demand_201 12 9 280.135774
demand_202 12 10 734.363975
demand_203 12 11 1501.009631
demand_204 12 13 178.216200
demand_205 12 14 624.108274
demand_206 12 15 1705.839945
demand_207 12 16 3925.497633
demand_208 13 0 45.948415
demand_209 13 1 6.161208
demand_210 13 2 146.894377
demand_211 13 3 79.009122
demand_212 13 4 122.761031
demand_213 13 5 427.526379
demand_214 13 6 358.981650
demand_215 13 7 39.350279
demand_216 13 8 208.959050
demand_217 13 9 41.356509
demand_218 13 10 108.414324
demand_219 13 11 221.594400
demand_220 13 12 202.902010
demand_221 13 14 92.137249
demand_222 13 15 251.833546
demand_223 13 16 579.522125
demand_224 14 0 94.006674
demand_225 14 1 12.605325
demand_226 14 2 300.533801
demand_227 14 3 161.646158
demand_228 14 4 251.158963
demand_229 14 5 874.683773
demand_230 14 6 734.446902
demand_231 14 7 80.507432
demand_232 14 8 427.513014
demand_233 14 9 84.612013
demand_234 14 10 221.806781
demand_235 14 11 453.363898
demand_236 14 12 415.120808
demand_237 14 13 53.828296
demand_238 14 15 515.230703
demand_239 14 16 1185.654557
demand_240 15 0 539.467797
demand_241 15 1 72.337064
demand_242 15 2 1724.646786
demand_243 15 3 927.624536
demand_244 15 4 1441.303761
demand_245 15 5 5019.470535
demand_246 15 6 4214.705585
demand_247 15 7 462.000891
demand_248 15 8 2453.331183
demand_249 15 9 485.555489
demand_250 15 10 1272.862989
demand_251 15 11 2601.679370
demand_252 15 12 2382.217124
demand_253 15 13 308.899691
demand_254 15 14 1081.758297
demand_255 15 16 6804.011114
demand_256 16 0 161.595772
demand_257 16 1 21.668325
demand_258 16 2 516.612169
demand_259 16 3 277.866823
demand_260 16 4 431.737715
demand_261 16 5 1503.565589
demand_262 16 6 1262.500943
demand_263 16 7 138.390820
demand_264 16 8 734.887140
demand_265 16 9 145.446521
demand_266 16 10 381.281846
demand_267 16 11 779.324342
demand_268 16 12 713.585162
demand_269 16 13 92.529868
demand_270 16 14 324.037075
demand_271 16 15 885.672261
