DEMANDS 272
label src dest bw
demand_0 0 1 180.033788
demand_1 0 2 2068.563892
demand_2 0 3 1362.737439
demand_3 0 4 1641.259961
demand_4 0 5 5514.196721
demand_5 0 6 3972.807568
demand_6 0 7 408.445089
demand_7 0 8 2779.001660
demand_8 0 9 553.210317
demand_9 0 10 1605.192130
demand_10 0 11 3008.823858
demand_11 0 12 2132.229579
demand_12 0 13 220.458952
demand_13 0 14 1534.780213
demand_14 0 15 3529.114709
demand_15 0 16 6025.040520
demand_16 1 0 26.733596
demand_17 1 2 43.753989
demand_18 1 3 28.824441
demand_19 1 4 34.715713
demand_20 1 5 116.635557
demand_21 1 6 84.032298
demand_22 1 7 8.639376
demand_23 1 8 58.781074
demand_24 1 9 11.701431
demand_25 1 10 33.952811
demand_26 1 11 63.642243
demand_27 1 12 45.100637
demand_28 1 13 4.663118
demand_29 1 14 32.463467
demand_30 1 15 74.647366
demand_31 1 16 127.440857
demand_32 2 0 160.457967
demand_33 2 1 22.856337
demand_34 2 3 173.007449
demand_35 2 4 208.367504
demand_36 2 5 700.059367
demand_37 2 6 504.371043
demand_38 2 7 51.854481
demand_39 2 8 352.810435
demand_40 2 9 70.233269
demand_41 2 10 203.788483
demand_42 2 11 381.987701
demand_43 2 12 270.698955
demand_44 2 13 27.988547
demand_45 2 14 194.849281
demand_46 2 15 448.041652
demand_47 2 16 764.913961
demand_48 3 0 552.160519
demand_49 3 1 78.652168
demand_50 3 2 903.702781
demand_51 3 4 717.024597
demand_52 3 5 2409.011843
demand_53 3 6 1735.618253
demand_54 3 7 178.439237
demand_55 3 8 1214.074914
demand_56 3 9 241.683471
demand_57 3 10 701.267482
demand_58 3 11 1314.478368
demand_59 3 12 931.516695
demand_60 3 13 96.312891
demand_61 3 14 670.506312
demand_62 3 15 1541.780165
demand_63 3 16 2632.186463
demand_64 4 0 283.393610
demand_65 4 1 40.367830
demand_66 4 2 463.820909
demand_67 4 3 305.557938
demand_68 4 5 1236.413218
demand_69 4 6 890.797343
demand_70 4 7 91.583041
demand_71 4 8 623.117846
demand_72 4 9 124.042827
demand_73 4 10 359.922010
demand_74 4 11 674.649414
demand_75 4 12 478.096261
demand_76 4 13 49.432107
demand_77 4 14 344.133994
demand_78 4 15 791.310919
demand_79 4 16 1350.956470
demand_80 5 0 220.957388
demand_81 5 1 31.474140
demand_82 5 2 361.633619
demand_83 5 3 238.238554
demand_84 5 4 286.930842
demand_85 5 6 694.540199
demand_86 5 7 71.405808
demand_87 5 8 485.834849
demand_88 5 9 96.714174
demand_89 5 10 280.625337
demand_90 5 11 526.013175
demand_91 5 12 372.763878
demand_92 5 13 38.541410
demand_93 5 14 268.315678
demand_94 5 15 616.972252
demand_95 5 16 1053.318785
demand_96 6 0 71.085495
demand_97 6 1 10.125730
demand_98 6 2 116.343269
demand_99 6 3 76.645121
demand_100 6 4 92.310202
demand_101 6 5 310.137713
demand_102 6 7 22.972381
demand_103 6 8 156.300775
demand_104 6 9 31.114483
demand_105 6 10 90.281621
demand_106 6 11 169.226779
demand_107 6 12 119.924050
demand_108 6 13 12.399383
demand_109 6 14 86.321408
demand_110 6 15 198.489757
demand_111 6 16 338.869355
demand_112 7 0 1376.556271
demand_113 7 1 196.082718
demand_114 7 2 2252.963927
demand_115 7 3 1484.217290
demand_116 7 4 1787.568421
demand_117 7 5 6005.754210
demand_118 7 6 4326.959480
demand_119 7 8 3026.732951
demand_120 7 9 602.525691
demand_121 7 10 1748.285359
demand_122 7 11 3277.042418
demand_123 7 12 2322.305028
demand_124 7 13 240.111542
demand_125 7 14 1671.596643
demand_126 7 15 3843.714070
demand_127 7 16 6562.136663
demand_128 8 0 305.580127
demand_129 8 1 43.528175
demand_130 8 2 500.132845
demand_131 8 3 329.479672
demand_132 8 4 396.820237
demand_133 8 5 1333.210400
demand_134 8 6 960.536708
demand_135 8 7 98.752959
demand_136 8 9 133.753978
demand_137 8 10 388.099836
demand_138 8 11 727.466839
demand_139 8 12 515.525795
demand_140 8 13 53.302082
demand_141 8 14 371.075797
demand_142 8 15 853.261621
demand_143 8 16 1456.721094
demand_144 9 0 188.291913
demand_145 9 1 26.821127
demand_146 9 2 308.171120
demand_147 9 3 203.018299
demand_148 9 4 244.512110
demand_149 9 5 821.495622
demand_150 9 6 591.862095
demand_151 9 7 60.849453
demand_152 9 8 414.010927
demand_153 9 10 239.138786
demand_154 9 11 448.249446
demand_155 9 12 317.655926
demand_156 9 13 32.843599
demand_157 9 14 228.648938
demand_158 9 15 525.761490
demand_159 9 16 897.600260
demand_160 10 0 352.921574
demand_161 10 1 50.271698
demand_162 10 2 577.615017
demand_163 10 3 380.523712
demand_164 10 4 458.296891
demand_165 10 5 1539.755600
demand_166 10 6 1109.346113
demand_167 10 7 114.052081
demand_168 10 8 775.993963
demand_169 10 9 154.475570
demand_170 10 11 840.168318
demand_171 10 12 595.392693
demand_172 10 13 61.559811
demand_173 10 14 428.564041
demand_174 10 15 985.451628
demand_175 10 16 1682.400964
demand_176 11 0 21.005343
demand_177 11 1 2.992093
demand_178 11 2 34.378747
demand_179 11 3 22.648179
demand_180 11 4 27.277118
demand_181 11 5 91.643858
demand_182 11 6 66.026555
demand_183 11 7 6.788202
demand_184 11 8 46.185954
demand_185 11 9 9.194146
demand_186 11 10 26.677684
demand_187 11 12 35.436847
demand_188 11 13 3.663944
demand_189 11 14 25.507465
demand_190 11 15 58.652548
demand_191 11 16 100.133888
demand_192 12 0 461.348501
demand_193 12 1 65.716506
demand_194 12 2 755.073768
demand_195 12 3 497.430752
demand_196 12 4 599.097929
demand_197 12 5 2012.809617
demand_198 12 6 1450.166848
demand_199 12 7 149.091925
demand_200 12 8 1014.400020
demand_201 12 9 201.934589
demand_202 12 10 585.932334
demand_203 12 11 1098.290450
demand_204 12 13 80.472627
demand_205 12 14 560.230352
demand_206 12 15 1288.208670
demand_207 12 16 2199.279444
demand_208 13 0 107.567209
demand_209 13 1 15.322345
demand_210 13 2 176.051678
demand_211 13 3 115.980084
demand_212 13 4 139.684625
demand_213 13 5 469.303168
demand_214 13 6 338.118365
demand_215 13 7 34.762012
demand_216 13 8 236.515734
demand_217 13 9 47.082715
demand_218 13 10 136.614958
demand_219 13 11 256.075479
demand_220 13 12 181.470148
demand_221 13 14 130.622329
demand_222 13 15 300.356479
demand_223 13 16 512.780147
demand_224 14 0 237.898842
demand_225 14 1 33.887355
demand_226 14 2 389.361132
demand_227 14 3 256.505006
demand_228 14 4 308.930674
demand_229 14 5 1037.924856
demand_230 14 6 747.792640
demand_231 14 7 76.880701
demand_232 14 8 523.085237
demand_233 14 9 104.129535
demand_234 14 10 302.141707
demand_235 14 11 566.344153
demand_236 14 12 401.344782
demand_237 14 13 41.496493
demand_238 14 15 664.277330
demand_239 14 16 1134.079836
demand_240 15 0 1365.794504
demand_241 15 1 194.549765
demand_242 15 2 2235.350501
demand_243 15 3 1472.613841
demand_244 15 4 1773.593406
demand_245 15 5 5958.801879
demand_246 15 6 4293.131783
demand_247 15 7 441.377681
demand_248 15 8 3003.070283
demand_249 15 9 597.815211
demand_250 15 10 1734.617455
demand_251 15 11 3251.422857
demand_252 15 12 2304.149500
demand_253 15 13 238.234376
demand_254 15 14 1658.528282
demand_255 15 16 6510.834594
demand_256 16 0 280.116750
demand_257 16 1 39.901060
demand_258 16 2 458.457781
demand_259 16 3 302.024794
demand_260 16 4 363.754005
demand_261 16 5 1222.116660
demand_262 16 6 880.497117
demand_263 16 7 90.524073
demand_264 16 8 615.912779
demand_265 16 9 122.608528
demand_266 16 10 355.760257
demand_267 16 11 666.848491
demand_268 16 12 472.568068
demand_269 16 13 48.860527
demand_270 16 14 340.154797
demand_271 16 15 782.161047
