DEMANDS 272
label src dest bw
demand_0 0 1 91.793202
demand_1 0 2 1478.072904
demand_2 0 3 398.396554
demand_3 0 4 1079.640756
demand_4 0 5 3361.927292
demand_5 0 6 3219.121265
demand_6 0 7 184.076585
demand_7 0 8 2366.951349
demand_8 0 9 321.319165
demand_9 0 10 984.653486
demand_10 0 11 2403.784775
demand_11 0 12 1865.868345
demand_12 0 13 157.493427
demand_13 0 14 771.187341
demand_14 0 15 2909.956412
demand_15 0 16 4118.483539
demand_16 1 0 6.898766
demand_17 1 2 27.995010
demand_18 1 3 7.545714
demand_19 1 4 20.448622
demand_20 1 5 63.675606
demand_21 1 6 60.970830
demand_22 1 7 3.486449
demand_23 1 8 44.830554
demand_24 1 9 6.085852
demand_25 1 10 18.649543
demand_26 1 11 45.528187
demand_27 1 12 35.339937
demand_28 1 13 2.982958
demand_29 1 14 14.606450
demand_30 1 15 55.115183
demand_31 1 16 78.004940
demand_32 2 0 43.302923
demand_33 2 1 10.912923
demand_34 2 3 47.363756
demand_35 2 4 128.354127
demand_36 2 5 399.685951
demand_37 2 6 382.708319
demand_38 2 7 21.884121
demand_39 2 8 281.397281
demand_40 2 9 38.200337
demand_41 2 10 117.061474
demand_42 2 11 285.776259
demand_43 2 12 221.825548
demand_44 2 13 18.723757
demand_45 2 14 91.683347
demand_46 2 15 345.952959
demand_47 2 16 489.629866
demand_48 3 0 269.627985
demand_49 3 1 67.949902
demand_50 3 2 1094.143223
demand_51 3 4 799.203891
demand_52 3 5 2488.666123
demand_53 3 6 2382.953985
demand_54 3 7 136.262662
demand_55 3 8 1752.135345
demand_56 3 9 237.856459
demand_57 3 10 728.889581
demand_58 3 11 1779.401283
demand_59 3 12 1381.208734
demand_60 3 13 116.584484
demand_61 3 14 570.871302
demand_62 3 15 2154.094754
demand_63 3 16 3048.706760
demand_64 4 0 83.785283
demand_65 4 1 21.115025
demand_66 4 2 339.998458
demand_67 4 3 91.642445
demand_68 4 5 773.338103
demand_69 4 6 740.488689
demand_70 4 7 42.342807
demand_71 4 8 544.465572
demand_72 4 9 73.912471
demand_73 4 10 226.498075
demand_74 4 11 552.938299
demand_75 4 12 429.202348
demand_76 4 13 36.227931
demand_77 4 14 177.394840
demand_78 4 15 669.372053
demand_79 4 16 947.367379
demand_80 5 0 70.306257
demand_81 5 1 17.718128
demand_82 5 2 285.300927
demand_83 5 3 76.899391
demand_84 5 4 208.394665
demand_85 5 6 621.361963
demand_86 5 7 35.530873
demand_87 5 8 456.874226
demand_88 5 9 62.021741
demand_89 5 10 190.060011
demand_90 5 11 463.983896
demand_91 5 12 360.154067
demand_92 5 13 30.399732
demand_93 5 14 148.856300
demand_94 5 15 561.686274
demand_95 5 16 794.958874
demand_96 6 0 11.266484
demand_97 6 1 2.839306
demand_98 6 2 45.719092
demand_99 6 3 12.323025
demand_100 6 4 33.394967
demand_101 6 5 103.989637
demand_102 6 7 5.693775
demand_103 6 8 73.213484
demand_104 6 9 9.938901
demand_105 6 10 30.456863
demand_106 6 11 74.352800
demand_107 6 12 57.714208
demand_108 6 13 4.871517
demand_109 6 14 23.854023
demand_110 6 15 90.009475
demand_111 6 16 127.391098
demand_112 7 0 903.443489
demand_113 7 1 227.679989
demand_114 7 2 3666.149749
demand_115 7 3 988.166026
demand_116 7 4 2677.895436
demand_117 7 5 8338.782792
demand_118 7 6 7984.572740
demand_119 7 8 5870.886387
demand_120 7 9 796.986517
demand_121 7 10 2442.293017
demand_122 7 11 5962.246466
demand_123 7 12 4628.021219
demand_124 7 13 390.640061
demand_125 7 14 1912.820585
demand_126 7 15 7217.733266
demand_127 7 16 10215.313027
demand_128 8 0 108.516238
demand_129 8 1 27.347561
demand_130 8 2 440.356019
demand_131 8 3 118.692603
demand_132 8 4 321.652811
demand_133 8 5 1001.604801
demand_134 8 6 959.059204
demand_135 8 7 54.841160
demand_136 8 9 95.729262
demand_137 8 10 293.353655
demand_138 8 11 716.149447
demand_139 8 12 555.890277
demand_140 8 13 46.921352
demand_141 8 14 229.756588
demand_142 8 15 866.951025
demand_143 8 16 1227.002409
demand_144 9 0 70.036255
demand_145 9 1 17.650084
demand_146 9 2 284.205268
demand_147 9 3 76.604070
demand_148 9 4 207.594354
demand_149 9 5 646.434587
demand_150 9 6 618.975708
demand_151 9 7 35.394421
demand_152 9 8 455.119663
demand_153 9 10 189.330112
demand_154 9 11 462.202030
demand_155 9 12 358.770945
demand_156 9 13 30.282986
demand_157 9 14 148.284638
demand_158 9 15 559.529195
demand_159 9 16 791.905944
demand_160 10 0 208.744801
demand_161 10 1 52.606516
demand_162 10 2 847.080873
demand_163 10 3 228.320335
demand_164 10 4 618.740139
demand_165 10 5 1926.714370
demand_166 10 6 1844.872498
demand_167 10 7 105.493954
demand_168 10 8 1356.495480
demand_169 10 9 184.147424
demand_170 10 11 1377.604650
demand_171 10 12 1069.325729
demand_172 10 13 90.259195
demand_173 10 14 441.966052
demand_174 10 15 1667.690687
demand_175 10 16 2360.295369
demand_176 11 0 6.443933
demand_177 11 1 1.623958
demand_178 11 2 26.149311
demand_179 11 3 7.048228
demand_180 11 4 19.100453
demand_181 11 5 59.477500
demand_182 11 6 56.951049
demand_183 11 7 3.256589
demand_184 11 8 41.874894
demand_185 11 9 5.684615
demand_186 11 10 17.419987
demand_187 11 12 33.009990
demand_188 11 13 2.786293
demand_189 11 14 13.643453
demand_190 11 15 51.481462
demand_191 11 16 72.862107
demand_192 12 0 236.007938
demand_193 12 1 59.477195
demand_194 12 2 957.713961
demand_195 12 3 258.140137
demand_196 12 4 699.550760
demand_197 12 5 2178.353106
demand_198 12 6 2085.822268
demand_199 12 7 119.272003
demand_200 12 8 1533.660717
demand_201 12 9 208.198019
demand_202 12 10 638.003976
demand_203 12 11 1557.526852
demand_204 12 13 102.047506
demand_205 12 14 499.689075
demand_206 12 15 1885.499608
demand_207 12 16 2668.561998
demand_208 13 0 35.064745
demand_209 13 1 8.836791
demand_210 13 2 142.291808
demand_211 13 3 38.353024
demand_212 13 4 103.935357
demand_213 13 5 323.647576
demand_214 13 6 309.899859
demand_215 13 7 17.720770
demand_216 13 8 227.862770
demand_217 13 9 30.932902
demand_218 13 10 94.791079
demand_219 13 11 231.408668
demand_220 13 12 179.624279
demand_221 13 14 74.241021
demand_222 13 15 280.137034
demand_223 13 16 396.480083
demand_224 14 0 71.697514
demand_225 14 1 18.068744
demand_226 14 2 290.946615
demand_227 14 3 78.421118
demand_228 14 4 212.518491
demand_229 14 5 661.768011
demand_230 14 6 633.657807
demand_231 14 7 36.233977
demand_232 14 8 465.915098
demand_233 14 9 63.249061
demand_234 14 10 193.821021
demand_235 14 11 473.165458
demand_236 14 12 367.280990
demand_237 14 13 31.001299
demand_238 14 15 572.801223
demand_239 14 16 810.689947
demand_240 15 0 477.722015
demand_241 15 1 120.392415
demand_242 15 2 1938.583286
demand_243 15 3 522.521521
demand_244 15 4 1416.015081
demand_245 15 5 4409.373881
demand_246 15 6 4222.075017
demand_247 15 7 241.427733
demand_248 15 8 3104.401894
demand_249 15 9 421.429796
demand_250 15 10 1291.433451
demand_251 15 11 3152.711193
demand_252 15 12 2447.200796
demand_253 15 13 206.562291
demand_254 15 14 1011.459506
demand_255 15 16 5401.643810
demand_256 16 0 72.300584
demand_257 16 1 18.220726
demand_258 16 2 293.393854
demand_259 16 3 79.080741
demand_260 16 4 214.306048
demand_261 16 5 667.334340
demand_262 16 6 638.987694
demand_263 16 7 36.538752
demand_264 16 8 469.834050
demand_265 16 9 63.781068
demand_266 16 10 195.451307
demand_267 16 11 477.145396
demand_268 16 12 370.370300
demand_269 16 13 31.262060
demand_270 16 14 153.078800
demand_271 16 15 577.619227
