DEMANDS 272
label src dest bw
demand_0 0 1 37.782846
demand_1 0 2 1762.751763
demand_2 0 3 599.842666
demand_3 0 4 1713.668917
demand_4 0 5 3047.927223
demand_5 0 6 2786.869817
demand_6 0 7 335.170971
demand_7 0 8 2376.943241
demand_8 0 9 436.687577
demand_9 0 10 1110.496299
demand_10 0 11 2500.659467
demand_11 0 12 2051.527204
demand_12 0 13 332.027490
demand_13 0 14 613.723268
demand_14 0 15 2504.567778
demand_15 0 16 4951.857971
demand_16 1 0 5.835171
demand_17 1 2 18.590188
demand_18 1 3 6.326012
demand_19 1 4 18.072555
demand_20 1 5 32.143801
demand_21 1 6 29.390658
demand_22 1 7 3.534753
demand_23 1 8 25.067524
demand_24 1 9 4.605359
demand_25 1 10 11.711425
demand_26 1 11 26.372250
demand_27 1 12 21.635648
demand_28 1 13 3.501601
demand_29 1 14 6.472398
demand_30 1 15 26.413468
demand_31 1 16 52.222879
demand_32 2 0 81.506499
demand_33 2 1 5.565779
demand_34 2 3 88.362638
demand_35 2 4 252.440040
demand_36 2 5 448.989221
demand_37 2 6 410.532935
demand_38 2 7 49.373933
demand_39 2 8 350.146777
demand_40 2 9 64.328312
demand_41 2 10 163.586868
demand_42 2 11 368.371376
demand_43 2 12 302.209841
demand_44 2 13 48.910867
demand_45 2 14 90.407386
demand_46 2 15 368.947108
demand_47 2 16 729.456673
demand_48 3 0 428.228034
demand_49 3 1 29.242119
demand_50 3 2 1364.285721
demand_51 3 4 1326.297941
demand_52 3 5 2358.950181
demand_53 3 6 2156.904210
demand_54 3 7 259.406333
demand_55 3 8 1839.640607
demand_56 3 9 337.975340
demand_57 3 10 859.471127
demand_58 3 11 1935.391061
demand_59 3 12 1587.784128
demand_60 3 13 256.973428
demand_61 3 14 474.992514
demand_62 3 15 1938.415906
demand_63 3 16 3832.501697
demand_64 4 0 272.293023
demand_65 4 1 18.593890
demand_66 4 2 867.494544
demand_67 4 3 295.197685
demand_68 4 5 1499.961759
demand_69 4 6 1371.488834
demand_70 4 7 164.946077
demand_71 4 8 1169.753641
demand_72 4 9 214.904956
demand_73 4 10 546.503201
demand_74 4 11 1230.637512
demand_75 4 12 1009.608212
demand_76 4 13 163.399091
demand_77 4 14 302.028679
demand_78 4 15 1232.560890
demand_79 4 16 2436.934037
demand_80 5 0 144.849352
demand_81 5 1 9.891230
demand_82 5 2 461.473529
demand_83 5 3 157.033746
demand_84 5 4 448.624055
demand_85 5 6 729.578990
demand_86 5 7 87.744931
demand_87 5 8 622.263673
demand_88 5 9 114.321121
demand_89 5 10 290.718556
demand_90 5 11 654.651536
demand_91 5 12 537.072502
demand_92 5 13 86.921994
demand_93 5 14 160.667570
demand_94 5 15 655.674699
demand_95 5 16 1296.354610
demand_96 6 0 22.179956
demand_97 6 1 1.514588
demand_98 6 2 70.662813
demand_99 6 3 24.045683
demand_100 6 4 68.695246
demand_101 6 5 122.181192
demand_102 6 7 13.435881
demand_103 6 8 95.283692
demand_104 6 9 17.505342
demand_105 6 10 44.516076
demand_106 6 11 100.243061
demand_107 6 12 82.238853
demand_108 6 13 13.309870
demand_109 6 14 24.602110
demand_110 6 15 100.399732
demand_111 6 16 198.503397
demand_112 7 0 672.122368
demand_113 7 1 45.896767
demand_114 7 2 2141.305280
demand_115 7 3 728.659754
demand_116 7 4 2081.681820
demand_117 7 5 3702.474048
demand_118 7 6 3385.354182
demand_119 7 8 2887.395275
demand_120 7 9 530.466872
demand_121 7 10 1348.977002
demand_122 7 11 3037.679742
demand_123 7 12 2492.095669
demand_124 7 13 403.330878
demand_125 7 14 745.521236
demand_126 7 15 3042.427367
demand_127 7 16 6015.276705
demand_128 8 0 282.645348
demand_129 8 1 19.300812
demand_130 8 2 900.475874
demand_131 8 3 306.420824
demand_132 8 4 875.402622
demand_133 8 5 1556.988901
demand_134 8 6 1423.631555
demand_135 8 7 171.217173
demand_136 8 9 223.075441
demand_137 8 10 567.280741
demand_138 8 11 1277.425197
demand_139 8 12 1047.992571
demand_140 8 13 169.611371
demand_141 8 14 313.511526
demand_142 8 15 1279.421700
demand_143 8 16 2529.583987
demand_144 9 0 129.466076
demand_145 9 1 8.840763
demand_146 9 2 412.464165
demand_147 9 3 140.356464
demand_148 9 4 400.979328
demand_149 9 5 713.180825
demand_150 9 6 652.096316
demand_151 9 7 78.426252
demand_152 9 8 556.178090
demand_153 9 10 259.843693
demand_154 9 11 585.126301
demand_155 9 12 480.034383
demand_156 9 13 77.690713
demand_157 9 14 143.604369
demand_158 9 15 586.040801
demand_159 9 16 1158.679290
demand_160 10 0 299.250834
demand_161 10 1 20.434740
demand_162 10 2 953.379058
demand_163 10 3 324.423125
demand_164 10 4 926.832746
demand_165 10 5 1648.462390
demand_166 10 6 1507.270267
demand_167 10 7 181.276225
demand_168 10 8 1285.562695
demand_169 10 9 236.181179
demand_170 10 11 1352.474249
demand_171 10 12 1109.562398
demand_172 10 13 179.576082
demand_173 10 14 331.930407
demand_174 10 15 1354.588047
demand_175 10 16 2678.197682
demand_176 11 0 1.018720
demand_177 11 1 0.069565
demand_178 11 2 3.245525
demand_179 11 3 1.104412
demand_180 11 4 3.155155
demand_181 11 5 5.611751
demand_182 11 6 5.131100
demand_183 11 7 0.617107
demand_184 11 8 4.376356
demand_185 11 9 0.804016
demand_186 11 10 2.044612
demand_187 11 12 3.777210
demand_188 11 13 0.611319
demand_189 11 14 1.129969
demand_190 11 15 4.611334
demand_191 11 16 9.117211
demand_192 12 0 401.811439
demand_193 12 1 27.438227
demand_194 12 2 1280.125461
demand_195 12 3 435.610893
demand_196 12 4 1244.481077
demand_197 12 5 2213.430912
demand_198 12 6 2023.848783
demand_199 12 7 243.404036
demand_200 12 8 1726.156585
demand_201 12 9 317.126267
demand_202 12 10 806.451945
demand_203 12 11 1816.000370
demand_204 12 13 241.121213
demand_205 12 14 445.691105
demand_206 12 15 1818.838619
demand_207 12 16 3596.081764
demand_208 13 0 75.370248
demand_209 13 1 5.146757
demand_210 13 2 240.121023
demand_211 13 3 81.710220
demand_212 13 4 233.434986
demand_213 13 5 415.186879
demand_214 13 6 379.625790
demand_215 13 7 45.656795
demand_216 13 8 323.785830
demand_217 13 9 59.485328
demand_218 13 10 151.271162
demand_219 13 11 340.638382
demand_220 13 12 279.457846
demand_221 13 14 83.601028
demand_222 13 15 341.170770
demand_223 13 16 674.539221
demand_224 14 0 186.538301
demand_225 14 1 12.738015
demand_226 14 2 594.289773
demand_227 14 3 202.229474
demand_228 14 4 577.742103
demand_229 14 5 1027.570651
demand_230 14 6 939.558402
demand_231 14 7 112.998713
demand_232 14 8 801.356769
demand_233 14 9 147.223770
demand_234 14 10 374.389978
demand_235 14 11 843.066152
demand_236 14 12 691.646811
demand_237 14 13 111.938927
demand_238 14 15 844.383790
demand_239 14 16 1669.457157
demand_240 15 0 562.262620
demand_241 15 1 38.394849
demand_242 15 2 1791.304640
demand_243 15 3 609.558857
demand_244 15 4 1741.426754
demand_245 15 5 3097.297243
demand_246 15 6 2832.011255
demand_247 15 7 340.600037
demand_248 15 8 2415.444730
demand_249 15 9 443.760999
demand_250 15 10 1128.484007
demand_251 15 11 2541.164899
demand_252 15 12 2084.757636
demand_253 15 13 337.405638
demand_254 15 14 623.664296
demand_255 15 16 5032.067670
demand_256 16 0 225.346692
demand_257 16 1 15.388098
demand_258 16 2 717.928883
demand_259 16 3 244.302337
demand_260 16 4 697.938551
demand_261 16 5 1241.351751
demand_262 16 6 1135.028980
demand_263 16 7 136.507548
demand_264 16 8 968.075166
demand_265 16 9 177.852963
demand_266 16 10 452.280000
demand_267 16 11 1018.461984
demand_268 16 12 835.540582
demand_269 16 13 135.227279
demand_270 16 14 249.955592
demand_271 16 15 1020.053750
