DEMANDS 272
label src dest bw
demand_0 0 1 50.224211
demand_1 0 2 1325.864558
demand_2 0 3 383.985125
demand_3 0 4 1282.373180
demand_4 0 5 4651.627082
demand_5 0 6 2677.856768
demand_6 0 7 312.869066
demand_7 0 8 1568.636042
demand_8 0 9 339.907552
demand_9 0 10 1275.105082
demand_10 0 11 1710.198271
demand_11 0 12 1392.176457
demand_12 0 13 83.465975
demand_13 0 14 723.752716
demand_14 0 15 1814.705203
demand_15 0 16 9585.713749
demand_16 1 0 16.936110
demand_17 1 2 64.388563
demand_18 1 3 18.647644
demand_19 1 4 62.276471
demand_20 1 5 225.899080
demand_21 1 6 130.045975
demand_22 1 7 15.194003
demand_23 1 8 76.178385
demand_24 1 9 16.507085
demand_25 1 10 61.923507
demand_26 1 11 83.053136
demand_27 1 12 67.608898
demand_28 1 13 4.053396
demand_29 1 14 35.147932
demand_30 1 15 88.128353
demand_31 1 16 465.515372
demand_32 2 0 25.248043
demand_33 2 1 3.636108
demand_34 2 3 27.799567
demand_35 2 4 92.840625
demand_36 2 5 336.766216
demand_37 2 6 193.870161
demand_38 2 7 22.650941
demand_39 2 8 113.565343
demand_40 2 9 24.608460
demand_41 2 10 92.314432
demand_42 2 11 123.814096
demand_43 2 12 100.790108
demand_44 2 13 6.042729
demand_45 2 14 52.397894
demand_46 2 15 131.380137
demand_47 2 16 693.981802
demand_48 3 0 327.182658
demand_49 3 1 47.119351
demand_50 3 2 1243.899625
demand_51 3 4 1203.096883
demand_52 3 5 4364.063543
demand_53 3 6 2512.311690
demand_54 3 7 293.527503
demand_55 3 8 1471.662978
demand_56 3 9 318.894471
demand_57 3 10 1196.278099
demand_58 3 11 1604.473831
demand_59 3 12 1306.112122
demand_60 3 13 78.306109
demand_61 3 14 679.010330
demand_62 3 15 1702.520145
demand_63 3 16 8993.125022
demand_64 4 0 112.831017
demand_65 4 1 16.249407
demand_66 4 2 428.966683
demand_67 4 3 124.233523
demand_68 4 5 1504.975020
demand_69 4 6 866.386637
demand_70 4 7 101.224823
demand_71 4 8 507.512322
demand_72 4 9 109.972783
demand_73 4 10 412.544098
demand_74 4 11 553.312987
demand_75 4 12 450.421058
demand_76 4 13 27.004359
demand_77 4 14 234.161023
demand_78 4 15 587.124882
demand_79 4 16 3101.336262
demand_80 5 0 45.489456
demand_81 5 1 6.551184
demand_82 5 2 172.944121
demand_83 5 3 50.086541
demand_84 5 4 167.271160
demand_85 5 6 349.296301
demand_86 5 7 40.810251
demand_87 5 8 204.610931
demand_88 5 9 44.337118
demand_89 5 10 166.323119
demand_90 5 11 223.076132
demand_91 5 12 181.593763
demand_92 5 13 10.887198
demand_93 5 14 94.405403
demand_94 5 15 236.707886
demand_95 5 16 1250.348562
demand_96 6 0 21.287914
demand_97 6 1 3.065788
demand_98 6 2 80.933469
demand_99 6 3 23.439233
demand_100 6 4 78.278667
demand_101 6 5 283.944778
demand_102 6 7 19.098164
demand_103 6 8 95.752735
demand_104 6 9 20.748648
demand_105 6 10 77.835008
demand_106 6 11 104.393981
demand_107 6 12 84.981283
demand_108 6 13 5.094933
demand_109 6 14 44.179338
demand_110 6 15 110.773297
demand_111 6 16 585.131464
demand_112 7 0 393.797615
demand_113 7 1 56.712932
demand_114 7 2 1497.159744
demand_115 7 3 433.594116
demand_116 7 4 1448.049494
demand_117 7 5 5252.594444
demand_118 7 6 3023.822704
demand_119 7 8 1771.296111
demand_120 7 9 383.821938
demand_121 7 10 1439.842393
demand_122 7 11 1931.147484
demand_123 7 12 1572.038814
demand_124 7 13 94.249369
demand_125 7 14 817.258010
demand_126 7 15 2049.156198
demand_127 7 16 10824.140863
demand_128 8 0 155.596999
demand_129 8 1 22.408369
demand_130 8 2 591.556564
demand_131 8 3 171.321361
demand_132 8 4 572.152161
demand_133 8 5 2075.400926
demand_134 8 6 1194.770414
demand_135 8 7 139.591747
demand_136 8 9 151.655418
demand_137 8 10 568.909378
demand_138 8 11 763.033453
demand_139 8 12 621.142722
demand_140 8 13 37.239735
demand_141 8 14 322.914333
demand_142 8 15 809.660962
demand_143 8 16 4276.825902
demand_144 9 0 29.487802
demand_145 9 1 4.246698
demand_146 9 2 112.108220
demand_147 9 3 32.467787
demand_148 9 4 108.430815
demand_149 9 5 393.317422
demand_150 9 6 226.425658
demand_151 9 7 26.454583
demand_152 9 8 132.635715
demand_153 9 10 107.816262
demand_154 9 11 144.605482
demand_155 9 12 117.715209
demand_156 9 13 7.057449
demand_157 9 14 61.196770
demand_158 9 15 153.442045
demand_159 9 16 810.518159
demand_160 10 0 239.929768
demand_161 10 1 34.553588
demand_162 10 2 912.177162
demand_163 10 3 264.176653
demand_164 10 4 882.255673
demand_165 10 5 3200.257496
demand_166 10 6 1842.329801
demand_167 10 7 215.249751
demand_168 10 8 1079.200710
demand_169 10 9 233.851870
demand_170 10 11 1176.593639
demand_171 10 12 957.798865
demand_172 10 13 57.423479
demand_173 10 14 497.932232
demand_174 10 15 1248.493017
demand_175 10 16 6594.843425
demand_176 11 0 11.163560
demand_177 11 1 1.607725
demand_178 11 2 42.442189
demand_179 11 3 12.291730
demand_180 11 4 41.049988
demand_181 11 5 148.903019
demand_182 11 6 85.720749
demand_183 11 7 10.015237
demand_184 11 8 50.213535
demand_185 11 9 10.880765
demand_186 11 10 40.817330
demand_187 11 12 44.564896
demand_188 11 13 2.671825
demand_189 11 14 23.168015
demand_190 11 15 58.090444
demand_191 11 16 306.847838
demand_192 12 0 296.125996
demand_193 12 1 42.646712
demand_194 12 2 1125.826830
demand_195 12 3 326.051973
demand_196 12 4 1088.897146
demand_197 12 5 3949.820169
demand_198 12 6 2273.839344
demand_199 12 7 265.665438
demand_200 12 8 1331.970549
demand_201 12 9 288.624535
demand_202 12 10 1082.725610
demand_203 12 11 1452.174799
demand_204 12 13 70.873177
demand_205 12 14 614.557664
demand_206 12 15 1540.914412
demand_207 12 16 8139.484279
demand_208 13 0 23.010086
demand_209 13 1 3.313807
demand_210 13 2 87.480912
demand_211 13 3 25.335445
demand_212 13 4 84.611339
demand_213 13 5 306.915647
demand_214 13 6 176.685733
demand_215 13 7 20.643188
demand_216 13 8 103.499042
demand_217 13 9 22.427195
demand_218 13 10 84.131787
demand_219 13 11 112.839357
demand_220 13 12 91.856189
demand_221 13 14 47.753405
demand_222 13 15 119.734753
demand_223 13 16 632.468055
demand_224 14 0 64.927667
demand_225 14 1 9.350586
demand_226 14 2 246.845296
demand_227 14 3 71.489144
demand_228 14 4 238.748208
demand_229 14 5 866.025310
demand_230 14 6 498.554957
demand_231 14 7 58.248979
demand_232 14 8 292.043728
demand_233 14 9 63.282920
demand_234 14 10 237.395057
demand_235 14 11 318.399339
demand_236 14 12 259.191037
demand_237 14 13 15.539433
demand_238 14 15 337.856111
demand_239 14 16 1784.638058
demand_240 15 0 374.407788
demand_241 15 1 53.920498
demand_242 15 2 1423.442519
demand_243 15 3 412.244787
demand_244 15 4 1376.750361
demand_245 15 5 4993.966939
demand_246 15 6 2874.935572
demand_247 15 7 335.894891
demand_248 15 8 1684.080945
demand_249 15 9 364.923294
demand_250 15 10 1368.947362
demand_251 15 11 1836.061548
demand_252 15 12 1494.634689
demand_253 15 13 89.608714
demand_254 15 14 777.017820
demand_255 15 16 10291.181280
demand_256 16 0 83.880385
demand_257 16 1 12.080070
demand_258 16 2 318.900701
demand_259 16 3 92.357190
demand_260 16 4 308.440031
demand_261 16 5 1118.822527
demand_262 16 6 644.085698
demand_263 16 7 75.252154
demand_264 16 8 377.292786
demand_265 16 9 81.755528
demand_266 16 10 306.691887
demand_267 16 11 411.341734
demand_268 16 12 334.850226
demand_269 16 13 20.075473
demand_270 16 14 174.079054
demand_271 16 15 436.478037
