DEMANDS 272
label src dest bw
demand_0 0 1 7.310779
demand_1 0 2 1430.776798
demand_2 0 3 380.238020
demand_3 0 4 1173.813744
demand_4 0 5 2879.828960
demand_5 0 6 2566.687343
demand_6 0 7 232.959585
demand_7 0 8 1643.841790
demand_8 0 9 239.532023
demand_9 0 10 1058.329568
demand_10 0 11 2216.570980
demand_11 0 12 1609.700292
demand_12 0 13 31.998491
demand_13 0 14 628.602810
demand_14 0 15 2532.721610
demand_15 0 16 4778.443747
demand_16 1 0 5.389546
demand_17 1 2 29.802381
demand_18 1 3 7.920172
demand_19 1 4 24.449967
demand_20 1 5 59.985430
demand_21 1 6 53.462843
demand_22 1 7 4.852434
demand_23 1 8 34.240421
demand_24 1 9 4.989335
demand_25 1 10 22.044488
demand_26 1 11 46.170090
demand_27 1 12 33.529270
demand_28 1 13 0.666513
demand_29 1 14 13.093489
demand_30 1 15 52.755353
demand_31 1 16 99.532648
demand_32 2 0 50.097076
demand_33 2 1 1.415477
demand_34 2 3 73.619833
demand_35 2 4 227.268100
demand_36 2 5 557.578457
demand_37 2 6 496.949502
demand_38 2 7 45.104500
demand_39 2 8 318.272641
demand_40 2 9 46.377024
demand_41 2 10 204.908616
demand_42 2 11 429.161677
demand_43 2 12 311.662330
demand_44 2 13 6.195392
demand_45 2 14 121.707015
demand_46 2 15 490.373223
demand_47 2 16 925.179005
demand_48 3 0 253.996367
demand_49 3 1 7.176589
demand_50 3 2 1404.514767
demand_51 3 4 1152.268291
demand_52 3 5 2826.969451
demand_53 3 6 2519.575576
demand_54 3 7 228.683592
demand_55 3 8 1613.668933
demand_56 3 9 235.135392
demand_57 3 10 1038.903838
demand_58 3 11 2175.885629
demand_59 3 12 1580.154104
demand_60 3 13 31.411156
demand_61 3 14 617.064752
demand_62 3 15 2486.233287
demand_63 3 16 4690.735001
demand_64 4 0 118.291816
demand_65 4 1 3.342299
demand_66 4 2 654.114090
demand_67 4 3 173.834973
demand_68 4 5 1316.583203
demand_69 4 6 1173.422968
demand_70 4 7 106.503088
demand_71 4 8 751.521886
demand_72 4 9 109.507836
demand_73 4 10 483.840864
demand_74 4 11 1013.358836
demand_75 4 12 735.913277
demand_76 4 13 14.628881
demand_77 4 14 287.380922
demand_78 4 15 1157.894714
demand_79 4 16 2184.580704
demand_80 5 0 81.345218
demand_81 5 1 2.298384
demand_82 5 2 449.811790
demand_83 5 3 119.540340
demand_84 5 4 369.026994
demand_85 5 6 806.922667
demand_86 5 7 73.238515
demand_87 5 8 516.795785
demand_88 5 9 75.304777
demand_89 5 10 332.720742
demand_90 5 11 696.852061
demand_91 5 12 506.062281
demand_92 5 13 10.059779
demand_93 5 14 197.621988
demand_94 5 15 796.244420
demand_95 5 16 1502.261107
demand_96 6 0 33.086182
demand_97 6 1 0.934840
demand_98 6 2 182.955495
demand_99 6 3 48.621585
demand_100 6 4 150.097258
demand_101 6 5 368.247887
demand_102 6 7 29.788879
demand_103 6 8 210.200423
demand_104 6 9 30.629306
demand_105 6 10 135.330130
demand_106 6 11 283.436131
demand_107 6 12 205.834700
demand_108 6 13 4.091693
demand_109 6 14 80.380349
demand_110 6 15 323.862769
demand_111 6 16 611.026501
demand_112 7 0 386.203982
demand_113 7 1 10.912075
demand_114 7 2 2135.578560
demand_115 7 3 567.543563
demand_116 7 4 1752.035305
demand_117 7 5 4298.434941
demand_118 7 6 3831.039522
demand_119 7 8 2453.599532
demand_120 7 9 357.525684
demand_121 7 10 1579.663535
demand_122 7 11 3308.455566
demand_123 7 12 2402.639905
demand_124 7 13 47.760972
demand_125 7 14 938.253043
demand_126 7 15 3780.342241
demand_127 7 16 7132.308847
demand_128 8 0 135.177618
demand_129 8 1 3.819402
demand_130 8 2 747.486913
demand_131 8 3 198.649394
demand_132 8 4 613.240593
demand_133 8 5 1504.521504
demand_134 8 6 1340.925574
demand_135 8 7 121.706084
demand_136 8 9 125.139751
demand_137 8 10 552.907695
demand_138 8 11 1158.012768
demand_139 8 12 840.962688
demand_140 8 13 16.717110
demand_141 8 14 328.403686
demand_142 8 15 1323.180709
demand_143 8 16 2496.423042
demand_144 9 0 66.654692
demand_145 9 1 1.883308
demand_146 9 2 368.578104
demand_147 9 3 97.951971
demand_148 9 4 302.382625
demand_149 9 5 741.864068
demand_150 9 6 661.196599
demand_151 9 7 60.012017
demand_152 9 8 423.465135
demand_153 9 10 272.633094
demand_154 9 11 571.004177
demand_155 9 12 414.670046
demand_156 9 13 8.243035
demand_157 9 14 161.932478
demand_158 9 15 652.446789
demand_159 9 16 1230.960508
demand_160 10 0 167.710296
demand_161 10 1 4.738603
demand_162 10 2 927.381716
demand_163 10 3 246.457580
demand_164 10 4 760.826849
demand_165 10 5 1866.608911
demand_166 10 6 1663.640978
demand_167 10 7 150.996620
demand_168 10 8 1065.483325
demand_169 10 9 155.256654
demand_170 10 11 1436.707250
demand_171 10 12 1043.353946
demand_172 10 13 20.740353
demand_173 10 14 407.439339
demand_174 10 15 1641.625525
demand_175 10 16 3097.227580
demand_176 11 0 4.852212
demand_177 11 1 0.137098
demand_178 11 2 26.831106
demand_179 11 3 7.130537
demand_180 11 4 22.012323
demand_181 11 5 54.004926
demand_182 11 6 48.132637
demand_183 11 7 4.368650
demand_184 11 8 30.826676
demand_185 11 9 4.491902
demand_186 11 10 19.846668
demand_187 11 12 30.186427
demand_188 11 13 0.600062
demand_189 11 14 11.788078
demand_190 11 15 47.495683
demand_191 11 16 89.609316
demand_192 12 0 250.031401
demand_193 12 1 7.064560
demand_194 12 2 1382.589836
demand_195 12 3 367.432028
demand_196 12 4 1134.281010
demand_197 12 5 2782.839541
demand_198 12 6 2480.244184
demand_199 12 7 225.113767
demand_200 12 8 1588.479037
demand_201 12 9 231.464853
demand_202 12 10 1022.686212
demand_203 12 11 2141.919348
demand_204 12 13 30.920818
demand_205 12 14 607.432171
demand_206 12 15 2447.422378
demand_207 12 16 4617.511106
demand_208 13 0 36.119853
demand_209 13 1 1.020555
demand_210 13 2 199.730677
demand_211 13 3 53.079696
demand_212 13 4 163.859670
demand_213 13 5 402.012521
demand_214 13 6 358.299213
demand_215 13 7 32.520220
demand_216 13 8 229.473692
demand_217 13 9 33.437705
demand_218 13 10 147.738544
demand_219 13 11 309.424379
demand_220 13 12 224.707676
demand_221 13 14 87.750420
demand_222 13 15 353.557733
demand_223 13 16 667.051497
demand_224 14 0 86.976050
demand_225 14 1 2.457482
demand_226 14 2 480.948399
demand_227 14 3 127.815091
demand_228 14 4 394.571565
demand_229 14 5 968.039969
demand_230 14 6 862.778995
demand_231 14 7 78.308189
demand_232 14 8 552.569121
demand_233 14 9 80.517481
demand_234 14 10 355.752142
demand_235 14 11 745.089147
demand_236 14 12 541.092628
demand_237 14 13 10.756131
demand_238 14 15 851.361585
demand_239 14 16 1606.249747
demand_240 15 0 352.136523
demand_241 15 1 9.949509
demand_242 15 2 1947.196929
demand_243 15 3 517.479949
demand_244 15 4 1597.486428
demand_245 15 5 3919.265474
demand_246 15 6 3493.099497
demand_247 15 7 317.043294
demand_248 15 8 2237.164937
demand_249 15 9 325.987967
demand_250 15 10 1440.319754
demand_251 15 11 3016.613221
demand_252 15 12 2190.700512
demand_253 15 13 43.547927
demand_254 15 14 855.488755
demand_255 15 16 6503.160383
demand_256 16 0 91.842614
demand_257 16 1 2.594985
demand_258 16 2 507.858869
demand_259 16 3 134.966719
demand_260 16 4 416.648999
demand_261 16 5 1022.204637
demand_262 16 6 911.054004
demand_263 16 7 82.689761
demand_264 16 8 583.486979
demand_265 16 9 85.022669
demand_266 16 10 375.657516
demand_267 16 11 786.779065
demand_268 16 12 571.368344
demand_269 16 13 11.357968
demand_270 16 14 223.124608
demand_271 16 15 898.997757
