DEMANDS 272
label src dest bw
demand_0 0 1 4.323661
demand_1 0 2 1245.884259
demand_2 0 3 642.320039
demand_3 0 4 1199.742587
demand_4 0 5 2930.354691
demand_5 0 6 2458.615142
demand_6 0 7 190.140918
demand_7 0 8 1461.050353
demand_8 0 9 379.614046
demand_9 0 10 1188.062201
demand_10 0 11 1463.190926
demand_11 0 12 1460.553105
demand_12 0 13 178.548904
demand_13 0 14 1116.288995
demand_14 0 15 1618.944833
demand_15 0 16 3493.002172
demand_16 1 0 44.145462
demand_17 1 2 88.292968
demand_18 1 3 45.519752
demand_19 1 4 85.023013
demand_20 1 5 207.667535
demand_21 1 6 174.236432
demand_22 1 7 13.474852
demand_23 1 8 103.541297
demand_24 1 9 26.902379
demand_25 1 10 84.195251
demand_26 1 11 103.692994
demand_27 1 12 103.506058
demand_28 1 13 12.653352
demand_29 1 14 79.108848
demand_30 1 15 114.730918
demand_31 1 16 247.541075
demand_32 2 0 88.426658
demand_33 2 1 0.613758
demand_34 2 3 91.179463
demand_35 2 4 170.307445
demand_36 2 5 415.973581
demand_37 2 6 349.008585
demand_38 2 7 26.991135
demand_39 2 8 207.400950
demand_40 2 9 53.887475
demand_41 2 10 168.649375
demand_42 2 11 207.704812
demand_43 2 12 207.330364
demand_44 2 13 25.345610
demand_45 2 14 158.460930
demand_46 2 15 229.814596
demand_47 2 16 495.843260
demand_48 3 0 569.837593
demand_49 3 1 3.955169
demand_50 3 2 1139.701564
demand_51 3 4 1097.492397
demand_52 3 5 2680.610016
demand_53 3 6 2249.075307
demand_54 3 7 173.935821
demand_55 3 8 1336.529746
demand_56 3 9 347.260766
demand_57 3 10 1086.807493
demand_58 3 11 1338.487885
demand_59 3 12 1336.074877
demand_60 3 13 163.331757
demand_61 3 14 1021.151286
demand_62 3 15 1480.967388
demand_63 3 16 3195.304868
demand_64 4 0 321.270016
demand_65 4 1 2.229894
demand_66 4 2 642.554904
demand_67 4 3 331.271455
demand_68 4 5 1511.307142
demand_69 4 6 1268.011219
demand_70 4 7 98.063667
demand_71 4 8 753.525108
demand_72 4 9 195.782927
demand_73 4 10 612.733637
demand_74 4 11 754.629091
demand_75 4 12 753.268656
demand_76 4 13 92.085178
demand_77 4 14 575.717177
demand_78 4 15 834.957930
demand_79 4 16 1801.488108
demand_80 5 0 128.017273
demand_81 5 1 0.888551
demand_82 5 2 256.040473
demand_83 5 3 132.002572
demand_84 5 4 246.557942
demand_85 5 6 505.267627
demand_86 5 7 39.075677
demand_87 5 8 300.259049
demand_88 5 9 78.014117
demand_89 5 10 244.157517
demand_90 5 11 300.698956
demand_91 5 12 300.156860
demand_92 5 13 36.693413
demand_93 5 14 229.407475
demand_94 5 15 332.707792
demand_95 5 16 717.843509
demand_96 6 0 53.124069
demand_97 6 1 0.368727
demand_98 6 2 106.250597
demand_99 6 3 54.777871
demand_100 6 4 102.315576
demand_101 6 5 249.904382
demand_102 6 7 16.215460
demand_103 6 8 124.600236
demand_104 6 9 32.373970
demand_105 6 10 101.319458
demand_106 6 11 124.782786
demand_107 6 12 124.557830
demand_108 6 13 15.226878
demand_109 6 14 95.198548
demand_110 6 15 138.065678
demand_111 6 16 297.887676
demand_112 7 0 1938.529793
demand_113 7 1 13.455086
demand_114 7 2 3877.149322
demand_115 7 3 1998.878053
demand_116 7 4 3733.558012
demand_117 7 5 9119.163858
demand_118 7 6 7651.126469
demand_119 7 8 4546.738870
demand_120 7 9 1181.345965
demand_121 7 10 3697.209049
demand_122 7 11 4553.400258
demand_123 7 12 4545.191450
demand_124 7 13 555.638098
demand_125 7 14 3473.853282
demand_126 7 15 5038.101104
demand_127 7 16 10870.103628
demand_128 8 0 369.714978
demand_129 8 1 2.566144
demand_130 8 2 739.447070
demand_131 8 3 381.224554
demand_132 8 4 712.061441
demand_133 8 5 1739.200230
demand_134 8 6 1459.217218
demand_135 8 7 112.850888
demand_136 8 9 225.305434
demand_137 8 10 705.128993
demand_138 8 11 868.421151
demand_139 8 12 866.855573
demand_140 8 13 105.970890
demand_141 8 14 662.530745
demand_142 8 15 960.862941
demand_143 8 16 2073.138176
demand_144 9 0 96.998370
demand_145 9 1 0.673253
demand_146 9 2 194.001230
demand_147 9 3 100.018021
demand_148 9 4 186.816340
demand_149 9 5 456.296330
demand_150 9 6 382.840026
demand_151 9 7 29.607543
demand_152 9 8 227.505536
demand_153 9 10 184.997545
demand_154 9 11 227.838852
demand_155 9 12 227.428108
demand_156 9 13 27.802508
demand_157 9 14 173.821474
demand_158 9 15 252.091867
demand_159 9 16 543.908244
demand_160 10 0 411.113639
demand_161 10 1 2.853487
demand_162 10 2 822.246309
demand_163 10 3 423.911994
demand_164 10 4 791.794187
demand_165 10 5 1933.946361
demand_166 10 6 1622.612382
demand_167 10 7 125.487313
demand_168 10 8 964.249489
demand_169 10 9 250.533905
demand_170 10 11 965.662203
demand_171 10 12 963.921320
demand_172 10 13 117.836931
demand_173 10 14 736.717315
demand_174 10 15 1068.455118
demand_175 10 16 2305.276852
demand_176 11 0 29.659660
demand_177 11 1 0.205864
demand_178 11 2 59.320693
demand_179 11 3 30.582993
demand_180 11 4 57.123734
demand_181 11 5 139.523932
demand_182 11 6 117.062843
demand_183 11 7 9.053241
demand_184 11 8 69.565466
demand_185 11 9 18.074687
demand_186 11 10 56.567592
demand_187 11 12 69.541790
demand_188 11 13 8.501307
demand_189 11 14 53.150231
demand_190 11 15 77.083347
demand_191 11 16 166.313450
demand_192 12 0 470.485185
demand_193 12 1 3.265577
demand_194 12 2 940.992149
demand_195 12 3 485.131832
demand_196 12 4 906.142241
demand_197 12 5 2213.239904
demand_198 12 6 1856.944198
demand_199 12 7 143.609737
demand_200 12 8 1103.502915
demand_201 12 9 286.715106
demand_202 12 10 897.320273
demand_203 12 11 1105.119648
demand_204 12 13 134.854514
demand_205 12 14 843.111367
demand_206 12 15 1222.757544
demand_207 12 16 2638.196603
demand_208 13 0 77.221787
demand_209 13 1 0.535986
demand_210 13 2 154.447148
demand_211 13 3 79.625774
demand_212 13 4 148.727155
demand_213 13 5 363.264021
demand_214 13 6 304.784409
demand_215 13 7 23.570988
demand_216 13 8 181.120404
demand_217 13 9 47.059192
demand_218 13 10 147.279186
demand_219 13 11 181.385762
demand_220 13 12 181.058762
demand_221 13 14 138.381756
demand_222 13 15 200.693934
demand_223 13 16 433.013115
demand_224 14 0 131.839282
demand_225 14 1 0.915080
demand_226 14 2 263.684666
demand_227 14 3 135.943563
demand_228 14 4 253.919031
demand_229 14 5 620.193725
demand_230 14 6 520.352600
demand_231 14 7 40.242297
demand_232 14 8 309.223407
demand_233 14 9 80.343260
demand_234 14 10 251.446941
demand_235 14 11 309.676447
demand_236 14 12 309.118167
demand_237 14 13 37.788910
demand_238 14 15 342.640920
demand_239 14 16 739.275022
demand_240 15 0 750.905621
demand_241 15 1 5.211939
demand_242 15 2 1501.846002
demand_243 15 3 774.282021
demand_244 15 4 1446.224715
demand_245 15 5 3532.383885
demand_246 15 6 2963.727406
demand_247 15 7 229.204580
demand_248 15 8 1761.217077
demand_249 15 9 457.604175
demand_250 15 10 1432.144643
demand_251 15 11 1763.797421
demand_252 15 12 1760.617671
demand_253 15 13 215.231034
demand_254 15 14 1345.625930
demand_255 15 16 4210.624952
demand_256 16 0 155.679271
demand_257 16 1 1.080550
demand_258 16 2 311.365748
demand_259 16 3 160.525713
demand_260 16 4 299.834230
demand_261 16 5 732.340965
demand_262 16 6 614.445955
demand_263 16 7 47.519157
demand_264 16 8 365.139083
demand_265 16 9 94.871422
demand_266 16 10 296.915121
demand_267 16 11 365.674045
demand_268 16 12 365.014813
demand_269 16 13 44.622133
demand_270 16 14 278.977887
demand_271 16 15 404.599356
