DEMANDS 272
label src dest bw
demand_0 0 1 7.134391
demand_1 0 2 1343.085854
demand_2 0 3 664.397801
demand_3 0 4 1084.232121
demand_4 0 5 4358.966004
demand_5 0 6 3826.310691
demand_6 0 7 548.553625
demand_7 0 8 1900.874039
demand_8 0 9 587.839383
demand_9 0 10 855.951776
demand_10 0 11 2025.990460
demand_11 0 12 1743.718903
demand_12 0 13 41.399994
demand_13 0 14 665.185870
demand_14 0 15 2041.791363
demand_15 0 16 4717.465616
demand_16 1 0 24.705213
demand_17 1 2 51.852244
demand_18 1 3 25.650271
demand_19 1 4 41.858730
demand_20 1 5 168.285719
demand_21 1 6 147.721603
demand_22 1 7 21.177899
demand_23 1 8 73.386659
demand_24 1 9 22.694596
demand_25 1 10 33.045557
demand_26 1 11 78.217004
demand_27 1 12 67.319403
demand_28 1 13 1.598321
demand_29 1 14 25.680696
demand_30 1 15 78.827026
demand_31 1 16 182.126241
demand_32 2 0 82.235251
demand_33 2 1 0.916833
demand_34 2 3 85.381028
demand_35 2 4 139.333473
demand_36 2 5 560.165911
demand_37 2 6 491.714965
demand_38 2 7 70.494021
demand_39 2 8 244.279225
demand_40 2 9 75.542590
demand_41 2 10 109.997418
demand_42 2 11 260.357798
demand_43 2 12 224.083392
demand_44 2 13 5.320268
demand_45 2 14 85.482302
demand_46 2 15 262.388355
demand_47 2 16 606.236301
demand_48 3 0 611.362529
demand_49 3 1 6.816021
demand_50 3 2 1283.150990
demand_51 3 4 1035.848539
demand_52 3 5 4164.448256
demand_53 3 6 3655.562550
demand_54 3 7 524.074559
demand_55 3 8 1816.048019
demand_56 3 9 561.607200
demand_57 3 10 817.755146
demand_58 3 11 1935.581152
demand_59 3 12 1665.905891
demand_60 3 13 39.552530
demand_61 3 14 635.502120
demand_62 3 15 1950.676943
demand_63 3 16 4506.949914
demand_64 4 0 262.045476
demand_65 4 1 2.921519
demand_66 4 2 549.991037
demand_67 4 3 272.069603
demand_68 4 5 1784.988075
demand_69 4 6 1566.866763
demand_70 4 7 224.631639
demand_71 4 8 778.404211
demand_72 4 9 240.719081
demand_73 4 10 350.510583
demand_74 4 11 829.639141
demand_75 4 12 714.049489
demand_76 4 13 16.953217
demand_77 4 14 272.392316
demand_78 4 15 836.109580
demand_79 4 16 1931.792967
demand_80 5 0 104.868005
demand_81 5 1 1.169163
demand_82 5 2 220.100968
demand_83 5 3 108.879562
demand_84 5 4 177.680778
demand_85 5 6 627.044566
demand_86 5 7 89.895358
demand_87 5 8 311.509659
demand_88 5 9 96.333393
demand_89 5 10 140.270865
demand_90 5 11 332.013371
demand_91 5 12 285.755536
demand_92 5 13 6.784509
demand_93 5 14 109.008708
demand_94 5 15 334.602776
demand_95 5 16 773.084420
demand_96 6 0 55.343863
demand_97 6 1 0.617023
demand_98 6 2 116.157809
demand_99 6 3 57.460953
demand_100 6 4 93.770646
demand_101 6 5 376.988514
demand_102 6 7 47.442080
demand_103 6 8 164.398548
demand_104 6 9 50.839739
demand_105 6 10 74.027645
demand_106 6 11 175.219337
demand_107 6 12 150.806865
demand_108 6 13 3.580510
demand_109 6 14 57.529110
demand_110 6 15 176.585890
demand_111 6 16 407.993628
demand_112 7 0 982.157113
demand_113 7 1 10.949973
demand_114 7 2 2061.388801
demand_115 7 3 1019.727951
demand_116 7 4 1664.096116
demand_117 7 5 6690.207986
demand_118 7 6 5872.680428
demand_119 7 8 2917.490676
demand_120 7 9 902.224916
demand_121 7 10 1313.727935
demand_122 7 11 3109.521282
demand_123 7 12 2676.286559
demand_124 7 13 63.541346
demand_125 7 14 1020.937491
demand_126 7 15 3133.772750
demand_127 7 16 7240.438698
demand_128 8 0 262.965454
demand_129 8 1 2.931776
demand_130 8 2 551.921921
demand_131 8 3 273.024773
demand_132 8 4 445.549682
demand_133 8 5 1791.254733
demand_134 8 6 1572.367650
demand_135 8 7 225.420266
demand_136 8 9 241.564187
demand_137 8 10 351.741140
demand_138 8 11 832.551802
demand_139 8 12 716.556343
demand_140 8 13 17.012735
demand_141 8 14 273.348619
demand_142 8 15 839.044957
demand_143 8 16 1938.575021
demand_144 9 0 90.707258
demand_145 9 1 1.011286
demand_146 9 2 190.379853
demand_147 9 3 94.177118
demand_148 9 4 153.687831
demand_149 9 5 617.875100
demand_150 9 6 542.372228
demand_151 9 7 77.756428
demand_152 9 8 269.445262
demand_153 9 10 121.329528
demand_154 9 11 287.180276
demand_155 9 12 247.168822
demand_156 9 13 5.868370
demand_157 9 14 94.288826
demand_158 9 15 289.420023
demand_159 9 16 668.691735
demand_160 10 0 376.857886
demand_161 10 1 4.201551
demand_162 10 2 790.963702
demand_163 10 3 391.273978
demand_164 10 4 638.520799
demand_165 10 5 2567.061427
demand_166 10 6 2253.372605
demand_167 10 7 323.051579
demand_168 10 8 1119.453654
demand_169 10 9 346.187560
demand_170 10 11 1193.136619
demand_171 10 12 1026.902603
demand_172 10 13 24.381086
demand_173 10 14 391.738083
demand_174 10 15 1202.442011
demand_175 10 16 2778.187305
demand_176 11 0 0.899215
demand_177 11 1 0.010025
demand_178 11 2 1.887307
demand_179 11 3 0.933613
demand_180 11 4 1.523565
demand_181 11 5 6.125228
demand_182 11 6 5.376739
demand_183 11 7 0.770829
demand_184 11 8 2.671112
demand_185 11 9 0.826033
demand_186 11 10 1.202785
demand_187 11 12 2.450277
demand_188 11 13 0.058175
demand_189 11 14 0.934720
demand_190 11 15 2.869129
demand_191 11 16 6.628992
demand_192 12 0 418.499050
demand_193 12 1 4.665805
demand_194 12 2 878.361765
demand_195 12 3 434.508057
demand_196 12 4 709.074581
demand_197 12 5 2850.710593
demand_198 12 6 2502.360516
demand_199 12 7 358.747379
demand_200 12 8 1243.148433
demand_201 12 9 384.439786
demand_202 12 10 559.782020
demand_203 12 11 1324.973047
demand_204 12 13 27.075091
demand_205 12 14 435.023444
demand_206 12 15 1335.306645
demand_207 12 16 3085.164967
demand_208 13 0 76.536704
demand_209 13 1 0.853300
demand_210 13 2 160.638154
demand_211 13 3 79.464493
demand_212 13 4 129.678267
demand_213 13 5 521.348839
demand_214 13 6 457.641247
demand_215 13 7 65.609091
demand_216 13 8 227.351733
demand_217 13 9 70.307816
demand_218 13 10 102.375073
demand_219 13 11 242.316130
demand_220 13 12 208.555383
demand_221 13 14 79.558749
demand_222 13 15 244.205978
demand_223 13 16 564.226750
demand_224 14 0 210.489810
demand_225 14 1 2.346730
demand_226 14 2 441.784041
demand_227 14 3 218.541759
demand_228 14 4 356.638741
demand_229 14 5 1433.803810
demand_230 14 6 1258.596383
demand_231 14 7 180.436892
demand_232 14 8 625.258476
demand_233 14 9 193.359239
demand_234 14 10 281.550009
demand_235 14 11 666.413282
demand_236 14 12 573.565108
demand_237 14 13 13.617787
demand_238 14 15 671.610706
demand_239 14 16 1551.725838
demand_240 15 0 695.122573
demand_241 15 1 7.749853
demand_242 15 2 1458.949763
demand_243 15 3 721.713367
demand_244 15 4 1177.765511
demand_245 15 5 4735.000671
demand_246 15 6 4156.394812
demand_247 15 7 595.875668
demand_248 15 8 2064.856629
demand_249 15 9 638.550489
demand_250 15 10 929.792118
demand_251 15 11 2200.766461
demand_252 15 12 1894.144200
demand_253 15 13 44.971445
demand_254 15 14 722.569420
demand_255 15 16 5124.426948
demand_256 16 0 252.488081
demand_257 16 1 2.814965
demand_258 16 2 529.931612
demand_259 16 3 262.146605
demand_260 16 4 427.797578
demand_261 16 5 1719.885496
demand_262 16 6 1509.719566
demand_263 16 7 216.438812
demand_264 16 8 750.014037
demand_265 16 9 231.939508
demand_266 16 10 337.726664
demand_267 16 11 799.380313
demand_268 16 12 688.006479
demand_269 16 13 16.334894
demand_270 16 14 262.457548
demand_271 16 15 805.614760
