DEMANDS 272
label src dest bw
demand_0 0 1 8.350543
demand_1 0 2 1194.195399
demand_2 0 3 422.830232
demand_3 0 4 1107.537027
demand_4 0 5 4571.888207
demand_5 0 6 2496.894035
demand_6 0 7 243.795022
demand_7 0 8 1469.980241
demand_8 0 9 248.763418
demand_9 0 10 810.776157
demand_10 0 11 2143.408283
demand_11 0 12 1222.594915
demand_12 0 13 206.102140
demand_13 0 14 690.516781
demand_14 0 15 2289.808201
demand_15 0 16 5933.219136
demand_16 1 0 30.972299
demand_17 1 2 87.509016
demand_18 1 3 30.984425
demand_19 1 4 81.158809
demand_20 1 5 335.021756
demand_21 1 6 182.969002
demand_22 1 7 17.864968
demand_23 1 8 107.718155
demand_24 1 9 18.229045
demand_25 1 10 59.412575
demand_26 1 11 157.066047
demand_27 1 12 89.590094
demand_28 1 13 15.102885
demand_29 1 14 50.600132
demand_30 1 15 167.794034
demand_31 1 16 434.778237
demand_32 2 0 47.510293
demand_33 2 1 0.938656
demand_34 2 3 47.528894
demand_35 2 4 124.494434
demand_36 2 5 513.910255
demand_37 2 6 280.667285
demand_38 2 7 27.404161
demand_39 2 8 165.235431
demand_40 2 9 27.962642
demand_41 2 10 91.136564
demand_42 2 11 240.933165
demand_43 2 12 137.427696
demand_44 2 13 23.167234
demand_45 2 14 77.618620
demand_46 2 15 257.389477
demand_47 2 16 666.932790
demand_48 3 0 308.672719
demand_49 3 1 6.098414
demand_50 3 2 872.122739
demand_51 3 4 808.835997
demand_52 3 5 3338.856999
demand_53 3 6 1823.485559
demand_54 3 7 178.043880
demand_55 3 8 1073.528834
demand_56 3 9 181.672307
demand_57 3 10 592.111076
demand_58 3 11 1565.334370
demand_59 3 12 892.862950
demand_60 3 13 150.516710
demand_61 3 14 504.285468
demand_62 3 15 1672.250456
demand_63 3 16 4333.039074
demand_64 4 0 190.610424
demand_65 4 1 3.765870
demand_66 4 2 538.549974
demand_67 4 3 190.685051
demand_68 4 5 2061.798495
demand_69 4 6 1126.031987
demand_70 4 7 109.944991
demand_71 4 8 662.921513
demand_72 4 9 112.185604
demand_73 4 10 365.638219
demand_74 4 11 966.619430
demand_75 4 12 551.357392
demand_76 4 13 92.946516
demand_77 4 14 311.404478
demand_78 4 15 1032.641852
demand_79 4 16 2675.722094
demand_80 5 0 62.831727
demand_81 5 1 1.241360
demand_82 5 2 177.524526
demand_83 5 3 62.856327
demand_84 5 4 164.642224
demand_85 5 6 371.178729
demand_86 5 7 36.241637
demand_87 5 8 218.521647
demand_88 5 9 36.980219
demand_89 5 10 120.526886
demand_90 5 11 318.630888
demand_91 5 12 181.746290
demand_92 5 13 30.638357
demand_93 5 14 102.649587
demand_94 5 15 340.394140
demand_95 5 16 882.009692
demand_96 6 0 31.153116
demand_97 6 1 0.615489
demand_98 6 2 88.019898
demand_99 6 3 31.165313
demand_100 6 4 81.632617
demand_101 6 5 336.977627
demand_102 6 7 17.969264
demand_103 6 8 108.347018
demand_104 6 9 18.335467
demand_105 6 10 59.759428
demand_106 6 11 157.983005
demand_107 6 12 90.113125
demand_108 6 13 15.191056
demand_109 6 14 50.895537
demand_110 6 15 168.773622
demand_111 6 16 437.316490
demand_112 7 0 675.054776
demand_113 7 1 13.336985
demand_114 7 2 1907.297225
demand_115 7 3 675.319072
demand_116 7 4 1768.891674
demand_117 7 5 7301.945477
demand_118 7 6 3987.889309
demand_119 7 8 2347.764225
demand_120 7 9 397.310003
demand_121 7 10 1294.923021
demand_122 7 11 3423.323080
demand_123 7 12 1952.655229
demand_124 7 13 329.173969
demand_125 7 14 1102.851963
demand_126 7 15 3657.144243
demand_127 7 16 9476.181542
demand_128 8 0 231.979641
demand_129 8 1 4.583197
demand_130 8 2 655.434407
demand_131 8 3 232.070466
demand_132 8 4 607.871940
demand_133 8 5 2509.281846
demand_134 8 6 1370.420839
demand_135 8 7 133.806951
demand_136 8 9 136.533857
demand_137 8 10 444.994672
demand_138 8 11 1176.410107
demand_139 8 12 671.021488
demand_140 8 13 113.119205
demand_141 8 14 378.990287
demand_142 8 15 1256.761734
demand_143 8 16 3256.448626
demand_144 9 0 56.382156
demand_145 9 1 1.113936
demand_146 9 2 159.301933
demand_147 9 3 56.404231
demand_148 9 4 147.741977
demand_149 9 5 609.875594
demand_150 9 6 333.077858
demand_151 9 7 32.521494
demand_152 9 8 196.090769
demand_153 9 10 108.155005
demand_154 9 11 285.923964
demand_155 9 12 163.090340
demand_156 9 13 27.493381
demand_157 9 14 92.112780
demand_158 9 15 305.453256
demand_159 9 16 791.472884
demand_160 10 0 274.057483
demand_161 10 1 5.414525
demand_162 10 2 774.320982
demand_163 10 3 274.164781
demand_164 10 4 718.131354
demand_165 10 5 2964.430252
demand_166 10 6 1618.995889
demand_167 10 7 158.077649
demand_168 10 8 953.140956
demand_169 10 9 161.299176
demand_170 10 11 1389.794341
demand_171 10 12 792.735340
demand_172 10 13 133.637436
demand_173 10 14 447.733790
demand_174 10 15 1484.720622
demand_175 10 16 3847.122568
demand_176 11 0 16.167821
demand_177 11 1 0.319426
demand_178 11 2 45.680499
demand_179 11 3 16.174151
demand_180 11 4 42.365633
demand_181 11 5 174.884392
demand_182 11 6 95.511477
demand_183 11 7 9.325675
demand_184 11 8 56.229853
demand_185 11 9 9.515727
demand_186 11 10 31.013903
demand_187 11 12 46.766841
demand_188 11 13 7.883843
demand_189 11 14 26.413727
demand_190 11 15 87.590006
demand_191 11 16 226.958179
demand_192 12 0 305.943133
demand_193 12 1 6.044486
demand_194 12 2 864.410577
demand_195 12 3 306.062915
demand_196 12 4 801.683477
demand_197 12 5 3309.331559
demand_198 12 6 1807.360516
demand_199 12 7 176.469442
demand_200 12 8 1064.035642
demand_201 12 9 180.065783
demand_202 12 10 586.875050
demand_203 12 11 1551.492152
demand_204 12 13 149.185694
demand_205 12 14 499.826083
demand_206 12 15 1657.462781
demand_207 12 16 4294.722103
demand_208 13 0 44.320611
demand_209 13 1 0.875638
demand_210 13 2 125.223289
demand_211 13 3 44.337964
demand_212 13 4 116.136295
demand_213 13 5 479.408041
demand_214 13 6 261.824223
demand_215 13 7 25.564338
demand_216 13 8 154.142078
demand_217 13 9 26.085324
demand_218 13 10 85.017960
demand_219 13 11 224.757719
demand_220 13 12 128.201261
demand_221 13 14 72.407566
demand_222 13 15 240.109210
demand_223 13 16 622.157155
demand_224 14 0 68.794563
demand_225 14 1 1.359167
demand_226 14 2 194.371900
demand_227 14 3 68.821498
demand_228 14 4 180.267046
demand_229 14 5 744.138354
demand_230 14 6 406.404211
demand_231 14 7 39.681029
demand_232 14 8 239.259717
demand_233 14 9 40.489704
demand_234 14 10 131.965089
demand_235 14 11 348.869491
demand_236 14 12 198.994316
demand_237 14 13 33.545988
demand_238 14 15 372.698113
demand_239 14 16 965.713885
demand_240 15 0 656.009016
demand_241 15 1 12.960700
demand_242 15 2 1853.485408
demand_243 15 3 656.265855
demand_244 15 4 1718.984783
demand_245 15 5 7095.930938
demand_246 15 6 3875.376393
demand_247 15 7 378.389095
demand_248 15 8 2281.525225
demand_249 15 9 386.100437
demand_250 15 10 1258.388515
demand_251 15 11 3326.738638
demand_252 15 12 1897.563696
demand_253 15 13 319.886770
demand_254 15 14 1071.736483
demand_255 15 16 9208.823867
demand_256 16 0 185.974821
demand_257 16 1 3.674285
demand_258 16 2 525.452559
demand_259 16 3 186.047633
demand_260 16 4 487.322398
demand_261 16 5 2011.656017
demand_262 16 6 1098.647141
demand_263 16 7 107.271154
demand_264 16 8 646.799410
demand_265 16 9 109.457275
demand_266 16 10 356.745979
demand_267 16 11 943.111462
demand_268 16 12 537.948503
demand_269 16 13 90.686078
demand_270 16 14 303.831190
demand_271 16 15 1007.528233
