DEMANDS 272
label src dest bw
demand_0 0 1 17.154602
demand_1 0 2 1139.268713
demand_2 0 3 347.685388
demand_3 0 4 1015.733730
demand_4 0 5 2782.787435
demand_5 0 6 2474.661210
demand_6 0 7 114.524009
demand_7 0 8 1381.633340
demand_8 0 9 173.567004
demand_9 0 10 884.494652
demand_10 0 11 1673.108520
demand_11 0 12 1304.467291
demand_12 0 13 59.838231
demand_13 0 14 368.402731
demand_14 0 15 1879.314399
demand_15 0 16 7245.884339
demand_16 1 0 5.387316
demand_17 1 2 25.897029
demand_18 1 3 7.903332
demand_19 1 4 23.088921
demand_20 1 5 63.256302
demand_21 1 6 56.252200
demand_22 1 7 2.603277
demand_23 1 8 31.406285
demand_24 1 9 3.945399
demand_25 1 10 20.105690
demand_26 1 11 38.031887
demand_27 1 12 29.652203
demand_28 1 13 1.360199
demand_29 1 14 8.374263
demand_30 1 15 42.719209
demand_31 1 16 164.708178
demand_32 2 0 71.754976
demand_33 2 1 5.193786
demand_34 2 3 105.266409
demand_35 2 4 307.526994
demand_36 2 5 842.526175
demand_37 2 6 749.236833
demand_38 2 7 34.673678
demand_39 2 8 418.308003
demand_40 2 9 52.549736
demand_41 2 10 267.792605
demand_42 2 11 506.556018
demand_43 2 12 394.944947
demand_44 2 13 18.116826
demand_45 2 14 111.538862
demand_46 2 15 568.987610
demand_47 2 16 2193.788551
demand_48 3 0 219.573907
demand_49 3 1 15.893250
demand_50 3 2 1055.500010
demand_51 3 4 941.048367
demand_52 3 5 2578.173291
demand_53 3 6 2292.703121
demand_54 3 7 106.103233
demand_55 3 8 1280.043934
demand_56 3 9 160.804885
demand_57 3 10 819.459100
demand_58 3 11 1550.087385
demand_59 3 12 1208.551787
demand_60 3 13 55.438417
demand_61 3 14 341.314637
demand_62 3 15 1741.131258
demand_63 3 16 6713.105441
demand_64 4 0 111.551903
demand_65 4 1 8.074376
demand_66 4 2 536.234185
demand_67 4 3 163.649531
demand_68 4 5 1309.810176
demand_69 4 6 1164.780462
demand_70 4 7 53.904481
demand_71 4 8 650.311046
demand_72 4 9 81.695003
demand_73 4 10 416.316418
demand_74 4 11 787.503399
demand_75 4 12 613.990314
demand_76 4 13 28.164826
demand_77 4 14 173.400828
demand_78 4 15 884.560959
demand_79 4 16 3410.513114
demand_80 5 0 84.199575
demand_81 5 1 6.094554
demand_82 5 2 404.750518
demand_83 5 3 123.522958
demand_84 5 4 360.861971
demand_85 5 6 879.178367
demand_86 5 7 40.687198
demand_87 5 8 490.855936
demand_88 5 9 61.663534
demand_89 5 10 314.236373
demand_90 5 11 594.408968
demand_91 5 12 463.440982
demand_92 5 13 21.258861
demand_93 5 14 130.883254
demand_94 5 15 667.668187
demand_95 5 16 2574.261371
demand_96 6 0 33.961611
demand_97 6 1 2.458217
demand_98 6 2 163.254737
demand_99 6 3 49.822563
demand_100 6 4 145.552442
demand_101 6 5 398.767408
demand_102 6 7 16.411042
demand_103 6 8 197.985063
demand_104 6 9 24.871776
demand_105 6 10 126.746167
demand_106 6 11 239.752825
demand_107 6 12 186.927336
demand_108 6 13 8.574689
demand_109 6 14 52.791313
demand_110 6 15 269.301680
demand_111 6 16 1038.319521
demand_112 7 0 353.422285
demand_113 7 1 25.581495
demand_114 7 2 1698.914188
demand_115 7 3 518.479646
demand_116 7 4 1514.694844
demand_117 7 5 4149.782228
demand_118 7 6 3690.294479
demand_119 7 8 2060.336125
demand_120 7 9 258.828705
demand_121 7 10 1318.986906
demand_122 7 11 2494.993297
demand_123 7 12 1945.263627
demand_124 7 13 89.232697
demand_125 7 14 549.374015
demand_126 7 15 2802.494144
demand_127 7 16 10805.296039
demand_128 8 0 134.011581
demand_129 8 1 9.700058
demand_130 8 2 644.198699
demand_131 8 3 196.598460
demand_132 8 4 574.345929
demand_133 8 5 1573.525214
demand_134 8 6 1399.295455
demand_135 8 7 64.757521
demand_136 8 9 98.143341
demand_137 8 10 500.136884
demand_138 8 11 946.058045
demand_139 8 12 737.610119
demand_140 8 13 33.835486
demand_141 8 14 208.313067
demand_142 8 15 1062.657016
demand_143 8 16 4097.180244
demand_144 9 0 73.100788
demand_145 9 1 5.291198
demand_146 9 2 351.398230
demand_147 9 3 107.240749
demand_148 9 4 313.294862
demand_149 9 5 858.328300
demand_150 9 6 763.289256
demand_151 9 7 35.324005
demand_152 9 8 426.153641
demand_153 9 10 272.815229
demand_154 9 11 516.056805
demand_155 9 12 402.352396
demand_156 9 13 18.456619
demand_157 9 14 113.630846
demand_158 9 15 579.659342
demand_159 9 16 2234.934480
demand_160 10 0 158.137710
demand_161 10 1 11.446361
demand_162 10 2 760.173910
demand_163 10 3 231.992117
demand_164 10 4 677.745533
demand_165 10 5 1856.807249
demand_166 10 6 1651.210875
demand_167 10 7 76.415830
demand_168 10 8 921.891040
demand_169 10 9 115.812105
demand_170 10 11 1116.377050
demand_171 10 12 870.402206
demand_172 10 13 39.926895
demand_173 10 14 245.815707
demand_174 10 15 1253.967355
demand_175 10 16 4834.796362
demand_176 11 0 5.313130
demand_177 11 1 0.384576
demand_178 11 2 25.540414
demand_179 11 3 7.794499
demand_180 11 4 22.770975
demand_181 11 5 62.385231
demand_182 11 6 55.477580
demand_183 11 7 2.567428
demand_184 11 8 30.973805
demand_185 11 9 3.891069
demand_186 11 10 19.828824
demand_187 11 12 29.243877
demand_188 11 13 1.341469
demand_189 11 14 8.258945
demand_190 11 15 42.130945
demand_191 11 16 162.440064
demand_192 12 0 200.646675
demand_193 12 1 14.523255
demand_194 12 2 964.516098
demand_195 12 3 294.353869
demand_196 12 4 859.930166
demand_197 12 5 2355.935214
demand_198 12 6 2095.072521
demand_199 12 7 96.957153
demand_200 12 8 1169.704375
demand_201 12 9 146.943533
demand_202 12 10 748.821872
demand_203 12 11 1416.470129
demand_204 12 13 50.659635
demand_205 12 14 311.893376
demand_206 12 15 1591.046055
demand_207 12 16 6134.436950
demand_208 13 0 65.808948
demand_209 13 1 4.763399
demand_210 13 2 316.346085
demand_211 13 3 96.543432
demand_212 13 4 282.043547
demand_213 13 5 772.709635
demand_214 13 6 687.150782
demand_215 13 7 31.800419
demand_216 13 8 383.644608
demand_217 13 9 48.195164
demand_218 13 10 245.601777
demand_219 13 11 464.579888
demand_220 13 12 362.217549
demand_221 13 14 102.296114
demand_222 13 15 521.838041
demand_223 13 16 2011.998679
demand_224 14 0 85.767547
demand_225 14 1 6.208047
demand_226 14 2 412.287816
demand_227 14 3 125.823212
demand_228 14 4 367.581973
demand_229 14 5 1007.057721
demand_230 14 6 895.550500
demand_231 14 7 41.444879
demand_232 14 8 499.996696
demand_233 14 9 62.811837
demand_234 14 10 320.088109
demand_235 14 11 605.478102
demand_236 14 12 472.071219
demand_237 14 13 21.654745
demand_238 14 15 680.101560
demand_239 14 16 2622.199482
demand_240 15 0 290.740439
demand_241 15 1 21.044443
demand_242 15 2 1397.600203
demand_243 15 3 426.523755
demand_244 15 4 1246.053412
demand_245 15 5 3413.790128
demand_246 15 6 3035.795656
demand_247 15 7 140.492561
demand_248 15 8 1694.921501
demand_249 15 9 212.923674
demand_250 15 10 1085.055608
demand_251 15 11 2052.489268
demand_252 15 12 1600.257893
demand_253 15 13 73.406672
demand_254 15 14 451.938797
demand_255 15 16 8888.903302
demand_256 16 0 102.188356
demand_257 16 1 7.396622
demand_258 16 2 491.223262
demand_259 16 3 149.912965
demand_260 16 4 437.958166
demand_261 16 5 1199.866113
demand_262 16 6 1067.010038
demand_263 16 7 49.379797
demand_264 16 8 595.724634
demand_265 16 9 74.837612
demand_266 16 10 381.371263
demand_267 16 11 721.401207
demand_268 16 12 562.452625
demand_269 16 13 25.800701
demand_270 16 14 158.845749
demand_271 16 15 810.311860
