DEMANDS 182
label src dest bw
demand_0 0 1 5.936037
demand_1 0 2 2.314013
demand_2 0 3 19.460380
demand_3 0 4 8.268836
demand_4 0 5 20.547749
demand_5 0 6 33.838787
demand_6 0 7 13.130410
demand_7 0 8 14.608690
demand_8 0 9 3.423938
demand_9 0 10 40.366892
demand_10 0 11 9.076575
demand_11 0 12 34.162584
demand_12 0 13 49.903977
demand_13 1 0 1234.276893
demand_14 1 2 79.094463
demand_15 1 3 665.168266
demand_16 1 4 282.634107
demand_17 1 5 702.335228
demand_18 1 6 1156.631436
demand_19 1 7 448.805831
demand_20 1 8 499.334407
demand_21 1 9 117.032388
demand_22 1 10 1379.766274
demand_23 1 11 310.243140
demand_24 1 12 1167.699042
demand_25 1 13 1705.749938
demand_26 2 0 4466.250253
demand_27 2 1 734.188002
demand_28 2 3 2406.921781
demand_29 2 4 1022.715940
demand_30 2 5 2541.411014
demand_31 2 6 4185.288952
demand_32 2 7 1624.010923
demand_33 2 8 1806.849367
demand_34 2 9 423.483528
demand_35 2 10 4992.705855
demand_36 2 11 1122.619657
demand_37 2 12 4225.337256
demand_38 2 13 6172.282844
demand_39 3 0 3754.519626
demand_40 3 1 617.189613
demand_41 3 2 240.595701
demand_42 3 4 859.738450
demand_43 3 5 2136.418022
demand_44 3 6 3518.331625
demand_45 3 7 1365.212547
demand_46 3 8 1518.914308
demand_47 3 9 355.998237
demand_48 3 10 4197.080562
demand_49 3 11 943.721757
demand_50 3 12 3551.997930
demand_51 3 13 5188.683070
demand_52 4 0 731.970127
demand_53 4 1 120.325475
demand_54 4 2 46.905832
demand_55 4 3 394.468456
demand_56 4 5 416.509787
demand_57 4 6 685.923607
demand_58 4 7 266.157831
demand_59 4 8 296.123075
demand_60 4 9 69.404371
demand_61 4 10 818.250508
demand_62 4 11 183.985224
demand_63 4 12 692.487091
demand_64 4 13 1011.570423
demand_65 5 0 1056.415042
demand_66 5 1 173.659604
demand_67 5 2 67.696788
demand_68 5 3 569.316144
demand_69 5 4 241.905948
demand_70 5 6 989.958456
demand_71 5 7 384.131983
demand_72 5 8 427.379287
demand_73 5 9 100.167779
demand_74 5 10 1180.939102
demand_75 5 11 265.536462
demand_76 5 12 999.431196
demand_77 5 13 1459.947846
demand_78 6 0 78.734740
demand_79 6 1 12.942871
demand_80 6 2 5.045450
demand_81 6 3 42.431201
demand_82 6 4 18.029279
demand_83 6 5 44.802088
demand_84 6 7 28.629403
demand_85 6 8 31.852630
demand_86 6 9 7.465517
demand_87 6 10 88.015533
demand_88 6 11 19.790464
demand_89 6 12 74.487727
demand_90 6 13 108.810089
demand_91 7 0 617.001250
demand_92 7 1 101.426228
demand_93 7 2 39.538440
demand_94 7 3 332.510196
demand_95 7 4 141.285637
demand_96 7 5 351.089546
demand_97 7 6 578.187152
demand_98 7 8 249.611700
demand_99 7 9 58.503185
demand_100 7 10 689.729769
demand_101 7 11 155.087085
demand_102 7 12 583.719725
demand_103 7 13 852.685366
demand_104 8 0 1332.270472
demand_105 8 1 219.006312
demand_106 8 2 85.374051
demand_107 8 3 717.978312
demand_108 8 4 305.073422
demand_109 8 5 758.096090
demand_110 8 6 1248.460469
demand_111 8 7 484.438103
demand_112 8 9 126.324001
demand_113 8 10 1489.310766
demand_114 8 11 334.874433
demand_115 8 12 1260.406771
demand_116 8 13 1841.175419
demand_117 9 0 391.322687
demand_118 9 1 64.327883
demand_119 9 2 25.076592
demand_120 9 3 210.889011
demand_121 9 4 89.608044
demand_122 9 5 222.672652
demand_123 9 6 366.705497
demand_124 9 7 142.292143
demand_125 9 8 158.312031
demand_126 9 10 437.449529
demand_127 9 11 98.361380
demand_128 9 12 370.214438
demand_129 9 13 540.801382
demand_130 10 0 1514.986318
demand_131 10 1 249.042198
demand_132 10 2 97.082778
demand_133 10 3 816.446316
demand_134 10 4 346.913086
demand_135 10 5 862.066095
demand_136 10 6 1419.682091
demand_137 10 7 550.876953
demand_138 10 8 612.897154
demand_139 10 9 143.648858
demand_140 10 11 380.801192
demand_141 10 12 1433.266783
demand_142 10 13 2093.685649
demand_143 11 0 1998.798831
demand_144 11 1 328.574092
demand_145 11 2 128.086268
demand_146 11 3 1077.179327
demand_147 11 4 457.700153
demand_148 11 5 1137.367831
demand_149 11 6 1873.059096
demand_150 11 7 726.800101
demand_151 11 8 808.626521
demand_152 11 9 189.523276
demand_153 11 10 2234.405611
demand_154 11 12 1890.982074
demand_155 11 13 2762.306416
demand_156 12 0 250.842606
demand_157 12 1 41.234956
demand_158 12 2 16.074401
demand_159 12 3 135.182423
demand_160 12 4 57.439847
demand_161 12 5 142.735880
demand_162 12 6 235.062687
demand_163 12 7 91.210995
demand_164 12 8 101.479939
demand_165 12 9 23.784541
demand_166 12 10 280.410473
demand_167 12 11 63.050842
demand_168 12 13 346.660268
demand_169 13 0 594.850163
demand_170 13 1 97.784904
demand_171 13 2 38.118962
demand_172 13 3 320.572680
demand_173 13 4 136.213313
demand_174 13 5 338.485009
demand_175 13 6 557.429538
demand_176 13 7 216.298485
demand_177 13 8 240.650340
demand_178 13 9 56.402851
demand_179 13 10 664.967640
demand_180 13 11 149.519272
demand_181 13 12 562.763484
