DEMANDS 182
label src dest bw
demand_0 0 1 2.991589
demand_1 0 2 2.117880
demand_2 0 3 25.232127
demand_3 0 4 11.902401
demand_4 0 5 26.161658
demand_5 0 6 29.295602
demand_6 0 7 15.612329
demand_7 0 8 21.722964
demand_8 0 9 2.899165
demand_9 0 10 65.708018
demand_10 0 11 13.414259
demand_11 0 12 42.344786
demand_12 0 13 107.905561
demand_13 1 0 1485.180488
demand_14 1 2 64.729557
demand_15 1 3 771.178976
demand_16 1 4 363.777547
demand_17 1 5 799.588601
demand_18 1 6 895.372515
demand_19 1 7 477.165496
demand_20 1 8 663.927122
demand_21 1 9 88.608282
demand_22 1 10 2008.258871
demand_23 1 11 409.985051
demand_24 1 12 1294.199623
demand_25 1 13 3297.958253
demand_26 2 0 3392.408023
demand_27 2 1 208.848883
demand_28 2 3 1761.505601
demand_29 2 4 830.930570
demand_30 2 5 1826.398076
demand_31 2 6 2045.185033
demand_32 2 7 1089.928173
demand_33 2 8 1516.523892
demand_34 2 9 202.396577
demand_35 2 10 4587.209139
demand_36 2 11 936.476467
demand_37 2 12 2956.174835
demand_38 2 13 7533.104650
demand_39 3 0 3215.548176
demand_40 3 1 197.960752
demand_41 3 2 140.145263
demand_42 3 4 787.610824
demand_43 3 5 1731.180613
demand_44 3 6 1938.561328
demand_45 3 7 1033.105843
demand_46 3 8 1437.461415
demand_47 3 9 191.844831
demand_48 3 10 4348.059514
demand_49 3 11 887.654190
demand_50 3 12 2802.057575
demand_51 3 13 7140.373668
demand_52 4 0 785.728892
demand_53 4 1 48.372307
demand_54 4 2 34.244918
demand_55 4 3 407.989203
demand_56 4 5 423.019203
demand_57 4 6 473.693306
demand_58 4 7 252.442528
demand_59 4 8 351.248031
demand_60 4 9 46.877863
demand_61 4 10 1062.461452
demand_62 4 11 216.900978
demand_63 4 12 684.691217
demand_64 4 13 1744.771835
demand_65 5 0 956.716803
demand_66 5 1 58.898940
demand_67 5 2 41.697191
demand_68 5 3 496.774561
demand_69 5 4 234.336564
demand_70 5 6 576.776989
demand_71 5 7 307.378296
demand_72 5 8 427.685550
demand_73 5 9 57.079280
demand_74 5 10 1293.671053
demand_75 5 11 264.102303
demand_76 5 12 833.691619
demand_77 5 13 2124.463728
demand_78 6 0 106.811958
demand_79 6 1 6.575730
demand_80 6 2 4.655253
demand_81 6 3 55.462038
demand_82 6 4 26.162337
demand_83 6 5 57.505216
demand_84 6 7 34.317028
demand_85 6 8 47.748645
demand_86 6 9 6.372575
demand_87 6 10 144.430973
demand_88 6 11 29.485511
demand_89 6 12 93.076900
demand_90 6 13 237.184222
demand_91 7 0 543.735220
demand_92 7 1 33.474303
demand_93 7 2 23.697955
demand_94 7 3 282.334150
demand_95 7 4 133.181567
demand_96 7 5 292.735117
demand_97 7 6 327.802295
demand_98 7 8 243.068477
demand_99 7 9 32.440127
demand_100 7 10 735.237965
demand_101 7 11 150.098465
demand_102 7 12 473.815757
demand_103 7 13 1207.406152
demand_104 8 0 1598.652848
demand_105 8 1 98.418840
demand_106 8 2 69.675095
demand_107 8 3 830.099424
demand_108 8 4 391.571271
demand_109 8 5 860.679631
demand_110 8 6 963.781732
demand_111 8 7 513.622408
demand_112 8 9 95.378227
demand_113 8 10 2161.696030
demand_114 8 11 441.309171
demand_115 8 12 1393.080457
demand_116 8 13 3549.932415
demand_117 9 0 447.768527
demand_118 9 1 27.566247
demand_119 9 2 19.515378
demand_120 9 3 232.503509
demand_121 9 4 109.675651
demand_122 9 5 241.068754
demand_123 9 6 269.946741
demand_124 9 7 143.861095
demand_125 9 8 200.168041
demand_126 9 10 605.471943
demand_127 9 11 123.606797
demand_128 9 12 390.189518
demand_129 9 13 994.304679
demand_130 10 0 1730.403474
demand_131 10 1 106.529884
demand_132 10 2 75.417265
demand_133 10 3 898.510849
demand_134 10 4 423.842042
demand_135 10 5 931.611278
demand_136 10 6 1043.210387
demand_137 10 7 555.951844
demand_138 10 8 773.550291
demand_139 10 9 103.238684
demand_140 10 11 477.679018
demand_141 10 12 1507.889137
demand_142 10 13 3842.494880
demand_143 11 0 1851.850067
demand_144 11 1 114.006574
demand_145 11 2 80.710349
demand_146 11 3 961.571911
demand_147 11 4 453.588961
demand_148 11 5 996.995460
demand_149 11 6 1116.427038
demand_150 11 7 594.970754
demand_151 11 8 827.841124
demand_152 11 9 110.484385
demand_153 11 10 2504.068936
demand_154 11 12 1613.718789
demand_155 11 13 4112.176440
demand_156 12 0 395.295927
demand_157 12 1 24.335844
demand_158 12 2 17.228432
demand_159 12 3 205.257146
demand_160 12 4 96.823103
demand_161 12 5 212.818657
demand_162 12 6 238.312522
demand_163 12 7 127.002461
demand_164 12 8 176.710972
demand_165 12 9 23.583998
demand_166 12 10 534.518571
demand_167 12 11 109.121701
demand_168 12 13 877.785209
demand_169 13 0 453.035813
demand_170 13 1 27.890520
demand_171 13 2 19.744945
demand_172 13 3 235.238543
demand_173 13 4 110.965811
demand_174 13 5 243.904546
demand_175 13 6 273.122236
demand_176 13 7 145.553392
demand_177 13 8 202.522701
demand_178 13 9 27.028853
demand_179 13 10 612.594360
demand_180 13 11 125.060834
demand_181 13 12 394.779479
