DEMANDS 182
label src dest bw
demand_0 0 1 15.535218
demand_1 0 2 4.054108
demand_2 0 3 31.270857
demand_3 0 4 16.526070
demand_4 0 5 31.316755
demand_5 0 6 33.246836
demand_6 0 7 26.366549
demand_7 0 8 26.429709
demand_8 0 9 12.285503
demand_9 0 10 41.618152
demand_10 0 11 17.692436
demand_11 0 12 36.190585
demand_12 0 13 98.950643
demand_13 1 0 851.817512
demand_14 1 2 88.334408
demand_15 1 3 681.356439
demand_16 1 4 360.084280
demand_17 1 5 682.356495
demand_18 1 6 724.410774
demand_19 1 7 574.497143
demand_20 1 8 575.873321
demand_21 1 9 267.687140
demand_22 1 10 906.812220
demand_23 1 11 385.498064
demand_24 1 12 788.551708
demand_25 1 13 2156.022047
demand_26 2 0 3365.156887
demand_27 2 1 1337.244103
demand_28 2 3 2691.740053
demand_29 2 4 1422.534850
demand_30 2 5 2695.690833
demand_31 2 6 2861.828819
demand_32 2 7 2269.585905
demand_33 2 8 2275.022580
demand_34 2 9 1057.514327
demand_35 2 10 3582.416825
demand_36 2 11 1522.933547
demand_37 2 12 3115.221481
demand_38 2 13 8517.496223
demand_39 3 0 2178.526324
demand_40 3 1 865.701535
demand_41 3 2 225.915564
demand_42 3 4 920.916832
demand_43 3 5 1745.129169
demand_44 3 6 1852.683137
demand_45 3 7 1469.278493
demand_46 3 8 1472.798073
demand_47 3 9 684.610815
demand_48 3 10 2319.175486
demand_49 3 11 985.912673
demand_50 3 12 2016.723805
demand_51 3 13 5514.034074
demand_52 4 0 766.562278
demand_53 4 1 304.616076
demand_54 4 2 79.493347
demand_55 4 3 613.162018
demand_56 4 5 614.061982
demand_57 4 6 651.907205
demand_58 4 7 516.997870
demand_59 4 8 518.236311
demand_60 4 9 240.895334
demand_61 4 10 816.052771
demand_62 4 11 346.915002
demand_63 4 12 709.628513
demand_64 4 13 1940.233852
demand_65 5 0 841.288015
demand_66 5 1 334.310546
demand_67 5 2 87.242488
demand_68 5 3 672.934048
demand_69 5 4 355.633202
demand_70 5 6 715.456178
demand_71 5 7 567.395662
demand_72 5 8 568.754829
demand_73 5 9 264.378202
demand_74 5 10 895.602921
demand_75 5 11 380.732841
demand_76 5 12 778.804253
demand_77 5 13 2129.371001
demand_78 6 0 45.939709
demand_79 6 1 18.255495
demand_80 6 2 4.763998
demand_81 6 3 36.746505
demand_82 6 4 19.419849
demand_83 6 5 36.800439
demand_84 6 7 30.983434
demand_85 6 8 31.057653
demand_86 6 9 14.436742
demand_87 6 10 48.905650
demand_88 6 11 20.790449
demand_89 6 12 42.527696
demand_90 6 13 116.277282
demand_91 7 0 488.224718
demand_92 7 1 194.010457
demand_93 7 2 50.629438
demand_94 7 3 390.523852
demand_95 7 4 206.384635
demand_96 7 5 391.097040
demand_97 7 6 415.200722
demand_98 7 8 330.065520
demand_99 7 9 153.426616
demand_100 7 10 519.745291
demand_101 7 11 220.950710
demand_102 7 12 451.963513
demand_103 7 13 1235.737986
demand_104 8 0 869.520278
demand_105 8 1 345.529467
demand_106 8 2 90.170205
demand_107 8 3 695.516625
demand_108 8 4 367.567677
demand_109 8 5 696.537464
demand_110 8 6 739.465729
demand_111 8 7 586.436542
demand_112 8 9 273.250307
demand_113 8 10 925.657905
demand_114 8 11 393.509618
demand_115 8 12 804.939663
demand_116 8 13 2200.829244
demand_117 9 0 278.994662
demand_118 9 1 110.866738
demand_119 9 2 28.932052
demand_120 9 3 223.163773
demand_121 9 4 117.937928
demand_122 9 5 223.491319
demand_123 9 6 237.265302
demand_124 9 7 188.164289
demand_125 9 8 188.615027
demand_126 9 10 297.007006
demand_127 9 11 126.261671
demand_128 9 12 258.273297
demand_129 9 13 706.159047
demand_130 10 0 908.587984
demand_131 10 1 361.054169
demand_132 10 2 94.221568
demand_133 10 3 726.766314
demand_134 10 4 384.082560
demand_135 10 5 727.833020
demand_136 10 6 772.690060
demand_137 10 7 612.785243
demand_138 10 8 614.253138
demand_139 10 9 285.527493
demand_140 10 11 411.190077
demand_141 10 12 841.105749
demand_142 10 13 2299.712905
demand_143 11 0 1946.168656
demand_144 11 1 773.367378
demand_145 11 2 201.819820
demand_146 11 3 1556.712004
demand_147 11 4 822.693512
demand_148 11 5 1558.996856
demand_149 11 6 1655.079313
demand_150 11 7 1312.567912
demand_151 11 8 1315.712101
demand_152 11 9 611.591467
demand_153 11 10 2071.816433
demand_154 11 12 1801.623700
demand_155 11 13 4925.917196
demand_156 12 0 216.613527
demand_157 12 1 86.077758
demand_158 12 2 22.463060
demand_159 12 3 173.266010
demand_160 12 4 91.567883
demand_161 12 5 173.520320
demand_162 12 6 184.214542
demand_163 12 7 146.092151
demand_164 12 8 146.442107
demand_165 12 9 68.071688
demand_166 12 10 230.598444
demand_167 12 11 98.030498
demand_168 12 13 548.267127
demand_169 13 0 423.215633
demand_170 13 1 168.177184
demand_171 13 2 43.887924
demand_172 13 3 338.524030
demand_173 13 4 178.903691
demand_174 13 5 339.020896
demand_175 13 6 359.915076
demand_176 13 7 285.432230
demand_177 13 8 286.115969
demand_178 13 9 132.997245
demand_179 13 10 450.539115
demand_180 13 11 191.530234
demand_181 13 12 391.782754
