DEMANDS 182
label src dest bw
demand_0 0 1 55.309559
demand_1 0 2 16.666322
demand_2 0 3 249.568568
demand_3 0 4 64.441976
demand_4 0 5 265.394901
demand_5 0 6 380.993890
demand_6 0 7 176.068898
demand_7 0 8 242.169669
demand_8 0 9 25.269571
demand_9 0 10 518.614413
demand_10 0 11 162.620650
demand_11 0 12 413.693727
demand_12 0 13 957.738417
demand_13 1 0 1435.443536
demand_14 1 2 52.168968
demand_15 1 3 781.200209
demand_16 1 4 201.716448
demand_17 1 5 830.739838
demand_18 1 6 1192.588110
demand_19 1 7 551.131343
demand_20 1 8 758.040154
demand_21 1 9 79.098881
demand_22 1 10 1623.368243
demand_23 1 11 509.035599
demand_24 1 12 1294.945228
demand_25 1 13 2997.915393
demand_26 2 0 3247.811393
demand_27 2 1 391.721445
demand_28 2 3 1767.530992
demand_29 2 4 456.400381
demand_30 2 5 1879.618560
demand_31 2 6 2698.330622
demand_32 2 7 1246.980889
demand_33 2 8 1715.129427
demand_34 2 9 178.967853
demand_35 2 10 3673.006803
demand_36 2 11 1151.735736
demand_37 2 12 2929.922188
demand_38 2 13 6783.035015
demand_39 3 0 1840.834306
demand_40 3 1 222.024677
demand_41 3 2 66.902266
demand_42 3 4 258.684196
demand_43 3 5 1065.353220
demand_44 3 6 1529.392866
demand_45 3 7 706.779095
demand_46 3 8 972.122055
demand_47 3 9 101.437591
demand_48 3 10 2081.831766
demand_49 3 11 652.794881
demand_50 3 12 1660.657170
demand_51 3 13 3844.571633
demand_52 4 0 850.433579
demand_53 4 1 102.571557
demand_54 4 2 30.907689
demand_55 4 3 462.824815
demand_56 4 5 492.174743
demand_57 4 6 706.553026
demand_58 4 7 326.519706
demand_59 4 8 449.103559
demand_60 4 9 46.862411
demand_61 4 10 961.770233
demand_62 4 11 301.579933
demand_63 4 12 767.194862
demand_64 4 13 1776.125534
demand_65 5 0 913.356045
demand_66 5 1 110.160692
demand_67 5 2 33.194508
demand_68 5 3 497.068617
demand_69 5 4 128.349832
demand_70 5 6 758.829959
demand_71 5 7 350.678471
demand_72 5 8 482.332143
demand_73 5 9 50.329699
demand_74 5 10 1032.930353
demand_75 5 11 323.893438
demand_76 5 12 823.958604
demand_77 5 13 1907.538734
demand_78 6 0 551.183046
demand_79 6 1 66.478682
demand_80 6 2 20.031892
demand_81 6 3 299.966038
demand_82 6 4 77.455284
demand_83 6 5 318.988315
demand_84 6 7 211.623965
demand_85 6 8 291.073017
demand_86 6 9 30.372468
demand_87 6 10 623.342563
demand_88 6 11 195.459999
demand_89 6 12 497.234365
demand_90 6 13 1151.142553
demand_91 7 0 848.313466
demand_92 7 1 102.315848
demand_93 7 2 30.830637
demand_94 7 3 461.671002
demand_95 7 4 119.209690
demand_96 7 5 490.947762
demand_97 7 6 704.791604
demand_98 7 8 447.983953
demand_99 7 9 46.745584
demand_100 7 10 959.372560
demand_101 7 11 300.828101
demand_102 7 12 765.282261
demand_103 7 13 1771.697689
demand_104 8 0 1483.006621
demand_105 8 1 178.866759
demand_106 8 2 53.897574
demand_107 8 3 807.085094
demand_108 8 4 208.400275
demand_109 8 5 858.266208
demand_110 8 6 1232.104237
demand_111 8 7 569.392951
demand_112 8 9 81.719804
demand_113 8 10 1677.158169
demand_114 8 11 525.902374
demand_115 8 12 1337.852935
demand_116 8 13 3097.250616
demand_117 9 0 594.693361
demand_118 9 1 71.726500
demand_119 9 2 21.613207
demand_120 9 3 323.645317
demand_121 9 4 83.569593
demand_122 9 5 344.169209
demand_123 9 6 494.080201
demand_124 9 7 228.329532
demand_125 9 8 314.050282
demand_126 9 10 672.549140
demand_127 9 11 210.889585
demand_128 9 12 536.485979
demand_129 9 13 1242.013591
demand_130 10 0 1489.067585
demand_131 10 1 179.597777
demand_132 10 2 54.117851
demand_133 10 3 810.383605
demand_134 10 4 209.251995
demand_135 10 5 861.773893
demand_136 10 6 1237.139777
demand_137 10 7 571.720028
demand_138 10 8 786.358358
demand_139 10 9 82.053788
demand_140 10 11 528.051707
demand_141 10 12 1343.320664
demand_142 10 13 3109.908904
demand_143 11 0 1681.472608
demand_144 11 1 202.803919
demand_145 11 2 61.110513
demand_146 11 3 915.094686
demand_147 11 4 236.289811
demand_148 11 5 973.125203
demand_149 11 6 1396.992768
demand_150 11 7 645.592971
demand_151 11 8 887.965094
demand_152 11 9 92.656102
demand_153 11 10 1901.606830
demand_154 11 12 1516.893472
demand_155 11 13 3511.745663
demand_156 12 0 552.251433
demand_157 12 1 66.607541
demand_158 12 2 20.070721
demand_159 12 3 300.547478
demand_160 12 4 77.605419
demand_161 12 5 319.606626
demand_162 12 6 458.818808
demand_163 12 7 212.034167
demand_164 12 8 291.637219
demand_165 12 9 30.431340
demand_166 12 10 624.550820
demand_167 12 11 195.838869
demand_168 12 13 1153.373873
demand_169 13 0 799.695269
demand_170 13 1 96.451964
demand_171 13 2 29.063684
demand_172 13 3 435.211902
demand_173 13 4 112.377593
demand_174 13 5 462.810763
demand_175 13 6 664.398874
demand_176 13 7 307.038986
demand_177 13 8 422.309279
demand_178 13 9 44.066520
demand_179 13 10 904.389390
demand_180 13 11 283.587163
demand_181 13 12 721.422715
