DEMANDS 182
label src dest bw
demand_0 0 1 4.078683
demand_1 0 2 1.950607
demand_2 0 3 43.664041
demand_3 0 4 7.818541
demand_4 0 5 56.781238
demand_5 0 6 61.633460
demand_6 0 7 34.176906
demand_7 0 8 35.860772
demand_8 0 9 2.927896
demand_9 0 10 69.421378
demand_10 0 11 8.897240
demand_11 0 12 62.151471
demand_12 0 13 167.800413
demand_13 1 0 1126.315327
demand_14 1 2 31.965655
demand_15 1 3 715.546274
demand_16 1 4 128.126664
demand_17 1 5 930.504878
demand_18 1 6 1010.020871
demand_19 1 7 560.075451
demand_20 1 8 587.669872
demand_21 1 9 47.981010
demand_22 1 10 1137.645697
demand_23 1 11 145.803885
demand_24 1 12 1018.509786
demand_25 1 13 2749.836184
demand_26 2 0 2978.248128
demand_27 2 1 176.739904
demand_28 2 3 1892.076134
demand_29 2 4 338.797660
demand_30 2 5 2460.478291
demand_31 2 6 2670.737666
demand_32 2 7 1480.973953
demand_33 2 8 1553.940228
demand_34 2 9 126.873310
demand_35 2 10 3008.208347
demand_36 2 11 385.540477
demand_37 2 12 2693.184395
demand_38 2 13 7271.227044
demand_39 3 0 2191.251372
demand_40 3 1 130.036700
demand_41 3 2 62.189321
demand_42 3 4 249.270983
demand_43 3 5 1810.301290
demand_44 3 6 1965.000001
demand_45 3 7 1089.629227
demand_46 3 8 1143.314294
demand_47 3 9 93.347264
demand_48 3 10 2213.294656
demand_49 3 11 283.662094
demand_50 3 12 1981.515222
demand_51 3 13 5349.818266
demand_52 4 0 958.877351
demand_53 4 1 56.903214
demand_54 4 2 27.213642
demand_55 4 3 609.173203
demand_56 4 5 792.176073
demand_57 4 6 859.871222
demand_58 4 7 476.814664
demand_59 4 8 500.306900
demand_60 4 9 40.848156
demand_61 4 10 968.523349
demand_62 4 11 124.128688
demand_63 4 12 867.098176
demand_64 4 13 2341.045684
demand_65 5 0 999.755162
demand_66 5 1 59.329050
demand_67 5 2 28.373785
demand_68 5 3 635.142809
demand_69 5 4 113.729513
demand_70 5 6 896.528312
demand_71 5 7 497.141706
demand_72 5 8 521.635437
demand_73 5 9 42.589550
demand_74 5 10 1009.812378
demand_75 5 11 129.420406
demand_76 5 12 904.063357
demand_77 5 13 2440.846585
demand_78 6 0 248.668283
demand_79 6 1 14.756866
demand_80 6 2 7.057388
demand_81 6 3 157.978551
demand_82 6 4 28.287849
demand_83 6 5 205.437185
demand_84 6 7 123.653649
demand_85 6 8 129.745955
demand_86 6 9 10.593264
demand_87 6 10 251.169806
demand_88 6 11 32.190632
demand_89 6 12 224.866938
demand_90 6 13 607.109772
demand_91 7 0 920.258600
demand_92 7 1 54.611439
demand_93 7 2 26.117614
demand_94 7 3 584.638774
demand_95 7 4 104.686194
demand_96 7 5 760.271210
demand_97 7 6 825.239940
demand_98 7 8 480.157058
demand_99 7 9 39.202998
demand_100 7 10 929.516106
demand_101 7 11 119.129409
demand_102 7 12 832.175828
demand_103 7 13 2246.760153
demand_104 8 0 1128.304436
demand_105 8 1 66.957624
demand_106 8 2 32.022107
demand_107 8 3 716.809951
demand_108 8 4 128.352940
demand_109 8 5 932.148179
demand_110 8 6 1011.804600
demand_111 8 7 561.064562
demand_112 8 9 48.065746
demand_113 8 10 1139.654816
demand_114 8 11 146.061380
demand_115 8 12 1020.308506
demand_116 8 13 2754.692482
demand_117 9 0 680.691481
demand_118 9 1 40.394669
demand_119 9 2 19.318523
demand_120 9 3 432.442178
demand_121 9 4 77.433669
demand_122 9 5 562.352947
demand_123 9 6 610.408636
demand_124 9 7 338.482997
demand_125 9 8 355.159755
demand_126 9 10 687.539018
demand_127 9 11 88.116942
demand_128 9 12 615.538933
demand_129 9 13 1661.870365
demand_130 10 0 1417.212176
demand_131 10 1 84.102443
demand_132 10 2 40.221521
demand_133 10 3 900.352563
demand_134 10 4 161.218323
demand_135 10 5 1170.829173
demand_136 10 6 1270.882001
demand_137 10 7 704.727823
demand_138 10 8 739.449138
demand_139 10 9 60.373210
demand_140 10 11 183.461094
demand_141 10 12 1281.563373
demand_142 10 13 3460.044651
demand_143 11 0 2143.298650
demand_144 11 1 127.191014
demand_145 11 2 60.828388
demand_146 11 3 1361.634105
demand_147 11 4 243.816008
demand_148 11 5 1770.685172
demand_149 11 6 1921.998500
demand_150 11 7 1065.784091
demand_151 11 8 1118.294329
demand_152 11 9 91.304479
demand_153 11 10 2164.859546
demand_154 11 12 1938.152307
demand_155 11 13 5232.744365
demand_156 12 0 424.794804
demand_157 12 1 25.208844
demand_158 12 2 12.055988
demand_159 12 3 269.871440
demand_160 12 4 48.323538
demand_161 12 5 350.944028
demand_162 12 6 380.933836
demand_163 12 7 211.234932
demand_164 12 8 221.642290
demand_165 12 9 18.096250
demand_166 12 10 429.068103
demand_167 12 11 54.990580
demand_168 12 13 1037.112871
demand_169 13 0 702.094947
demand_170 13 1 41.664827
demand_171 13 2 19.925970
demand_172 13 3 446.039764
demand_173 13 4 79.868471
demand_174 13 5 580.035410
demand_175 13 6 629.602148
demand_176 13 7 349.126159
demand_177 13 8 366.327295
demand_178 13 9 29.909231
demand_179 13 10 709.157796
demand_180 13 11 90.887666
demand_181 13 12 634.893761
