DEMANDS 182
label src dest bw
demand_0 0 1 9.392332
demand_1 0 2 5.410309
demand_2 0 3 37.031212
demand_3 0 4 12.937103
demand_4 0 5 45.407908
demand_5 0 6 46.690787
demand_6 0 7 18.618017
demand_7 0 8 19.000371
demand_8 0 9 6.846757
demand_9 0 10 161.533224
demand_10 0 11 17.912986
demand_11 0 12 77.034221
demand_12 0 13 177.298115
demand_13 1 0 1506.658755
demand_14 1 2 87.890423
demand_15 1 3 601.571782
demand_16 1 4 210.163144
demand_17 1 5 737.651136
demand_18 1 6 758.491501
demand_19 1 7 302.449548
demand_20 1 8 308.660899
demand_21 1 9 111.225523
demand_22 1 10 2624.106071
demand_23 1 11 290.996332
demand_24 1 12 1251.420369
demand_25 1 13 2880.206612
demand_26 2 0 4429.275639
demand_27 2 1 448.549886
demand_28 2 3 1768.500818
demand_29 2 4 617.837642
demand_30 2 5 2168.546922
demand_31 2 6 2229.813430
demand_32 2 7 889.141228
demand_33 2 8 907.401358
demand_34 2 9 326.980808
demand_35 2 10 7714.347429
demand_36 2 11 855.471061
demand_37 2 12 3678.925792
demand_38 2 13 8467.231839
demand_39 3 0 2327.934852
demand_40 3 1 235.748460
demand_41 3 2 135.799284
demand_42 3 4 324.722572
demand_43 3 5 1139.743012
demand_44 3 6 1171.943410
demand_45 3 7 467.314076
demand_46 3 8 476.911219
demand_47 3 9 171.854290
demand_48 3 10 4054.500036
demand_49 3 11 449.617739
demand_50 3 12 1933.566630
demand_51 3 13 4450.200372
demand_52 4 0 1172.396404
demand_53 4 1 118.727827
demand_54 4 2 68.391343
demand_55 4 3 468.109047
demand_56 4 5 573.998284
demand_57 4 6 590.215074
demand_58 4 7 235.349087
demand_59 4 8 240.182408
demand_60 4 9 86.549394
demand_61 4 10 2041.930538
demand_62 4 11 226.436844
demand_63 4 12 973.784366
demand_64 4 13 2241.213456
demand_65 5 0 1503.181469
demand_66 5 1 152.226217
demand_67 5 2 87.687577
demand_68 5 3 600.183388
demand_69 5 4 209.678099
demand_70 5 6 756.740944
demand_71 5 7 301.751511
demand_72 5 8 307.948526
demand_73 5 9 110.968820
demand_74 5 10 2618.049778
demand_75 5 11 290.324728
demand_76 5 12 1248.532159
demand_77 5 13 2873.559253
demand_78 6 0 162.316705
demand_79 6 1 16.437708
demand_80 6 2 9.468690
demand_81 6 3 64.809068
demand_82 6 4 22.641483
demand_83 6 5 79.469290
demand_84 6 7 32.583765
demand_85 6 8 33.252931
demand_86 6 9 11.982647
demand_87 6 10 282.702537
demand_88 6 11 31.349876
demand_89 6 12 134.819136
demand_90 6 13 310.292989
demand_91 7 0 714.633932
demand_92 7 1 72.370517
demand_93 7 2 41.687926
demand_94 7 3 285.335752
demand_95 7 4 99.683962
demand_96 7 5 349.880509
demand_97 7 6 359.765449
demand_98 7 8 146.403126
demand_99 7 9 52.756161
demand_100 7 10 1244.658243
demand_101 7 11 138.024521
demand_102 7 12 593.570014
demand_103 7 13 1366.131096
demand_104 8 0 1584.852613
demand_105 8 1 160.497001
demand_106 8 2 92.451835
demand_107 8 3 632.792667
demand_108 8 4 221.070369
demand_109 8 5 775.934382
demand_110 8 6 797.856338
demand_111 8 7 318.146332
demand_112 8 9 116.997999
demand_113 8 10 2760.294160
demand_114 8 11 306.098707
demand_115 8 12 1316.367648
demand_116 8 13 3029.686025
demand_117 9 0 377.659350
demand_118 9 1 38.245319
demand_119 9 2 22.030629
demand_120 9 3 150.790089
demand_121 9 4 52.679531
demand_122 9 5 184.899764
demand_123 9 6 190.123614
demand_124 9 7 75.812057
demand_125 9 8 77.368996
demand_126 9 10 657.758892
demand_127 9 11 72.941192
demand_128 9 12 313.681251
demand_129 9 13 721.953099
demand_130 10 0 1778.979865
demand_131 10 1 180.156143
demand_132 10 2 103.776182
demand_133 10 3 710.302904
demand_134 10 4 248.149091
demand_135 10 5 870.977927
demand_136 10 6 895.585084
demand_137 10 7 357.115807
demand_138 10 8 364.449828
demand_139 10 9 131.328985
demand_140 10 11 343.592478
demand_141 10 12 1477.608405
demand_142 10 13 3400.789697
demand_143 11 0 1992.799230
demand_144 11 1 201.809492
demand_145 11 2 116.249262
demand_146 11 3 795.675717
demand_147 11 4 277.974657
demand_148 11 5 975.662612
demand_149 11 6 1003.227356
demand_150 11 7 400.038313
demand_151 11 8 408.253826
demand_152 11 9 147.113695
demand_153 11 10 3470.803551
demand_154 11 12 1655.205294
demand_155 11 13 3809.537826
demand_156 12 0 334.190154
demand_157 12 1 33.843221
demand_158 12 2 19.494868
demand_159 12 3 133.433909
demand_160 12 4 46.616032
demand_161 12 5 163.617505
demand_162 12 6 168.240081
demand_163 12 7 67.085968
demand_164 12 8 68.463700
demand_165 12 9 24.670798
demand_166 12 10 582.049790
demand_167 12 11 64.545544
demand_168 12 13 638.855141
demand_169 13 0 575.166568
demand_170 13 1 58.246747
demand_171 13 2 33.552145
demand_172 13 3 229.649864
demand_173 13 4 80.229723
demand_174 13 5 281.598120
demand_175 13 6 289.553923
demand_176 13 7 115.460032
demand_177 13 8 117.831214
demand_178 13 9 42.460313
demand_179 13 10 1001.751776
demand_180 13 11 111.087770
demand_181 13 12 477.729384
