DEMANDS 182
label src dest bw
demand_0 0 1 8.715911
demand_1 0 2 7.117051
demand_2 0 3 29.047544
demand_3 0 4 9.849684
demand_4 0 5 29.771630
demand_5 0 6 30.189936
demand_6 0 7 22.938802
demand_7 0 8 27.299435
demand_8 0 9 7.814737
demand_9 0 10 302.483646
demand_10 0 11 14.495866
demand_11 0 12 35.395490
demand_12 0 13 338.538710
demand_13 1 0 1076.016497
demand_14 1 2 81.926274
demand_15 1 3 334.374021
demand_16 1 4 113.382334
demand_17 1 5 342.709172
demand_18 1 6 347.524407
demand_19 1 7 264.054667
demand_20 1 8 314.251078
demand_21 1 9 89.957526
demand_22 1 10 3481.969911
demand_23 1 11 166.865781
demand_24 1 12 407.446927
demand_25 1 13 3897.009377
demand_26 2 0 2673.317206
demand_27 2 1 249.268529
demand_28 2 3 830.738028
demand_29 2 4 281.693584
demand_30 2 5 851.446357
demand_31 2 6 863.409603
demand_32 2 7 656.032586
demand_33 2 8 780.743434
demand_34 2 9 223.495645
demand_35 2 10 8650.806094
demand_36 2 11 414.570934
demand_37 2 12 1012.284554
demand_38 2 13 9681.953990
demand_39 3 0 2659.471299
demand_40 3 1 247.977493
demand_41 3 2 202.488135
demand_42 3 4 280.234609
demand_43 3 5 847.036462
demand_44 3 6 858.937747
demand_45 3 7 652.634798
demand_46 3 8 776.699731
demand_47 3 9 222.338094
demand_48 3 10 8606.000991
demand_49 3 11 412.423747
demand_50 3 12 1007.041631
demand_51 3 13 9631.808265
demand_52 4 0 565.707196
demand_53 4 1 52.748324
demand_54 4 2 43.072093
demand_55 4 3 175.794507
demand_56 4 5 180.176647
demand_57 4 6 182.708219
demand_58 4 7 138.824661
demand_59 4 8 165.215029
demand_60 4 9 47.294460
demand_61 4 10 1830.618249
demand_62 4 11 87.728370
demand_63 4 12 214.212012
demand_64 4 13 2048.821979
demand_65 5 0 1032.877860
demand_66 5 1 96.308790
demand_67 5 2 78.641763
demand_68 5 3 320.968613
demand_69 5 4 108.836716
demand_70 5 6 333.591787
demand_71 5 7 253.468437
demand_72 5 8 301.652421
demand_73 5 9 86.351033
demand_74 5 10 3342.374061
demand_75 5 11 160.175956
demand_76 5 12 391.111950
demand_77 5 13 3740.774157
demand_78 6 0 261.653474
demand_79 6 1 24.397395
demand_80 6 2 19.921901
demand_81 6 3 81.309278
demand_82 6 4 27.571028
demand_83 6 5 83.336125
demand_84 6 7 64.209816
demand_85 6 8 76.416009
demand_86 6 9 21.874850
demand_87 6 10 846.705906
demand_88 6 11 40.576526
demand_89 6 12 99.078317
demand_90 6 13 947.630491
demand_91 7 0 547.091694
demand_92 7 1 51.012555
demand_93 7 2 41.654737
demand_94 7 3 170.009707
demand_95 7 4 57.648310
demand_96 7 5 174.247646
demand_97 7 6 176.695912
demand_98 7 8 159.778363
demand_99 7 9 45.738160
demand_100 7 10 1770.378819
demand_101 7 11 84.841527
demand_102 7 12 207.163022
demand_103 7 13 1981.402205
demand_104 8 0 1178.564715
demand_105 8 1 109.893092
demand_106 8 2 89.734141
demand_107 8 3 366.241060
demand_108 8 4 124.188075
demand_109 8 5 375.370581
demand_110 8 6 380.644725
demand_111 8 7 289.220021
demand_112 8 9 98.530799
demand_113 8 10 3813.814088
demand_114 8 11 182.768687
demand_115 8 12 446.278075
demand_116 8 13 4268.408299
demand_117 9 0 373.491071
demand_118 9 1 34.825486
demand_119 9 2 28.437047
demand_120 9 3 116.063008
demand_121 9 4 39.355613
demand_122 9 5 118.956183
demand_123 9 6 120.627577
demand_124 9 7 91.654785
demand_125 9 8 109.078227
demand_126 9 10 1208.610346
demand_127 9 11 57.920004
demand_128 9 12 141.427004
demand_129 9 13 1352.672760
demand_130 10 0 1391.354509
demand_131 10 1 129.734283
demand_132 10 2 105.935635
demand_133 10 3 432.365863
demand_134 10 4 146.610225
demand_135 10 5 443.143719
demand_136 10 6 449.370109
demand_137 10 7 341.438680
demand_138 10 8 406.345680
demand_139 10 9 116.320530
demand_140 10 11 215.767563
demand_141 10 12 526.853557
demand_142 10 13 5039.069181
demand_143 11 0 1557.376288
demand_144 11 1 145.214678
demand_145 11 2 118.576283
demand_146 11 3 483.957423
demand_147 11 4 164.104322
demand_148 11 5 496.021334
demand_149 11 6 502.990681
demand_150 11 7 382.180458
demand_151 11 8 454.832411
demand_152 11 9 130.200343
demand_153 11 10 5039.641482
demand_154 11 12 589.719753
demand_155 11 13 5640.350324
demand_156 12 0 305.333953
demand_157 12 1 28.470301
demand_158 12 2 23.247667
demand_159 12 3 94.883063
demand_160 12 4 32.173741
demand_161 12 5 97.248273
demand_162 12 6 98.614660
demand_163 12 7 74.929014
demand_164 12 8 89.172911
demand_165 12 9 25.526641
demand_166 12 10 988.055144
demand_167 12 11 47.350379
demand_168 12 13 1105.828098
demand_169 13 0 503.780298
demand_170 13 1 46.974064
demand_171 13 2 38.357072
demand_172 13 3 156.550615
demand_173 13 4 53.084489
demand_174 13 5 160.453050
demand_175 13 6 162.707496
demand_176 13 7 123.627788
demand_177 13 8 147.129252
demand_178 13 9 42.117225
demand_179 13 10 1630.223928
demand_180 13 11 78.124911
demand_181 13 12 190.762628
