DEMANDS 182
label src dest bw
demand_0 0 1 2.349096
demand_1 0 2 0.668656
demand_2 0 3 14.564485
demand_3 0 4 5.093726
demand_4 0 5 18.315550
demand_5 0 6 29.576144
demand_6 0 7 9.761645
demand_7 0 8 12.729057
demand_8 0 9 1.729487
demand_9 0 10 38.052142
demand_10 0 11 7.181076
demand_11 0 12 33.056629
demand_12 0 13 65.219933
demand_13 1 0 1507.166689
demand_14 1 2 28.504108
demand_15 1 3 620.868767
demand_16 1 4 217.140223
demand_17 1 5 780.772735
demand_18 1 6 1260.800081
demand_19 1 7 416.128696
demand_20 1 8 542.626376
demand_21 1 9 73.726235
demand_22 1 10 1622.122995
demand_23 1 11 306.121770
demand_24 1 12 1409.169508
demand_25 1 13 2780.257485
demand_26 2 0 3723.036451
demand_27 2 1 247.366859
demand_28 2 3 1533.683745
demand_29 2 4 536.384576
demand_30 2 5 1928.682057
demand_31 2 6 3114.456213
demand_32 2 7 1027.930298
demand_33 2 8 1340.407662
demand_34 2 9 182.120174
demand_35 2 10 4007.004055
demand_36 2 11 756.188759
demand_37 2 12 3480.961649
demand_38 2 13 6867.853457
demand_39 3 0 2345.154036
demand_40 3 1 155.817273
demand_41 3 2 44.352442
demand_42 3 4 337.870572
demand_43 3 5 1214.883757
demand_44 3 6 1961.807158
demand_45 3 7 647.496988
demand_46 3 8 844.327602
demand_47 3 9 114.718152
demand_48 3 10 2524.026251
demand_49 3 11 476.326016
demand_50 3 12 2192.670249
demand_51 3 13 4326.085567
demand_52 4 0 1243.793267
demand_53 4 1 82.640403
demand_54 4 2 23.523090
demand_55 4 3 512.373580
demand_56 4 5 644.334749
demand_57 4 6 1040.478577
demand_58 4 7 343.411299
demand_59 4 8 447.803842
demand_60 4 9 60.842769
demand_61 4 10 1338.661260
demand_62 4 11 252.627795
demand_63 4 12 1162.920836
demand_64 4 13 2294.414788
demand_65 5 0 1268.689295
demand_66 5 1 84.294551
demand_67 5 2 23.993933
demand_68 5 3 522.629358
demand_69 5 4 182.782355
demand_70 5 6 1061.305015
demand_71 5 7 350.285092
demand_72 5 8 456.767178
demand_73 5 9 62.060611
demand_74 5 10 1365.456185
demand_75 5 11 257.684446
demand_76 5 12 1186.198104
demand_77 5 13 2340.340277
demand_78 6 0 392.410360
demand_79 6 1 26.072621
demand_80 6 2 7.421414
demand_81 6 3 161.651222
demand_82 6 4 56.535268
demand_83 6 5 203.284290
demand_84 6 7 108.344493
demand_85 6 8 141.279802
demand_86 6 9 19.195580
demand_87 6 10 422.340722
demand_88 6 11 79.702766
demand_89 6 12 366.895525
demand_90 6 13 723.876030
demand_91 7 0 983.337724
demand_92 7 1 65.335155
demand_93 7 2 18.597256
demand_94 7 3 405.080397
demand_95 7 4 141.671239
demand_96 7 5 509.408341
demand_97 7 6 822.597985
demand_98 7 8 354.031833
demand_99 7 9 48.102037
demand_100 7 10 1058.339959
demand_101 7 11 199.726471
demand_102 7 12 919.400320
demand_103 7 13 1813.954678
demand_104 8 0 1560.715267
demand_105 8 1 103.697409
demand_106 8 2 29.516839
demand_107 8 3 642.927800
demand_108 8 4 224.855063
demand_109 8 5 808.513043
demand_110 8 6 1305.595426
demand_111 8 7 430.913457
demand_112 8 9 76.345676
demand_113 8 10 1679.755889
demand_114 8 11 316.998062
demand_115 8 12 1459.236315
demand_116 8 13 2879.038087
demand_117 9 0 706.874947
demand_118 9 1 46.966351
demand_119 9 2 13.368687
demand_120 9 3 291.193124
demand_121 9 4 101.840749
demand_122 9 5 366.189546
demand_123 9 6 591.326757
demand_124 9 7 195.168160
demand_125 9 8 254.496728
demand_126 9 10 760.790505
demand_127 9 11 143.573907
demand_128 9 12 660.913374
demand_129 9 13 1303.966162
demand_130 10 0 1750.113352
demand_131 10 1 116.281441
demand_132 10 2 33.098807
demand_133 10 3 720.949267
demand_134 10 4 252.141987
demand_135 10 5 906.628840
demand_136 10 6 1464.033853
demand_137 10 7 483.206265
demand_138 10 8 630.094649
demand_139 10 9 85.610483
demand_140 10 11 355.466851
demand_141 10 12 1636.319585
demand_142 10 13 3228.419112
demand_143 11 0 2057.912607
demand_144 11 1 136.732311
demand_145 11 2 38.920024
demand_146 11 3 847.745424
demand_147 11 4 296.487181
demand_148 11 5 1066.081187
demand_149 11 6 1721.519192
demand_150 11 7 568.189634
demand_151 11 8 740.911850
demand_152 11 9 100.667132
demand_153 11 10 2214.876021
demand_154 11 12 1924.105487
demand_155 11 13 3796.213762
demand_156 12 0 529.482653
demand_157 12 1 35.180010
demand_158 12 2 10.013777
demand_159 12 3 218.117375
demand_160 12 4 76.283521
demand_161 12 5 274.293229
demand_162 12 6 442.931612
demand_163 12 7 146.190151
demand_164 12 8 190.630045
demand_165 12 9 25.900760
demand_166 12 10 569.867946
demand_167 12 11 107.543623
demand_168 12 13 976.732115
demand_169 13 0 707.206426
demand_170 13 1 46.988375
demand_171 13 2 13.374956
demand_172 13 3 291.329675
demand_173 13 4 101.888505
demand_174 13 5 366.361265
demand_175 13 6 591.604051
demand_176 13 7 195.259682
demand_177 13 8 254.616071
demand_178 13 9 34.594493
demand_179 13 10 761.147266
demand_180 13 11 143.641234
demand_181 13 12 661.223299
