DEMANDS 182
label src dest bw
demand_0 0 1 17.501733
demand_1 0 2 1.823319
demand_2 0 3 86.630626
demand_3 0 4 36.409132
demand_4 0 5 92.586549
demand_5 0 6 96.385454
demand_6 0 7 44.228145
demand_7 0 8 47.303555
demand_8 0 9 16.027596
demand_9 0 10 170.855604
demand_10 0 11 40.866673
demand_11 0 12 100.048625
demand_12 0 13 211.665898
demand_13 1 0 827.346865
demand_14 1 2 14.454805
demand_15 1 3 686.785253
demand_16 1 4 288.642208
demand_17 1 5 734.002269
demand_18 1 6 764.119010
demand_19 1 7 350.629326
demand_20 1 8 375.010378
demand_21 1 9 127.062646
demand_22 1 10 1354.499149
demand_23 1 11 323.980436
demand_24 1 12 793.159683
demand_25 1 13 1678.032628
demand_26 2 0 3458.509482
demand_27 2 1 580.005242
demand_28 2 3 2870.928033
demand_29 2 4 1206.594062
demand_30 2 5 3068.306553
demand_31 2 6 3194.201793
demand_32 2 7 1465.715169
demand_33 2 8 1567.633844
demand_34 2 9 531.152512
demand_35 2 10 5662.133196
demand_36 2 11 1354.316380
demand_37 2 12 3315.598812
demand_38 2 13 7014.581187
demand_39 3 0 2475.027376
demand_40 3 1 415.071539
demand_41 3 2 43.241885
demand_42 3 4 863.479875
demand_43 3 5 2195.784849
demand_44 3 6 2285.879777
demand_45 3 7 1048.915779
demand_46 3 8 1121.852261
demand_47 3 9 380.110859
demand_48 3 10 4052.015685
demand_49 3 11 969.195005
demand_50 3 12 2372.755625
demand_51 3 13 5019.873608
demand_52 4 0 635.969417
demand_53 4 1 106.654499
demand_54 4 2 11.111197
demand_55 4 3 527.921764
demand_56 4 5 564.216794
demand_57 4 6 587.367091
demand_58 4 7 269.523628
demand_59 4 8 288.264985
demand_60 4 9 97.671195
demand_61 4 10 1041.183657
demand_62 4 11 249.039016
demand_63 4 12 609.690231
demand_64 4 13 1289.879104
demand_65 5 0 740.454136
demand_66 5 1 124.176985
demand_67 5 2 12.936678
demand_68 5 3 614.655113
demand_69 5 4 258.327343
demand_70 5 6 683.866834
demand_71 5 7 313.804217
demand_72 5 8 335.624630
demand_73 5 9 113.717796
demand_74 5 10 1212.241853
demand_75 5 11 289.954146
demand_76 5 12 709.857488
demand_77 5 13 1501.795985
demand_78 6 0 196.937218
demand_79 6 1 33.027123
demand_80 6 2 3.440744
demand_81 6 3 163.478685
demand_82 6 4 68.706846
demand_83 6 5 174.717970
demand_84 6 7 83.461928
demand_85 6 8 89.265463
demand_86 6 9 30.245312
demand_87 6 10 322.417726
demand_88 6 11 77.118569
demand_89 6 12 188.799484
demand_90 6 13 399.429903
demand_91 7 0 577.551891
demand_92 7 1 96.857657
demand_93 7 2 10.090568
demand_94 7 3 479.429050
demand_95 7 4 201.494513
demand_96 7 5 512.390168
demand_97 7 6 533.413974
demand_98 7 8 261.786153
demand_99 7 9 88.699522
demand_100 7 10 945.544823
demand_101 7 11 226.163320
demand_102 7 12 553.686602
demand_103 7 13 1171.396133
demand_104 8 0 1178.324920
demand_105 8 1 197.609587
demand_106 8 2 20.586839
demand_107 8 3 978.134096
demand_108 8 4 411.090344
demand_109 8 5 1045.381570
demand_110 8 6 1088.274469
demand_111 8 7 499.373709
demand_112 8 9 180.965310
demand_113 8 10 1929.106362
demand_114 8 11 461.419796
demand_115 8 12 1129.634811
demand_116 8 13 2389.889592
demand_117 9 0 489.319099
demand_118 9 1 82.060681
demand_119 9 2 8.549029
demand_120 9 3 406.186516
demand_121 9 4 170.712130
demand_122 9 5 434.112153
demand_123 9 6 451.924146
demand_124 9 7 207.373271
demand_125 9 8 221.792996
demand_126 9 10 801.093629
demand_127 9 11 191.612275
demand_128 9 12 469.099718
demand_129 9 13 992.441560
demand_130 10 0 1323.816153
demand_131 10 1 222.009022
demand_132 10 2 23.128757
demand_133 10 3 1098.907181
demand_134 10 4 461.848874
demand_135 10 5 1174.457899
demand_136 10 6 1222.646910
demand_137 10 7 561.032846
demand_138 10 8 600.044330
demand_139 10 9 203.309628
demand_140 10 11 518.392651
demand_141 10 12 1269.114134
demand_142 10 13 2684.976269
demand_143 11 0 1475.466899
demand_144 11 1 247.441431
demand_145 11 2 25.778288
demand_146 11 3 1224.793312
demand_147 11 4 514.756316
demand_148 11 5 1308.998798
demand_149 11 6 1362.708137
demand_150 11 7 625.302381
demand_151 11 8 668.782856
demand_152 11 9 226.599914
demand_153 11 10 2415.575309
demand_154 11 12 1414.498449
demand_155 11 13 2992.555726
demand_156 12 0 265.313502
demand_157 12 1 44.494087
demand_158 12 2 4.635365
demand_159 12 3 220.238219
demand_160 12 4 92.561752
demand_161 12 5 235.379767
demand_162 12 6 245.037600
demand_163 12 7 112.439774
demand_164 12 8 120.258287
demand_165 12 9 40.746435
demand_166 12 10 434.360638
demand_167 12 11 103.894011
demand_168 12 13 538.111318
demand_169 13 0 496.511380
demand_170 13 1 83.266854
demand_171 13 2 8.674687
demand_172 13 3 412.156869
demand_173 13 4 173.221350
demand_174 13 5 440.492972
demand_175 13 6 458.566775
demand_176 13 7 210.421358
demand_177 13 8 225.053031
demand_178 13 9 76.253446
demand_179 13 10 812.868544
demand_180 13 11 194.428698
demand_181 13 12 475.994803
