DEMANDS 182
label src dest bw
demand_0 0 1 66.940072
demand_1 0 2 12.065303
demand_2 0 3 149.936690
demand_3 0 4 71.272422
demand_4 0 5 181.390264
demand_5 0 6 259.388652
demand_6 0 7 88.211628
demand_7 0 8 94.970537
demand_8 0 9 37.825679
demand_9 0 10 360.573358
demand_10 0 11 84.363271
demand_11 0 12 265.423840
demand_12 0 13 605.909102
demand_13 1 0 1144.550925
demand_14 1 2 47.220418
demand_15 1 3 586.812703
demand_16 1 4 278.941482
demand_17 1 5 709.913707
demand_18 1 6 1015.178846
demand_19 1 7 345.237074
demand_20 1 8 371.689661
demand_21 1 9 148.039743
demand_22 1 10 1411.189131
demand_23 1 11 330.175618
demand_24 1 12 1038.798984
demand_25 1 13 2371.368598
demand_26 2 0 2410.175740
demand_27 2 1 551.685224
demand_28 2 3 1235.700142
demand_29 2 4 587.390196
demand_30 2 5 1494.924130
demand_31 2 6 2137.746232
demand_32 2 7 726.994319
demand_33 2 8 782.697723
demand_34 2 9 311.739557
demand_35 2 10 2971.657909
demand_36 2 11 695.278164
demand_37 2 12 2187.485114
demand_38 2 13 4993.587390
demand_39 3 0 2092.320231
demand_40 3 1 478.928626
demand_41 3 2 86.322272
demand_42 3 4 509.924803
demand_43 3 5 1297.772585
demand_44 3 6 1855.818899
demand_45 3 7 631.117846
demand_46 3 8 679.475050
demand_47 3 9 270.627146
demand_48 3 10 2579.753774
demand_49 3 11 603.584437
demand_50 3 12 1898.998186
demand_51 3 13 4335.029909
demand_52 4 0 953.012611
demand_53 4 1 218.143004
demand_54 4 2 39.318175
demand_55 4 3 488.610768
demand_56 4 5 591.111065
demand_57 4 6 845.290692
demand_58 4 7 287.462338
demand_59 4 8 309.488138
demand_60 4 9 123.265588
demand_61 4 10 1175.029445
demand_62 4 11 274.921387
demand_63 4 12 864.958047
demand_64 4 13 1974.524794
demand_65 5 0 1023.938834
demand_66 5 1 234.377898
demand_67 5 2 42.244359
demand_68 5 3 524.974732
demand_69 5 4 249.546795
demand_70 5 6 908.199907
demand_71 5 7 308.856198
demand_72 5 8 332.521227
demand_73 5 9 132.439404
demand_74 5 10 1262.478865
demand_75 5 11 295.381909
demand_76 5 12 929.330969
demand_77 5 13 2121.475195
demand_78 6 0 431.411178
demand_79 6 1 98.749302
demand_80 6 2 17.798611
demand_81 6 3 221.185055
demand_82 6 4 105.140340
demand_83 6 5 267.585043
demand_84 6 7 130.128882
demand_85 6 8 140.099554
demand_86 6 9 55.800051
demand_87 6 10 531.914092
demand_88 6 11 124.451826
demand_89 6 12 391.550506
demand_90 6 13 893.830845
demand_91 7 0 818.567021
demand_92 7 1 187.368632
demand_93 7 2 33.771391
demand_94 7 3 419.680344
demand_95 7 4 199.495097
demand_96 7 5 507.720483
demand_97 7 6 726.041896
demand_98 7 8 265.827314
demand_99 7 9 105.875981
demand_100 7 10 1009.262985
demand_101 7 11 236.137044
demand_102 7 12 742.934693
demand_103 7 13 1695.970085
demand_104 8 0 1556.462283
demand_105 8 1 356.271631
demand_106 8 2 64.214530
demand_107 8 3 798.000176
demand_108 8 4 379.329470
demand_109 8 5 965.403885
demand_110 8 6 1380.530608
demand_111 8 7 469.484120
demand_112 8 9 201.317627
demand_113 8 10 1919.060662
demand_114 8 11 449.002212
demand_115 8 12 1412.651375
demand_116 8 13 3224.798216
demand_117 9 0 664.662896
demand_118 9 1 152.140233
demand_119 9 2 27.421812
demand_120 9 3 340.773505
demand_121 9 4 161.986723
demand_122 9 5 412.260644
demand_123 9 6 589.534024
demand_124 9 7 200.485857
demand_125 9 8 215.847387
demand_126 9 10 819.504868
demand_127 9 11 191.739378
demand_128 9 12 603.250695
demand_129 9 13 1377.099687
demand_130 10 0 1703.868425
demand_131 10 1 390.012652
demand_132 10 2 70.296024
demand_133 10 3 873.575491
demand_134 10 4 415.254204
demand_135 10 5 1056.833317
demand_136 10 6 1511.274984
demand_137 10 7 513.947030
demand_138 10 8 553.326430
demand_139 10 9 220.383592
demand_140 10 11 491.525364
demand_141 10 12 1546.437777
demand_142 10 13 3530.205593
demand_143 11 0 2085.433868
demand_144 11 1 477.352349
demand_145 11 2 86.038163
demand_146 11 3 1069.204575
demand_147 11 4 508.246510
demand_148 11 5 1293.501282
demand_149 11 6 1849.710923
demand_150 11 7 629.040675
demand_151 11 8 677.238723
demand_152 11 9 269.736442
demand_153 11 10 2571.263142
demand_154 11 12 1892.748095
demand_155 11 13 4320.762214
demand_156 12 0 632.778489
demand_157 12 1 144.841945
demand_158 12 2 26.106365
demand_159 12 3 324.426330
demand_160 12 4 154.216091
demand_161 12 5 392.484173
demand_162 12 6 561.253608
demand_163 12 7 190.868391
demand_164 12 8 205.493016
demand_165 12 9 81.845519
demand_166 12 10 780.192569
demand_167 12 11 182.541488
demand_168 12 13 1311.039121
demand_169 13 0 753.827245
demand_170 13 1 172.549804
demand_171 13 2 31.100440
demand_172 13 3 386.488179
demand_173 13 4 183.717198
demand_174 13 5 467.565298
demand_175 13 6 668.619854
demand_176 13 7 227.380981
demand_177 13 8 244.803256
demand_178 13 9 97.502339
demand_179 13 10 929.441226
demand_180 13 11 217.461164
demand_181 13 12 684.176614
