DEMANDS 182
label src dest bw
demand_0 0 1 3.473310
demand_1 0 2 0.613336
demand_2 0 3 14.849882
demand_3 0 4 4.732564
demand_4 0 5 23.328919
demand_5 0 6 27.555873
demand_6 0 7 8.733718
demand_7 0 8 11.587203
demand_8 0 9 1.164516
demand_9 0 10 91.005826
demand_10 0 11 5.655551
demand_11 0 12 39.397474
demand_12 0 13 101.355981
demand_13 1 0 2172.593439
demand_14 1 2 18.232977
demand_15 1 3 441.450926
demand_16 1 4 140.687630
demand_17 1 5 693.512087
demand_18 1 6 819.169143
demand_19 1 7 259.632228
demand_20 1 8 344.459392
demand_21 1 9 34.618217
demand_22 1 10 2705.382105
demand_23 1 11 168.125794
demand_24 1 12 1171.191190
demand_25 1 13 3013.067055
demand_26 2 0 4408.056389
demand_27 2 1 209.494034
demand_28 2 3 895.676357
demand_29 2 4 285.446414
demand_30 2 5 1407.092708
demand_31 2 6 1662.043027
demand_32 2 7 526.777575
demand_33 2 8 698.886593
demand_34 2 9 70.238199
demand_35 2 10 5489.051316
demand_36 2 11 341.116736
demand_37 2 12 2376.273773
demand_38 2 13 6113.324861
demand_39 3 0 3765.780866
demand_40 3 1 178.969722
demand_41 3 2 31.603426
demand_42 3 4 243.855466
demand_43 3 5 1202.072371
demand_44 3 6 1419.875174
demand_45 3 7 450.023488
demand_46 3 8 597.055374
demand_47 3 9 60.004148
demand_48 3 10 4689.269508
demand_49 3 11 291.414348
demand_50 3 12 2030.038982
demand_51 3 13 5222.583324
demand_52 4 0 1679.619007
demand_53 4 1 79.824333
demand_54 4 2 14.095806
demand_55 4 3 341.283073
demand_56 4 5 536.150051
demand_57 4 6 633.294770
demand_58 4 7 200.720125
demand_59 4 8 266.299498
demand_60 4 9 26.763137
demand_61 4 10 2091.514741
demand_62 4 11 129.977047
demand_63 4 12 905.440911
demand_64 4 13 2329.384138
demand_65 5 0 1953.941488
demand_66 5 1 92.861581
demand_67 5 2 16.397992
demand_68 5 3 397.022869
demand_69 5 4 126.528688
demand_70 5 6 736.727151
demand_71 5 7 233.502584
demand_72 5 8 309.792659
demand_73 5 9 31.134205
demand_74 5 10 2433.109776
demand_75 5 11 151.205448
demand_76 5 12 1053.321351
demand_77 5 13 2709.829009
demand_78 6 0 400.293028
demand_79 6 1 19.024031
demand_80 6 2 3.359365
demand_81 6 3 81.335847
demand_82 6 4 25.921222
demand_83 6 5 127.777268
demand_84 6 7 47.836364
demand_85 6 8 63.465484
demand_86 6 9 6.378290
demand_87 6 10 498.457547
demand_88 6 11 30.976612
demand_89 6 12 215.788034
demand_90 6 13 555.147463
demand_91 7 0 1255.898723
demand_92 7 1 59.686916
demand_93 7 2 10.539833
demand_94 7 3 255.187024
demand_95 7 4 81.326498
demand_96 7 5 400.894585
demand_97 7 6 473.532444
demand_98 7 8 199.119680
demand_99 7 9 20.011555
demand_100 7 10 1563.884835
demand_101 7 11 97.187521
demand_102 7 12 677.023825
demand_103 7 13 1741.746522
demand_104 8 0 2396.641440
demand_105 8 1 113.901012
demand_106 8 2 20.113247
demand_107 8 3 486.975411
demand_108 8 4 155.195997
demand_109 8 5 765.030298
demand_110 8 6 903.645699
demand_111 8 7 286.406719
demand_112 8 9 38.188209
demand_113 8 10 2984.373767
demand_114 8 11 185.463713
demand_115 8 12 1291.969906
demand_116 8 13 3323.788629
demand_117 9 0 627.279926
demand_118 9 1 29.811643
demand_119 9 2 5.264299
demand_120 9 3 127.457489
demand_121 9 4 40.619899
demand_122 9 5 200.233602
demand_123 9 6 236.513814
demand_124 9 7 74.962062
demand_125 9 8 99.453703
demand_126 9 10 781.108815
demand_127 9 11 48.541956
demand_128 9 12 338.151036
demand_129 9 13 869.944852
demand_130 10 0 2784.499029
demand_131 10 1 132.334046
demand_132 10 2 23.368250
demand_133 10 3 565.784492
demand_134 10 4 180.311955
demand_135 10 5 888.838058
demand_136 10 6 1049.886115
demand_137 10 7 332.757006
demand_138 10 8 441.475532
demand_139 10 9 44.368352
demand_140 10 11 215.478010
demand_141 10 12 1501.054304
demand_142 10 13 3861.689969
demand_143 11 0 3245.513811
demand_144 11 1 154.243894
demand_145 11 2 27.237208
demand_146 11 3 659.458439
demand_147 11 4 210.165252
demand_148 11 5 1035.998275
demand_149 11 6 1223.710208
demand_150 11 7 387.849824
demand_151 11 8 514.568301
demand_152 11 9 51.714186
demand_153 11 10 4041.416507
demand_154 11 12 1749.575928
demand_155 11 13 4501.049559
demand_156 12 0 575.018654
demand_157 12 1 27.327912
demand_158 12 2 4.825708
demand_159 12 3 116.838481
demand_160 12 4 37.235688
demand_161 12 5 183.551317
demand_162 12 6 216.808875
demand_163 12 7 68.716665
demand_164 12 8 91.167806
demand_165 12 9 9.162377
demand_166 12 10 716.031425
demand_167 12 11 44.497726
demand_168 12 13 797.466167
demand_169 13 0 836.359359
demand_170 13 1 39.748198
demand_171 13 2 7.018948
demand_172 13 3 169.940499
demand_173 13 4 54.158967
demand_174 13 5 266.973707
demand_175 13 6 315.346520
demand_176 13 7 99.947758
demand_177 13 8 132.602737
demand_178 13 9 13.326593
demand_179 13 10 1041.461142
demand_180 13 11 64.721535
demand_181 13 12 450.860569
