DEMANDS 182
label src dest bw
demand_0 0 1 0.482581
demand_1 0 2 0.057677
demand_2 0 3 2.411325
demand_3 0 4 1.565718
demand_4 0 5 3.004006
demand_5 0 6 4.634266
demand_6 0 7 1.912626
demand_7 0 8 2.026902
demand_8 0 9 0.087833
demand_9 0 10 7.327284
demand_10 0 11 1.877251
demand_11 0 12 4.954744
demand_12 0 13 9.413696
demand_13 1 0 1002.423778
demand_14 1 2 11.411241
demand_15 1 3 477.072118
demand_16 1 4 309.771748
demand_17 1 5 594.331860
demand_18 1 6 916.872865
demand_19 1 7 378.406133
demand_20 1 8 401.015264
demand_21 1 9 17.377403
demand_22 1 10 1449.677018
demand_23 1 11 371.407460
demand_24 1 12 980.278309
demand_25 1 13 1862.466161
demand_26 2 0 4137.694012
demand_27 2 1 394.099004
demand_28 2 3 1969.205529
demand_29 2 4 1278.641563
demand_30 2 5 2453.217322
demand_31 2 6 3784.566415
demand_32 2 7 1561.942989
demand_33 2 8 1655.266457
demand_34 2 9 71.728521
demand_35 2 10 5983.816472
demand_36 2 11 1533.054641
demand_37 2 12 4046.284394
demand_38 2 13 7687.681846
demand_39 3 0 3952.935904
demand_40 3 1 376.501524
demand_41 3 2 44.998837
demand_42 3 4 1221.547105
demand_43 3 5 2343.675198
demand_44 3 6 3615.576314
demand_45 3 7 1492.198433
demand_46 3 8 1581.354782
demand_47 3 9 68.525668
demand_48 3 10 5716.624504
demand_49 3 11 1464.600020
demand_50 3 12 3865.607948
demand_51 3 13 7344.408142
demand_52 4 0 225.069032
demand_53 4 1 21.436936
demand_54 4 2 2.562107
demand_55 4 3 107.114538
demand_56 4 5 133.442262
demand_57 4 6 205.860728
demand_58 4 7 84.961574
demand_59 4 8 90.037885
demand_60 4 9 3.901658
demand_61 4 10 325.488491
demand_62 4 11 83.390198
demand_63 4 12 220.096824
demand_64 4 13 418.169905
demand_65 5 0 862.999137
demand_66 5 1 82.197258
demand_67 5 2 9.824080
demand_68 5 3 410.717339
demand_69 5 4 266.686363
demand_70 5 6 789.347289
demand_71 5 7 325.774561
demand_72 5 8 345.239044
demand_73 5 9 14.960423
demand_74 5 10 1248.045031
demand_75 5 11 319.749317
demand_76 5 12 843.933827
demand_77 5 13 1603.420355
demand_78 6 0 17.464361
demand_79 6 1 1.663411
demand_80 6 2 0.198808
demand_81 6 3 8.311614
demand_82 6 4 5.396885
demand_83 6 5 10.354529
demand_84 6 7 6.592642
demand_85 6 8 6.986542
demand_86 6 9 0.302751
demand_87 6 10 25.256467
demand_88 6 11 6.470710
demand_89 6 12 17.078540
demand_90 6 13 32.448135
demand_91 7 0 201.652986
demand_92 7 1 19.206650
demand_93 7 2 2.295547
demand_94 7 3 95.970406
demand_95 7 4 62.315359
demand_96 7 5 119.559009
demand_97 7 6 184.443102
demand_98 7 8 80.670398
demand_99 7 9 3.495732
demand_100 7 10 291.624865
demand_101 7 11 74.714332
demand_102 7 12 197.198083
demand_103 7 13 374.663760
demand_104 8 0 1076.963855
demand_105 8 1 102.576551
demand_106 8 2 12.259779
demand_107 8 3 512.547127
demand_108 8 4 332.806327
demand_109 8 5 638.526285
demand_110 8 6 985.051390
demand_111 8 7 406.544355
demand_112 8 9 18.669584
demand_113 8 10 1557.474777
demand_114 8 11 399.025262
demand_115 8 12 1053.171653
demand_116 8 13 2000.958857
demand_117 9 0 115.758119
demand_118 9 1 11.025503
demand_119 9 2 1.317750
demand_120 9 3 55.091442
demand_121 9 4 35.771892
demand_122 9 5 68.632389
demand_123 9 6 105.878852
demand_124 9 7 43.697669
demand_125 9 8 46.308531
demand_126 9 10 167.406130
demand_127 9 11 42.889475
demand_128 9 12 113.200800
demand_129 9 13 215.074287
demand_130 10 0 2303.453872
demand_131 10 1 219.394879
demand_132 10 2 26.221712
demand_133 10 3 1096.256535
demand_134 10 4 711.819639
demand_135 10 5 1365.705855
demand_136 10 6 2106.867772
demand_137 10 7 869.533517
demand_138 10 8 921.486683
demand_139 10 9 39.931261
demand_140 10 11 853.451376
demand_141 10 12 2252.566146
demand_142 10 13 4279.731770
demand_143 11 0 2356.775788
demand_144 11 1 224.473581
demand_145 11 2 26.828710
demand_146 11 3 1121.633426
demand_147 11 4 728.297324
demand_148 11 5 1397.320143
demand_149 11 6 2155.638979
demand_150 11 7 889.662070
demand_151 11 8 942.817883
demand_152 11 9 40.855617
demand_153 11 10 3408.302726
demand_154 11 12 2304.710078
demand_155 11 13 4378.801909
demand_156 12 0 63.306238
demand_157 12 1 6.029669
demand_158 12 2 0.720656
demand_159 12 3 30.128616
demand_160 12 4 19.563068
demand_161 12 5 37.533941
demand_162 12 6 57.903427
demand_163 12 7 23.897547
demand_164 12 8 25.325385
demand_165 12 9 1.097438
demand_166 12 10 91.551698
demand_167 12 11 23.455558
demand_168 12 13 117.620641
demand_169 13 0 136.836701
demand_170 13 1 13.033155
demand_171 13 2 1.557701
demand_172 13 3 65.123131
demand_173 13 4 42.285653
demand_174 13 5 81.129771
demand_175 13 6 125.158502
demand_176 13 7 51.654648
demand_177 13 8 54.740926
demand_178 13 9 2.372117
demand_179 13 10 197.889381
demand_180 13 11 50.699288
demand_181 13 12 133.813716
