DEMANDS 182
label src dest bw
demand_0 0 1 2.661476
demand_1 0 2 0.431097
demand_2 0 3 19.488128
demand_3 0 4 3.014275
demand_4 0 5 25.560239
demand_5 0 6 26.911856
demand_6 0 7 9.322231
demand_7 0 8 11.968266
demand_8 0 9 0.918430
demand_9 0 10 99.487977
demand_10 0 11 9.214173
demand_11 0 12 54.325395
demand_12 0 13 222.259914
demand_13 1 0 1822.649862
demand_14 1 2 8.041479
demand_15 1 3 363.522291
demand_16 1 4 56.226848
demand_17 1 5 476.788564
demand_18 1 6 502.000996
demand_19 1 7 173.892474
demand_20 1 8 223.250361
demand_21 1 9 17.131963
demand_22 1 10 1855.801502
demand_23 1 11 171.876811
demand_24 1 12 1013.360132
demand_25 1 13 4145.930946
demand_26 2 0 5179.670257
demand_27 2 1 141.085503
demand_28 2 3 1033.070387
demand_29 2 4 159.787426
demand_30 2 5 1354.954451
demand_31 2 6 1426.604024
demand_32 2 7 494.173726
demand_33 2 8 634.440700
demand_34 2 9 48.686212
demand_35 2 10 5273.881751
demand_36 2 11 488.445546
demand_37 2 12 2879.802339
demand_38 2 13 11782.051869
demand_39 3 0 4419.739398
demand_40 3 1 120.386265
demand_41 3 2 19.499765
demand_42 3 4 136.344352
demand_43 3 5 1156.163476
demand_44 3 6 1217.301044
demand_45 3 7 421.671453
demand_46 3 8 541.359279
demand_47 3 9 41.543257
demand_48 3 10 4500.128734
demand_49 3 11 416.783679
demand_50 3 12 2457.294620
demand_51 3 13 10053.458279
demand_52 4 0 1006.563530
demand_53 4 1 27.417097
demand_54 4 2 4.440930
demand_55 4 3 200.756211
demand_56 4 5 263.307830
demand_57 4 6 277.231467
demand_58 4 7 96.032609
demand_59 4 8 123.290642
demand_60 4 9 9.461175
demand_61 4 10 1024.871617
demand_62 4 11 94.919454
demand_63 4 12 559.630993
demand_64 4 13 2289.602064
demand_65 5 0 1229.398412
demand_66 5 1 33.486744
demand_67 5 2 5.424071
demand_68 5 3 245.199990
demand_69 5 4 37.925659
demand_70 5 6 338.605478
demand_71 5 7 117.292485
demand_72 5 8 150.584950
demand_73 5 9 11.555707
demand_74 5 10 1251.759576
demand_75 5 11 115.932897
demand_76 5 12 683.523129
demand_77 5 13 2796.478373
demand_78 6 0 174.471044
demand_79 6 1 4.752298
demand_80 6 2 0.769761
demand_81 6 3 34.797750
demand_82 6 4 5.382250
demand_83 6 5 45.640032
demand_84 6 7 16.645655
demand_85 6 8 21.370382
demand_86 6 9 1.639937
demand_87 6 10 177.644446
demand_88 6 11 16.452708
demand_89 6 12 97.002723
demand_90 6 13 396.864431
demand_91 7 0 781.158057
demand_92 7 1 21.277431
demand_93 7 2 3.446447
demand_94 7 3 155.799736
demand_95 7 4 24.097912
demand_96 7 5 204.343816
demand_97 7 6 215.149454
demand_98 7 8 95.681470
demand_99 7 9 7.342480
demand_100 7 10 795.366310
demand_101 7 11 73.663603
demand_102 7 12 434.309655
demand_103 7 13 1776.878506
demand_104 8 0 2157.244613
demand_105 8 1 58.759713
demand_106 8 2 9.517702
demand_107 8 3 430.256255
demand_108 8 4 66.548747
demand_109 8 5 564.315496
demand_110 8 6 594.156325
demand_111 8 7 205.814956
demand_112 8 9 20.276980
demand_113 8 10 2196.482099
demand_114 8 11 203.429267
demand_115 8 12 1199.388721
demand_116 8 13 4907.024321
demand_117 9 0 534.253028
demand_118 9 1 14.552154
demand_119 9 2 2.357109
demand_120 9 3 106.555235
demand_121 9 4 16.481149
demand_122 9 5 139.755715
demand_123 9 6 147.145954
demand_124 9 7 50.971162
demand_125 9 8 65.438889
demand_126 9 10 543.970399
demand_127 9 11 50.380333
demand_128 9 12 297.034955
demand_129 9 13 1215.250503
demand_130 10 0 2903.663394
demand_131 10 1 79.090905
demand_132 10 2 12.810881
demand_133 10 3 579.127342
demand_134 10 4 89.574988
demand_135 10 5 759.571834
demand_136 10 6 799.737759
demand_137 10 7 277.028090
demand_138 10 8 355.660138
demand_139 10 9 27.292929
demand_140 10 11 273.816938
demand_141 10 12 1614.383970
demand_142 10 13 6604.882360
demand_143 11 0 3088.036907
demand_144 11 1 84.112929
demand_145 11 2 13.624331
demand_146 11 3 615.900110
demand_147 11 4 95.262719
demand_148 11 5 807.802262
demand_149 11 6 850.518596
demand_150 11 7 294.618504
demand_151 11 8 378.243440
demand_152 11 9 29.025944
demand_153 11 10 3144.204299
demand_154 11 12 1716.892286
demand_155 11 13 7024.271662
demand_156 12 0 323.262118
demand_157 12 1 8.805116
demand_158 12 2 1.426223
demand_159 12 3 64.473703
demand_160 12 4 9.972299
demand_161 12 5 84.562419
demand_162 12 6 89.034053
demand_163 12 7 30.841277
demand_164 12 8 39.595309
demand_165 12 9 3.038496
demand_166 12 10 329.141837
demand_167 12 11 30.483783
demand_168 12 13 735.315349
demand_169 13 0 673.253033
demand_170 13 1 18.338280
demand_171 13 2 2.970373
demand_172 13 3 134.278388
demand_173 13 4 20.769154
demand_174 13 5 176.116847
demand_175 13 6 185.429851
demand_176 13 7 64.232653
demand_177 13 8 82.464540
demand_178 13 9 6.328229
demand_179 13 10 685.498634
demand_180 13 11 63.488104
demand_181 13 12 374.316426
