DEMANDS 182
label src dest bw
demand_0 0 1 17.682399
demand_1 0 2 0.038354
demand_2 0 3 46.304419
demand_3 0 4 21.541056
demand_4 0 5 72.345236
demand_5 0 6 79.621666
demand_6 0 7 29.050003
demand_7 0 8 44.975829
demand_8 0 9 7.042156
demand_9 0 10 197.005463
demand_10 0 11 23.998391
demand_11 0 12 111.786999
demand_12 0 13 482.838969
demand_13 1 0 1509.287436
demand_14 1 2 0.381957
demand_15 1 3 461.131788
demand_16 1 4 214.520904
demand_17 1 5 720.464456
demand_18 1 6 792.928239
demand_19 1 7 289.300247
demand_20 1 8 447.900758
demand_21 1 9 70.130717
demand_22 1 10 1961.918181
demand_23 1 11 238.992764
demand_24 1 12 1113.253118
demand_25 1 13 4808.448137
demand_26 2 0 3441.306383
demand_27 2 1 401.508924
demand_28 2 3 1051.420509
demand_29 2 4 489.126285
demand_30 2 5 1642.721506
demand_31 2 6 1807.945224
demand_32 2 7 659.629678
demand_33 2 8 1021.252612
demand_34 2 9 159.904123
demand_35 2 10 4473.343775
demand_36 2 11 544.924250
demand_37 2 12 2538.313755
demand_38 2 13 10963.679197
demand_39 3 0 2475.572149
demand_40 3 1 288.833426
demand_41 3 2 0.626496
demand_42 3 4 351.862716
demand_43 3 5 1181.724368
demand_44 3 6 1300.581333
demand_45 3 7 474.517720
demand_46 3 8 734.658366
demand_47 3 9 115.030209
demand_48 3 10 3217.988761
demand_49 3 11 392.002090
demand_50 3 12 1825.986454
demand_51 3 13 7886.940556
demand_52 4 0 501.346793
demand_53 4 1 58.493836
demand_54 4 2 0.126876
demand_55 4 3 153.176219
demand_56 4 5 239.319917
demand_57 4 6 263.390538
demand_58 4 7 96.098164
demand_59 4 8 148.781208
demand_60 4 9 23.295636
demand_61 4 10 651.699182
demand_62 4 11 79.387301
demand_63 4 12 369.794293
demand_64 4 13 1597.243835
demand_65 5 0 1447.116325
demand_66 5 1 168.839985
demand_67 5 2 0.366223
demand_68 5 3 442.136681
demand_69 5 4 205.684282
demand_70 5 6 760.265654
demand_71 5 7 277.383287
demand_72 5 8 429.450668
demand_73 5 9 67.241867
demand_74 5 10 1881.102141
demand_75 5 11 229.148088
demand_76 5 12 1067.395595
demand_77 5 13 4610.376812
demand_78 6 0 162.040480
demand_79 6 1 18.905814
demand_80 6 2 0.041008
demand_81 6 3 49.508142
demand_82 6 4 23.031445
demand_83 6 5 77.350678
demand_84 6 7 31.059922
demand_85 6 8 48.087629
demand_86 6 9 7.529391
demand_87 6 10 210.635930
demand_88 6 11 25.658798
demand_89 6 12 119.521348
demand_90 6 13 516.245762
demand_91 7 0 428.988274
demand_92 7 1 50.051521
demand_93 7 2 0.108565
demand_94 7 3 131.068559
demand_95 7 4 60.973775
demand_96 7 5 204.779286
demand_97 7 6 225.375835
demand_98 7 8 127.307873
demand_99 7 9 19.933417
demand_100 7 10 557.640561
demand_101 7 11 67.929468
demand_102 7 12 316.422519
demand_103 7 13 1366.716383
demand_104 8 0 1638.079248
demand_105 8 1 191.120279
demand_106 8 2 0.414551
demand_107 8 3 500.481482
demand_108 8 4 232.826586
demand_109 8 5 781.943748
demand_110 8 6 860.591073
demand_111 8 7 313.987064
demand_112 8 9 76.115172
demand_113 8 10 2129.334268
demand_114 8 11 259.386700
demand_115 8 12 1208.250189
demand_116 8 13 5218.766765
demand_117 9 0 393.465379
demand_118 9 1 45.906944
demand_119 9 2 0.099575
demand_120 9 3 120.215268
demand_121 9 4 55.924767
demand_122 9 5 187.822288
demand_123 9 6 206.713316
demand_124 9 7 75.419452
demand_125 9 8 116.765990
demand_126 9 10 511.464458
demand_127 9 11 62.304486
demand_128 9 12 290.220768
demand_129 9 13 1253.543773
demand_130 10 0 1875.902582
demand_131 10 1 218.867937
demand_132 10 2 0.474737
demand_133 10 3 573.143518
demand_134 10 4 266.629344
demand_135 10 5 895.469677
demand_136 10 6 985.535357
demand_137 10 7 359.573045
demand_138 10 8 556.698590
demand_139 10 9 87.165897
demand_140 10 11 297.045567
demand_141 10 12 1383.669106
demand_142 10 13 5976.449587
demand_143 11 0 2363.959581
demand_144 11 1 275.811207
demand_145 11 2 0.598250
demand_146 11 3 722.259314
demand_147 11 4 335.998787
demand_148 11 5 1128.445657
demand_149 11 6 1241.943889
demand_150 11 7 453.123821
demand_151 11 8 701.535878
demand_152 11 9 109.844008
demand_153 11 10 3072.903921
demand_154 11 12 1743.660823
demand_155 11 13 7531.353387
demand_156 12 0 371.886195
demand_157 12 1 43.389228
demand_158 12 2 0.094114
demand_159 12 3 113.622191
demand_160 12 4 52.857634
demand_161 12 5 177.521378
demand_162 12 6 195.376347
demand_163 12 7 71.283153
demand_164 12 8 110.362085
demand_165 12 9 17.280105
demand_166 12 10 483.413741
demand_167 12 11 58.887464
demand_168 12 13 1184.794518
demand_169 13 0 401.267241
demand_170 13 1 46.817214
demand_171 13 2 0.101549
demand_172 13 3 122.598967
demand_173 13 4 57.033677
demand_174 13 5 191.546539
demand_175 13 6 210.812148
demand_176 13 7 76.914913
demand_177 13 8 119.081294
demand_178 13 9 18.645328
demand_179 13 10 521.606075
demand_180 13 11 63.539896
demand_181 13 12 295.975436
