DEMANDS 182
label src dest bw
demand_0 0 1 54.362404
demand_1 0 2 8.800765
demand_2 0 3 134.342241
demand_3 0 4 56.388849
demand_4 0 5 134.909784
demand_5 0 6 173.453042
demand_6 0 7 93.285631
demand_7 0 8 105.715521
demand_8 0 9 9.055179
demand_9 0 10 571.200975
demand_10 0 11 66.954741
demand_11 0 12 242.688622
demand_12 0 13 584.961506
demand_13 1 0 1825.359224
demand_14 1 2 36.038576
demand_15 1 3 550.122992
demand_16 1 4 230.908774
demand_17 1 5 552.447042
demand_18 1 6 710.279249
demand_19 1 7 381.998766
demand_20 1 8 432.898380
demand_21 1 9 37.080387
demand_22 1 10 2339.031908
demand_23 1 11 274.175434
demand_24 1 12 993.794575
demand_25 1 13 2395.380413
demand_26 2 0 3830.181862
demand_27 2 1 467.107572
demand_28 2 3 1154.332296
demand_29 2 4 484.519751
demand_30 2 5 1159.208891
demand_31 2 6 1490.390856
demand_32 2 7 801.554414
demand_33 2 8 908.357928
demand_34 2 9 77.806397
demand_35 2 10 4908.029866
demand_36 2 11 575.306910
demand_37 2 12 2085.295818
demand_38 2 13 5026.266877
demand_39 3 0 3252.554184
demand_40 3 1 396.663329
demand_41 3 2 64.216084
demand_42 3 4 411.449587
demand_43 3 5 984.389218
demand_44 3 6 1265.625809
demand_45 3 7 680.672421
demand_46 3 8 771.368955
demand_47 3 9 66.072456
demand_48 3 10 4167.852508
demand_49 3 11 488.545183
demand_50 3 12 1770.813472
demand_51 3 13 4268.258259
demand_52 4 0 1454.165839
demand_53 4 1 177.341938
demand_54 4 2 28.710001
demand_55 4 3 438.253496
demand_56 4 5 440.104943
demand_57 4 6 565.841401
demand_58 4 7 304.317938
demand_59 4 8 344.866932
demand_60 4 9 29.539956
demand_61 4 10 1863.381329
demand_62 4 11 218.420870
demand_63 4 12 791.702862
demand_64 4 13 1908.271162
demand_65 5 0 1822.627090
demand_66 5 1 222.277413
demand_67 5 2 35.984635
demand_68 5 3 549.299587
demand_69 5 4 230.563157
demand_70 5 6 709.216128
demand_71 5 7 381.427003
demand_72 5 8 432.250433
demand_73 5 9 37.024886
demand_74 5 10 2335.530926
demand_75 5 11 273.765058
demand_76 5 12 992.307098
demand_77 5 13 2391.795090
demand_78 6 0 603.813879
demand_79 6 1 73.637766
demand_80 6 2 11.921266
demand_81 6 3 181.976179
demand_82 6 4 76.382731
demand_83 6 5 182.744956
demand_84 6 7 126.362063
demand_85 6 8 143.199238
demand_86 6 9 12.265888
demand_87 6 10 773.732596
demand_88 6 11 90.694988
demand_89 6 12 328.739105
demand_90 6 13 792.372219
demand_91 7 0 1044.398592
demand_92 7 1 127.369015
demand_93 7 2 20.619852
demand_94 7 3 314.758690
demand_95 7 4 132.116898
demand_96 7 5 316.088420
demand_97 7 6 406.393787
demand_98 7 8 247.687388
demand_99 7 9 21.215936
demand_100 7 10 1338.301853
demand_101 7 11 156.872375
demand_102 7 12 568.610081
demand_103 7 13 1370.542246
demand_104 8 0 1873.454395
demand_105 8 1 228.476027
demand_106 8 2 36.988132
demand_107 8 3 564.617815
demand_108 8 4 236.992835
demand_109 8 5 567.003100
demand_110 8 6 728.993923
demand_111 8 7 392.063796
demand_112 8 9 38.057393
demand_113 8 10 2400.661497
demand_114 8 11 281.399499
demand_115 8 12 1019.979405
demand_116 8 13 2458.494691
demand_117 9 0 880.813610
demand_118 9 1 107.419105
demand_119 9 2 17.390149
demand_120 9 3 265.457786
demand_121 9 4 111.423323
demand_122 9 5 266.579240
demand_123 9 6 342.740005
demand_124 9 7 184.330683
demand_125 9 8 208.891916
demand_126 9 10 1128.682570
demand_127 9 11 132.301331
demand_128 9 12 479.548232
demand_129 9 13 1155.873124
demand_130 10 0 2514.838352
demand_131 10 1 306.695630
demand_132 10 2 49.651154
demand_133 10 3 757.916787
demand_134 10 4 318.128198
demand_135 10 5 761.118684
demand_136 10 6 978.567656
demand_137 10 7 526.288269
demand_138 10 8 596.413810
demand_139 10 9 51.086481
demand_140 10 11 377.737646
demand_141 10 12 1369.173081
demand_142 10 13 3300.169331
demand_143 11 0 3054.606468
demand_144 11 1 372.522732
demand_145 11 2 60.307947
demand_146 11 3 920.590986
demand_147 11 4 386.409110
demand_148 11 5 924.480117
demand_149 11 6 1188.600885
demand_150 11 7 639.247270
demand_151 11 8 724.424088
demand_152 11 9 62.051342
demand_153 11 10 3914.200504
demand_154 11 12 1663.043251
demand_155 11 13 4008.495646
demand_156 12 0 616.964593
demand_157 12 1 75.241553
demand_158 12 2 12.180904
demand_159 12 3 185.939514
demand_160 12 4 78.046302
demand_161 12 5 186.725035
demand_162 12 6 240.071731
demand_163 12 7 129.114155
demand_164 12 8 146.318034
demand_165 12 9 12.533032
demand_166 12 10 790.584040
demand_167 12 11 92.670272
demand_168 12 13 809.629624
demand_169 13 0 980.903118
demand_170 13 1 119.625462
demand_171 13 2 19.366244
demand_172 13 3 295.622555
demand_173 13 4 124.084691
demand_174 13 5 296.871443
demand_175 13 6 381.686586
demand_176 13 7 205.276734
demand_177 13 8 232.628934
demand_178 13 9 19.926087
demand_179 13 10 1256.938174
demand_180 13 11 147.335130
demand_181 13 12 534.040743
