DEMANDS 182
label src dest bw
demand_0 0 1 2.321261
demand_1 0 2 1.299112
demand_2 0 3 7.515550
demand_3 0 4 2.782317
demand_4 0 5 8.719498
demand_5 0 6 10.560456
demand_6 0 7 5.127278
demand_7 0 8 7.349462
demand_8 0 9 1.371453
demand_9 0 10 54.205225
demand_10 0 11 4.668890
demand_11 0 12 14.678649
demand_12 0 13 71.377240
demand_13 1 0 1085.268282
demand_14 1 2 47.050353
demand_15 1 3 272.193187
demand_16 1 4 100.768115
demand_17 1 5 315.796968
demand_18 1 6 382.471549
demand_19 1 7 185.696329
demand_20 1 8 266.177920
demand_21 1 9 49.670359
demand_22 1 10 1963.168639
demand_23 1 11 169.094743
demand_24 1 12 531.621496
demand_25 1 13 2585.093227
demand_26 2 0 3879.534495
demand_27 2 1 300.526649
demand_28 2 3 973.015498
demand_29 2 4 360.218192
demand_30 2 5 1128.886977
demand_31 2 6 1367.230197
demand_32 2 7 663.813111
demand_33 2 8 951.512580
demand_34 2 9 177.557820
demand_35 2 10 7017.785902
demand_36 2 11 604.467023
demand_37 2 12 1900.400081
demand_38 2 13 9240.994607
demand_39 3 0 3849.919022
demand_40 3 1 298.232498
demand_41 3 2 166.908084
demand_42 3 4 357.468369
demand_43 3 5 1120.269314
demand_44 3 6 1356.793077
demand_45 3 7 658.745715
demand_46 3 8 944.248952
demand_47 3 9 176.202385
demand_48 3 10 6964.213741
demand_49 3 11 599.852661
demand_50 3 12 1885.892864
demand_51 3 13 9170.450983
demand_52 4 0 646.664693
demand_53 4 1 50.093632
demand_54 4 2 28.035282
demand_55 4 3 162.188213
demand_56 4 5 188.169831
demand_57 4 6 227.898346
demand_58 4 7 110.648456
demand_59 4 8 158.603974
demand_60 4 9 29.596431
demand_61 4 10 1169.767757
demand_62 4 11 100.756285
demand_63 4 12 316.770385
demand_64 4 13 1540.345870
demand_65 5 0 732.661538
demand_66 5 1 56.755344
demand_67 5 2 31.763560
demand_68 5 3 183.756848
demand_69 5 4 68.028269
demand_70 5 6 258.205457
demand_71 5 7 125.363065
demand_72 5 8 179.695958
demand_73 5 9 33.532318
demand_74 5 10 1325.329576
demand_75 5 11 114.155381
demand_76 5 12 358.896163
demand_77 5 13 1745.189101
demand_78 6 0 199.789921
demand_79 6 1 15.476649
demand_80 6 2 8.661624
demand_81 6 3 50.108767
demand_82 6 4 18.550670
demand_83 6 5 58.135903
demand_84 6 7 34.185330
demand_85 6 8 49.001400
demand_86 6 9 9.143948
demand_87 6 10 361.404929
demand_88 6 11 31.129100
demand_89 6 12 97.867613
demand_90 6 13 475.896679
demand_91 7 0 619.630304
demand_92 7 1 47.999423
demand_93 7 2 26.863242
demand_94 7 3 155.407792
demand_95 7 4 57.533219
demand_96 7 5 180.303225
demand_97 7 6 218.370854
demand_98 7 8 151.973395
demand_99 7 9 28.359126
demand_100 7 10 1120.864582
demand_101 7 11 96.544079
demand_102 7 12 303.527519
demand_103 7 13 1475.950350
demand_104 8 0 1841.594032
demand_105 8 1 142.658374
demand_106 8 2 79.839843
demand_107 8 3 461.885192
demand_108 8 4 170.993627
demand_109 8 5 535.876539
demand_110 8 6 649.016776
demand_111 8 7 315.108492
demand_112 8 9 84.285736
demand_113 8 10 3331.304993
demand_114 8 11 286.937225
demand_115 8 12 902.109635
demand_116 8 13 4386.650136
demand_117 9 0 503.725500
demand_118 9 1 39.020902
demand_119 9 2 21.838345
demand_120 9 3 126.338023
demand_121 9 4 46.771356
demand_122 9 5 146.576647
demand_123 9 6 177.523544
demand_124 9 7 86.190648
demand_125 9 8 123.546047
demand_126 9 10 911.201515
demand_127 9 11 78.485048
demand_128 9 12 246.751248
demand_129 9 13 1199.866796
demand_130 10 0 2284.873948
demand_131 10 1 176.996882
demand_132 10 2 99.057650
demand_133 10 3 573.063022
demand_134 10 4 212.152557
demand_135 10 5 664.864418
demand_136 10 6 805.238016
demand_137 10 7 390.956514
demand_138 10 8 560.398756
demand_139 10 9 104.573690
demand_140 10 11 356.004297
demand_141 10 12 1119.251457
demand_142 10 13 5442.536433
demand_143 11 0 3009.817800
demand_144 11 1 233.154379
demand_145 11 2 130.486620
demand_146 11 3 754.884219
demand_147 11 4 279.464232
demand_148 11 5 875.812323
demand_149 11 6 1060.723597
demand_150 11 7 514.999034
demand_151 11 8 738.201839
demand_152 11 9 137.752787
demand_153 11 10 5444.533861
demand_154 11 12 1474.367092
demand_155 11 13 7169.342119
demand_156 12 0 454.862521
demand_157 12 1 35.235750
demand_158 12 2 19.719956
demand_159 12 3 114.082832
demand_160 12 4 42.234385
demand_161 12 5 132.358245
demand_162 12 6 160.303195
demand_163 12 7 77.829880
demand_164 12 8 111.561686
demand_165 12 9 20.818064
demand_166 12 10 822.812065
demand_167 12 11 70.871749
demand_168 12 13 1083.475894
demand_169 13 0 519.852371
demand_170 13 1 40.270164
demand_171 13 2 22.537503
demand_172 13 3 130.382760
demand_173 13 4 48.268750
demand_174 13 5 151.269327
demand_175 13 6 183.206996
demand_176 13 7 88.950058
demand_177 13 8 127.501398
demand_178 13 9 23.792508
demand_179 13 10 940.373812
demand_180 13 11 80.997763
demand_181 13 12 254.651038
