DEMANDS 182
label src dest bw
demand_0 0 1 0.457600
demand_1 0 2 0.132792
demand_2 0 3 1.579670
demand_3 0 4 0.517534
demand_4 0 5 1.623812
demand_5 0 6 2.031690
demand_6 0 7 0.753196
demand_7 0 8 1.471426
demand_8 0 9 0.304235
demand_9 0 10 6.112309
demand_10 0 11 0.557828
demand_11 0 12 2.452043
demand_12 0 13 6.592677
demand_13 1 0 1616.372610
demand_14 1 2 54.927429
demand_15 1 3 653.407500
demand_16 1 4 214.070497
demand_17 1 5 671.666125
demand_18 1 6 840.378925
demand_19 1 7 311.548492
demand_20 1 8 608.633693
demand_21 1 9 125.842179
demand_22 1 10 2528.267109
demand_23 1 11 230.737193
demand_24 1 12 1014.251687
demand_25 1 13 2726.964010
demand_26 2 0 3887.042957
demand_27 2 1 455.178577
demand_28 2 3 1571.310355
demand_29 2 4 514.795421
demand_30 2 5 1615.218585
demand_31 2 6 2020.938093
demand_32 2 7 749.209907
demand_33 2 8 1463.638580
demand_34 2 9 302.624501
demand_35 2 10 6079.961264
demand_36 2 11 554.875389
demand_37 2 12 2439.066248
demand_38 2 13 6557.786356
demand_39 3 0 2839.050022
demand_40 3 1 332.457028
demand_41 3 2 96.476343
demand_42 3 4 376.000463
demand_43 3 5 1179.736476
demand_44 3 6 1476.069187
demand_45 3 7 547.214020
demand_46 3 8 1069.024240
demand_47 3 9 221.033342
demand_48 3 10 4440.731515
demand_49 3 11 405.274396
demand_50 3 12 1781.465027
demand_51 3 13 4789.729288
demand_52 4 0 1329.107572
demand_53 4 1 155.640496
demand_54 4 2 45.165614
demand_55 4 3 537.282586
demand_56 4 5 552.296251
demand_57 4 6 691.025068
demand_58 4 7 256.179459
demand_59 4 8 500.466072
demand_60 4 9 103.477250
demand_61 4 10 2078.938320
demand_62 4 11 189.730108
demand_63 4 12 833.996808
demand_64 4 13 2242.322402
demand_65 5 0 1598.420359
demand_66 5 1 187.177428
demand_67 5 2 54.317377
demand_68 5 3 646.150426
demand_69 5 4 211.692922
demand_70 5 6 831.045252
demand_71 5 7 308.088277
demand_72 5 8 601.873900
demand_73 5 9 124.444512
demand_74 5 10 2500.186897
demand_75 5 11 228.174509
demand_76 5 12 1002.986896
demand_77 5 13 2696.676970
demand_78 6 0 19.665677
demand_79 6 1 2.302880
demand_80 6 2 0.668277
demand_81 6 3 7.949714
demand_82 6 4 2.604499
demand_83 6 5 8.171859
demand_84 6 7 3.790470
demand_85 6 8 7.404972
demand_86 6 9 1.531065
demand_87 6 10 30.760286
demand_88 6 11 2.807275
demand_89 6 12 12.339943
demand_90 6 13 33.177741
demand_91 7 0 1231.105979
demand_92 7 1 144.164362
demand_93 7 2 41.835333
demand_94 7 3 497.666116
demand_95 7 4 163.046235
demand_96 7 5 511.572751
demand_97 7 6 640.072414
demand_98 7 8 463.564264
demand_99 7 9 95.847367
demand_100 7 10 1925.648043
demand_101 7 11 175.740381
demand_102 7 12 772.502150
demand_103 7 13 2076.985019
demand_104 8 0 1692.214554
demand_105 8 1 198.160870
demand_106 8 2 57.504683
demand_107 8 3 684.066083
demand_108 8 4 224.114915
demand_109 8 5 703.181423
demand_110 8 6 879.810409
demand_111 8 7 326.166683
demand_112 8 9 131.746829
demand_113 8 10 2646.896124
demand_114 8 11 241.563631
demand_115 8 12 1061.841469
demand_116 8 13 2854.916098
demand_117 9 0 852.060696
demand_118 9 1 99.777589
demand_119 9 2 28.954650
demand_120 9 3 344.439670
demand_121 9 4 112.845922
demand_122 9 5 354.064590
demand_123 9 6 443.000486
demand_124 9 7 164.230836
demand_125 9 8 320.837439
demand_126 9 10 1332.760168
demand_127 9 11 121.631666
demand_128 9 12 534.656423
demand_129 9 13 1437.501995
demand_130 10 0 1742.137081
demand_131 10 1 204.006873
demand_132 10 2 59.201146
demand_133 10 3 704.246921
demand_134 10 4 230.726596
demand_135 10 5 723.926188
demand_136 10 6 905.765959
demand_137 10 7 335.789024
demand_138 10 8 655.989417
demand_139 10 9 135.633532
demand_140 10 11 248.690072
demand_141 10 12 1093.167171
demand_142 10 13 2939.139831
demand_143 11 0 1912.402535
demand_144 11 1 223.945213
demand_145 11 2 64.987091
demand_146 11 3 773.075559
demand_147 11 4 253.276354
demand_148 11 5 794.678153
demand_149 11 6 994.289792
demand_150 11 7 368.606918
demand_151 11 8 720.101671
demand_152 11 9 148.889495
demand_153 11 10 2991.305592
demand_154 11 12 1200.006413
demand_155 11 13 3226.392759
demand_156 12 0 337.342424
demand_157 12 1 39.503305
demand_158 12 2 11.463540
demand_159 12 3 136.368352
demand_160 12 4 44.677236
demand_161 12 5 140.178989
demand_162 12 6 175.389920
demand_163 12 7 65.021223
demand_164 12 8 127.023908
demand_165 12 9 26.263688
demand_166 12 10 527.657886
demand_167 12 11 48.155632
demand_168 12 13 569.126600
demand_169 13 0 906.666931
demand_170 13 1 106.172061
demand_171 13 2 30.810274
demand_172 13 3 366.513865
demand_173 13 4 120.077907
demand_174 13 5 376.755620
demand_175 13 6 471.391173
demand_176 13 7 174.755940
demand_177 13 8 341.399031
demand_178 13 9 70.588267
demand_179 13 10 1418.173116
demand_180 13 11 129.426706
demand_181 13 12 568.921089
