DEMANDS 182
label src dest bw
demand_0 0 1 7.344567
demand_1 0 2 4.886825
demand_2 0 3 25.558894
demand_3 0 4 13.288376
demand_4 0 5 38.610996
demand_5 0 6 46.540512
demand_6 0 7 21.333220
demand_7 0 8 22.580374
demand_8 0 9 6.956783
demand_9 0 10 59.574488
demand_10 0 11 20.500820
demand_11 0 12 46.602126
demand_12 0 13 127.801019
demand_13 1 0 623.126931
demand_14 1 2 51.437813
demand_15 1 3 269.028190
demand_16 1 4 139.870993
demand_17 1 5 406.412203
demand_18 1 6 489.876826
demand_19 1 7 224.549531
demand_20 1 8 237.676837
demand_21 1 9 73.225808
demand_22 1 10 627.070039
demand_23 1 11 215.787844
demand_24 1 12 490.525362
demand_25 1 13 1345.209885
demand_26 2 0 4220.002323
demand_27 2 1 523.549940
demand_28 2 3 1821.939527
demand_29 2 4 947.248283
demand_30 2 5 2752.345238
demand_31 2 6 3317.592673
demand_32 2 7 1520.716716
demand_33 2 8 1609.618770
demand_34 2 9 495.907116
demand_35 2 10 4246.706228
demand_36 2 11 1461.379945
demand_37 2 12 3321.984755
demand_38 2 13 9110.164484
demand_39 3 0 3993.555191
demand_40 3 1 495.456026
demand_41 3 2 329.659555
demand_42 3 4 896.418534
demand_43 3 5 2604.653214
demand_44 3 6 3139.569230
demand_45 3 7 1439.114406
demand_46 3 8 1523.245937
demand_47 3 9 469.296528
demand_48 3 10 4018.826153
demand_49 3 11 1382.961672
demand_50 3 12 3143.725630
demand_51 3 13 8621.309156
demand_52 4 0 575.752817
demand_53 4 1 71.430139
demand_54 4 2 47.527180
demand_55 4 3 248.574938
demand_56 4 5 375.514135
demand_57 4 6 452.633241
demand_58 4 7 207.477832
demand_59 4 8 219.607116
demand_60 4 9 67.658711
demand_61 4 10 579.396144
demand_62 4 11 199.382265
demand_63 4 12 453.232471
demand_64 4 13 1242.938383
demand_65 5 0 577.956960
demand_66 5 1 71.703594
demand_67 5 2 47.709128
demand_68 5 3 249.526552
demand_69 5 4 129.731857
demand_70 5 6 454.366047
demand_71 5 7 208.272115
demand_72 5 8 220.447834
demand_73 5 9 67.917728
demand_74 5 10 581.614234
demand_75 5 11 200.145556
demand_76 5 12 454.967571
demand_77 5 13 1247.696698
demand_78 6 0 135.992362
demand_79 6 1 16.871743
demand_80 6 2 11.225883
demand_81 6 3 58.713205
demand_82 6 4 30.525702
demand_83 6 5 88.696143
demand_84 6 7 49.006101
demand_85 6 8 51.871028
demand_86 6 9 15.980934
demand_87 6 10 136.852913
demand_88 6 11 47.093934
demand_89 6 12 107.053153
demand_90 6 13 293.581068
demand_91 7 0 420.138905
demand_92 7 1 52.124070
demand_93 7 2 34.681580
demand_94 7 3 181.390345
demand_95 7 4 94.307023
demand_96 7 5 274.020540
demand_97 7 6 330.295968
demand_98 7 8 160.251918
demand_99 7 9 49.371981
demand_100 7 10 422.797517
demand_101 7 11 145.493420
demand_102 7 12 330.733239
demand_103 7 13 906.998204
demand_104 8 0 898.676158
demand_105 8 1 111.493268
demand_106 8 2 74.183821
demand_107 8 3 387.993534
demand_108 8 4 201.722507
demand_109 8 5 586.129309
demand_110 8 6 706.502322
demand_111 8 7 323.846233
demand_112 8 9 105.606554
demand_113 8 10 904.362924
demand_114 8 11 311.210093
demand_115 8 12 707.437643
demand_116 8 13 1940.067088
demand_117 9 0 334.046549
demand_118 9 1 41.443117
demand_119 9 2 27.574838
demand_120 9 3 144.220918
demand_121 9 4 74.982191
demand_122 9 5 217.869887
demand_123 9 6 262.613690
demand_124 9 7 120.376751
demand_125 9 8 127.414052
demand_126 9 10 336.160374
demand_127 9 11 115.679777
demand_128 9 12 262.961358
demand_129 9 13 721.141547
demand_130 10 0 2373.913502
demand_131 10 1 294.516964
demand_132 10 2 195.961551
demand_133 10 3 1024.911010
demand_134 10 4 532.863566
demand_135 10 5 1548.299982
demand_136 10 6 1866.273390
demand_137 10 7 855.461601
demand_138 10 8 905.472423
demand_139 10 9 278.966813
demand_140 10 11 822.082387
demand_141 10 12 1868.744104
demand_142 10 13 5124.817670
demand_143 11 0 2425.977665
demand_144 11 1 300.976247
demand_145 11 2 200.259338
demand_146 11 3 1047.389139
demand_147 11 4 544.550216
demand_148 11 5 1582.256967
demand_149 11 6 1907.204099
demand_150 11 7 874.223402
demand_151 11 8 925.331051
demand_152 11 9 285.085053
demand_153 11 10 2441.329097
demand_154 11 12 1909.729001
demand_155 11 13 5237.214075
demand_156 12 0 234.886540
demand_157 12 1 29.140940
demand_158 12 2 19.389388
demand_159 12 3 101.409677
demand_160 12 4 52.724111
demand_161 12 5 153.196326
demand_162 12 6 184.658160
demand_163 12 7 84.643529
demand_164 12 8 89.591843
demand_165 12 9 27.602332
demand_166 12 10 236.372887
demand_167 12 11 81.340827
demand_168 12 13 507.074370
demand_169 13 0 338.965429
demand_170 13 1 42.053373
demand_171 13 2 27.980881
demand_172 13 3 146.344591
demand_173 13 4 76.086314
demand_174 13 5 221.078050
demand_175 13 6 266.480712
demand_176 13 7 122.149315
demand_177 13 8 129.290241
demand_178 13 9 39.833004
demand_179 13 10 341.110381
demand_180 13 11 117.383177
demand_181 13 12 266.833500
