DEMANDS 182
label src dest bw
demand_0 0 1 1.331425
demand_1 0 2 0.030749
demand_2 0 3 4.131250
demand_3 0 4 2.225292
demand_4 0 5 6.232589
demand_5 0 6 6.449882
demand_6 0 7 2.498212
demand_7 0 8 2.916298
demand_8 0 9 1.011488
demand_9 0 10 10.179966
demand_10 0 11 2.316230
demand_11 0 12 6.762634
demand_12 0 13 15.551354
demand_13 1 0 1834.571056
demand_14 1 2 6.265954
demand_15 1 3 841.850113
demand_16 1 4 453.461333
demand_17 1 5 1270.052849
demand_18 1 6 1314.331908
demand_19 1 7 509.076027
demand_20 1 8 594.271953
demand_21 1 9 206.117088
demand_22 1 10 2074.434069
demand_23 1 11 471.992351
demand_24 1 12 1378.063321
demand_25 1 13 3168.994662
demand_26 2 0 3302.498302
demand_27 2 1 488.402837
demand_28 2 3 1515.454286
demand_29 2 4 816.297237
demand_30 2 5 2286.282324
demand_31 2 6 2365.991156
demand_32 2 7 916.411882
demand_33 2 8 1069.777107
demand_34 2 9 371.041138
demand_35 2 10 3734.287078
demand_36 2 11 849.655800
demand_37 2 12 2480.717093
demand_38 2 13 5704.657475
demand_39 3 0 3233.488910
demand_40 3 1 478.197114
demand_41 3 2 11.043940
demand_42 3 4 799.239794
demand_43 3 5 2238.507900
demand_44 3 6 2316.551127
demand_45 3 7 897.262432
demand_46 3 8 1047.422919
demand_47 3 9 363.287819
demand_48 3 10 3656.254977
demand_49 3 11 831.901293
demand_50 3 12 2428.879737
demand_51 3 13 5585.452283
demand_52 4 0 878.409515
demand_53 4 1 129.907016
demand_54 4 2 3.000197
demand_55 4 3 403.085586
demand_56 4 5 608.112999
demand_57 4 6 629.314220
demand_58 4 7 243.750289
demand_59 4 8 284.542884
demand_60 4 9 98.690760
demand_61 4 10 993.258134
demand_62 4 11 225.994284
demand_63 4 12 659.829408
demand_64 4 13 1517.343826
demand_65 5 0 1106.706457
demand_66 5 1 163.669599
demand_67 5 2 3.779942
demand_68 5 3 507.846754
demand_69 5 4 273.550912
demand_70 5 6 792.871775
demand_71 5 7 307.100520
demand_72 5 8 358.495031
demand_73 5 9 124.340298
demand_74 5 10 1251.404012
demand_75 5 11 284.729764
demand_76 5 12 831.317801
demand_77 5 13 1911.698565
demand_78 6 0 91.447869
demand_79 6 1 13.524125
demand_80 6 2 0.312339
demand_81 6 3 41.963705
demand_82 6 4 22.603688
demand_83 6 5 63.308328
demand_84 6 7 25.375914
demand_85 6 8 29.622676
demand_86 6 9 10.274319
demand_87 6 10 103.404321
demand_88 6 11 23.527404
demand_89 6 12 68.692326
demand_90 6 13 157.964886
demand_91 7 0 655.070418
demand_92 7 1 96.877643
demand_93 7 2 2.237385
demand_94 7 3 300.599480
demand_95 7 4 161.917471
demand_96 7 5 453.497862
demand_97 7 6 469.308588
demand_98 7 8 212.196729
demand_99 7 9 73.598243
demand_100 7 10 740.718321
demand_101 7 11 168.534343
demand_102 7 12 492.065168
demand_103 7 13 1131.553150
demand_104 8 0 1955.639297
demand_105 8 1 289.217342
demand_106 8 2 6.679461
demand_107 8 3 897.406049
demand_108 8 4 483.386457
demand_109 8 5 1353.867026
demand_110 8 6 1401.068178
demand_111 8 7 542.671312
demand_112 8 9 219.719305
demand_113 8 10 2211.331510
demand_114 8 11 503.140386
demand_115 8 12 1469.005397
demand_116 8 13 3378.125078
demand_117 9 0 244.443005
demand_118 9 1 36.150407
demand_119 9 2 0.834892
demand_120 9 3 112.170292
demand_121 9 4 60.420364
demand_122 9 5 169.225135
demand_123 9 6 175.124992
demand_124 9 7 67.830610
demand_125 9 8 79.182336
demand_126 9 10 276.402975
demand_127 9 11 62.889485
demand_128 9 12 183.616731
demand_129 9 13 422.245067
demand_130 10 0 2196.127597
demand_131 10 1 324.782892
demand_132 10 2 7.500846
demand_133 10 3 1007.761602
demand_134 10 4 542.829314
demand_135 10 5 1520.354364
demand_136 10 6 1573.359922
demand_137 10 7 609.404529
demand_138 10 8 711.390835
demand_139 10 9 246.738562
demand_140 10 11 565.012418
demand_141 10 12 1649.651497
demand_142 10 13 3793.538880
demand_143 11 0 2558.122337
demand_144 11 1 378.317895
demand_145 11 2 8.737234
demand_146 11 3 1173.874172
demand_147 11 4 632.305607
demand_148 11 5 1770.959240
demand_149 11 6 1832.701874
demand_150 11 7 709.854628
demand_151 11 8 828.651664
demand_152 11 9 287.409269
demand_153 11 10 2892.586858
demand_154 11 12 1921.568833
demand_155 11 13 4418.840035
demand_156 12 0 163.069422
demand_157 12 1 24.116157
demand_158 12 2 0.556962
demand_159 12 3 74.829487
demand_160 12 4 40.306794
demand_161 12 5 112.891122
demand_162 12 6 116.826952
demand_163 12 7 45.250214
demand_164 12 8 52.823020
demand_165 12 9 18.321119
demand_166 12 10 184.390113
demand_167 12 11 41.953960
demand_168 12 13 281.682264
demand_169 13 0 327.661557
demand_170 13 1 48.457507
demand_171 13 2 1.119124
demand_172 13 3 150.357719
demand_173 13 4 80.989966
demand_174 13 5 226.836400
demand_175 13 6 234.744813
demand_176 13 7 90.922967
demand_177 13 8 106.139292
demand_178 13 9 36.813317
demand_179 13 10 370.502028
demand_180 13 11 84.299678
demand_181 13 12 246.127492
