DEMANDS 182
label src dest bw
demand_0 0 1 54.925317
demand_1 0 2 2.433774
demand_2 0 3 103.719412
demand_3 0 4 57.425283
demand_4 0 5 117.496263
demand_5 0 6 154.545697
demand_6 0 7 70.379186
demand_7 0 8 99.591249
demand_8 0 9 50.981118
demand_9 0 10 342.038329
demand_10 0 11 61.439162
demand_11 0 12 177.565773
demand_12 0 13 384.945874
demand_13 1 0 1181.017835
demand_14 1 2 14.272680
demand_15 1 3 608.254441
demand_16 1 4 336.766113
demand_17 1 5 689.047717
demand_18 1 6 906.321244
demand_19 1 7 412.733271
demand_20 1 8 584.045150
demand_21 1 9 298.974812
demand_22 1 10 2005.857234
demand_23 1 11 360.305195
demand_24 1 12 1041.320692
demand_25 1 13 2257.485202
demand_26 2 0 2519.023326
demand_27 2 1 687.026595
demand_28 2 3 1297.361548
demand_29 2 4 718.297108
demand_30 2 5 1469.687605
demand_31 2 6 1933.115901
demand_32 2 7 880.329414
demand_33 2 8 1245.724928
demand_34 2 9 637.691069
demand_35 2 10 4278.344505
demand_36 2 11 768.504221
demand_37 2 12 2221.059697
demand_38 2 13 4815.048272
demand_39 3 0 2257.606779
demand_40 3 1 615.729073
demand_41 3 2 27.283330
demand_42 3 4 643.754428
demand_43 3 5 1317.167914
demand_44 3 6 1732.503037
demand_45 3 7 788.971516
demand_46 3 8 1116.447399
demand_47 3 9 571.513438
demand_48 3 10 3834.350979
demand_49 3 11 688.751200
demand_50 3 12 1990.564906
demand_51 3 13 4315.357269
demand_52 4 0 927.446951
demand_53 4 1 252.947527
demand_54 4 2 11.208259
demand_55 4 3 477.658940
demand_56 4 5 541.105465
demand_57 4 6 711.729196
demand_58 4 7 324.117217
demand_59 4 8 458.647514
demand_60 4 9 234.783311
demand_61 4 10 1575.188893
demand_62 4 11 282.945731
demand_63 4 12 817.743537
demand_64 4 13 1772.790982
demand_65 5 0 954.996236
demand_66 5 1 260.461189
demand_67 5 2 11.541194
demand_68 5 3 491.847528
demand_69 5 4 272.316269
demand_70 5 6 732.870708
demand_71 5 7 333.744935
demand_72 5 8 472.271378
demand_73 5 9 241.757416
demand_74 5 10 1621.978985
demand_75 5 11 291.350473
demand_76 5 12 842.034144
demand_77 5 13 1825.450733
demand_78 6 0 255.954839
demand_79 6 1 69.807921
demand_80 6 2 3.093231
demand_81 6 3 131.823299
demand_82 6 4 72.985279
demand_83 6 5 149.333137
demand_84 6 7 89.449181
demand_85 6 8 126.576566
demand_86 6 9 64.794999
demand_87 6 10 434.717284
demand_88 6 11 78.086762
demand_89 6 12 225.679124
demand_90 6 13 489.251089
demand_91 7 0 776.181281
demand_92 7 1 211.692038
demand_93 7 2 9.380203
demand_94 7 3 399.753245
demand_95 7 4 221.327355
demand_96 7 5 452.851705
demand_97 7 6 595.646877
demand_98 7 8 383.842563
demand_99 7 9 196.490388
demand_100 7 10 1318.277161
demand_101 7 11 236.797565
demand_102 7 12 684.370384
demand_103 7 13 1483.650547
demand_104 8 0 1555.605633
demand_105 8 1 424.268577
demand_106 8 2 18.799599
demand_107 8 3 801.176755
demand_108 8 4 443.579468
demand_109 8 5 907.595533
demand_110 8 6 1193.782509
demand_111 8 7 543.641411
demand_112 8 9 393.801760
demand_113 8 10 2642.062399
demand_114 8 11 474.584527
demand_115 8 12 1371.600231
demand_116 8 13 2973.500141
demand_117 9 0 464.554718
demand_118 9 1 126.700473
demand_119 9 2 5.614175
demand_120 9 3 239.257581
demand_121 9 4 132.467336
demand_122 9 5 271.037709
demand_123 9 6 356.502499
demand_124 9 7 162.349105
demand_125 9 8 229.734829
demand_126 9 10 789.006240
demand_127 9 11 141.726461
demand_128 9 12 409.604687
demand_129 9 13 887.984390
demand_130 10 0 1632.054398
demand_131 10 1 445.118854
demand_132 10 2 19.723488
demand_133 10 3 840.549827
demand_134 10 4 465.378761
demand_135 10 5 952.198455
demand_136 10 6 1252.449818
demand_137 10 7 570.358153
demand_138 10 8 807.094887
demand_139 10 9 413.154774
demand_140 10 11 497.907534
demand_141 10 12 1439.006225
demand_142 10 13 3119.629988
demand_143 11 0 1910.475062
demand_144 11 1 521.053998
demand_145 11 2 23.088220
demand_146 11 3 983.943602
demand_147 11 4 544.770149
demand_148 11 5 1114.638951
demand_149 11 6 1466.111760
demand_150 11 7 667.658522
demand_151 11 8 944.781409
demand_152 11 9 483.637000
demand_153 11 10 3244.777609
demand_154 11 12 1684.493795
demand_155 11 13 3651.823924
demand_156 12 0 437.141425
demand_157 12 1 119.223900
demand_158 12 2 5.282884
demand_159 12 3 225.139033
demand_160 12 4 124.650462
demand_161 12 5 255.043821
demand_162 12 6 335.465350
demand_163 12 7 152.768913
demand_164 12 8 216.178217
demand_165 12 9 110.662406
demand_166 12 10 742.447121
demand_167 12 11 133.363207
demand_168 12 13 835.584587
demand_169 13 0 532.679757
demand_170 13 1 145.280576
demand_171 13 2 6.437471
demand_172 13 3 274.343722
demand_173 13 4 151.893127
demand_174 13 5 310.784274
demand_175 13 6 408.782125
demand_176 13 7 186.156934
demand_177 13 8 263.424497
demand_178 13 9 134.847947
demand_179 13 10 904.710762
demand_180 13 11 162.510064
demand_181 13 12 469.671530
