DEMANDS 182
label src dest bw
demand_0 0 1 0.660696
demand_1 0 2 0.079563
demand_2 0 3 9.896903
demand_3 0 4 1.467785
demand_4 0 5 13.838025
demand_5 0 6 16.816109
demand_6 0 7 4.192832
demand_7 0 8 4.594050
demand_8 0 9 0.397875
demand_9 0 10 27.036849
demand_10 0 11 2.316552
demand_11 0 12 18.729236
demand_12 0 13 32.065700
demand_13 1 0 1556.999128
demand_14 1 2 5.919024
demand_15 1 3 736.269504
demand_16 1 4 109.194281
demand_17 1 5 1029.464971
demand_18 1 6 1251.016398
demand_19 1 7 311.921269
demand_20 1 8 341.769432
demand_21 1 9 29.599496
demand_22 1 10 2011.377331
demand_23 1 11 172.337364
demand_24 1 12 1393.341388
demand_25 1 13 2385.493281
demand_26 2 0 3638.739557
demand_27 2 1 114.868734
demand_28 2 3 1720.677244
demand_29 2 4 255.189320
demand_30 2 5 2405.881190
demand_31 2 6 2923.651512
demand_32 2 7 728.966536
demand_33 2 8 798.722317
demand_34 2 9 69.174642
demand_35 2 10 4700.630931
demand_36 2 11 402.756026
demand_37 2 12 3256.267993
demand_38 2 13 5574.947738
demand_39 3 0 2404.195123
demand_40 3 1 75.896295
demand_41 3 2 9.139690
demand_42 3 4 168.609187
demand_43 3 5 1589.618529
demand_44 3 6 1931.720750
demand_45 3 7 481.644196
demand_46 3 8 527.733373
demand_47 3 9 45.705205
demand_48 3 10 3105.810070
demand_49 3 11 266.109750
demand_50 3 12 2151.487763
demand_51 3 13 3683.490383
demand_52 4 0 1526.408253
demand_53 4 1 48.186077
demand_54 4 2 5.802731
demand_55 4 3 721.803774
demand_56 4 5 1009.238734
demand_57 4 6 1226.437267
demand_58 4 7 305.792849
demand_59 4 8 335.054575
demand_60 4 9 29.017945
demand_61 4 10 1971.859138
demand_62 4 11 168.951395
demand_63 4 12 1365.965951
demand_64 4 13 2338.624709
demand_65 5 0 1532.503014
demand_66 5 1 48.378478
demand_67 5 2 5.825901
demand_68 5 3 724.685848
demand_69 5 4 107.476338
demand_70 5 6 1231.334280
demand_71 5 7 307.013842
demand_72 5 8 336.392407
demand_73 5 9 29.133810
demand_74 5 10 1979.732530
demand_75 5 11 169.625997
demand_76 5 12 1371.420085
demand_77 5 13 2347.962550
demand_78 6 0 225.613289
demand_79 6 1 7.122223
demand_80 6 2 0.857682
demand_81 6 3 106.687397
demand_82 6 4 15.822540
demand_83 6 5 149.172196
demand_84 6 7 45.198216
demand_85 6 8 49.523294
demand_86 6 9 4.289045
demand_87 6 10 291.453892
demand_88 6 11 24.972140
demand_89 6 12 201.898850
demand_90 6 13 345.664282
demand_91 7 0 1315.585241
demand_92 7 1 41.530758
demand_93 7 2 5.001275
demand_94 7 3 622.110363
demand_95 7 4 92.263625
demand_96 7 5 869.845653
demand_97 7 6 1057.045364
demand_98 7 8 288.777824
demand_99 7 9 25.010072
demand_100 7 10 1699.511763
demand_101 7 11 145.616326
demand_102 7 12 1177.302757
demand_103 7 13 2015.620753
demand_104 8 0 1595.909374
demand_105 8 1 50.380108
demand_106 8 2 6.066944
demand_107 8 3 754.669275
demand_108 8 4 111.923105
demand_109 8 5 1055.191855
demand_110 8 6 1282.279971
demand_111 8 7 319.716349
demand_112 8 9 30.339203
demand_113 8 10 2061.642734
demand_114 8 11 176.644167
demand_115 8 12 1428.161740
demand_116 8 13 2445.108043
demand_117 9 0 684.213702
demand_118 9 1 21.599447
demand_119 9 2 2.601079
demand_120 9 3 323.549110
demand_121 9 4 47.984756
demand_122 9 5 452.392058
demand_123 9 6 549.751471
demand_124 9 7 137.071885
demand_125 9 8 150.188477
demand_126 9 10 883.887412
demand_127 9 11 75.732596
demand_128 9 12 612.295313
demand_129 9 13 1048.290368
demand_130 10 0 1644.581374
demand_131 10 1 51.916599
demand_132 10 2 6.251973
demand_133 10 3 777.685157
demand_134 10 4 115.336532
demand_135 10 5 1087.373067
demand_136 10 6 1321.386910
demand_137 10 7 329.467050
demand_138 10 8 360.994192
demand_139 10 9 31.264488
demand_140 10 11 182.031456
demand_141 10 12 1471.717776
demand_142 10 13 2519.678879
demand_143 11 0 2386.133325
demand_144 11 1 75.326115
demand_145 11 2 9.071027
demand_146 11 3 1128.348223
demand_147 11 4 167.342491
demand_148 11 5 1577.676333
demand_149 11 6 1917.208471
demand_150 11 7 478.025788
demand_151 11 8 523.768714
demand_152 11 9 45.361839
demand_153 11 10 3082.477307
demand_154 11 12 2135.324458
demand_155 11 13 3655.817728
demand_156 12 0 384.121781
demand_157 12 1 12.126062
demand_158 12 2 1.460262
demand_159 12 3 181.642461
demand_160 12 4 26.938937
demand_161 12 5 253.975684
demand_162 12 6 308.633857
demand_163 12 7 76.953000
demand_164 12 8 84.316735
demand_165 12 9 7.302388
demand_166 12 10 496.219830
demand_167 12 11 42.516745
demand_168 12 13 588.516661
demand_169 13 0 998.154829
demand_170 13 1 31.510027
demand_171 13 2 3.794544
demand_172 13 3 472.004735
demand_173 13 4 70.001837
demand_174 13 5 659.965323
demand_175 13 6 801.996634
demand_176 13 7 199.965251
demand_177 13 8 219.100193
demand_178 13 9 18.975528
demand_179 13 10 1289.445807
demand_180 13 11 110.481354
demand_181 13 12 893.237774
