DEMANDS 182
label src dest bw
demand_0 0 1 23.047249
demand_1 0 2 2.613612
demand_2 0 3 46.036549
demand_3 0 4 24.324974
demand_4 0 5 46.303187
demand_5 0 6 49.911545
demand_6 0 7 30.095421
demand_7 0 8 39.111635
demand_8 0 9 9.506565
demand_9 0 10 125.973551
demand_10 0 11 24.339366
demand_11 0 12 85.957856
demand_12 0 13 127.872473
demand_13 1 0 1443.484711
demand_14 1 2 36.526310
demand_15 1 3 643.379762
demand_16 1 4 339.951544
demand_17 1 5 647.106144
demand_18 1 6 697.534430
demand_19 1 7 420.595918
demand_20 1 8 546.601236
demand_21 1 9 132.858163
demand_22 1 10 1760.532347
demand_23 1 11 340.152679
demand_24 1 12 1201.296497
demand_25 1 13 1787.070554
demand_26 2 0 4787.958383
demand_27 2 1 1068.370545
demand_28 2 3 2134.054832
demand_29 2 4 1127.600337
demand_30 2 5 2146.415035
demand_31 2 6 2313.682850
demand_32 2 7 1395.093231
demand_33 2 8 1813.045854
demand_34 2 9 440.683125
demand_35 2 10 5839.587730
demand_36 2 11 1128.267488
demand_37 2 12 3984.633565
demand_38 2 13 5927.613485
demand_39 3 0 3943.319083
demand_40 3 1 879.900288
demand_41 3 2 99.782764
demand_42 3 4 928.681407
demand_43 3 5 1767.767949
demand_44 3 6 1905.528203
demand_45 3 7 1148.986127
demand_46 3 8 1493.208116
demand_47 3 9 362.942624
demand_48 3 10 4809.431472
demand_49 3 11 929.230866
demand_50 3 12 3281.708051
demand_51 3 13 4881.928685
demand_52 4 0 541.631517
demand_53 4 1 120.858018
demand_54 4 2 13.705584
demand_55 4 3 241.412156
demand_56 4 5 242.810388
demand_57 4 6 261.732340
demand_58 4 7 157.818093
demand_59 4 8 205.098436
demand_60 4 9 49.851701
demand_61 4 10 660.595709
demand_62 4 11 127.633781
demand_63 4 12 450.756450
demand_64 4 13 670.553507
demand_65 5 0 1107.166408
demand_66 5 1 247.049762
demand_67 5 2 28.016025
demand_68 5 3 493.478354
demand_69 5 4 260.746046
demand_70 5 6 535.015496
demand_71 5 7 322.601042
demand_72 5 8 419.248311
demand_73 5 9 101.903466
demand_74 5 10 1350.344939
demand_75 5 11 260.900317
demand_76 5 12 921.405760
demand_77 5 13 1370.699995
demand_78 6 0 129.096697
demand_79 6 1 28.806246
demand_80 6 2 3.266696
demand_81 6 3 57.540064
demand_82 6 4 30.403247
demand_83 6 5 57.873329
demand_84 6 7 37.615600
demand_85 6 8 48.884767
demand_86 6 9 11.882045
demand_87 6 10 157.451554
demand_88 6 11 30.421235
demand_89 6 12 107.436822
demand_90 6 13 159.824974
demand_91 7 0 507.306588
demand_92 7 1 113.198857
demand_93 7 2 12.837017
demand_94 7 3 226.113092
demand_95 7 4 119.474530
demand_96 7 5 227.422714
demand_97 7 6 245.145521
demand_98 7 8 192.100689
demand_99 7 9 46.692439
demand_100 7 10 618.731637
demand_101 7 11 119.545218
demand_102 7 12 422.190566
demand_103 7 13 628.058377
demand_104 8 0 1878.639281
demand_105 8 1 419.193884
demand_106 8 2 47.537573
demand_107 8 3 837.333768
demand_108 8 4 442.433730
demand_109 8 5 842.183510
demand_110 8 6 907.813965
demand_111 8 7 547.389249
demand_112 8 9 172.909738
demand_113 8 10 2291.264463
demand_114 8 11 442.695498
demand_115 8 12 1563.440727
demand_116 8 13 2325.802909
demand_117 9 0 353.124240
demand_118 9 1 78.795074
demand_119 9 2 8.935547
demand_120 9 3 157.392030
demand_121 9 4 83.163424
demand_122 9 5 158.303627
demand_123 9 6 170.640059
demand_124 9 7 102.891712
demand_125 9 8 133.716793
demand_126 9 10 430.684608
demand_127 9 11 83.212628
demand_128 9 12 293.876970
demand_129 9 13 437.176734
demand_130 10 0 1945.508887
demand_131 10 1 434.114966
demand_132 10 2 49.229659
demand_133 10 3 867.138414
demand_134 10 4 458.182027
demand_135 10 5 872.160782
demand_136 10 6 940.127333
demand_137 10 7 566.873406
demand_138 10 8 736.701646
demand_139 10 9 179.064409
demand_140 10 11 458.453113
demand_141 10 12 1619.090934
demand_142 10 13 2408.589172
demand_143 11 0 2881.301808
demand_144 11 1 642.924967
demand_145 11 2 72.909205
demand_146 11 3 1284.233394
demand_147 11 4 678.568323
demand_148 11 5 1291.671528
demand_149 11 6 1392.330101
demand_150 11 7 839.540432
demand_151 11 8 1091.056329
demand_152 11 9 265.194679
demand_153 11 10 3514.152242
demand_154 11 12 2397.876292
demand_155 11 13 3567.124458
demand_156 12 0 309.187481
demand_157 12 1 68.991159
demand_158 12 2 7.823760
demand_159 12 3 137.808850
demand_160 12 4 72.815985
demand_161 12 5 138.607023
demand_162 12 6 149.408519
demand_163 12 7 90.089622
demand_164 12 8 117.079355
demand_165 12 9 28.457579
demand_166 12 10 377.097559
demand_167 12 11 72.859067
demand_168 12 13 382.781915
demand_169 13 0 436.038919
demand_170 13 1 97.296405
demand_171 13 2 11.033641
demand_172 13 3 194.348172
demand_173 13 4 102.690456
demand_174 13 5 195.473815
demand_175 13 6 210.706879
demand_176 13 7 127.051009
demand_177 13 8 165.113915
demand_178 13 9 40.132971
demand_179 13 10 531.810704
demand_180 13 11 102.751214
demand_181 13 12 362.880203
