DEMANDS 182
label src dest bw
demand_0 0 1 2.759158
demand_1 0 2 0.751403
demand_2 0 3 14.293749
demand_3 0 4 4.755952
demand_4 0 5 16.828345
demand_5 0 6 20.807884
demand_6 0 7 12.275099
demand_7 0 8 13.722131
demand_8 0 9 2.589784
demand_9 0 10 37.129405
demand_10 0 11 11.528180
demand_11 0 12 25.137254
demand_12 0 13 89.621420
demand_13 1 0 893.833320
demand_14 1 2 19.139618
demand_15 1 3 364.087963
demand_16 1 4 121.142805
demand_17 1 5 428.648772
demand_18 1 6 530.014920
demand_19 1 7 312.669260
demand_20 1 8 349.527817
demand_21 1 9 65.966537
demand_22 1 10 945.753953
demand_23 1 11 293.643864
demand_24 1 12 640.291896
demand_25 1 13 2282.821736
demand_26 2 0 4397.989761
demand_27 2 1 345.807512
demand_28 2 3 1791.447125
demand_29 2 4 596.067305
demand_30 2 5 2109.110129
demand_31 2 6 2607.868982
demand_32 2 7 1538.448137
demand_33 2 8 1719.805838
demand_34 2 9 324.579703
demand_35 2 10 4653.458435
demand_36 2 11 1444.836164
demand_37 2 12 3150.472399
demand_38 2 13 11232.325303
demand_39 3 0 3344.518292
demand_40 3 1 262.974589
demand_41 3 2 71.616038
demand_42 3 4 453.288459
demand_43 3 5 1603.904918
demand_44 3 6 1983.193683
demand_45 3 7 1169.936315
demand_46 3 8 1307.852541
demand_47 3 9 246.831579
demand_48 3 10 3538.793335
demand_49 3 11 1098.747665
demand_50 3 12 2395.824715
demand_51 3 13 8541.792837
demand_52 4 0 667.790770
demand_53 4 1 52.507413
demand_54 4 2 14.299377
demand_55 4 3 272.013333
demand_56 4 5 320.247284
demand_57 4 6 395.978829
demand_58 4 7 233.597967
demand_59 4 8 261.135320
demand_60 4 9 49.284183
demand_61 4 10 706.581134
demand_62 4 11 219.383925
demand_63 4 12 478.367732
demand_64 4 13 1705.516286
demand_65 5 0 835.216862
demand_66 5 1 65.671882
demand_67 5 2 17.884466
demand_68 5 3 340.211535
demand_69 5 4 113.198414
demand_70 5 6 495.257212
demand_71 5 7 292.164806
demand_72 5 8 326.606226
demand_73 5 9 61.640535
demand_74 5 10 883.732606
demand_75 5 11 274.387071
demand_76 5 12 598.302364
demand_77 5 13 2133.117175
demand_78 6 0 66.797884
demand_79 6 1 5.252220
demand_80 6 2 1.430340
demand_81 6 3 27.208994
demand_82 6 4 9.053235
demand_83 6 5 32.033748
demand_84 6 7 23.366375
demand_85 6 8 26.120886
demand_86 6 9 4.929806
demand_87 6 10 70.678013
demand_88 6 11 21.944571
demand_89 6 12 47.850245
demand_90 6 13 170.599661
demand_91 7 0 524.504450
demand_92 7 1 41.241019
demand_93 7 2 11.231193
demand_94 7 3 213.648062
demand_95 7 4 71.087013
demand_96 7 5 251.532566
demand_97 7 6 311.014568
demand_98 7 8 205.104119
demand_99 7 9 38.709390
demand_100 7 10 554.971655
demand_101 7 11 172.311224
demand_102 7 12 375.725475
demand_103 7 13 1339.567603
demand_104 8 0 1441.698201
demand_105 8 1 113.358624
demand_106 8 2 30.871027
demand_107 8 3 587.251503
demand_108 8 4 195.395898
demand_109 8 5 691.384120
demand_110 8 6 854.881485
demand_111 8 7 504.316297
demand_112 8 9 106.399969
demand_113 8 10 1525.442990
demand_114 8 11 473.629502
demand_115 8 12 1032.751470
demand_116 8 13 3682.051133
demand_117 9 0 487.009146
demand_118 9 1 38.292818
demand_119 9 2 10.428308
demand_120 9 3 198.374981
demand_121 9 4 66.005208
demand_122 9 5 233.551231
demand_123 9 6 288.781037
demand_124 9 7 170.359267
demand_125 9 8 190.441819
demand_126 9 10 515.298339
demand_127 9 11 159.993193
demand_128 9 12 348.865949
demand_129 9 13 1243.805795
demand_130 10 0 1669.182212
demand_131 10 1 131.245359
demand_132 10 2 35.742133
demand_133 10 3 679.913287
demand_134 10 4 226.227207
demand_135 10 5 800.476877
demand_136 10 6 989.772317
demand_137 10 7 583.891824
demand_138 10 8 652.723055
demand_139 10 9 123.188706
demand_140 10 11 548.362992
demand_141 10 12 1195.708215
demand_142 10 13 4263.038027
demand_143 11 0 2687.392082
demand_144 11 1 211.305714
demand_145 11 2 57.545020
demand_146 11 3 1094.663944
demand_147 11 4 364.226986
demand_148 11 5 1288.771955
demand_149 11 6 1593.538601
demand_150 11 7 940.068887
demand_151 11 8 1050.887529
demand_152 11 9 198.334460
demand_153 11 10 2843.496240
demand_154 11 12 1925.096473
demand_155 11 13 6863.513496
demand_156 12 0 221.073702
demand_157 12 1 17.382702
demand_158 12 2 4.733842
demand_159 12 3 90.050652
demand_160 12 4 29.962508
demand_161 12 5 106.018615
demand_162 12 6 131.089721
demand_163 12 7 77.333155
demand_164 12 8 86.449461
demand_165 12 9 16.315644
demand_166 12 10 233.915343
demand_167 12 11 72.627563
demand_168 12 13 564.615169
demand_169 13 0 512.170435
demand_170 13 1 40.271213
demand_171 13 2 10.967085
demand_172 13 3 208.624009
demand_173 13 4 69.415362
demand_174 13 5 245.617637
demand_175 13 6 303.700887
demand_176 13 7 179.160865
demand_177 13 8 200.280981
demand_178 13 9 37.799117
demand_179 13 10 541.921187
demand_180 13 11 168.259229
demand_181 13 12 366.890081
