DEMANDS 182
label src dest bw
demand_0 0 1 7.733323
demand_1 0 2 1.272549
demand_2 0 3 33.145181
demand_3 0 4 7.868966
demand_4 0 5 42.622545
demand_5 0 6 48.460866
demand_6 0 7 18.424814
demand_7 0 8 26.703673
demand_8 0 9 4.021267
demand_9 0 10 82.826428
demand_10 0 11 8.404250
demand_11 0 12 58.759255
demand_12 0 13 104.382006
demand_13 1 0 1425.064793
demand_14 1 2 27.645218
demand_15 1 3 720.055475
demand_16 1 4 170.947686
demand_17 1 5 925.944454
demand_18 1 6 1052.777830
demand_19 1 7 400.265971
demand_20 1 8 580.118287
demand_21 1 9 87.359160
demand_22 1 10 1799.345184
demand_23 1 11 182.576360
demand_24 1 12 1276.502997
demand_25 1 13 2267.624772
demand_26 2 0 3592.154988
demand_27 2 1 423.479285
demand_28 2 3 1815.040887
demand_29 2 4 430.907132
demand_30 2 5 2334.024392
demand_31 2 6 2653.732765
demand_32 2 7 1008.948795
demand_33 2 8 1462.301791
demand_34 2 9 220.205877
demand_35 2 10 4535.602037
demand_36 2 11 460.219483
demand_37 2 12 3217.675877
demand_38 2 13 5715.992475
demand_39 3 0 3333.730366
demand_40 3 1 393.013597
demand_41 3 2 64.671939
demand_42 3 4 399.907074
demand_43 3 5 2166.111433
demand_44 3 6 2462.819542
demand_45 3 7 936.363616
demand_46 3 8 1357.101768
demand_47 3 9 204.363960
demand_48 3 10 4209.304523
demand_49 3 11 427.110654
demand_50 3 12 2986.191803
demand_51 3 13 5304.776032
demand_52 4 0 1081.858004
demand_53 4 1 127.540280
demand_54 4 2 20.987257
demand_55 4 3 546.640253
demand_56 4 5 702.943770
demand_57 4 6 799.231114
demand_58 4 7 303.867548
demand_59 4 8 440.404966
demand_60 4 9 66.319936
demand_61 4 10 1365.998233
demand_62 4 11 138.605414
demand_63 4 12 969.075225
demand_64 4 13 1721.499276
demand_65 5 0 1122.222876
demand_66 5 1 132.298897
demand_67 5 2 21.770306
demand_68 5 3 567.035779
demand_69 5 4 134.619425
demand_70 5 6 829.050980
demand_71 5 7 315.205057
demand_72 5 8 456.836781
demand_73 5 9 68.794379
demand_74 5 10 1416.964573
demand_75 5 11 143.776879
demand_76 5 12 1005.232093
demand_77 5 13 1785.729606
demand_78 6 0 79.135618
demand_79 6 1 9.329301
demand_80 6 2 1.535173
demand_81 6 3 39.985575
demand_82 6 4 9.492937
demand_83 6 5 51.418846
demand_84 6 7 22.227267
demand_85 6 8 32.214689
demand_86 6 9 4.851163
demand_87 6 10 99.919873
demand_88 6 11 10.138692
demand_89 6 12 70.885797
demand_90 6 13 125.924020
demand_91 7 0 785.752921
demand_92 7 1 92.632441
demand_93 7 2 15.243034
demand_94 7 3 397.024539
demand_95 7 4 94.257219
demand_96 7 5 510.547705
demand_97 7 6 580.481154
demand_98 7 8 319.865905
demand_99 7 9 48.168136
demand_100 7 10 992.123826
demand_101 7 11 100.669042
demand_102 7 12 703.838846
demand_103 7 13 1250.324054
demand_104 8 0 1554.277074
demand_105 8 1 183.233782
demand_106 8 2 30.151842
demand_107 8 3 785.343742
demand_108 8 4 186.447711
demand_109 8 5 1009.900913
demand_110 8 6 1148.234419
demand_111 8 7 436.558552
demand_112 8 9 95.280116
demand_113 8 10 1962.493903
demand_114 8 11 199.130771
demand_115 8 12 1392.245007
demand_116 8 13 2473.232944
demand_117 9 0 498.659288
demand_118 9 1 58.786962
demand_119 9 2 9.673627
demand_120 9 3 251.962123
demand_121 9 4 59.818088
demand_122 9 5 324.006883
demand_123 9 6 368.388473
demand_124 9 7 140.061242
demand_125 9 8 202.995242
demand_126 9 10 629.627645
demand_127 9 11 63.887199
demand_128 9 12 446.674480
demand_129 9 13 793.488240
demand_130 10 0 2171.358994
demand_131 10 1 255.981593
demand_132 10 2 42.122781
demand_133 10 3 1097.142347
demand_134 10 4 260.471522
demand_135 10 5 1410.853616
demand_136 10 6 1604.108544
demand_137 10 7 609.881825
demand_138 10 8 883.921255
demand_139 10 9 133.108402
demand_140 10 11 278.190033
demand_141 10 12 1944.996660
demand_142 10 13 3455.160401
demand_143 11 0 2178.995126
demand_144 11 1 256.881817
demand_145 11 2 42.270917
demand_146 11 3 1101.000725
demand_147 11 4 261.387536
demand_148 11 5 1415.815240
demand_149 11 6 1609.749797
demand_150 11 7 612.026629
demand_151 11 8 887.029788
demand_152 11 9 133.576511
demand_153 11 10 2751.288507
demand_154 11 12 1951.836733
demand_155 11 13 3467.311346
demand_156 12 0 158.181500
demand_157 12 1 18.648023
demand_158 12 2 3.068606
demand_159 12 3 79.925808
demand_160 12 4 18.975110
demand_161 12 5 102.779385
demand_162 12 6 116.857828
demand_163 12 7 44.429329
demand_164 12 8 64.392848
demand_165 12 9 9.696824
demand_166 12 10 199.726442
demand_167 12 11 20.265887
demand_168 12 13 251.705249
demand_169 13 0 672.348897
demand_170 13 1 79.263236
demand_171 13 2 13.043078
demand_172 13 3 339.723854
demand_173 13 4 80.653517
demand_174 13 5 436.862755
demand_175 13 6 496.703038
demand_176 13 7 188.846420
demand_177 13 8 273.701163
demand_178 13 9 41.216256
demand_179 13 10 848.935259
demand_180 13 11 86.139953
demand_181 13 12 602.257095
