DEMANDS 182
label src dest bw
demand_0 0 1 4.798899
demand_1 0 2 1.153204
demand_2 0 3 9.777098
demand_3 0 4 4.995259
demand_4 0 5 12.249835
demand_5 0 6 15.817589
demand_6 0 7 8.153479
demand_7 0 8 8.230085
demand_8 0 9 3.873683
demand_9 0 10 48.966951
demand_10 0 11 5.033849
demand_11 0 12 16.448203
demand_12 0 13 82.716014
demand_13 1 0 1171.268434
demand_14 1 2 59.570662
demand_15 1 3 505.052321
demand_16 1 4 258.038458
demand_17 1 5 632.785706
demand_18 1 6 817.084024
demand_19 1 7 421.181606
demand_20 1 8 425.138786
demand_21 1 9 200.101571
demand_22 1 10 2529.469716
demand_23 1 11 260.031863
demand_24 1 12 849.659427
demand_25 1 13 4272.833979
demand_26 2 0 2774.865694
demand_27 2 1 587.291302
demand_28 2 3 1196.525339
demand_29 2 4 611.321918
demand_30 2 5 1499.139989
demand_31 2 6 1935.763281
demand_32 2 7 997.826251
demand_33 2 8 1007.201252
demand_34 2 9 474.062962
demand_35 2 10 5992.596177
demand_36 2 11 616.044516
demand_37 2 12 2012.938049
demand_38 2 13 10122.820766
demand_39 3 0 1467.677883
demand_40 3 1 310.629252
demand_41 3 2 74.646034
demand_42 3 4 323.339490
demand_43 3 5 792.922919
demand_44 3 6 1023.861068
demand_45 3 7 527.768794
demand_46 3 8 532.727405
demand_47 3 9 250.740685
demand_48 3 10 3169.595158
demand_49 3 11 325.837360
demand_50 3 12 1064.680233
demand_51 3 13 5354.147474
demand_52 4 0 915.396637
demand_53 4 1 193.740722
demand_54 4 2 46.557034
demand_55 4 3 394.720103
demand_56 4 5 494.549234
demand_57 4 6 638.586293
demand_58 4 7 329.171533
demand_59 4 8 332.264239
demand_60 4 9 156.387980
demand_61 4 10 1976.889331
demand_62 4 11 203.226080
demand_63 4 12 664.045371
demand_64 4 13 3339.403454
demand_65 5 0 921.735625
demand_66 5 1 195.082348
demand_67 5 2 46.879434
demand_68 5 3 397.453482
demand_69 5 4 203.064671
demand_70 5 6 643.008410
demand_71 5 7 331.450998
demand_72 5 8 334.565120
demand_73 5 9 157.470944
demand_74 5 10 1990.579001
demand_75 5 11 204.633391
demand_76 5 12 668.643789
demand_77 5 13 3362.528335
demand_78 6 0 78.351544
demand_79 6 1 16.582849
demand_80 6 2 3.984956
demand_81 6 3 33.785277
demand_82 6 4 17.261382
demand_83 6 5 42.329952
demand_84 6 7 28.174779
demand_85 6 8 28.439493
demand_86 6 9 13.385716
demand_87 6 10 169.207887
demand_88 6 11 17.394730
demand_89 6 12 56.837635
demand_90 6 13 285.829557
demand_91 7 0 689.627019
demand_92 7 1 145.957316
demand_93 7 2 35.074401
demand_94 7 3 297.367979
demand_95 7 4 151.929555
demand_96 7 5 372.575669
demand_97 7 6 481.088026
demand_98 7 8 250.315970
demand_99 7 9 117.817099
demand_100 7 10 1489.317571
demand_101 7 11 153.103245
demand_102 7 12 500.267984
demand_103 7 13 2515.786879
demand_104 8 0 1253.463117
demand_105 8 1 265.291393
demand_106 8 2 63.751080
demand_107 8 3 540.494765
demand_108 8 4 276.146510
demand_109 8 5 677.191940
demand_110 8 6 874.423537
demand_111 8 7 450.738357
demand_112 8 9 214.143856
demand_113 8 10 2706.977242
demand_114 8 11 278.279803
demand_115 8 12 909.284946
demand_116 8 13 4572.683463
demand_117 9 0 487.596893
demand_118 9 1 103.198297
demand_119 9 2 24.799157
demand_120 9 3 210.252352
demand_121 9 4 107.420935
demand_122 9 5 263.427524
demand_123 9 6 340.150575
demand_124 9 7 175.337127
demand_125 9 8 176.984494
demand_126 9 10 1053.013586
demand_127 9 11 108.250786
demand_128 9 12 353.711655
demand_129 9 13 1778.772919
demand_130 10 0 1278.587072
demand_131 10 1 270.608797
demand_132 10 2 65.028884
demand_133 10 3 551.328244
demand_134 10 4 281.681489
demand_135 10 5 690.765327
demand_136 10 6 891.950162
demand_137 10 7 459.772791
demand_138 10 8 464.092551
demand_139 10 9 218.436076
demand_140 10 11 283.857542
demand_141 10 12 927.510320
demand_142 10 13 4664.336654
demand_143 11 0 1461.617419
demand_144 11 1 309.346575
demand_145 11 2 74.337799
demand_146 11 3 630.251144
demand_147 11 4 322.004328
demand_148 11 5 789.648712
demand_149 11 6 1019.633252
demand_150 11 7 525.589485
demand_151 11 8 530.527621
demand_152 11 9 249.705305
demand_153 11 10 3156.506989
demand_154 11 12 1060.283863
demand_155 11 13 5332.038662
demand_156 12 0 321.848730
demand_157 12 1 68.118237
demand_158 12 2 16.369213
demand_159 12 3 138.781549
demand_160 12 4 70.905479
demand_161 12 5 173.880956
demand_162 12 6 224.523642
demand_163 12 7 115.735011
demand_164 12 8 116.822390
demand_165 12 9 54.985206
demand_166 12 10 695.064079
demand_167 12 11 71.453240
demand_168 12 13 1174.117007
demand_169 13 0 636.331577
demand_170 13 1 134.677509
demand_171 13 2 32.363797
demand_172 13 3 274.386922
demand_173 13 4 140.188205
demand_174 13 5 343.782445
demand_175 13 6 443.908800
demand_176 13 7 228.821292
demand_177 13 8 230.971165
demand_178 13 9 108.712012
demand_179 13 10 1374.220808
demand_180 13 11 141.271190
demand_181 13 12 461.606501
