DEMANDS 182
label src dest bw
demand_0 0 1 16.001329
demand_1 0 2 8.939134
demand_2 0 3 68.827955
demand_3 0 4 16.841139
demand_4 0 5 75.628645
demand_5 0 6 81.690679
demand_6 0 7 40.251432
demand_7 0 8 42.698768
demand_8 0 9 15.968740
demand_9 0 10 91.557432
demand_10 0 11 22.318186
demand_11 0 12 84.126138
demand_12 0 13 124.896336
demand_13 1 0 1253.546420
demand_14 1 2 124.915829
demand_15 1 3 961.804648
demand_16 1 4 235.338760
demand_17 1 5 1056.837781
demand_18 1 6 1141.548891
demand_19 1 7 562.475157
demand_20 1 8 596.674332
demand_21 1 9 223.147818
demand_22 1 10 1279.427297
demand_23 1 11 311.875238
demand_24 1 12 1175.582082
demand_25 1 13 1745.306497
demand_26 2 0 2728.362818
demand_27 2 1 486.675819
demand_28 2 3 2093.382421
demand_29 2 4 512.218385
demand_30 2 5 2300.223477
demand_31 2 6 2484.598494
demand_32 2 7 1224.235719
demand_33 2 8 1298.670745
demand_34 2 9 485.684615
demand_35 2 10 2784.692939
demand_36 2 11 678.801190
demand_37 2 12 2558.672253
demand_38 2 13 3798.686093
demand_39 3 0 2279.418803
demand_40 3 1 406.594755
demand_41 3 2 227.143954
demand_42 3 4 427.934368
demand_43 3 5 1921.728522
demand_44 3 6 2075.765177
demand_45 3 7 1022.791360
demand_46 3 8 1084.978323
demand_47 3 9 405.766651
demand_48 3 10 2326.479970
demand_49 3 11 567.106466
demand_50 3 12 2137.650318
demand_51 3 13 3173.623556
demand_52 4 0 1015.868660
demand_53 4 1 181.207099
demand_54 4 2 101.231254
demand_55 4 3 779.442375
demand_56 4 5 856.456820
demand_57 4 6 925.106341
demand_58 4 7 455.827463
demand_59 4 8 483.542328
demand_60 4 9 180.838038
demand_61 4 10 1036.842412
demand_62 4 11 252.742359
demand_63 4 12 952.686694
demand_64 4 13 1414.388925
demand_65 5 0 1127.659681
demand_66 5 1 201.147991
demand_67 5 2 112.371223
demand_68 5 3 865.215923
demand_69 5 4 211.704989
demand_70 5 6 1026.909445
demand_71 5 7 505.988885
demand_72 5 8 536.753627
demand_73 5 9 200.738316
demand_74 5 10 1150.941485
demand_75 5 11 280.555331
demand_76 5 12 1057.524871
demand_77 5 13 1570.035012
demand_78 6 0 187.055448
demand_79 6 1 33.366297
demand_80 6 2 18.640065
demand_81 6 3 143.521450
demand_82 6 4 35.117485
demand_83 6 5 157.702389
demand_84 6 7 83.933104
demand_85 6 8 89.036339
demand_86 6 9 33.298340
demand_87 6 10 190.917418
demand_88 6 11 46.538334
demand_89 6 12 175.421532
demand_90 6 13 260.436378
demand_91 7 0 991.433883
demand_92 7 1 176.848509
demand_93 7 2 98.796330
demand_94 7 3 760.694380
demand_95 7 4 186.130180
demand_96 7 5 835.856389
demand_97 7 6 902.854678
demand_98 7 8 471.911643
demand_99 7 9 176.488325
demand_100 7 10 1011.903151
demand_101 7 11 246.663125
demand_102 7 12 929.771638
demand_103 7 13 1380.368505
demand_104 8 0 1309.522863
demand_105 8 1 233.588109
demand_106 8 2 130.493879
demand_107 8 3 1004.753519
demand_108 8 4 245.847686
demand_109 8 5 1104.030305
demand_110 8 6 1192.524144
demand_111 8 7 587.592183
demand_112 8 9 233.112365
demand_113 8 10 1336.559437
demand_114 8 11 325.801859
demand_115 8 12 1228.077070
demand_116 8 13 1823.242223
demand_117 9 0 414.633075
demand_118 9 1 73.960798
demand_119 9 2 41.318162
demand_120 9 3 318.134225
demand_121 9 4 77.842537
demand_122 9 5 349.568147
demand_123 9 6 377.587874
demand_124 9 7 186.048797
demand_125 9 8 197.360791
demand_126 9 10 423.193642
demand_127 9 11 103.158357
demand_128 9 12 388.844965
demand_129 9 13 577.291586
demand_130 10 0 2113.608078
demand_131 10 1 377.018018
demand_132 10 2 210.620924
demand_133 10 3 1621.701471
demand_134 10 4 396.805333
demand_135 10 5 1781.937098
demand_136 10 6 1924.768735
demand_137 10 7 948.390914
demand_138 10 8 1006.054238
demand_139 10 9 376.250152
demand_140 10 11 525.853699
demand_141 10 12 1982.152193
demand_142 10 13 2942.766101
demand_143 11 0 2145.311763
demand_144 11 1 382.673210
demand_145 11 2 213.780195
demand_146 11 3 1646.026659
demand_147 11 4 402.757331
demand_148 11 5 1808.665788
demand_149 11 6 1953.639869
demand_150 11 7 962.616582
demand_151 11 8 1021.144845
demand_152 11 9 381.893827
demand_153 11 10 2189.604140
demand_154 11 12 2011.884068
demand_155 11 13 2986.906986
demand_156 12 0 241.323272
demand_157 12 1 43.046401
demand_158 12 2 24.047850
demand_159 12 3 185.159353
demand_160 12 4 45.305637
demand_161 12 5 203.454413
demand_162 12 6 219.762355
demand_163 12 7 108.283461
demand_164 12 8 114.867228
demand_165 12 9 42.958730
demand_166 12 10 246.305662
demand_167 12 11 60.039861
demand_168 12 13 335.993201
demand_169 13 0 859.339401
demand_170 13 1 153.285957
demand_171 13 2 85.633122
demand_172 13 3 659.342659
demand_173 13 4 161.330978
demand_174 13 5 724.490399
demand_175 13 6 782.562117
demand_176 13 7 385.591675
demand_177 13 8 409.036120
demand_178 13 9 152.973763
demand_179 13 10 877.081430
demand_180 13 11 213.798768
demand_181 13 12 805.892775
