DEMANDS 182
label src dest bw
demand_0 0 1 11.363037
demand_1 0 2 7.415915
demand_2 0 3 36.950115
demand_3 0 4 16.093559
demand_4 0 5 43.965343
demand_5 0 6 62.860213
demand_6 0 7 26.617628
demand_7 0 8 36.888700
demand_8 0 9 10.676052
demand_9 0 10 139.087555
demand_10 0 11 21.062027
demand_11 0 12 73.854689
demand_12 0 13 139.113664
demand_13 1 0 1948.173395
demand_14 1 2 120.280349
demand_15 1 3 599.302014
demand_16 1 4 261.024954
demand_17 1 5 713.083526
demand_18 1 6 1019.543566
demand_19 1 7 431.717142
demand_20 1 8 598.305907
demand_21 1 9 173.157229
demand_22 1 10 2255.891526
demand_23 1 11 341.609634
demand_24 1 12 1197.865386
demand_25 1 13 2256.315002
demand_26 2 0 4875.774834
demand_27 2 1 461.254273
demand_28 2 3 1499.898154
demand_29 2 4 653.278042
demand_30 2 5 1784.663889
demand_31 2 6 2551.654219
demand_32 2 7 1080.476501
demand_33 2 8 1497.405153
demand_34 2 9 433.367820
demand_35 2 10 5645.913837
demand_36 2 11 854.960683
demand_37 2 12 2997.947675
demand_38 2 13 5646.973689
demand_39 3 0 3511.112241
demand_40 3 1 332.155520
demand_41 3 2 216.776293
demand_42 3 4 470.434466
demand_43 3 5 1285.160911
demand_44 3 6 1837.481153
demand_45 3 7 778.065928
demand_46 3 8 1078.301961
demand_47 3 9 312.074103
demand_48 3 10 4065.699886
demand_49 3 11 615.668898
demand_50 3 12 2158.863183
demand_51 3 13 4066.463100
demand_52 4 0 1170.839575
demand_53 4 1 110.762858
demand_54 4 2 72.287710
demand_55 4 3 360.176624
demand_56 4 5 428.558574
demand_57 4 6 612.739071
demand_58 4 7 259.459202
demand_59 4 8 359.577969
demand_60 4 9 104.066371
demand_61 4 10 1355.776176
demand_62 4 11 205.305174
demand_63 4 12 719.909328
demand_64 4 13 1356.030683
demand_65 5 0 1415.439284
demand_66 5 1 133.902290
demand_67 5 2 87.389312
demand_68 5 3 435.421003
demand_69 5 4 189.646863
demand_70 5 6 740.746188
demand_71 5 7 313.662738
demand_72 5 8 434.697284
demand_73 5 9 125.806843
demand_74 5 10 1639.010929
demand_75 5 11 248.195411
demand_76 5 12 870.305347
demand_77 5 13 1639.318604
demand_78 6 0 147.058664
demand_79 6 1 13.911930
demand_80 6 2 9.079411
demand_81 6 3 45.238557
demand_82 6 4 19.703575
demand_83 6 5 53.827401
demand_84 6 7 32.588345
demand_85 6 8 45.163365
demand_86 6 9 13.070844
demand_87 6 10 170.286892
demand_88 6 11 25.786543
demand_89 6 12 90.421357
demand_90 6 13 170.318858
demand_91 7 0 660.357057
demand_92 7 1 62.470587
demand_93 7 2 40.770487
demand_94 7 3 203.140704
demand_95 7 4 88.477582
demand_96 7 5 241.708330
demand_97 7 6 345.586687
demand_98 7 8 202.803061
demand_99 7 9 58.693748
demand_100 7 10 764.661859
demand_101 7 11 115.792739
demand_102 7 12 406.031036
demand_103 7 13 764.805401
demand_104 8 0 2552.817479
demand_105 8 1 241.499661
demand_106 8 2 157.611114
demand_107 8 3 785.304153
demand_108 8 4 342.037863
demand_109 8 5 934.399419
demand_110 8 6 1335.973812
demand_111 8 7 565.706866
demand_112 8 9 226.899105
demand_113 8 10 2956.040429
demand_114 8 11 447.633176
demand_115 8 12 1569.640414
demand_116 8 13 2956.595337
demand_117 9 0 301.539774
demand_118 9 1 28.526032
demand_119 9 2 18.617085
demand_120 9 3 92.760426
demand_121 9 4 40.401643
demand_122 9 5 110.371616
demand_123 9 6 157.805736
demand_124 9 7 66.821511
demand_125 9 8 92.606248
demand_126 9 10 349.168622
demand_127 9 11 52.874601
demand_128 9 12 185.406524
demand_129 9 13 349.234168
demand_130 10 0 2907.628513
demand_131 10 1 275.065220
demand_132 10 2 179.517170
demand_133 10 3 894.452018
demand_134 10 4 389.577027
demand_135 10 5 1064.269739
demand_136 10 6 1521.658160
demand_137 10 7 644.333340
demand_138 10 8 892.965337
demand_139 10 9 258.435361
demand_140 10 11 509.848823
demand_141 10 12 1787.801619
demand_142 10 13 3367.526654
demand_143 11 0 3266.592711
demand_144 11 1 309.023673
demand_145 11 2 201.679642
demand_146 11 3 1004.877490
demand_147 11 4 437.672650
demand_148 11 5 1195.660229
demand_149 11 6 1709.515996
demand_150 11 7 723.880160
demand_151 11 8 1003.207270
demand_152 11 9 290.340758
demand_153 11 10 3782.557977
demand_154 11 12 2008.516463
demand_155 11 13 3783.268039
demand_156 12 0 239.228313
demand_157 12 1 22.631292
demand_158 12 2 14.769971
demand_159 12 3 73.592017
demand_160 12 4 32.052876
demand_161 12 5 87.563956
demand_162 12 6 125.196088
demand_163 12 7 53.013230
demand_164 12 8 73.469699
demand_165 12 9 21.263052
demand_166 12 10 277.014934
demand_167 12 11 41.948369
demand_168 12 13 277.066935
demand_169 13 0 324.703461
demand_170 13 1 30.717345
demand_171 13 2 20.047212
demand_172 13 3 99.886098
demand_173 13 4 43.505217
demand_174 13 5 118.850144
demand_175 13 6 169.928059
demand_176 13 7 71.954606
demand_177 13 8 99.720076
demand_178 13 9 28.860240
demand_179 13 10 375.991063
demand_180 13 11 56.936323
demand_181 13 12 199.649085
