DEMANDS 182
label src dest bw
demand_0 0 1 2.296916
demand_1 0 2 0.233030
demand_2 0 3 29.252817
demand_3 0 4 3.735782
demand_4 0 5 29.992999
demand_5 0 6 37.249779
demand_6 0 7 17.638057
demand_7 0 8 25.974405
demand_8 0 9 1.546970
demand_9 0 10 64.637090
demand_10 0 11 7.849489
demand_11 0 12 49.661814
demand_12 0 13 126.480619
demand_13 1 0 611.057867
demand_14 1 2 2.389516
demand_15 1 3 299.961801
demand_16 1 4 38.307142
demand_17 1 5 307.551708
demand_18 1 6 381.963577
demand_19 1 7 180.862698
demand_20 1 8 266.344575
demand_21 1 9 15.862807
demand_22 1 10 662.796265
demand_23 1 11 80.489572
demand_24 1 12 509.238032
demand_25 1 13 1296.947017
demand_26 2 0 4668.849814
demand_27 2 1 179.957868
demand_28 2 3 2291.888663
demand_29 2 4 292.689619
demand_30 2 5 2349.880124
demand_31 2 6 2918.431579
demand_32 2 7 1381.899849
demand_33 2 8 2035.032828
demand_34 2 9 121.201389
demand_35 2 10 5064.162305
demand_36 2 11 614.988764
demand_37 2 12 3890.884999
demand_38 2 13 9909.455654
demand_39 3 0 3221.051871
demand_40 3 1 124.153411
demand_41 3 2 12.595787
demand_42 3 4 201.927344
demand_43 3 5 1621.188530
demand_44 3 6 2013.433687
demand_45 3 7 953.376371
demand_46 3 8 1403.974546
demand_47 3 9 83.617160
demand_48 3 10 3493.779007
demand_49 3 11 424.282380
demand_50 3 12 2684.331881
demand_51 3 13 6836.559741
demand_52 4 0 468.637714
demand_53 4 1 18.063345
demand_54 4 2 1.832588
demand_55 4 3 230.049264
demand_56 4 5 235.870181
demand_57 4 6 292.938766
demand_58 4 7 138.708764
demand_59 4 8 204.267254
demand_60 4 9 12.165639
demand_61 4 10 508.317367
demand_62 4 11 61.729749
demand_63 4 12 390.549177
demand_64 4 13 994.665674
demand_65 5 0 542.323872
demand_66 5 1 20.903531
demand_67 5 2 2.120735
demand_68 5 3 266.221015
demand_69 5 4 33.998217
demand_70 5 6 338.998935
demand_71 5 7 160.518609
demand_72 5 8 236.385176
demand_73 5 9 14.078501
demand_74 5 10 588.242548
demand_75 5 11 71.435814
demand_76 5 12 451.957099
demand_77 5 13 1151.061734
demand_78 6 0 205.428653
demand_79 6 1 7.918118
demand_80 6 2 0.803320
demand_81 6 3 100.842739
demand_82 6 4 12.878297
demand_83 6 5 103.394354
demand_84 6 7 60.803375
demand_85 6 8 89.541122
demand_86 6 9 5.332842
demand_87 6 10 222.822340
demand_88 6 11 27.059408
demand_89 6 12 171.198324
demand_90 6 13 436.014481
demand_91 7 0 408.825693
demand_92 7 1 15.757928
demand_93 7 2 1.598696
demand_94 7 3 200.688180
demand_95 7 4 25.629232
demand_96 7 5 205.766176
demand_97 7 6 255.551123
demand_98 7 8 178.196717
demand_99 7 9 10.612944
demand_100 7 10 443.441050
demand_101 7 11 53.851209
demand_102 7 12 340.703561
demand_103 7 13 867.716941
demand_104 8 0 1975.990622
demand_105 8 1 76.163311
demand_106 8 2 7.727028
demand_107 8 3 969.992757
demand_108 8 4 123.874608
demand_109 8 5 994.536400
demand_110 8 6 1235.163619
demand_111 8 7 584.859495
demand_112 8 9 51.295890
demand_113 8 10 2143.298162
demand_114 8 11 260.280814
demand_115 8 12 1646.733687
demand_116 8 13 4193.964729
demand_117 9 0 349.608533
demand_118 9 1 13.475440
demand_119 9 2 1.367129
demand_120 9 3 171.619106
demand_121 9 4 21.916916
demand_122 9 5 175.961570
demand_123 9 6 218.535319
demand_124 9 7 103.478158
demand_125 9 8 152.385463
demand_126 9 10 379.209961
demand_127 9 11 46.051025
demand_128 9 12 291.353685
demand_129 9 13 742.030777
demand_130 10 0 2719.022873
demand_131 10 1 104.803020
demand_132 10 2 10.632624
demand_133 10 3 1334.739378
demand_134 10 4 170.455208
demand_135 10 5 1368.512173
demand_136 10 6 1699.622505
demand_137 10 7 804.784357
demand_138 10 8 1185.152881
demand_139 10 9 70.584697
demand_140 10 11 358.154274
demand_141 10 12 2265.955370
demand_142 10 13 5771.022341
demand_143 11 0 3086.802452
demand_144 11 1 118.978852
demand_145 11 2 12.070810
demand_146 11 3 1515.278457
demand_147 11 4 193.511265
demand_148 11 5 1553.619417
demand_149 11 6 1929.516286
demand_150 11 7 913.640835
demand_151 11 8 1345.458640
demand_152 11 9 80.132101
demand_153 11 10 3348.162662
demand_154 11 12 2572.452281
demand_155 11 13 6551.620469
demand_156 12 0 327.619085
demand_157 12 1 12.627871
demand_158 12 2 1.281141
demand_159 12 3 160.824721
demand_160 12 4 20.538400
demand_161 12 5 164.894055
demand_162 12 6 204.790028
demand_163 12 7 96.969657
demand_164 12 8 142.800823
demand_165 12 9 8.504854
demand_166 12 10 355.358662
demand_167 12 11 43.154538
demand_168 12 13 695.359013
demand_169 13 0 376.749358
demand_170 13 1 14.521566
demand_171 13 2 1.473262
demand_172 13 3 184.942248
demand_173 13 4 23.618371
demand_174 13 5 189.621826
demand_175 13 6 235.500662
demand_176 13 7 111.511379
demand_177 13 8 164.215458
demand_178 13 9 9.780256
demand_179 13 10 408.648805
demand_180 13 11 49.626060
demand_181 13 12 313.972067
