DEMANDS 182
label src dest bw
demand_0 0 1 4.600590
demand_1 0 2 0.023419
demand_2 0 3 23.783189
demand_3 0 4 8.461587
demand_4 0 5 24.250057
demand_5 0 6 24.476990
demand_6 0 7 12.251523
demand_7 0 8 21.189253
demand_8 0 9 0.636830
demand_9 0 10 47.794962
demand_10 0 11 10.268227
demand_11 0 12 32.931262
demand_12 0 13 90.305994
demand_13 1 0 1184.173218
demand_14 1 2 0.654036
demand_15 1 3 664.207584
demand_16 1 4 236.311886
demand_17 1 5 677.246110
demand_18 1 6 683.583790
demand_19 1 7 342.155731
demand_20 1 8 591.765163
demand_21 1 9 17.785125
demand_22 1 10 1334.798986
demand_23 1 11 286.767036
demand_24 1 12 919.691399
demand_25 1 13 2522.030449
demand_26 2 0 3185.453874
demand_27 2 1 345.623553
demand_28 2 3 1786.734061
demand_29 2 4 635.684544
demand_30 2 5 1821.808002
demand_31 2 6 1838.856511
demand_32 2 7 920.406983
demand_33 2 8 1591.862240
demand_34 2 9 47.842406
demand_35 2 10 3590.640742
demand_36 2 11 771.410088
demand_37 2 12 2473.991546
demand_38 2 13 6784.321366
demand_39 3 0 2954.564927
demand_40 3 1 320.571971
demand_41 3 2 1.631848
demand_42 3 4 589.608681
demand_43 3 5 1689.759211
demand_44 3 6 1705.572005
demand_45 3 7 853.693790
demand_46 3 8 1476.480441
demand_47 3 9 44.374680
demand_48 3 10 3330.382927
demand_49 3 11 715.496529
demand_50 3 12 2294.671007
demand_51 3 13 6292.578311
demand_52 4 0 971.425172
demand_53 4 1 105.400182
demand_54 4 2 0.536532
demand_55 4 3 544.876338
demand_56 4 5 555.572368
demand_57 4 6 560.771423
demand_58 4 7 280.684181
demand_59 4 8 485.448891
demand_60 4 9 14.589857
demand_61 4 10 1094.989580
demand_62 4 11 235.246595
demand_63 4 12 754.460041
demand_64 4 13 2068.923553
demand_65 5 0 1058.274368
demand_66 5 1 114.823369
demand_67 5 2 0.584500
demand_68 5 3 593.590406
demand_69 5 4 211.187694
demand_70 5 6 610.906573
demand_71 5 7 305.778440
demand_72 5 8 528.849913
demand_73 5 9 15.894247
demand_74 5 10 1192.885915
demand_75 5 11 256.278557
demand_76 5 12 821.911709
demand_77 5 13 2253.893381
demand_78 6 0 100.452922
demand_79 6 1 10.899199
demand_80 6 2 0.055482
demand_81 6 3 56.344453
demand_82 6 4 20.046239
demand_83 6 5 57.450506
demand_84 6 7 29.024929
demand_85 6 8 50.199193
demand_86 6 9 1.508705
demand_87 6 10 113.230443
demand_88 6 11 24.326329
demand_89 6 12 78.017039
demand_90 6 13 213.942795
demand_91 7 0 727.513283
demand_92 7 1 78.935604
demand_93 7 2 0.401816
demand_94 7 3 408.065165
demand_95 7 4 145.181493
demand_96 7 5 416.075565
demand_97 7 6 419.969207
demand_98 7 8 363.559156
demand_99 7 9 10.926539
demand_100 7 10 820.052318
demand_101 7 11 176.179316
demand_102 7 12 565.025199
demand_103 7 13 1549.444475
demand_104 8 0 2086.056218
demand_105 8 1 226.338284
demand_106 8 2 1.152158
demand_107 8 3 1170.077435
demand_108 8 4 416.290346
demand_109 8 5 1193.046285
demand_110 8 6 1204.210831
demand_111 8 7 602.746354
demand_112 8 9 31.330527
demand_113 8 10 2351.400692
demand_114 8 11 505.172850
demand_115 8 12 1620.141321
demand_116 8 13 4442.844357
demand_117 9 0 330.689897
demand_118 9 1 35.880042
demand_119 9 2 0.182645
demand_120 9 3 185.485311
demand_121 9 4 65.991995
demand_122 9 5 189.126424
demand_123 9 6 190.896272
demand_124 9 7 95.549740
demand_125 9 8 165.255182
demand_126 9 10 372.753355
demand_127 9 11 80.082002
demand_128 9 12 256.831222
demand_129 9 13 704.297291
demand_130 10 0 2182.255527
demand_131 10 1 236.775963
demand_132 10 2 1.205290
demand_133 10 3 1224.036019
demand_134 10 4 435.487740
demand_135 10 5 1248.064087
demand_136 10 6 1259.743491
demand_137 10 7 630.542241
demand_138 10 8 1090.535386
demand_139 10 9 32.775347
demand_140 10 11 528.469096
demand_141 10 12 1694.854779
demand_142 10 13 4647.727884
demand_143 11 0 2507.633345
demand_144 11 1 272.079641
demand_145 11 2 1.385001
demand_146 11 3 1406.541764
demand_147 11 4 500.419664
demand_148 11 5 1434.152455
demand_149 11 6 1447.573277
demand_150 11 7 724.557106
demand_151 11 8 1253.135971
demand_152 11 9 37.662204
demand_153 11 10 2826.602051
demand_154 11 12 1947.560361
demand_155 11 13 5340.711608
demand_156 12 0 208.635144
demand_157 12 1 22.637032
demand_158 12 2 0.115232
demand_159 12 3 117.024303
demand_160 12 4 41.634926
demand_161 12 5 119.321513
demand_162 12 6 120.438126
demand_163 12 7 60.283166
demand_164 12 8 104.260938
demand_165 12 9 3.133496
demand_166 12 10 235.173347
demand_167 12 11 50.524434
demand_168 12 13 444.347312
demand_169 13 0 439.807575
demand_170 13 1 47.719371
demand_171 13 2 0.242912
demand_172 13 3 246.689861
demand_173 13 4 87.767360
demand_174 13 5 251.532432
demand_175 13 6 253.886276
demand_176 13 7 127.078268
demand_177 13 8 219.784401
demand_178 13 9 6.605480
demand_179 13 10 495.750702
demand_180 13 11 106.506643
demand_181 13 12 341.577767
