DEMANDS 182
label src dest bw
demand_0 0 1 1.921843
demand_1 0 2 0.728430
demand_2 0 3 4.733344
demand_3 0 4 2.097964
demand_4 0 5 7.698514
demand_5 0 6 13.689261
demand_6 0 7 4.164499
demand_7 0 8 4.217007
demand_8 0 9 1.122667
demand_9 0 10 33.366386
demand_10 0 11 3.763627
demand_11 0 12 21.013026
demand_12 0 13 56.025800
demand_13 1 0 1245.412950
demand_14 1 2 39.217135
demand_15 1 3 254.833254
demand_16 1 4 112.949949
demand_17 1 5 414.471785
demand_18 1 6 737.001014
demand_19 1 7 224.207843
demand_20 1 8 227.034762
demand_21 1 9 60.442054
demand_22 1 10 1796.375999
demand_23 1 11 202.625766
demand_24 1 12 1131.297098
demand_25 1 13 3016.311155
demand_26 2 0 4585.363966
demand_27 2 1 380.948659
demand_28 2 3 938.245600
demand_29 2 4 415.859354
demand_30 2 5 1526.003071
demand_31 2 6 2713.491852
demand_32 2 7 825.488900
demand_33 2 8 835.897056
demand_34 2 9 222.535678
demand_35 2 10 6613.900854
demand_36 2 11 746.027964
demand_37 2 12 4165.211986
demand_38 2 13 11105.460625
demand_39 3 0 3408.142895
demand_40 3 1 283.146000
demand_41 3 2 107.319904
demand_42 3 4 309.093916
demand_43 3 5 1134.225454
demand_44 3 6 2016.844910
demand_45 3 7 613.557430
demand_46 3 8 621.293453
demand_47 3 9 165.403095
demand_48 3 10 4915.884402
demand_49 3 11 554.496856
demand_50 3 12 3095.858418
demand_51 3 13 8254.305874
demand_52 4 0 436.294446
demand_53 4 1 36.247021
demand_54 4 2 13.738590
demand_55 4 3 89.273468
demand_56 4 5 145.198215
demand_57 4 6 258.187013
demand_58 4 7 78.544740
demand_59 4 8 79.535070
demand_60 4 9 21.174127
demand_61 4 10 629.308432
demand_62 4 11 70.984083
demand_63 4 12 396.317254
demand_64 4 13 1056.677469
demand_65 5 0 885.885048
demand_66 5 1 73.598677
demand_67 5 2 27.895866
demand_68 5 3 181.267562
demand_69 5 4 80.343368
demand_70 5 6 524.242323
demand_71 5 7 159.483147
demand_72 5 8 161.493986
demand_73 5 9 42.993540
demand_74 5 10 1277.795158
demand_75 5 11 144.131420
demand_76 5 12 804.712352
demand_77 5 13 2145.557385
demand_78 6 0 24.176002
demand_79 6 1 2.008524
demand_80 6 2 0.761284
demand_81 6 3 4.946833
demand_82 6 4 2.192589
demand_83 6 5 8.045742
demand_84 6 7 4.352331
demand_85 6 8 4.407207
demand_86 6 9 1.173303
demand_87 6 10 34.871317
demand_88 6 11 3.933379
demand_89 6 12 21.960781
demand_90 6 13 58.552744
demand_91 7 0 407.977477
demand_92 7 1 33.894468
demand_93 7 2 12.846910
demand_94 7 3 83.479321
demand_95 7 4 37.000607
demand_96 7 5 135.774365
demand_97 7 6 241.429812
demand_98 7 8 74.372978
demand_99 7 9 19.799856
demand_100 7 10 588.464210
demand_101 7 11 66.376979
demand_102 7 12 370.594938
demand_103 7 13 988.095567
demand_104 8 0 1543.770714
demand_105 8 1 128.255333
demand_106 8 2 48.612200
demand_107 8 3 315.882467
demand_108 8 4 140.008840
demand_109 8 5 513.764855
demand_110 8 6 913.560905
demand_111 8 7 277.920269
demand_112 8 9 74.921874
demand_113 8 10 2226.725407
demand_114 8 11 251.167875
demand_115 8 12 1402.316660
demand_116 8 13 3738.914731
demand_117 9 0 303.395371
demand_118 9 1 25.205864
demand_119 9 2 9.553696
demand_120 9 3 62.079995
demand_121 9 4 27.515766
demand_122 9 5 100.969579
demand_123 9 6 179.541008
demand_124 9 7 54.619331
demand_125 9 8 55.307997
demand_126 9 10 437.615622
demand_127 9 11 49.361715
demand_128 9 12 275.595579
demand_129 9 13 734.804342
demand_130 10 0 2353.347587
demand_131 10 1 195.514383
demand_132 10 2 74.105179
demand_133 10 3 481.536043
demand_134 10 4 213.431609
demand_135 10 5 783.190968
demand_136 10 6 1392.646156
demand_137 10 7 423.665891
demand_138 10 8 429.007672
demand_139 10 9 114.212046
demand_140 10 11 382.884133
demand_141 10 12 2137.712872
demand_142 10 13 5699.658556
demand_143 11 0 3168.822383
demand_144 11 1 263.263428
demand_145 11 2 99.783878
demand_146 11 3 648.396437
demand_147 11 4 287.389276
demand_148 11 5 1054.579904
demand_149 11 6 1875.221636
demand_150 11 7 570.473298
demand_151 11 8 577.666096
demand_152 11 9 153.788455
demand_153 11 10 4570.689965
demand_154 11 12 2878.466588
demand_155 11 13 7674.686778
demand_156 12 0 232.139444
demand_157 12 1 19.285974
demand_158 12 2 7.309900
demand_159 12 3 47.499787
demand_160 12 4 21.053369
demand_161 12 5 77.255700
demand_162 12 6 137.373716
demand_163 12 7 41.791346
demand_164 12 8 42.318272
demand_165 12 9 11.266130
demand_166 12 10 334.836510
demand_167 12 11 37.768543
demand_168 12 13 562.227006
demand_169 13 0 338.733674
demand_170 13 1 28.141744
demand_171 13 2 10.666473
demand_172 13 3 69.310829
demand_173 13 4 30.720695
demand_174 13 5 112.730119
demand_175 13 6 200.453240
demand_176 13 7 60.981176
demand_177 13 8 61.750056
demand_178 13 9 16.439334
demand_179 13 10 488.587374
demand_180 13 11 55.111174
demand_181 13 12 307.695871
