DEMANDS 182
label src dest bw
demand_0 0 1 1.266486
demand_1 0 2 0.795099
demand_2 0 3 4.784339
demand_3 0 4 1.303146
demand_4 0 5 5.073094
demand_5 0 6 14.174408
demand_6 0 7 3.793581
demand_7 0 8 4.462833
demand_8 0 9 1.077952
demand_9 0 10 16.878466
demand_10 0 11 2.975261
demand_11 0 12 14.311632
demand_12 0 13 61.187137
demand_13 1 0 1009.362512
demand_14 1 2 54.792251
demand_15 1 3 329.700491
demand_16 1 4 89.802954
demand_17 1 5 349.599308
demand_18 1 6 976.793193
demand_19 1 7 261.424931
demand_20 1 8 307.544728
demand_21 1 9 74.284344
demand_22 1 10 1163.136393
demand_23 1 11 205.032543
demand_24 1 12 986.249606
demand_25 1 13 4216.555444
demand_26 2 0 3964.062541
demand_27 2 1 342.760940
demand_28 2 3 1294.830499
demand_29 2 4 352.682530
demand_30 2 5 1372.978990
demand_31 2 6 3836.153275
demand_32 2 7 1026.692355
demand_33 2 8 1207.818322
demand_34 2 9 291.736401
demand_35 2 10 4567.977660
demand_36 2 11 805.222914
demand_37 2 12 3873.291381
demand_38 2 13 16559.649568
demand_39 3 0 2174.888060
demand_40 3 1 188.056235
demand_41 3 2 118.061658
demand_42 3 4 193.499728
demand_43 3 5 753.286705
demand_44 3 6 2104.710475
demand_45 3 7 563.296094
demand_46 3 8 662.671090
demand_47 3 9 160.061555
demand_48 3 10 2506.226874
demand_49 3 11 441.786597
demand_50 3 12 2125.086345
demand_51 3 13 9085.473235
demand_52 4 0 772.262621
demand_53 4 1 66.775299
demand_54 4 2 41.921516
demand_55 4 3 252.253637
demand_56 4 5 267.478210
demand_57 4 6 747.343856
demand_58 4 7 200.016050
demand_59 4 8 235.302277
demand_60 4 9 56.834905
demand_61 4 10 889.914921
demand_62 4 11 156.870269
demand_63 4 12 754.578951
demand_64 4 13 3226.083911
demand_65 5 0 789.140492
demand_66 5 1 68.234679
demand_67 5 2 42.837715
demand_68 5 3 257.766664
demand_69 5 4 70.209807
demand_70 5 6 763.677124
demand_71 5 7 204.387419
demand_72 5 8 240.444830
demand_73 5 9 58.077037
demand_74 5 10 909.364093
demand_75 5 11 160.298683
demand_76 5 12 771.070343
demand_77 5 13 3296.590270
demand_78 6 0 21.736032
demand_79 6 1 1.879451
demand_80 6 2 1.179919
demand_81 6 3 7.099908
demand_82 6 4 1.933854
demand_83 6 5 7.528417
demand_84 6 7 5.629633
demand_85 6 8 6.622796
demand_86 6 9 1.599670
demand_87 6 10 25.047463
demand_88 6 11 4.415256
demand_89 6 12 21.238310
demand_90 6 13 90.801060
demand_91 7 0 263.449525
demand_92 7 1 22.779713
demand_93 7 2 14.301098
demand_94 7 3 86.053758
demand_95 7 4 23.439097
demand_96 7 5 91.247466
demand_97 7 6 254.948742
demand_98 7 8 80.270974
demand_99 7 9 19.388649
demand_100 7 10 303.585408
demand_101 7 11 53.514694
demand_102 7 12 257.416921
demand_103 7 13 1100.545655
demand_104 8 0 1446.952386
demand_105 8 1 125.113758
demand_106 8 2 78.546386
demand_107 8 3 472.635853
demand_108 8 4 128.735312
demand_109 8 5 501.161423
demand_110 8 6 1400.263259
demand_111 8 7 374.760725
demand_112 8 9 106.488906
demand_113 8 10 1667.392001
demand_114 8 11 293.920493
demand_115 8 12 1413.819320
demand_116 8 13 6044.562668
demand_117 9 0 149.955365
demand_118 9 1 12.966204
demand_119 9 2 8.140179
demand_120 9 3 48.981765
demand_121 9 4 13.341525
demand_122 9 5 51.938022
demand_123 9 6 145.116723
demand_124 9 7 38.838446
demand_125 9 8 45.690207
demand_126 9 10 172.800694
demand_127 9 11 30.460543
demand_128 9 12 146.521610
demand_129 9 13 626.430153
demand_130 10 0 1578.710585
demand_131 10 1 136.506505
demand_132 10 2 85.698750
demand_133 10 3 515.673654
demand_134 10 4 140.457835
demand_135 10 5 546.796737
demand_136 10 6 1527.769988
demand_137 10 7 408.886104
demand_138 10 8 481.020556
demand_139 10 9 116.185691
demand_140 10 11 320.684632
demand_141 10 12 1542.560451
demand_142 10 13 6594.975176
demand_143 11 0 2047.122295
demand_144 11 1 177.008701
demand_145 11 2 111.126019
demand_146 11 3 668.676731
demand_147 11 4 182.132411
demand_148 11 5 709.034197
demand_149 11 6 1981.067355
demand_150 11 7 530.204756
demand_151 11 8 623.741878
demand_152 11 9 150.658595
demand_153 11 10 2358.996311
demand_154 11 12 2000.246227
demand_155 11 13 8551.738897
demand_156 12 0 131.826646
demand_157 12 1 11.398666
demand_158 12 2 7.156080
demand_159 12 3 43.060159
demand_160 12 4 11.728613
demand_161 12 5 45.659021
demand_162 12 6 127.572967
demand_163 12 7 34.143107
demand_164 12 8 40.166530
demand_165 12 9 9.701823
demand_166 12 10 151.910110
demand_167 12 11 26.778043
demand_168 12 13 550.698443
demand_169 13 0 170.065542
demand_170 13 1 14.705072
demand_171 13 2 9.231841
demand_172 13 3 55.550599
demand_173 13 4 15.130726
demand_174 13 5 58.903313
demand_175 13 6 164.578000
demand_176 13 7 44.046982
demand_177 13 8 51.817618
demand_178 13 9 12.516026
demand_179 13 10 195.974606
demand_180 13 11 34.545538
demand_181 13 12 166.171293
