DEMANDS 182
label src dest bw
demand_0 0 1 2.359368
demand_1 0 2 1.017825
demand_2 0 3 10.145426
demand_3 0 4 6.627001
demand_4 0 5 16.132926
demand_5 0 6 25.799692
demand_6 0 7 7.184486
demand_7 0 8 10.108434
demand_8 0 9 1.453470
demand_9 0 10 91.946957
demand_10 0 11 7.017968
demand_11 0 12 26.651307
demand_12 0 13 123.734029
demand_13 1 0 1223.918180
demand_14 1 2 24.542403
demand_15 1 3 244.632550
demand_16 1 4 159.794190
demand_17 1 5 389.006718
demand_18 1 6 622.097537
demand_19 1 7 173.236593
demand_20 1 8 243.740574
demand_21 1 9 35.046942
demand_22 1 10 2217.079751
demand_23 1 11 169.221411
demand_24 1 12 642.632185
demand_25 1 13 2983.548540
demand_26 2 0 3970.845082
demand_27 2 1 184.573859
demand_28 2 3 793.678838
demand_29 2 4 518.431693
demand_30 2 5 1262.082253
demand_31 2 6 2018.315429
demand_32 2 7 562.043838
demand_33 2 8 790.784936
demand_34 2 9 113.705294
demand_35 2 10 7193.030032
demand_36 2 11 549.017097
demand_37 2 12 2084.937451
demand_38 2 13 9679.739416
demand_39 3 0 3717.304032
demand_40 3 1 172.788698
demand_41 3 2 74.540582
demand_42 3 4 485.329491
demand_43 3 5 1181.497477
demand_44 3 6 1889.444672
demand_45 3 7 526.156973
demand_46 3 8 740.292801
demand_47 3 9 106.445136
demand_48 3 10 6733.750371
demand_49 3 11 513.961997
demand_50 3 12 1951.812834
demand_51 3 13 9061.681738
demand_52 4 0 1101.722759
demand_53 4 1 51.210565
demand_54 4 2 22.092101
demand_55 4 3 220.208550
demand_56 4 5 350.168469
demand_57 4 6 559.987609
demand_58 4 7 155.940732
demand_59 4 8 219.405629
demand_60 4 9 31.547871
demand_61 4 10 1995.727541
demand_62 4 11 152.326424
demand_63 4 12 578.472087
demand_64 4 13 2685.672444
demand_65 5 0 1182.112765
demand_66 5 1 54.947275
demand_67 5 2 23.704107
demand_68 5 3 236.276628
demand_69 5 4 154.336095
demand_70 5 6 600.848531
demand_71 5 7 167.319344
demand_72 5 8 235.415119
demand_73 5 9 33.849842
demand_74 5 10 2141.350883
demand_75 5 11 163.441309
demand_76 5 12 620.681775
demand_77 5 13 2881.639372
demand_78 6 0 51.136842
demand_79 6 1 2.376956
demand_80 6 2 1.025412
demand_81 6 3 10.221056
demand_82 6 4 6.676402
demand_83 6 5 16.253190
demand_84 6 7 7.238043
demand_85 6 8 10.183788
demand_86 6 9 1.464305
demand_87 6 10 92.632382
demand_88 6 11 7.070283
demand_89 6 12 26.849981
demand_90 6 13 124.656412
demand_91 7 0 747.428326
demand_92 7 1 34.742159
demand_93 7 2 14.987674
demand_94 7 3 149.393399
demand_95 7 4 97.583896
demand_96 7 5 237.560521
demand_97 7 6 379.905560
demand_98 7 8 148.848683
demand_99 7 9 21.402637
demand_100 7 10 1353.937080
demand_101 7 11 103.340957
demand_102 7 12 392.445758
demand_103 7 13 1822.007981
demand_104 8 0 1246.579454
demand_105 8 1 57.943832
demand_106 8 2 24.996814
demand_107 8 3 249.162008
demand_108 8 4 162.752835
demand_109 8 5 396.209314
demand_110 8 6 633.615891
demand_111 8 7 176.444129
demand_112 8 9 35.695848
demand_113 8 10 2258.129759
demand_114 8 11 172.354604
demand_115 8 12 654.530745
demand_116 8 13 3038.789986
demand_117 9 0 194.907507
demand_118 9 1 9.059742
demand_119 9 2 3.908348
demand_120 9 3 38.957441
demand_121 9 4 25.447034
demand_122 9 5 61.948855
demand_123 9 6 99.068289
demand_124 9 7 27.587720
demand_125 9 8 38.815395
demand_126 9 10 353.067301
demand_127 9 11 26.948307
demand_128 9 12 102.338407
demand_129 9 13 475.126539
demand_130 10 0 2045.535529
demand_131 10 1 95.081117
demand_132 10 2 41.017740
demand_133 10 3 408.854596
demand_134 10 4 267.064170
demand_135 10 5 650.147270
demand_136 10 6 1039.712161
demand_137 10 7 289.530469
demand_138 10 8 407.363835
demand_139 10 9 58.573984
demand_140 10 11 282.819892
demand_141 10 12 1074.031735
demand_142 10 13 4986.407297
demand_143 11 0 3125.994298
demand_144 11 1 145.303284
demand_145 11 2 62.683448
demand_146 11 3 624.812973
demand_147 11 4 408.128366
demand_148 11 5 993.557251
demand_149 11 6 1588.891632
demand_150 11 7 442.461440
demand_151 11 8 622.534788
demand_152 11 9 89.512961
demand_153 11 10 5662.615992
demand_154 11 12 1641.338921
demand_155 11 13 7620.244455
demand_156 12 0 62.712205
demand_157 12 1 2.915005
demand_158 12 2 1.257525
demand_159 12 3 12.534700
demand_160 12 4 8.187676
demand_161 12 5 19.932271
demand_162 12 6 31.875585
demand_163 12 7 8.876450
demand_164 12 8 12.488996
demand_165 12 9 1.795766
demand_166 12 10 113.600698
demand_167 12 11 8.670717
demand_168 12 13 152.873706
demand_169 13 0 679.693273
demand_170 13 1 31.593680
demand_171 13 2 13.629429
demand_172 13 3 135.854750
demand_173 13 4 88.740439
demand_174 13 5 216.031802
demand_175 13 6 345.476943
demand_176 13 7 96.205570
demand_177 13 8 135.359398
demand_178 13 9 19.463042
demand_179 13 10 1231.237690
demand_180 13 11 93.975771
demand_181 13 12 356.880697
