DEMANDS 182
label src dest bw
demand_0 0 1 3.921129
demand_1 0 2 2.929434
demand_2 0 3 32.918392
demand_3 0 4 8.364210
demand_4 0 5 54.151942
demand_5 0 6 73.586261
demand_6 0 7 11.930790
demand_7 0 8 26.326483
demand_8 0 9 3.549117
demand_9 0 10 146.879429
demand_10 0 11 9.817419
demand_11 0 12 82.082277
demand_12 0 13 186.463877
demand_13 1 0 1646.507551
demand_14 1 2 56.611335
demand_15 1 3 636.148290
demand_16 1 4 161.638443
demand_17 1 5 1046.486886
demand_18 1 6 1422.055323
demand_19 1 7 230.562641
demand_20 1 8 508.759585
demand_21 1 9 68.586729
demand_22 1 10 2838.446611
demand_23 1 11 189.721732
demand_24 1 12 1586.240920
demand_25 1 13 3603.416518
demand_26 2 0 2609.855917
demand_27 2 1 120.111264
demand_28 2 3 1008.349690
demand_29 2 4 256.210817
demand_30 2 5 1658.771615
demand_31 2 6 2254.079853
demand_32 2 7 365.461593
demand_33 2 8 806.427648
demand_34 2 9 108.715858
demand_35 2 10 4499.181723
demand_36 2 11 300.725243
demand_37 2 12 2514.328129
demand_38 2 13 5711.724743
demand_39 3 0 2307.434966
demand_40 3 1 106.193192
demand_41 3 2 79.335788
demand_42 3 4 226.522006
demand_43 3 5 1466.558978
demand_44 3 6 1992.884985
demand_45 3 7 323.113186
demand_46 3 8 712.981641
demand_47 3 9 96.118246
demand_48 3 10 3977.832324
demand_49 3 11 265.878257
demand_50 3 12 2222.976603
demand_51 3 13 5049.870111
demand_52 4 0 989.885328
demand_53 4 1 45.556683
demand_54 4 2 34.034906
demand_55 4 3 382.454279
demand_56 4 5 629.151086
demand_57 4 6 854.943968
demand_58 4 7 138.614958
demand_59 4 8 305.867804
demand_60 4 9 41.234549
demand_61 4 10 1706.482701
demand_62 4 11 114.061280
demand_63 4 12 953.652846
demand_64 4 13 2166.384927
demand_65 5 0 1213.113384
demand_66 5 1 55.830125
demand_67 5 2 41.710084
demand_68 5 3 468.701164
demand_69 5 4 119.091928
demand_70 5 6 1047.741533
demand_71 5 7 169.873880
demand_72 5 8 374.843748
demand_73 5 9 50.533312
demand_74 5 10 2091.309919
demand_75 5 11 139.783126
demand_76 5 12 1168.710152
demand_77 5 13 2654.924238
demand_78 6 0 116.998909
demand_79 6 1 5.384545
demand_80 6 2 4.022736
demand_81 6 3 45.203957
demand_82 6 4 11.485839
demand_83 6 5 74.362139
demand_84 6 7 16.383513
demand_85 6 8 36.151864
demand_86 6 9 4.873693
demand_87 6 10 201.696710
demand_88 6 11 13.481405
demand_89 6 12 112.716432
demand_90 6 13 256.054581
demand_91 7 0 929.491309
demand_92 7 1 42.777218
demand_93 7 2 31.958398
demand_94 7 3 359.120313
demand_95 7 4 91.248611
demand_96 7 5 590.765870
demand_97 7 6 802.782874
demand_98 7 8 287.206464
demand_99 7 9 38.718783
demand_100 7 10 1602.368270
demand_101 7 11 107.102273
demand_102 7 12 895.469412
demand_103 7 13 2034.211343
demand_104 8 0 1681.285579
demand_105 8 1 77.376431
demand_106 8 2 57.807097
demand_107 8 3 649.585206
demand_108 8 4 165.052618
demand_109 8 5 1068.591097
demand_110 8 6 1452.092404
demand_111 8 7 235.432655
demand_112 8 9 70.035439
demand_113 8 10 2898.401134
demand_114 8 11 193.729091
demand_115 8 12 1619.745978
demand_116 8 13 3679.528966
demand_117 9 0 418.402846
demand_118 9 1 19.255812
demand_119 9 2 14.385809
demand_120 9 3 161.655047
demand_121 9 4 41.074810
demand_122 9 5 265.928383
demand_123 9 6 361.366089
demand_124 9 7 58.589507
demand_125 9 8 129.283621
demand_126 9 10 721.292860
demand_127 9 11 48.211205
demand_128 9 12 403.088170
demand_129 9 13 915.683457
demand_130 10 0 1831.043656
demand_131 10 1 84.268624
demand_132 10 2 62.956180
demand_133 10 3 707.446067
demand_134 10 4 179.754441
demand_135 10 5 1163.774300
demand_136 10 6 1581.435430
demand_137 10 7 256.403477
demand_138 10 8 565.779980
demand_139 10 9 76.273744
demand_140 10 11 210.985229
demand_141 10 12 1764.022504
demand_142 10 13 4007.277676
demand_143 11 0 2240.577639
demand_144 11 1 103.116272
demand_145 11 2 77.037055
demand_146 11 3 865.674520
demand_147 11 4 219.958590
demand_148 11 5 1424.065814
demand_149 11 6 1935.141662
demand_150 11 7 313.751065
demand_151 11 8 692.323183
demand_152 11 9 93.333245
demand_153 11 10 3862.575668
demand_154 11 12 2158.566435
demand_155 11 13 4903.551440
demand_156 12 0 170.597953
demand_157 12 1 7.851290
demand_158 12 2 5.865614
demand_159 12 3 65.912602
demand_160 12 4 16.747684
demand_161 12 5 108.428607
demand_162 12 6 147.342007
demand_163 12 7 23.889058
demand_164 12 8 52.713602
demand_165 12 9 7.106409
demand_166 12 10 294.097152
demand_167 12 11 19.657450
demand_168 12 13 373.357221
demand_169 13 0 796.929642
demand_170 13 1 36.676441
demand_171 13 2 27.400574
demand_172 13 3 307.903495
demand_173 13 4 78.234968
demand_174 13 5 506.512356
demand_175 13 6 688.292039
demand_176 13 7 111.595117
demand_177 13 8 246.245815
demand_178 13 9 33.196810
demand_179 13 10 1373.842616
demand_180 13 11 91.827621
demand_181 13 12 767.759861
