DEMANDS 182
label src dest bw
demand_0 0 1 1.509324
demand_1 0 2 0.801425
demand_2 0 3 2.783737
demand_3 0 4 2.138674
demand_4 0 5 2.803723
demand_5 0 6 3.018566
demand_6 0 7 2.332924
demand_7 0 8 2.504711
demand_8 0 9 0.833000
demand_9 0 10 4.832411
demand_10 0 11 2.259812
demand_11 0 12 3.700262
demand_12 0 13 9.297444
demand_13 1 0 1267.800221
demand_14 1 2 239.997766
demand_15 1 3 833.628288
demand_16 1 4 640.455343
demand_17 1 5 839.613274
demand_18 1 6 903.951053
demand_19 1 7 698.626244
demand_20 1 8 750.070221
demand_21 1 9 249.453273
demand_22 1 10 1447.131782
demand_23 1 11 676.731614
demand_24 1 12 1108.094280
demand_25 1 13 2784.247303
demand_26 2 0 2914.551772
demand_27 2 1 1039.076832
demand_28 2 3 1916.431914
demand_29 2 4 1472.345741
demand_30 2 5 1930.190826
demand_31 2 6 2078.097243
demand_32 2 7 1606.075093
demand_33 2 8 1724.339889
demand_34 2 9 573.469278
demand_35 2 10 3326.817924
demand_36 2 11 1555.741428
demand_37 2 12 2547.403048
demand_38 2 13 6400.718959
demand_39 3 0 2469.724110
demand_40 3 1 880.489799
demand_41 3 2 467.524976
demand_42 3 4 1247.631903
demand_43 3 5 1635.599293
demand_44 3 6 1760.931788
demand_45 3 7 1360.951079
demand_46 3 8 1461.165946
demand_47 3 9 485.944671
demand_48 3 10 2819.068961
demand_49 3 11 1318.299489
demand_50 3 12 2158.610729
demand_51 3 13 5423.821970
demand_52 4 0 713.117565
demand_53 4 1 254.235985
demand_54 4 2 134.994946
demand_55 4 3 468.902722
demand_56 4 5 472.269182
demand_57 4 6 508.458165
demand_58 4 7 392.966209
demand_59 4 8 421.902632
demand_60 4 9 140.313519
demand_61 4 10 813.988731
demand_62 4 11 380.650826
demand_63 4 12 623.285500
demand_64 4 13 1566.095055
demand_65 5 0 1172.138247
demand_66 5 1 417.883020
demand_67 5 2 221.888714
demand_68 5 3 770.726794
demand_69 5 4 592.129731
demand_70 5 6 835.743349
demand_71 5 7 645.911341
demand_72 5 8 693.473609
demand_73 5 9 230.630755
demand_74 5 10 1337.938330
demand_75 5 11 625.668773
demand_76 5 12 1024.482931
demand_77 5 13 2574.161685
demand_78 6 0 118.612639
demand_79 6 1 42.286998
demand_80 6 2 22.453670
demand_81 6 3 77.992455
demand_82 6 4 59.919613
demand_83 6 5 78.552397
demand_84 6 7 65.361956
demand_85 6 8 70.174943
demand_86 6 9 23.338307
demand_87 6 10 135.390511
demand_88 6 11 63.313542
demand_89 6 12 103.670898
demand_90 6 13 260.488140
demand_91 7 0 346.741022
demand_92 7 1 123.617829
demand_93 7 2 65.638946
demand_94 7 3 227.995799
demand_95 7 4 175.163355
demand_96 7 5 229.632682
demand_97 7 6 247.228946
demand_98 7 8 205.142822
demand_99 7 9 68.225010
demand_100 7 10 395.787873
demand_101 7 11 185.084848
demand_102 7 12 303.061742
demand_103 7 13 761.486502
demand_104 8 0 1273.896240
demand_105 8 1 454.161110
demand_106 8 2 241.151757
demand_107 8 3 837.636659
demand_108 8 4 643.534873
demand_109 8 5 843.650423
demand_110 8 6 908.297560
demand_111 8 7 701.985479
demand_112 8 9 250.652730
demand_113 8 10 1454.090089
demand_114 8 11 679.985572
demand_115 8 12 1113.422378
demand_116 8 13 2797.634921
demand_117 9 0 137.198340
demand_118 9 1 48.913050
demand_119 9 2 25.971990
demand_120 9 3 90.213281
demand_121 9 4 69.308562
demand_122 9 5 90.860962
demand_123 9 6 97.823444
demand_124 9 7 75.603679
demand_125 9 8 81.170824
demand_126 9 10 156.605177
demand_127 9 11 73.234294
demand_128 9 12 119.915341
demand_129 9 13 301.304654
demand_130 10 0 1495.764315
demand_131 10 1 533.260058
demand_132 10 2 283.151941
demand_133 10 3 983.523606
demand_134 10 4 755.616092
demand_135 10 5 990.584757
demand_136 10 6 1066.491160
demand_137 10 7 824.246745
demand_138 10 8 884.940902
demand_139 10 9 294.307650
demand_140 10 11 798.415226
demand_141 10 12 1307.341531
demand_142 10 13 3284.884867
demand_143 11 0 1958.877852
demand_144 11 1 698.366250
demand_145 11 2 370.820497
demand_146 11 3 1288.038891
demand_147 11 4 989.567415
demand_148 11 5 1297.286291
demand_149 11 6 1396.694580
demand_150 11 7 1079.447262
demand_151 11 8 1158.933340
demand_152 11 9 385.430199
demand_153 11 10 2235.963009
demand_154 11 12 1712.116236
demand_155 11 13 4301.939916
demand_156 12 0 132.553560
demand_157 12 1 47.257124
demand_158 12 2 25.092722
demand_159 12 3 87.159156
demand_160 12 4 66.962156
demand_161 12 5 87.784910
demand_162 12 6 94.511681
demand_163 12 7 73.044155
demand_164 12 8 78.422827
demand_165 12 9 26.081333
demand_166 12 10 151.303388
demand_167 12 11 70.754984
demand_168 12 13 291.104139
demand_169 13 0 313.340123
demand_170 13 1 111.709960
demand_171 13 2 59.316072
demand_172 13 3 206.033400
demand_173 13 4 158.290205
demand_174 13 5 207.512605
demand_175 13 6 223.413855
demand_176 13 7 172.667294
demand_177 13 8 185.381807
demand_178 13 9 61.653025
demand_179 13 10 357.662385
demand_180 13 11 167.255979
demand_181 13 12 273.868384
