DEMANDS 182
label src dest bw
demand_0 0 1 13.133157
demand_1 0 2 4.265713
demand_2 0 3 79.653154
demand_3 0 4 15.414879
demand_4 0 5 87.791293
demand_5 0 6 134.997026
demand_6 0 7 36.200324
demand_7 0 8 46.841070
demand_8 0 9 5.022525
demand_9 0 10 270.462784
demand_10 0 11 18.143454
demand_11 0 12 159.709883
demand_12 0 13 313.456117
demand_13 1 0 1270.251499
demand_14 1 2 31.432938
demand_15 1 3 586.943486
demand_16 1 4 113.588256
demand_17 1 5 646.911325
demand_18 1 6 994.758160
demand_19 1 7 266.750825
demand_20 1 8 345.159731
demand_21 1 9 37.009689
demand_22 1 10 1992.970288
demand_23 1 11 133.694419
demand_24 1 12 1176.860810
demand_25 1 13 2309.777040
demand_26 2 0 3966.861115
demand_27 2 1 302.217588
demand_28 2 3 1832.962442
demand_29 2 4 354.724113
demand_30 2 5 2020.235662
demand_31 2 6 3106.524548
demand_32 2 7 833.034620
demand_33 2 8 1077.897342
demand_34 2 9 115.577345
demand_35 2 10 6223.835471
demand_36 2 11 417.513534
demand_37 2 12 3675.211868
demand_38 2 13 7213.189459
demand_39 3 0 2507.719286
demand_40 3 1 191.052031
demand_41 3 2 62.054628
demand_42 3 4 224.244931
demand_43 3 5 1277.126622
demand_44 3 6 1963.842771
demand_45 3 7 526.617122
demand_46 3 8 681.411291
demand_47 3 9 73.064201
demand_48 3 10 3934.504333
demand_49 3 11 263.938341
demand_50 3 12 2323.348213
demand_51 3 13 4559.941425
demand_52 4 0 883.092629
demand_53 4 1 67.278918
demand_54 4 2 21.852519
demand_55 4 3 408.049482
demand_56 4 5 449.739774
demand_57 4 6 691.566669
demand_58 4 7 185.448069
demand_59 4 8 239.958791
demand_60 4 9 25.729537
demand_61 4 10 1385.534574
demand_62 4 11 92.945811
demand_63 4 12 818.166408
demand_64 4 13 1605.782067
demand_65 5 0 1104.925447
demand_66 5 1 84.179379
demand_67 5 2 27.341871
demand_68 5 3 510.551488
demand_69 5 4 98.804492
demand_70 5 6 865.288178
demand_71 5 7 232.032613
demand_72 5 8 300.236426
demand_73 5 9 32.192796
demand_74 5 10 1733.580782
demand_75 5 11 116.293794
demand_76 5 12 1023.689764
demand_77 5 13 2009.154432
demand_78 6 0 317.595994
demand_79 6 1 24.196233
demand_80 6 2 7.859054
demand_81 6 3 146.751175
demand_82 6 4 28.400026
demand_83 6 5 161.744698
demand_84 6 7 66.694661
demand_85 6 8 86.298932
demand_86 6 9 9.253387
demand_87 6 10 498.294535
demand_88 6 11 33.427091
demand_89 6 12 294.245887
demand_90 6 13 577.504483
demand_91 7 0 848.900679
demand_92 7 1 64.673985
demand_93 7 2 21.006424
demand_94 7 3 392.250451
demand_95 7 4 75.910281
demand_96 7 5 432.326561
demand_97 7 6 664.790302
demand_98 7 8 230.667966
demand_99 7 9 24.733330
demand_100 7 10 1331.888867
demand_101 7 11 89.347096
demand_102 7 12 786.488299
demand_103 7 13 1543.608726
demand_104 8 0 1363.791052
demand_105 8 1 103.901203
demand_106 8 2 33.747615
demand_107 8 3 630.165187
demand_108 8 4 121.952737
demand_109 8 5 694.548975
demand_110 8 6 1068.010767
demand_111 8 7 286.393984
demand_112 8 9 39.735031
demand_113 8 10 2139.729847
demand_114 8 11 143.539490
demand_115 8 12 1263.523203
demand_116 8 13 2479.865807
demand_117 9 0 398.315736
demand_118 9 1 30.345913
demand_119 9 2 9.856500
demand_120 9 3 184.049243
demand_121 9 4 35.618135
demand_122 9 5 202.853498
demand_123 9 6 311.928645
demand_124 9 7 83.645681
demand_125 9 8 108.232545
demand_126 9 10 624.940358
demand_127 9 11 41.922872
demand_128 9 12 369.030999
demand_129 9 13 724.282193
demand_130 10 0 2394.945944
demand_131 10 1 182.460330
demand_132 10 2 59.264001
demand_133 10 3 1106.629610
demand_134 10 4 214.160529
demand_135 10 5 1219.693623
demand_136 10 6 1875.527817
demand_137 10 7 502.934896
demand_138 10 8 650.767898
demand_139 10 9 69.778468
demand_140 10 11 252.068907
demand_141 10 12 2218.866127
demand_142 10 13 4354.878666
demand_143 11 0 2434.830621
demand_144 11 1 185.498967
demand_145 11 2 60.250965
demand_146 11 3 1125.059071
demand_147 11 4 217.727091
demand_148 11 5 1240.006017
demand_149 11 6 1906.762267
demand_150 11 7 511.310616
demand_151 11 8 661.605581
demand_152 11 9 70.940537
demand_153 11 10 3820.145133
demand_154 11 12 2255.818426
demand_155 11 13 4427.403445
demand_156 12 0 328.151182
demand_157 12 1 25.000386
demand_158 12 2 8.120247
demand_159 12 3 151.628397
demand_160 12 4 29.343890
demand_161 12 5 167.120225
demand_162 12 6 256.981445
demand_163 12 7 68.911234
demand_164 12 8 89.167046
demand_165 12 9 9.560920
demand_166 12 10 514.855174
demand_167 12 11 34.538028
demand_168 12 13 596.697636
demand_169 13 0 497.765768
demand_170 13 1 37.922570
demand_171 13 2 12.317435
demand_172 13 3 230.001992
demand_173 13 4 44.511142
demand_174 13 5 253.501226
demand_175 13 6 389.809860
demand_176 13 7 104.530031
demand_177 13 8 135.255655
demand_178 13 9 14.502763
demand_179 13 10 780.973206
demand_180 13 11 52.390023
demand_181 13 12 461.169324
