DEMANDS 182
label src dest bw
demand_0 0 1 3.290045
demand_1 0 2 1.362273
demand_2 0 3 10.256515
demand_3 0 4 4.164864
demand_4 0 5 10.412052
demand_5 0 6 12.679647
demand_6 0 7 6.859294
demand_7 0 8 9.361502
demand_8 0 9 2.912716
demand_9 0 10 22.941087
demand_10 0 11 4.367357
demand_11 0 12 15.425690
demand_12 0 13 35.031342
demand_13 1 0 1394.781972
demand_14 1 2 85.974544
demand_15 1 3 647.299698
demand_16 1 4 262.849038
demand_17 1 5 657.115824
demand_18 1 6 800.226193
demand_19 1 7 432.897436
demand_20 1 8 590.814455
demand_21 1 9 183.824623
demand_22 1 10 1447.836724
demand_23 1 11 275.628579
demand_24 1 12 973.531941
demand_25 1 13 2210.865795
demand_26 2 0 4481.820500
demand_27 2 1 667.199251
demand_28 2 3 2079.953077
demand_29 2 4 844.606706
demand_30 2 5 2111.495009
demand_31 2 6 2571.348230
demand_32 2 7 1391.019271
demand_33 2 8 1898.450360
demand_34 2 9 590.679388
demand_35 2 10 4652.300100
demand_36 2 11 885.670906
demand_37 2 12 3128.227563
demand_38 2 13 7104.123685
demand_39 3 0 3359.328175
demand_40 3 1 500.096164
demand_41 3 2 207.069429
demand_42 3 4 633.071116
demand_43 3 5 1582.661482
demand_44 3 6 1927.342373
demand_45 3 7 1042.632169
demand_46 3 8 1422.974835
demand_47 3 9 442.741049
demand_48 3 10 3487.110384
demand_49 3 11 663.850600
demand_50 3 12 2344.748745
demand_51 3 13 5324.863603
demand_52 4 0 1297.369946
demand_53 4 1 193.136752
demand_54 4 2 79.970054
demand_55 4 3 602.092076
demand_56 4 5 611.222642
demand_57 4 6 744.338135
demand_58 4 7 402.663738
demand_59 4 8 549.551782
demand_60 4 9 170.986251
demand_61 4 10 1346.719336
demand_62 4 11 256.378589
demand_63 4 12 905.540154
demand_64 4 13 2056.458210
demand_65 5 0 1347.953624
demand_66 5 1 200.667039
demand_67 5 2 83.088038
demand_68 5 3 625.567286
demand_69 5 4 254.024156
demand_70 5 6 773.359434
demand_71 5 7 418.363357
demand_72 5 8 570.978477
demand_73 5 9 177.652903
demand_74 5 10 1399.227118
demand_75 5 11 266.374637
demand_76 5 12 940.846623
demand_77 5 13 2136.638286
demand_78 6 0 128.390050
demand_79 6 1 19.113158
demand_80 6 2 7.913980
demand_81 6 3 59.584109
demand_82 6 4 24.195324
demand_83 6 5 60.487686
demand_84 6 7 39.848324
demand_85 6 8 54.384627
demand_86 6 9 16.921105
demand_87 6 10 133.273754
demand_88 6 11 25.371684
demand_89 6 12 89.613873
demand_90 6 13 203.510783
demand_91 7 0 1205.529632
demand_92 7 1 179.464677
demand_93 7 2 74.309005
demand_94 7 3 559.470213
demand_95 7 4 227.184112
demand_96 7 5 567.954429
demand_97 7 6 691.646729
demand_98 7 8 510.649225
demand_99 7 9 158.882201
demand_100 7 10 1251.385599
demand_101 7 11 238.229649
demand_102 7 12 841.437319
demand_103 7 13 1910.882333
demand_104 8 0 1611.763105
demand_105 8 1 239.939805
demand_106 8 2 99.349289
demand_107 8 3 747.997745
demand_108 8 4 303.739502
demand_109 8 5 759.340931
demand_110 8 6 924.714456
demand_111 8 7 500.241707
demand_112 8 9 212.421547
demand_113 8 10 1673.071390
demand_114 8 11 318.507109
demand_115 8 12 1124.980746
demand_116 8 13 2554.802105
demand_117 9 0 445.649298
demand_118 9 1 66.342880
demand_119 9 2 27.469881
demand_120 9 3 206.819891
demand_121 9 4 83.983369
demand_122 9 5 209.956260
demand_123 9 6 255.681711
demand_124 9 7 138.315839
demand_125 9 8 188.772190
demand_126 9 10 462.600918
demand_127 9 11 88.066583
demand_128 9 12 311.054943
demand_129 9 13 706.397710
demand_130 10 0 1703.908309
demand_131 10 1 253.657269
demand_132 10 2 105.029132
demand_133 10 3 790.761105
demand_134 10 4 321.104423
demand_135 10 5 802.752785
demand_136 10 6 977.580788
demand_137 10 7 528.840745
demand_138 10 8 721.757005
demand_139 10 9 224.565780
demand_140 10 11 336.716300
demand_141 10 12 1189.296389
demand_142 10 13 2700.861263
demand_143 11 0 2068.331001
demand_144 11 1 307.908113
demand_145 11 2 127.492194
demand_146 11 3 959.884812
demand_147 11 4 389.780500
demand_148 11 5 974.441208
demand_149 11 6 1186.660478
demand_150 11 7 641.946343
demand_151 11 8 876.122489
demand_152 11 9 272.594694
demand_153 11 10 2147.006227
demand_154 11 12 1443.656667
demand_155 11 13 3278.506859
demand_156 12 0 225.669132
demand_157 12 1 33.594892
demand_158 12 2 13.910275
demand_159 12 3 104.730032
demand_160 12 4 42.527732
demand_161 12 5 106.318235
demand_162 12 6 129.472816
demand_163 12 7 70.040759
demand_164 12 8 95.590987
demand_165 12 9 29.741955
demand_166 12 10 234.253140
demand_167 12 11 44.595402
demand_168 12 13 357.707638
demand_169 13 0 673.441879
demand_170 13 1 100.253885
demand_171 13 2 41.511046
demand_172 13 3 312.535388
demand_173 13 4 126.911269
demand_174 13 5 317.274903
demand_175 13 6 386.372811
demand_176 13 7 209.015651
demand_177 13 8 285.262647
demand_178 13 9 88.755950
demand_179 13 10 699.058278
demand_180 13 11 133.081608
demand_181 13 12 470.049938
