DEMANDS 182
label src dest bw
demand_0 0 1 18.240365
demand_1 0 2 4.148495
demand_2 0 3 59.113930
demand_3 0 4 24.056016
demand_4 0 5 63.092532
demand_5 0 6 70.060957
demand_6 0 7 50.612568
demand_7 0 8 57.951536
demand_8 0 9 14.079521
demand_9 0 10 134.564449
demand_10 0 11 25.496757
demand_11 0 12 75.370694
demand_12 0 13 188.529216
demand_13 1 0 1323.833658
demand_14 1 2 53.399673
demand_15 1 3 760.917996
demand_16 1 4 309.650451
demand_17 1 5 812.130791
demand_18 1 6 901.828767
demand_19 1 7 651.487961
demand_20 1 8 745.955592
demand_21 1 9 181.232429
demand_22 1 10 1732.121516
demand_23 1 11 328.195759
demand_24 1 12 970.176008
demand_25 1 13 2426.759182
demand_26 2 0 3274.369090
demand_27 2 1 580.732009
demand_28 2 3 1882.053952
demand_29 2 4 765.889174
demand_30 2 5 2008.723636
demand_31 2 6 2230.582536
demand_32 2 7 1611.389792
demand_33 2 8 1845.045954
demand_34 2 9 448.260143
demand_35 2 10 4284.227944
demand_36 2 11 811.759122
demand_37 2 12 2399.632547
demand_38 2 13 6002.344181
demand_39 3 0 2729.371924
demand_40 3 1 484.072992
demand_41 3 2 110.095077
demand_42 3 4 638.411966
demand_43 3 5 1674.384819
demand_44 3 6 1859.316766
demand_45 3 7 1343.184576
demand_46 3 8 1537.950208
demand_47 3 9 373.650195
demand_48 3 10 3571.146423
demand_49 3 11 676.647164
demand_50 3 12 2000.229517
demand_51 3 13 5003.293530
demand_52 4 0 928.483497
demand_53 4 1 164.672971
demand_54 4 2 37.452375
demand_55 4 3 533.677172
demand_56 4 5 569.595759
demand_57 4 6 632.506299
demand_58 4 7 456.927362
demand_59 4 8 523.183145
demand_60 4 9 127.109111
demand_61 4 10 1214.840122
demand_62 4 11 230.183259
demand_63 4 12 680.442295
demand_64 4 13 1702.030945
demand_65 5 0 1040.009343
demand_66 5 1 184.452851
demand_67 5 2 41.951010
demand_68 5 3 597.780409
demand_69 5 4 243.262709
demand_70 5 6 708.480508
demand_71 5 7 511.811709
demand_72 5 8 586.025881
demand_73 5 9 142.376966
demand_74 5 10 1360.762017
demand_75 5 11 257.831982
demand_76 5 12 762.174391
demand_77 5 13 1906.472317
demand_78 6 0 179.091053
demand_79 6 1 31.763037
demand_80 6 2 7.224022
demand_81 6 3 102.938617
demand_82 6 4 41.890176
demand_83 6 5 109.866793
demand_84 6 7 88.134687
demand_85 6 8 100.914471
demand_86 6 9 24.517511
demand_87 6 10 234.325110
demand_88 6 11 44.399025
demand_89 6 12 131.247489
demand_90 6 13 328.297181
demand_91 7 0 484.195035
demand_92 7 1 85.875339
demand_93 7 2 19.531046
demand_94 7 3 278.307410
demand_95 7 4 113.255325
demand_96 7 5 297.038600
demand_97 7 6 329.845830
demand_98 7 8 272.834878
demand_99 7 9 66.286155
demand_100 7 10 633.527206
demand_101 7 11 120.038311
demand_102 7 12 354.843982
demand_103 7 13 887.592440
demand_104 8 0 1613.220351
demand_105 8 1 286.115789
demand_106 8 2 65.072707
demand_107 8 3 927.252748
demand_108 8 4 377.339258
demand_109 8 5 989.660530
demand_110 8 6 1098.966257
demand_111 8 7 793.901584
demand_112 8 9 220.849381
demand_113 8 10 2110.758903
demand_114 8 11 399.938523
demand_115 8 12 1182.254033
demand_116 8 13 2957.242608
demand_117 9 0 297.802077
demand_118 9 1 52.817258
demand_119 9 2 12.012486
demand_120 9 3 171.171777
demand_121 9 4 69.657201
demand_122 9 5 182.692316
demand_123 9 6 202.870261
demand_124 9 7 146.555020
demand_125 9 8 167.805920
demand_126 9 10 389.648187
demand_127 9 11 73.829048
demand_128 9 12 218.245267
demand_129 9 13 545.909919
demand_130 10 0 2000.431402
demand_131 10 1 354.790348
demand_132 10 2 80.691696
demand_133 10 3 1149.815345
demand_134 10 4 467.909607
demand_135 10 5 1227.202472
demand_136 10 6 1362.744159
demand_137 10 7 984.456747
demand_138 10 8 1127.205811
demand_139 10 9 273.858457
demand_140 10 11 495.933230
demand_141 10 12 1466.022971
demand_142 10 13 3667.050799
demand_143 11 0 2144.917784
demand_144 11 1 380.416007
demand_145 11 2 86.519864
demand_146 11 3 1232.863761
demand_147 11 4 501.705600
demand_148 11 5 1315.840374
demand_149 11 6 1461.171914
demand_150 11 7 1055.561706
demand_151 11 8 1208.621194
demand_152 11 9 293.638599
demand_153 11 10 2806.438875
demand_154 11 12 1571.910308
demand_155 11 13 3931.913118
demand_156 12 0 281.291397
demand_157 12 1 49.888975
demand_158 12 2 11.346492
demand_159 12 3 161.681707
demand_160 12 4 65.795281
demand_161 12 5 172.563526
demand_162 12 6 191.622771
demand_163 12 7 138.429747
demand_164 12 8 158.502459
demand_165 12 9 38.508708
demand_166 12 10 368.045394
demand_167 12 11 69.735833
demand_168 12 13 515.643695
demand_169 13 0 460.011349
demand_170 13 1 81.586195
demand_171 13 2 18.555545
demand_172 13 3 264.407021
demand_173 13 4 107.598656
demand_174 13 5 282.202661
demand_175 13 6 313.371295
demand_176 13 7 226.381807
demand_177 13 8 259.207821
demand_178 13 9 62.975415
demand_179 13 10 601.884950
demand_180 13 11 114.042858
demand_181 13 12 337.120885
