DEMANDS 182
label src dest bw
demand_0 0 1 26.664257
demand_1 0 2 16.261282
demand_2 0 3 83.275036
demand_3 0 4 27.222497
demand_4 0 5 107.847289
demand_5 0 6 109.646996
demand_6 0 7 46.765521
demand_7 0 8 63.963242
demand_8 0 9 20.665601
demand_9 0 10 194.962218
demand_10 0 11 43.615010
demand_11 0 12 119.122354
demand_12 0 13 331.423943
demand_13 1 0 1423.233049
demand_14 1 2 125.672752
demand_15 1 3 643.577959
demand_16 1 4 210.384766
demand_17 1 5 833.480733
demand_18 1 6 847.389491
demand_19 1 7 361.419938
demand_20 1 8 494.329813
demand_21 1 9 159.710832
demand_22 1 10 1506.734701
demand_23 1 11 337.071714
demand_24 1 12 920.618296
demand_25 1 13 2561.357589
demand_26 2 0 3215.636261
demand_27 2 1 465.593290
demand_28 2 3 1454.092584
demand_29 2 4 475.340903
demand_30 2 5 1883.156712
demand_31 2 6 1914.581997
demand_32 2 7 816.588020
demand_33 2 8 1116.883052
demand_34 2 9 360.848804
demand_35 2 10 3404.298927
demand_36 2 11 761.575925
demand_37 2 12 2080.034311
demand_38 2 13 5787.101660
demand_39 3 0 2521.949841
demand_40 3 1 365.154149
demand_41 3 2 222.690427
demand_42 3 4 372.798979
demand_43 3 5 1476.916661
demand_44 3 6 1501.562792
demand_45 3 7 640.431274
demand_46 3 8 875.945787
demand_47 3 9 283.005449
demand_48 3 10 2669.913647
demand_49 3 11 597.286548
demand_50 3 12 1631.323251
demand_51 3 13 4538.691234
demand_52 4 0 1133.451141
demand_53 4 1 164.112854
demand_54 4 2 100.084750
demand_55 4 3 512.540215
demand_56 4 5 663.777228
demand_57 4 6 674.854049
demand_58 4 7 287.831878
demand_59 4 8 393.680214
demand_60 4 9 127.192399
demand_61 4 10 1199.951173
demand_62 4 11 268.441152
demand_63 4 12 733.172869
demand_64 4 13 2039.844202
demand_65 5 0 1171.385997
demand_66 5 1 169.605458
demand_67 5 2 103.434432
demand_68 5 3 529.694143
demand_69 5 4 173.156300
demand_70 5 6 697.440370
demand_71 5 7 297.465166
demand_72 5 8 406.856081
demand_73 5 9 131.449331
demand_74 5 10 1240.111682
demand_75 5 11 277.425462
demand_76 5 12 757.711031
demand_77 5 13 2108.114631
demand_78 6 0 371.063557
demand_79 6 1 53.726444
demand_80 6 2 32.765244
demand_81 6 3 167.792848
demand_82 6 4 54.851255
demand_83 6 5 217.304064
demand_84 6 7 94.228958
demand_85 6 8 128.881056
demand_86 6 9 41.639610
demand_87 6 10 392.834004
demand_88 6 11 87.880920
demand_89 6 12 240.022461
demand_90 6 13 667.793976
demand_91 7 0 1105.604166
demand_92 7 1 160.080880
demand_93 7 2 97.625837
demand_94 7 3 499.947970
demand_95 7 4 163.432316
demand_96 7 5 647.469346
demand_97 7 6 658.274028
demand_98 7 8 384.008157
demand_99 7 9 124.067497
demand_100 7 10 1170.470405
demand_101 7 11 261.846007
demand_102 7 12 715.160053
demand_103 7 13 1989.728684
demand_104 8 0 1830.871729
demand_105 8 1 265.092667
demand_106 8 2 161.667612
demand_107 8 3 827.909872
demand_108 8 4 270.642619
demand_109 8 5 1072.204100
demand_110 8 6 1090.096568
demand_111 8 7 464.936889
demand_112 8 9 205.454790
demand_113 8 10 1938.289706
demand_114 8 11 433.614911
demand_115 8 12 1184.299375
demand_116 8 13 3294.974916
demand_117 9 0 702.599554
demand_118 9 1 101.729677
demand_119 9 2 62.040169
demand_120 9 3 317.711556
demand_121 9 4 103.859479
demand_122 9 5 411.459804
demand_123 9 6 418.326063
demand_124 9 7 178.420173
demand_125 9 8 244.033053
demand_126 9 10 743.821351
demand_127 9 11 166.400321
demand_128 9 12 454.476520
demand_129 9 13 1264.451174
demand_130 10 0 2186.763687
demand_131 10 1 316.622409
demand_132 10 2 193.093190
demand_133 10 3 988.842209
demand_134 10 4 323.251183
demand_135 10 5 1280.623299
demand_136 10 6 1301.993773
demand_137 10 7 555.313128
demand_138 10 8 759.525986
demand_139 10 9 245.391890
demand_140 10 11 517.902661
demand_141 10 12 1414.508088
demand_142 10 13 3935.464940
demand_143 11 0 2278.163149
demand_144 11 1 329.856174
demand_145 11 2 201.163844
demand_146 11 3 1030.172530
demand_147 11 4 336.762009
demand_148 11 5 1334.149100
demand_149 11 6 1356.412790
demand_150 11 7 578.523373
demand_151 11 8 791.271650
demand_152 11 9 255.648457
demand_153 11 10 2411.823893
demand_154 11 12 1473.629830
demand_155 11 13 4099.954308
demand_156 12 0 451.891247
demand_157 12 1 65.429519
demand_158 12 2 39.902401
demand_159 12 3 204.342674
demand_160 12 4 66.799344
demand_161 12 5 264.638773
demand_162 12 6 269.054948
demand_163 12 7 114.754577
demand_164 12 8 156.954840
demand_165 12 9 50.709845
demand_166 12 10 478.403887
demand_167 12 11 107.023763
demand_168 12 13 813.257587
demand_169 13 0 915.441952
demand_170 13 1 132.547215
demand_171 13 2 80.834343
demand_172 13 3 413.957688
demand_173 13 4 135.322210
demand_174 13 5 536.105615
demand_175 13 6 545.051908
demand_176 13 7 232.469991
demand_177 13 8 317.959345
demand_178 13 9 102.728078
demand_179 13 10 969.151297
demand_180 13 11 216.808897
demand_181 13 12 592.153625
