DEMANDS 182
label src dest bw
demand_0 0 1 6.739993
demand_1 0 2 6.066136
demand_2 0 3 30.425393
demand_3 0 4 7.981490
demand_4 0 5 45.118776
demand_5 0 6 46.757877
demand_6 0 7 29.182304
demand_7 0 8 30.075411
demand_8 0 9 6.283362
demand_9 0 10 88.961533
demand_10 0 11 8.030221
demand_11 0 12 53.660510
demand_12 0 13 135.650780
demand_13 1 0 1817.871949
demand_14 1 2 135.669812
demand_15 1 3 680.467278
demand_16 1 4 178.506910
demand_17 1 5 1009.086417
demand_18 1 6 1045.745105
demand_19 1 7 652.665470
demand_20 1 8 672.639904
demand_21 1 9 140.528097
demand_22 1 10 1989.634541
demand_23 1 11 179.596775
demand_24 1 12 1200.123258
demand_25 1 13 3033.844738
demand_26 2 0 3828.577753
demand_27 2 1 317.471456
demand_28 2 3 1433.116278
demand_29 2 4 375.949243
demand_30 2 5 2125.213390
demand_31 2 6 2202.419399
demand_32 2 7 1374.563538
demand_33 2 8 1416.631228
demand_34 2 9 295.962951
demand_35 2 10 4190.322945
demand_36 2 11 378.244583
demand_37 2 12 2527.551629
demand_38 2 13 6389.509711
demand_39 3 0 3596.507944
demand_40 3 1 298.227876
demand_41 3 2 268.411401
demand_42 3 4 353.161024
demand_43 3 5 1996.393265
demand_44 3 6 2068.919420
demand_45 3 7 1291.244165
demand_46 3 8 1330.761915
demand_47 3 9 278.023113
demand_48 3 10 3936.325898
demand_49 3 11 355.317232
demand_50 3 12 2374.343712
demand_51 3 13 6002.208631
demand_52 4 0 608.703596
demand_53 4 1 50.474622
demand_54 4 2 45.428229
demand_55 4 3 227.850415
demand_56 4 5 337.886577
demand_57 4 6 350.161520
demand_58 4 7 218.541146
demand_59 4 8 225.229466
demand_60 4 9 47.054996
demand_61 4 10 666.217276
demand_62 4 11 60.136911
demand_63 4 12 401.854125
demand_64 4 13 1015.864842
demand_65 5 0 1387.903926
demand_66 5 1 115.087092
demand_67 5 2 103.580819
demand_68 5 3 519.521305
demand_69 5 4 136.285970
demand_70 5 6 798.402626
demand_71 5 7 498.295256
demand_72 5 8 513.545282
demand_73 5 9 107.290009
demand_74 5 10 1519.040762
demand_75 5 11 137.118057
demand_76 5 12 916.266837
demand_77 5 13 2316.271521
demand_78 6 0 85.568342
demand_79 6 1 7.095456
demand_80 6 2 6.386061
demand_81 6 3 32.030010
demand_82 6 4 8.402429
demand_83 6 5 47.498314
demand_84 6 7 30.721362
demand_85 6 8 31.661571
demand_86 6 9 6.614743
demand_87 6 10 93.653312
demand_88 6 11 8.453730
demand_89 6 12 56.490534
demand_90 6 13 142.804924
demand_91 7 0 403.229868
demand_92 7 1 33.436430
demand_93 7 2 30.093495
demand_94 7 3 150.937326
demand_95 7 4 39.595373
demand_96 7 5 223.829727
demand_97 7 6 231.961146
demand_98 7 8 149.201103
demand_99 7 9 31.171132
demand_100 7 10 441.329255
demand_101 7 11 39.837121
demand_102 7 12 266.204417
demand_103 7 13 672.949937
demand_104 8 0 2196.470580
demand_105 8 1 182.134661
demand_106 8 2 163.925050
demand_107 8 3 822.184619
demand_108 8 4 215.683605
demand_109 8 5 1219.243539
demand_110 8 6 1263.536939
demand_111 8 7 788.592675
demand_112 8 9 169.795145
demand_113 8 10 2404.005264
demand_114 8 11 217.000451
demand_115 8 12 1450.066618
demand_116 8 13 3665.687628
demand_117 9 0 197.243017
demand_118 9 1 16.355689
demand_119 9 2 14.720466
demand_120 9 3 73.832163
demand_121 9 4 19.368384
demand_122 9 5 109.488047
demand_123 9 6 113.465593
demand_124 9 7 70.815607
demand_125 9 8 72.982876
demand_126 9 10 215.879627
demand_127 9 11 19.486636
demand_128 9 12 130.215955
demand_129 9 13 329.178680
demand_130 10 0 2869.908963
demand_131 10 1 237.977190
demand_132 10 2 214.184508
demand_133 10 3 1074.266612
demand_134 10 4 281.812248
demand_135 10 5 1593.063887
demand_136 10 6 1650.937654
demand_137 10 7 1030.375370
demand_138 10 8 1061.909388
demand_139 10 9 221.854375
demand_140 10 11 283.532839
demand_141 10 12 1894.657375
demand_142 10 13 4789.588294
demand_143 11 0 3090.157788
demand_144 11 1 256.240556
demand_145 11 2 230.621924
demand_146 11 3 1156.710328
demand_147 11 4 303.439699
demand_148 11 5 1715.322277
demand_149 11 6 1777.637519
demand_150 11 7 1109.450688
demand_151 11 8 1143.404758
demand_152 11 9 238.880408
demand_153 11 10 3382.132980
demand_154 11 12 2040.061311
demand_155 11 13 5157.161345
demand_156 12 0 108.252087
demand_157 12 1 8.976427
demand_158 12 2 8.078974
demand_159 12 3 40.521008
demand_160 12 4 10.629872
demand_161 12 5 60.089882
demand_162 12 6 62.272863
demand_163 12 7 38.865443
demand_164 12 8 40.054897
demand_165 12 9 8.368279
demand_166 12 10 118.480343
demand_167 12 11 10.694772
demand_168 12 13 180.661804
demand_169 13 0 266.824316
demand_170 13 1 22.125476
demand_171 13 2 19.913396
demand_172 13 3 99.877891
demand_173 13 4 26.200957
demand_174 13 5 148.112079
demand_175 13 6 153.492782
demand_176 13 7 95.797186
demand_177 13 8 98.729001
demand_178 13 9 20.626488
demand_179 13 10 292.035353
demand_180 13 11 26.360925
demand_181 13 12 176.152158
