DEMANDS 182
label src dest bw
demand_0 0 1 1.274695
demand_1 0 2 0.018242
demand_2 0 3 2.803200
demand_3 0 4 1.386065
demand_4 0 5 3.062058
demand_5 0 6 3.196759
demand_6 0 7 2.646414
demand_7 0 8 2.783928
demand_8 0 9 0.069067
demand_9 0 10 7.779147
demand_10 0 11 1.425555
demand_11 0 12 5.569600
demand_12 0 13 8.015624
demand_13 1 0 1120.685979
demand_14 1 2 3.578139
demand_15 1 3 549.836602
demand_16 1 4 271.871267
demand_17 1 5 600.610702
demand_18 1 6 627.031716
demand_19 1 7 519.083807
demand_20 1 8 546.056585
demand_21 1 9 13.547294
demand_22 1 10 1525.849083
demand_23 1 11 279.616925
demand_24 1 12 1092.455214
demand_25 1 13 1572.233214
demand_26 2 0 4890.408208
demand_27 2 1 1091.056469
demand_28 2 3 2399.356716
demand_29 2 4 1186.381826
demand_30 2 5 2620.922867
demand_31 2 6 2736.217916
demand_32 2 7 2265.158802
demand_33 2 8 2382.861617
demand_34 2 9 59.117183
demand_35 2 10 6658.444042
demand_36 2 11 1220.182041
demand_37 2 12 4767.215838
demand_38 2 13 6860.853407
demand_39 3 0 4099.110374
demand_40 3 1 914.516887
demand_41 3 2 13.087686
demand_42 3 4 994.418020
demand_43 3 5 2196.841584
demand_44 3 6 2293.481191
demand_45 3 7 1898.642311
demand_46 3 8 1997.300094
demand_47 3 9 49.551662
demand_48 3 10 5581.067241
demand_49 3 11 1022.749155
demand_50 3 12 3995.851280
demand_51 3 13 5750.725538
demand_52 4 0 925.300291
demand_53 4 1 206.435705
demand_54 4 2 2.954309
demand_55 4 3 453.975491
demand_56 4 5 495.897395
demand_57 4 6 517.712045
demand_58 4 7 428.584284
demand_59 4 8 450.854500
demand_60 4 9 11.185395
demand_61 4 10 1259.825346
demand_62 4 11 230.867190
demand_63 4 12 901.991412
demand_64 4 13 1298.122649
demand_65 5 0 987.697651
demand_66 5 1 220.356638
demand_67 5 2 3.153532
demand_68 5 3 484.589198
demand_69 5 4 239.609148
demand_70 5 6 552.623808
demand_71 5 7 457.485742
demand_72 5 8 481.257744
demand_73 5 9 11.939679
demand_74 5 10 1344.781307
demand_75 5 11 246.435652
demand_76 5 12 962.816944
demand_77 5 13 1385.661177
demand_78 6 0 110.316922
demand_79 6 1 24.611850
demand_80 6 2 0.352221
demand_81 6 3 54.124244
demand_82 6 4 26.762181
demand_83 6 5 59.122292
demand_84 6 7 51.097033
demand_85 6 8 53.752151
demand_86 6 9 1.333554
demand_87 6 10 150.199947
demand_88 6 11 27.524640
demand_89 6 12 107.537972
demand_90 6 13 154.765860
demand_91 7 0 619.821617
demand_92 7 1 138.283014
demand_93 7 2 1.978974
demand_94 7 3 304.100005
demand_95 7 4 150.364769
demand_96 7 5 332.181810
demand_97 7 6 346.794570
demand_98 7 8 302.009378
demand_99 7 9 7.492648
demand_100 7 10 843.906557
demand_101 7 11 154.648687
demand_102 7 12 604.207932
demand_103 7 13 869.560387
demand_104 8 0 1246.671252
demand_105 8 1 278.133987
demand_106 8 2 3.980386
demand_107 8 3 611.648131
demand_108 8 4 302.434491
demand_109 8 5 668.130155
demand_110 8 6 697.521366
demand_111 8 7 577.438169
demand_112 8 9 15.070254
demand_113 8 10 1697.381981
demand_114 8 11 311.050900
demand_115 8 12 1215.266842
demand_116 8 13 1748.980524
demand_117 9 0 261.240826
demand_118 9 1 58.283170
demand_119 9 2 0.834093
demand_120 9 3 128.171290
demand_121 9 4 63.375357
demand_122 9 5 140.007137
demand_123 9 6 146.166086
demand_124 9 7 121.002569
demand_125 9 8 127.290138
demand_126 9 10 355.687571
demand_127 9 11 65.180932
demand_128 9 12 254.660010
demand_129 9 13 366.500082
demand_130 10 0 1262.903184
demand_131 10 1 281.755352
demand_132 10 2 4.032212
demand_133 10 3 619.611924
demand_134 10 4 306.372254
demand_135 10 5 676.829355
demand_136 10 6 706.603247
demand_137 10 7 584.956540
demand_138 10 8 615.352215
demand_139 10 9 15.266472
demand_140 10 11 315.100850
demand_141 10 12 1231.089881
demand_142 10 13 1771.752632
demand_143 11 0 2034.539903
demand_144 11 1 453.908514
demand_145 11 2 6.495902
demand_146 11 3 998.196219
demand_147 11 4 493.566398
demand_148 11 5 1090.373631
demand_149 11 6 1138.339438
demand_150 11 7 942.366317
demand_151 11 8 991.333819
demand_152 11 9 24.594321
demand_153 11 10 2770.089841
demand_154 11 12 1983.288600
demand_155 11 13 2854.297521
demand_156 12 0 139.723304
demand_157 12 1 31.172452
demand_158 12 2 0.446110
demand_159 12 3 68.551752
demand_160 12 4 33.895982
demand_161 12 5 74.882093
demand_162 12 6 78.176175
demand_163 12 7 64.717598
demand_164 12 8 68.080472
demand_165 12 9 1.689030
demand_166 12 10 190.237658
demand_167 12 11 34.861684
demand_168 12 13 196.020673
demand_169 13 0 481.677719
demand_170 13 1 107.462929
demand_171 13 2 1.537906
demand_172 13 3 236.323149
demand_173 13 4 116.851941
demand_174 13 5 258.146170
demand_175 13 6 269.502084
demand_176 13 7 223.105409
demand_177 13 8 234.698475
demand_178 13 9 5.822710
demand_179 13 10 655.819310
demand_180 13 11 120.181072
demand_181 13 12 469.543963
