DEMANDS 272
label src dest bw
demand_0 0 1 397.377858
demand_1 0 2 173.208584
demand_2 0 3 68.413668
demand_3 0 4 361.389761
demand_4 0 5 631.107577
demand_5 0 6 72.755730
demand_6 0 7 829.942834
demand_7 0 8 25.917298
demand_8 0 9 815.778558
demand_9 0 10 267.862112
demand_10 0 11 439.611828
demand_11 0 12 466.900443
demand_12 0 13 208.264141
demand_13 0 14 134.690758
demand_14 0 15 104.623630
demand_15 0 16 389.726564
demand_16 1 0 150.309233
demand_17 1 2 107.661059
demand_18 1 3 42.523805
demand_19 1 4 224.628616
demand_20 1 5 392.276807
demand_21 1 6 45.222695
demand_22 1 7 515.866608
demand_23 1 8 16.109385
demand_24 1 9 507.062535
demand_25 1 10 166.494743
demand_26 1 11 273.249015
demand_27 1 12 290.210768
demand_28 1 13 129.450501
demand_29 1 14 83.719579
demand_30 1 15 65.030789
demand_31 1 16 242.241890
demand_32 2 0 244.778634
demand_33 2 1 402.235827
demand_34 2 3 69.250029
demand_35 2 4 365.807774
demand_36 2 5 638.822907
demand_37 2 6 73.645174
demand_38 2 7 840.088937
demand_39 2 8 26.234138
demand_40 2 9 825.751502
demand_41 2 10 271.136743
demand_42 2 11 444.986110
demand_43 2 12 472.608330
demand_44 2 13 210.810183
demand_45 2 14 136.337361
demand_46 2 15 105.902661
demand_47 2 16 394.490996
demand_48 3 0 941.111672
demand_49 3 1 1546.494581
demand_50 3 2 674.084201
demand_51 3 4 1406.437970
demand_52 3 5 2456.111807
demand_53 3 6 283.146985
demand_54 3 7 3229.928568
demand_55 3 8 100.863598
demand_56 3 9 3174.804773
demand_57 3 10 1042.451905
demand_58 3 11 1710.858558
demand_59 3 12 1817.058978
demand_60 3 13 810.511605
demand_61 3 14 524.182521
demand_62 3 15 407.168830
demand_63 3 16 1516.717673
demand_64 4 0 17.805814
demand_65 4 1 29.259646
demand_66 4 2 12.753659
demand_67 4 3 5.037421
demand_68 4 5 46.469586
demand_69 4 6 5.357135
demand_70 4 7 61.110183
demand_71 4 8 1.908337
demand_72 4 9 60.067242
demand_73 4 10 19.723169
demand_74 4 11 32.369409
demand_75 4 12 34.378719
demand_76 4 13 15.334863
demand_77 4 14 9.917523
demand_78 4 15 7.703626
demand_79 4 16 28.696268
demand_80 5 0 1592.191272
demand_81 5 1 2616.390007
demand_82 5 2 1140.428936
demand_83 5 3 450.444920
demand_84 5 4 2379.439472
demand_85 5 6 479.033649
demand_86 5 7 5464.456801
demand_87 5 8 170.643022
demand_88 5 9 5371.197276
demand_89 5 10 1763.640675
demand_90 5 11 2894.464223
demand_91 5 12 3074.136186
demand_92 5 13 1371.239504
demand_93 5 14 886.822319
demand_94 5 15 688.856250
demand_95 5 16 2566.012847
demand_96 6 0 1884.988575
demand_97 6 1 3097.533166
demand_98 6 2 1350.149038
demand_99 6 3 533.279854
demand_100 6 4 2817.008421
demand_101 6 5 4919.440310
demand_102 6 7 6469.347509
demand_103 6 8 202.023559
demand_104 6 9 6358.937949
demand_105 6 10 2087.966805
demand_106 6 11 3426.744065
demand_107 6 12 3639.456950
demand_108 6 13 1623.404704
demand_109 6 14 1049.905227
demand_110 6 15 815.534028
demand_111 6 16 3037.891858
demand_112 7 0 129.539964
demand_113 7 1 212.868311
demand_114 7 2 92.784784
demand_115 7 3 36.647996
demand_116 7 4 193.590122
demand_117 7 5 338.073200
demand_118 7 6 38.973962
demand_119 7 8 13.883439
demand_120 7 9 436.998188
demand_121 7 10 143.489010
demand_122 7 11 235.492304
demand_123 7 12 250.110334
demand_124 7 13 111.563428
demand_125 7 14 72.151464
demand_126 7 15 56.045034
demand_127 7 16 208.769648
demand_128 8 0 948.952378
demand_129 8 1 1559.378928
demand_130 8 2 679.700215
demand_131 8 3 268.466977
demand_132 8 4 1418.155460
demand_133 8 5 2476.574469
demand_134 8 6 285.505974
demand_135 8 7 3256.838149
demand_136 8 9 3201.255098
demand_137 8 10 1051.136909
demand_138 8 11 1725.112275
demand_139 8 12 1832.197485
demand_140 8 13 817.264239
demand_141 8 14 528.549655
demand_142 8 15 410.561085
demand_143 8 16 1529.353939
demand_144 9 0 692.625173
demand_145 9 1 1138.165754
demand_146 9 2 496.102323
demand_147 9 3 195.949756
demand_148 9 4 1035.089002
demand_149 9 5 1807.612119
demand_150 9 6 208.386247
demand_151 9 7 2377.114108
demand_152 9 8 74.232069
demand_153 9 10 767.208028
demand_154 9 11 1259.131875
demand_155 9 12 1337.291658
demand_156 9 13 596.508105
demand_157 9 14 385.779945
demand_158 9 15 299.661974
demand_159 9 16 1116.250995
demand_160 10 0 27.008819
demand_161 10 1 44.382610
demand_162 10 2 19.345439
demand_163 10 3 7.641033
demand_164 10 4 40.363147
demand_165 10 5 70.487575
demand_166 10 6 8.125992
demand_167 10 7 92.695223
demand_168 10 8 2.894669
demand_169 10 9 91.113233
demand_170 10 11 49.099666
demand_171 10 12 52.147496
demand_172 10 13 23.260748
demand_173 10 14 15.043433
demand_174 10 15 11.685276
demand_175 10 16 43.528047
demand_176 11 0 104.419303
demand_177 11 1 171.588443
demand_178 11 2 74.791765
demand_179 11 3 29.541140
demand_180 11 4 156.048721
demand_181 11 5 272.513338
demand_182 11 6 31.416050
demand_183 11 7 358.370744
demand_184 11 8 11.191134
demand_185 11 9 352.254585
demand_186 11 10 115.663321
demand_187 11 12 201.608415
demand_188 11 13 89.928814
demand_189 11 14 58.159701
demand_190 11 15 45.176664
demand_191 11 16 168.284601
demand_192 12 0 423.137587
demand_193 12 1 695.326607
demand_194 12 2 303.078127
demand_195 12 3 119.709347
demand_196 12 4 632.355104
demand_197 12 5 1104.303830
demand_198 12 6 127.307030
demand_199 12 7 1452.223176
demand_200 12 8 45.349750
demand_201 12 9 1427.438710
demand_202 12 10 468.701640
demand_203 12 11 769.227058
demand_204 12 13 364.417885
demand_205 12 14 235.680136
demand_206 12 15 183.069068
demand_207 12 16 681.938473
demand_208 13 0 392.134449
demand_209 13 1 644.380278
demand_210 13 2 280.871702
demand_211 13 3 110.938286
demand_212 13 4 586.022674
demand_213 13 5 1023.391887
demand_214 13 6 117.979290
demand_215 13 7 1345.819309
demand_216 13 8 42.026991
demand_217 13 9 1322.850792
demand_218 13 10 434.360040
demand_219 13 11 712.866069
demand_220 13 12 757.116762
demand_221 13 14 218.411938
demand_222 13 15 169.655663
demand_223 13 16 631.973087
demand_224 14 0 86.145980
demand_225 14 1 141.560555
demand_226 14 2 61.703245
demand_227 14 3 24.371456
demand_228 14 4 128.740276
demand_229 14 5 224.823646
demand_230 14 6 25.918257
demand_231 14 7 295.656051
demand_232 14 8 9.232691
demand_233 14 9 290.610217
demand_234 14 10 95.422300
demand_235 14 11 156.605843
demand_236 14 12 166.327047
demand_237 14 13 74.191319
demand_238 14 15 37.270771
demand_239 14 16 138.834884
demand_240 15 0 725.895832
demand_241 15 1 1192.838219
demand_242 15 2 519.932891
demand_243 15 3 205.362318
demand_244 15 4 1084.810115
demand_245 15 5 1894.441837
demand_246 15 6 218.396204
demand_247 15 7 2491.300189
demand_248 15 8 77.797851
demand_249 15 9 2448.782245
demand_250 15 10 804.061320
demand_251 15 11 1319.615019
demand_252 15 12 1401.529254
demand_253 15 13 625.161725
demand_254 15 14 404.311113
demand_255 15 16 1169.870771
demand_256 16 0 744.594597
demand_257 16 1 1223.565220
demand_258 16 2 533.326139
demand_259 16 3 210.652363
demand_260 16 4 1112.754358
demand_261 16 5 1943.241845
demand_262 16 6 224.021996
demand_263 16 7 2555.475013
demand_264 16 8 79.801890
demand_265 16 9 2511.861825
demand_266 16 10 824.773594
demand_267 16 11 1353.607736
demand_268 16 12 1437.632046
demand_269 16 13 641.265622
demand_270 16 14 414.725994
demand_271 16 15 322.146372
