DEMANDS 272
label src dest bw
demand_0 0 1 2026.588234
demand_1 0 2 746.096921
demand_2 0 3 3266.279203
demand_3 0 4 1190.886701
demand_4 0 5 7493.496432
demand_5 0 6 3092.804509
demand_6 0 7 7137.026949
demand_7 0 8 2260.790826
demand_8 0 9 1822.316715
demand_9 0 10 5558.679874
demand_10 0 11 7475.889464
demand_11 0 12 1151.695587
demand_12 0 13 77.443163
demand_13 0 14 1000.812125
demand_14 0 15 1870.637838
demand_15 0 16 50.398378
demand_16 1 0 559.670018
demand_17 1 2 146.066272
demand_18 1 3 639.452076
demand_19 1 4 233.144482
demand_20 1 5 1467.030696
demand_21 1 6 605.490267
demand_22 1 7 1397.243291
demand_23 1 8 442.603739
demand_24 1 9 356.761971
demand_25 1 10 1088.244197
demand_26 1 11 1463.583713
demand_27 1 12 225.471887
demand_28 1 13 15.161347
demand_29 1 14 195.932850
demand_30 1 15 366.221984
demand_31 1 16 9.866685
demand_32 2 0 2482.401625
demand_33 2 1 1759.787457
demand_34 2 3 2836.272843
demand_35 2 4 1034.106211
demand_36 2 5 6506.976016
demand_37 2 6 2685.636131
demand_38 2 7 6197.435817
demand_39 2 8 1963.157228
demand_40 2 9 1582.408327
demand_41 2 10 4826.878473
demand_42 2 11 6491.687009
demand_43 2 12 1000.074616
demand_44 2 13 67.247754
demand_45 2 14 869.054994
demand_46 2 15 1624.367965
demand_47 2 16 43.763420
demand_48 3 0 15.402503
demand_49 3 1 10.918915
demand_50 3 2 4.019844
demand_51 3 4 6.416296
demand_52 3 5 40.373691
demand_53 3 6 16.663508
demand_54 3 7 38.453094
demand_55 3 8 12.180759
demand_56 3 9 9.818334
demand_57 3 10 29.949227
demand_58 3 11 40.278828
demand_59 3 12 6.205141
demand_60 3 13 0.417251
demand_61 3 14 5.392206
demand_62 3 15 10.078680
demand_63 3 16 0.271538
demand_64 4 0 961.581862
demand_65 4 1 681.670396
demand_66 4 2 250.959803
demand_67 4 3 1098.657242
demand_68 4 5 2520.539002
demand_69 4 6 1040.306679
demand_70 4 7 2400.635664
demand_71 4 8 760.447610
demand_72 4 9 612.960905
demand_73 4 10 1869.737251
demand_74 4 11 2514.616660
demand_75 4 12 387.388407
demand_76 4 13 26.049057
demand_77 4 14 336.636711
demand_78 4 15 629.214369
demand_79 4 16 16.952177
demand_80 5 0 179.525520
demand_81 5 1 127.266578
demand_82 5 2 46.853722
demand_83 5 3 205.117235
demand_84 5 4 74.785826
demand_85 5 6 194.223295
demand_86 5 7 448.194151
demand_87 5 8 141.974135
demand_88 5 9 114.438645
demand_89 5 10 349.076419
demand_90 5 11 469.474188
demand_91 5 12 72.324685
demand_92 5 13 4.863310
demand_93 5 14 62.849439
demand_94 5 15 117.473136
demand_95 5 16 3.164939
demand_96 6 0 250.061015
demand_97 6 1 177.269558
demand_98 6 2 65.262528
demand_99 6 3 285.707703
demand_100 6 4 104.169143
demand_101 6 5 655.470498
demand_102 6 7 624.289429
demand_103 6 8 197.755707
demand_104 6 9 159.401536
demand_105 6 10 486.228385
demand_106 6 11 653.930383
demand_107 6 12 100.741021
demand_108 6 13 6.774102
demand_109 6 14 87.542955
demand_110 6 15 163.628278
demand_111 6 16 4.408443
demand_112 7 0 861.108910
demand_113 7 1 610.444596
demand_114 7 2 224.737727
demand_115 7 3 983.861673
demand_116 7 4 358.716359
demand_117 7 5 2257.175054
demand_118 7 6 931.607995
demand_119 7 8 680.990603
demand_120 7 9 548.914364
demand_121 7 10 1674.373726
demand_122 7 11 2251.871520
demand_123 7 12 346.911295
demand_124 7 13 23.327265
demand_125 7 14 301.462499
demand_126 7 15 563.469550
demand_127 7 16 15.180892
demand_128 8 0 232.164911
demand_129 8 1 164.582916
demand_130 8 2 60.591888
demand_131 8 3 265.260474
demand_132 8 4 96.714075
demand_133 8 5 608.560473
demand_134 8 6 251.172279
demand_135 8 7 579.610938
demand_136 8 9 147.993654
demand_137 8 10 451.430501
demand_138 8 11 607.130579
demand_139 8 12 93.531293
demand_140 8 13 6.289300
demand_141 8 14 81.277773
demand_142 8 15 151.917901
demand_143 8 16 4.092944
demand_144 9 0 665.061542
demand_145 9 1 471.465595
demand_146 9 2 173.572028
demand_147 9 3 759.867369
demand_148 9 4 277.047946
demand_149 9 5 1743.287412
demand_150 9 6 719.510207
demand_151 9 7 1660.358332
demand_152 9 8 525.950499
demand_153 9 10 1293.171584
demand_154 9 11 1739.191326
demand_155 9 12 267.930523
demand_156 9 13 18.016382
demand_157 9 14 232.828987
demand_158 9 15 435.185287
demand_159 9 16 11.724681
demand_160 10 0 360.522459
demand_161 10 1 255.576251
demand_162 10 2 94.091464
demand_163 10 3 411.915642
demand_164 10 4 150.184608
demand_165 10 5 945.016701
demand_166 10 6 390.038474
demand_167 10 7 900.061770
demand_168 10 8 285.111911
demand_169 10 9 229.815246
demand_170 10 11 942.796258
demand_171 10 12 145.242154
demand_172 10 13 9.766480
demand_173 10 14 126.214002
demand_174 10 15 235.909100
demand_175 10 16 6.355819
demand_176 11 0 330.000218
demand_177 11 1 233.938876
demand_178 11 2 86.125574
demand_179 11 3 377.042396
demand_180 11 4 137.469808
demand_181 11 5 865.010514
demand_182 11 6 357.017374
demand_183 11 7 823.861518
demand_184 11 8 260.974013
demand_185 11 9 210.358827
demand_186 11 10 641.665286
demand_187 11 12 132.945789
demand_188 11 13 8.939639
demand_189 11 14 115.528581
demand_190 11 15 215.936768
demand_191 11 16 5.817728
demand_192 12 0 86.543861
demand_193 12 1 61.351395
demand_194 12 2 22.586772
demand_195 12 3 98.880859
demand_196 12 4 36.052000
demand_197 12 5 226.852426
demand_198 12 6 93.629217
demand_199 12 7 216.060939
demand_200 12 8 68.441466
demand_201 12 9 55.167434
demand_202 12 10 168.279257
demand_203 12 11 226.319406
demand_204 12 13 2.344456
demand_205 12 14 30.297827
demand_206 12 15 56.630271
demand_207 12 16 1.525722
demand_208 13 0 607.962814
demand_209 13 1 430.988009
demand_210 13 2 158.670035
demand_211 13 3 694.629105
demand_212 13 4 253.262049
demand_213 13 5 1593.617812
demand_214 13 6 657.736799
demand_215 13 7 1517.808593
demand_216 13 8 480.795122
demand_217 13 9 387.546241
demand_218 13 10 1182.146591
demand_219 13 11 1589.873395
demand_220 13 12 244.927401
demand_221 13 14 212.839499
demand_222 13 15 397.822539
demand_223 13 16 10.718061
demand_224 14 0 370.550358
demand_225 14 1 262.685081
demand_226 14 2 96.708610
demand_227 14 3 423.373038
demand_228 14 4 154.361979
demand_229 14 5 971.302253
demand_230 14 6 400.887358
demand_231 14 7 925.096905
demand_232 14 8 293.042272
demand_233 14 9 236.207536
demand_234 14 10 720.512558
demand_235 14 11 969.020049
demand_236 14 12 149.282051
demand_237 14 13 10.038134
demand_238 14 15 242.470890
demand_239 14 16 6.532606
demand_240 15 0 731.206763
demand_241 15 1 518.356287
demand_242 15 2 190.835032
demand_243 15 3 835.441721
demand_244 15 4 304.602385
demand_245 15 5 1916.670060
demand_246 15 6 791.070745
demand_247 15 7 1825.493078
demand_248 15 8 578.260112
demand_249 15 9 466.108167
demand_250 15 10 1421.786930
demand_251 15 11 1912.166588
demand_252 15 12 294.578168
demand_253 15 13 19.808242
demand_254 15 14 255.985527
demand_255 15 16 12.890786
demand_256 16 0 1121.847549
demand_257 16 1 795.283578
demand_258 16 2 292.786970
demand_259 16 3 1281.769117
demand_260 16 4 467.333532
demand_261 16 5 2940.634192
demand_262 16 6 1213.693337
demand_263 16 7 2800.746709
demand_264 16 8 887.190494
demand_265 16 9 715.122358
demand_266 16 10 2181.364100
demand_267 16 11 2933.724780
demand_268 16 12 451.953965
demand_269 16 13 30.390621
demand_270 16 14 392.743545
demand_271 16 15 734.084768
