DEMANDS 272
label src dest bw
demand_0 0 1 579.094223
demand_1 0 2 99.480732
demand_2 0 3 5.217374
demand_3 0 4 542.370957
demand_4 0 5 153.144436
demand_5 0 6 463.791893
demand_6 0 7 1381.041496
demand_7 0 8 622.318327
demand_8 0 9 24.486627
demand_9 0 10 289.767605
demand_10 0 11 1733.058420
demand_11 0 12 4.144471
demand_12 0 13 618.006439
demand_13 0 14 1380.227108
demand_14 0 15 210.607669
demand_15 0 16 633.377906
demand_16 1 0 273.966314
demand_17 1 2 82.761248
demand_18 1 3 4.340503
demand_19 1 4 451.215995
demand_20 1 5 127.405825
demand_21 1 6 385.843523
demand_22 1 7 1148.933226
demand_23 1 8 517.726806
demand_24 1 9 20.371219
demand_25 1 10 241.067072
demand_26 1 11 1441.787526
demand_27 1 12 3.447920
demand_28 1 13 514.139606
demand_29 1 14 1148.255710
demand_30 1 15 175.211353
demand_31 1 16 526.927629
demand_32 2 0 357.831070
demand_33 2 1 629.242681
demand_34 2 3 5.669189
demand_35 2 4 589.339250
demand_36 2 5 166.406453
demand_37 2 6 503.955388
demand_38 2 7 1500.637063
demand_39 2 8 676.209910
demand_40 2 9 26.607122
demand_41 2 10 314.860929
demand_42 2 11 1883.137982
demand_43 2 12 4.503374
demand_44 2 13 671.524621
demand_45 2 14 1499.752150
demand_46 2 15 228.845892
demand_47 2 16 688.227228
demand_48 3 0 120.355169
demand_49 3 1 211.643470
demand_50 3 2 36.357550
demand_51 3 4 198.222097
demand_52 3 5 55.970200
demand_53 3 6 169.503548
demand_54 3 7 504.733777
demand_55 3 8 227.440725
demand_56 3 9 8.949208
demand_57 3 10 105.902320
demand_58 3 11 633.386559
demand_59 3 12 1.514693
demand_60 3 13 225.864845
demand_61 3 14 504.436139
demand_62 3 15 76.971477
demand_63 3 16 231.482706
demand_64 4 0 350.861492
demand_65 4 1 616.986743
demand_66 4 2 105.990166
demand_67 4 3 5.558768
demand_68 4 5 163.165307
demand_69 4 6 494.139706
demand_70 4 7 1471.408729
demand_71 4 8 663.039178
demand_72 4 9 26.088887
demand_73 4 10 308.728293
demand_74 4 11 1846.459570
demand_75 4 12 4.415661
demand_76 4 13 658.445145
demand_77 4 14 1470.541051
demand_78 4 15 224.388596
demand_79 4 16 674.822431
demand_80 5 0 1298.882824
demand_81 5 1 2284.073631
demand_82 5 2 392.373653
demand_83 5 3 20.578459
demand_84 5 4 2139.229079
demand_85 5 6 1829.296150
demand_86 5 7 5447.128186
demand_87 5 8 2454.558902
demand_88 5 9 96.580584
demand_89 5 10 1142.906492
demand_90 5 11 6835.559535
demand_91 5 12 16.346695
demand_92 5 13 2437.551877
demand_93 5 14 5443.916060
demand_94 5 15 830.682476
demand_95 5 16 2498.180290
demand_96 6 0 247.403226
demand_97 6 1 435.056323
demand_98 6 2 74.736925
demand_99 6 3 3.919659
demand_100 6 4 407.467222
demand_101 6 5 115.052875
demand_102 6 7 1037.535537
demand_103 6 8 467.529311
demand_104 6 9 18.396077
demand_105 6 10 217.693812
demand_106 6 11 1301.995417
demand_107 6 12 3.113618
demand_108 6 13 464.289917
demand_109 6 14 1036.923711
demand_110 6 15 158.223298
demand_111 6 16 475.838045
demand_112 7 0 404.157997
demand_113 7 1 710.708162
demand_114 7 2 122.090266
demand_115 7 3 6.403156
demand_116 7 4 665.638597
demand_117 7 5 187.950417
demand_118 7 6 569.200435
demand_119 7 8 763.756046
demand_120 7 9 30.051837
demand_121 7 10 355.624688
demand_122 7 11 2126.940169
demand_123 7 12 5.086408
demand_124 7 13 758.464172
demand_125 7 14 1693.918937
demand_126 7 15 258.473636
demand_127 7 16 777.329198
demand_128 8 0 988.096983
demand_129 8 1 1737.559556
demand_130 8 2 298.489760
demand_131 8 3 15.654617
demand_132 8 4 1627.372199
demand_133 8 5 459.506532
demand_134 8 6 1391.597435
demand_135 8 7 4143.784817
demand_136 8 9 73.471588
demand_137 8 10 869.441365
demand_138 8 11 5200.003901
demand_139 8 12 12.435394
demand_140 8 13 1854.314808
demand_141 8 14 4141.341262
demand_142 8 15 631.923706
demand_143 8 16 1900.436561
demand_144 9 0 17.314981
demand_145 9 1 30.448237
demand_146 9 2 5.230605
demand_147 9 3 0.274325
demand_148 9 4 28.517362
demand_149 9 5 8.052192
demand_150 9 6 24.385748
demand_151 9 7 72.613881
demand_152 9 8 32.720921
demand_153 9 10 15.235712
demand_154 9 11 91.122605
demand_155 9 12 0.217912
demand_156 9 13 32.494205
demand_157 9 14 72.571061
demand_158 9 15 11.073556
demand_159 9 16 33.302423
demand_160 10 0 853.591247
demand_161 10 1 1501.032444
demand_162 10 2 257.857529
demand_163 10 3 13.523616
demand_164 10 4 1405.844456
demand_165 10 5 396.955724
demand_166 10 6 1202.164778
demand_167 10 7 3579.707773
demand_168 10 8 1613.070830
demand_169 10 9 63.470191
demand_170 10 11 4492.147930
demand_171 10 12 10.742613
demand_172 10 13 1601.894265
demand_173 10 14 3577.596850
demand_174 10 15 545.902431
demand_175 10 16 1641.737646
demand_176 11 0 10.992407
demand_177 11 1 19.330048
demand_178 11 2 3.320647
demand_179 11 3 0.174155
demand_180 11 4 18.104233
demand_181 11 5 5.111930
demand_182 11 6 15.481280
demand_183 11 7 46.098886
demand_184 11 8 20.772860
demand_185 11 9 0.817359
demand_186 11 10 9.672384
demand_187 11 12 0.138342
demand_188 11 13 20.628930
demand_189 11 14 46.071702
demand_190 11 15 7.030041
demand_191 11 16 21.142026
demand_192 12 0 423.187084
demand_193 12 1 744.170638
demand_194 12 2 127.838677
demand_195 12 3 6.704637
demand_196 12 4 696.979049
demand_197 12 5 196.799740
demand_198 12 6 596.000262
demand_199 12 7 1774.720745
demand_200 12 8 799.716191
demand_201 12 9 31.466777
demand_202 12 10 372.368667
demand_203 12 11 2227.083502
demand_204 12 13 794.175157
demand_205 12 14 1773.674208
demand_206 12 15 270.643424
demand_207 12 16 813.928411
demand_208 13 0 695.706873
demand_209 13 1 1223.394209
demand_210 13 2 210.162951
demand_211 13 3 11.022222
demand_212 13 4 1145.812653
demand_213 13 5 323.532870
demand_214 13 6 979.806555
demand_215 13 7 2917.587676
demand_216 13 8 1314.709432
demand_217 13 9 51.730437
demand_218 13 10 612.162920
demand_219 13 11 3661.258480
demand_220 13 12 8.755607
demand_221 13 14 2915.867199
demand_222 13 15 444.929672
demand_223 13 16 1338.073895
demand_224 14 0 123.051768
demand_225 14 1 216.385415
demand_226 14 2 37.172154
demand_227 14 3 1.949534
demand_228 14 4 202.663332
demand_229 14 5 57.224232
demand_230 14 6 173.301334
demand_231 14 7 516.042512
demand_232 14 8 232.536614
demand_233 14 9 9.149718
demand_234 14 10 108.275098
demand_235 14 11 647.577805
demand_236 14 12 1.548631
demand_237 14 13 230.925426
demand_238 14 15 78.696050
demand_239 14 16 236.669157
demand_240 15 0 762.170046
demand_241 15 1 1340.269094
demand_242 15 2 230.240511
demand_243 15 3 12.075212
demand_244 15 4 1255.275916
demand_245 15 5 354.441032
demand_246 15 6 1073.410708
demand_247 15 7 3196.314453
demand_248 15 8 1440.307962
demand_249 15 9 56.672416
demand_250 15 10 670.644863
demand_251 15 11 4011.030582
demand_252 15 12 9.592059
demand_253 15 13 1430.328428
demand_254 15 14 3194.429613
demand_255 15 16 1465.904509
demand_256 16 0 644.209022
demand_257 16 1 1132.835705
demand_258 16 2 194.606198
demand_259 16 3 10.206332
demand_260 16 4 1060.996918
demand_261 16 5 299.584209
demand_262 16 6 907.278980
demand_263 16 7 2701.621006
demand_264 16 8 1217.391562
demand_265 16 9 47.901229
demand_266 16 10 566.849187
demand_267 16 11 3390.243555
demand_268 16 12 8.107497
demand_269 16 13 1208.956560
demand_270 16 14 2700.027883
demand_271 16 15 411.994936
