DEMANDS 272
label src dest bw
demand_0 0 1 2177.810067
demand_1 0 2 2088.852943
demand_2 0 3 2481.435001
demand_3 0 4 45.639367
demand_4 0 5 1469.155046
demand_5 0 6 800.979098
demand_6 0 7 3133.071157
demand_7 0 8 556.891644
demand_8 0 9 1213.350751
demand_9 0 10 1689.983060
demand_10 0 11 1212.451167
demand_11 0 12 170.061654
demand_12 0 13 890.053036
demand_13 0 14 219.490997
demand_14 0 15 232.413894
demand_15 0 16 2210.845050
demand_16 1 0 834.343340
demand_17 1 2 453.750659
demand_18 1 3 539.029217
demand_19 1 4 9.914002
demand_20 1 5 319.136908
demand_21 1 6 173.992523
demand_22 1 7 680.580749
demand_23 1 8 120.970675
demand_24 1 9 263.569872
demand_25 1 10 367.106229
demand_26 1 11 263.374460
demand_27 1 12 36.941608
demand_28 1 13 193.341591
demand_29 1 14 47.678887
demand_30 1 15 50.486061
demand_31 1 16 480.250370
demand_32 2 0 1578.564499
demand_33 2 1 895.049246
demand_34 2 3 1019.834815
demand_35 2 4 18.757137
demand_36 2 5 603.802020
demand_37 2 6 329.191121
demand_38 2 7 1287.648092
demand_39 2 8 228.874617
demand_40 2 9 498.670059
demand_41 2 10 694.559221
demand_42 2 11 498.300343
demand_43 2 12 69.892943
demand_44 2 13 365.799254
demand_45 2 14 90.207706
demand_46 2 15 95.518835
demand_47 2 16 908.626159
demand_48 3 0 951.462313
demand_49 3 1 539.481045
demand_50 3 2 517.444834
demand_51 3 4 11.305657
demand_52 3 5 363.934997
demand_53 3 6 198.416312
demand_54 3 7 776.115662
demand_55 3 8 137.951647
demand_56 3 9 300.567869
demand_57 3 10 418.637898
demand_58 3 11 300.345027
demand_59 3 12 42.127199
demand_60 3 13 220.481460
demand_61 3 14 54.371698
demand_62 3 15 57.572923
demand_63 3 16 547.664379
demand_64 4 0 253.263148
demand_65 4 1 143.600714
demand_66 4 2 137.735048
demand_67 4 3 163.621173
demand_68 4 5 96.873330
demand_69 4 6 52.815061
demand_70 4 7 206.588840
demand_71 4 8 36.720391
demand_72 4 9 80.006074
demand_73 4 10 111.434316
demand_74 4 11 79.946758
demand_75 4 12 11.213547
demand_76 4 13 58.688429
demand_77 4 14 14.472825
demand_78 4 15 15.324937
demand_79 4 16 145.778979
demand_80 5 0 970.901048
demand_81 5 1 550.502847
demand_82 5 2 528.016428
demand_83 5 3 627.252603
demand_84 5 4 11.536636
demand_85 5 6 202.470032
demand_86 5 7 791.971999
demand_87 5 8 140.770052
demand_88 5 9 306.708585
demand_89 5 10 427.190828
demand_90 5 11 306.481189
demand_91 5 12 42.987874
demand_92 5 13 224.985979
demand_93 5 14 55.482533
demand_94 5 15 58.749159
demand_95 5 16 558.853370
demand_96 6 0 825.673554
demand_97 6 1 468.158566
demand_98 6 2 449.035668
demand_99 6 3 533.428084
demand_100 6 4 9.810984
demand_101 6 5 315.820709
demand_102 6 7 673.508733
demand_103 6 8 119.713651
demand_104 6 9 260.831078
demand_105 6 10 363.291574
demand_106 6 11 260.637697
demand_107 6 12 36.557743
demand_108 6 13 191.332550
demand_109 6 14 47.183449
demand_110 6 15 49.961453
demand_111 6 16 475.260016
demand_112 7 0 110.491985
demand_113 7 1 62.649178
demand_114 7 2 60.090143
demand_115 7 3 71.383572
demand_116 7 4 1.312910
demand_117 7 5 42.263261
demand_118 7 6 23.041808
demand_119 7 8 16.020131
demand_120 7 9 34.904525
demand_121 7 10 48.615832
demand_122 7 11 34.878647
demand_123 7 12 4.892173
demand_124 7 13 25.604203
demand_125 7 14 6.314109
demand_126 7 15 6.685863
demand_127 7 16 63.599497
demand_128 8 0 580.352514
demand_129 8 1 329.061043
demand_130 8 2 315.619869
demand_131 8 3 374.937925
demand_132 8 4 6.895981
demand_133 8 5 221.985240
demand_134 8 6 121.025713
demand_135 8 7 473.398336
demand_136 8 9 183.333923
demand_137 8 10 255.351739
demand_138 8 11 183.197998
demand_139 8 12 25.695843
demand_140 8 13 134.484538
demand_141 8 14 33.164479
demand_142 8 15 35.117093
demand_143 8 16 334.052537
demand_144 9 0 4316.638483
demand_145 9 1 2447.542702
demand_146 9 2 2347.567795
demand_147 9 3 2788.773097
demand_148 9 4 51.292031
demand_149 9 5 1651.117224
demand_150 9 6 900.184353
demand_151 9 7 3521.117640
demand_152 9 8 625.865450
demand_153 9 10 1899.295888
demand_154 9 11 1362.619289
demand_155 9 12 191.124638
demand_156 9 13 1000.290542
demand_157 9 14 246.676051
demand_158 9 15 261.199513
demand_159 9 16 2484.669232
demand_160 10 0 3383.134690
demand_161 10 1 1918.244174
demand_162 10 2 1839.889552
demand_163 10 3 2185.681067
demand_164 10 4 40.199764
demand_165 10 5 1294.051373
demand_166 10 6 705.513080
demand_167 10 7 2759.650891
demand_168 10 8 490.517593
demand_169 10 9 1068.735536
demand_170 10 11 1067.943170
demand_171 10 12 149.792575
demand_172 10 13 783.970593
demand_173 10 14 193.330599
demand_174 10 15 204.713260
demand_175 10 16 1947.341828
demand_176 11 0 577.011462
demand_177 11 1 327.166660
demand_178 11 2 313.802866
demand_179 11 3 372.779432
demand_180 11 4 6.856282
demand_181 11 5 220.707286
demand_182 11 6 120.328976
demand_183 11 7 470.673012
demand_184 11 8 83.660362
demand_185 11 9 182.278482
demand_186 11 10 253.881696
demand_187 11 12 25.547914
demand_188 11 13 133.710319
demand_189 11 14 32.973553
demand_190 11 15 34.914926
demand_191 11 16 332.129418
demand_192 12 0 5104.431990
demand_193 12 1 2894.223205
demand_194 12 2 2776.002715
demand_195 12 3 3297.728699
demand_196 12 4 60.652909
demand_197 12 5 1952.448788
demand_198 12 6 1064.469453
demand_199 12 7 4163.727306
demand_200 12 8 740.086908
demand_201 12 9 1612.495026
demand_202 12 10 2245.920461
demand_203 12 11 1611.299514
demand_204 12 13 1182.845184
demand_205 12 14 291.694829
demand_206 12 15 308.868847
demand_207 12 16 2938.125387
demand_208 13 0 32.032044
demand_209 13 1 18.162234
demand_210 13 2 17.420360
demand_211 13 3 20.694368
demand_212 13 4 0.380618
demand_213 13 5 12.252279
demand_214 13 6 6.679907
demand_215 13 7 26.128803
demand_216 13 8 4.644297
demand_217 13 9 10.118954
demand_218 13 10 14.093914
demand_219 13 11 10.111452
demand_220 13 12 1.418259
demand_221 13 14 1.830484
demand_222 13 15 1.938257
demand_223 13 16 18.437735
demand_224 14 0 2150.079315
demand_225 14 1 1219.099296
demand_226 14 2 1169.302682
demand_227 14 3 1389.063128
demand_228 14 4 25.548105
demand_229 14 5 822.406834
demand_230 14 6 448.373836
demand_231 14 7 1753.837444
demand_232 14 8 311.738026
demand_233 14 9 679.212145
demand_234 14 10 946.022425
demand_235 14 11 678.708574
demand_236 14 12 95.197486
demand_237 14 13 498.235841
demand_238 14 15 130.101159
demand_239 14 16 1237.591692
demand_240 15 0 8489.211194
demand_241 15 1 4813.399821
demand_242 15 2 4616.786623
demand_243 15 3 5484.472209
demand_244 15 4 100.872214
demand_245 15 5 3247.129189
demand_246 15 6 1770.325477
demand_247 15 7 6924.719641
demand_248 15 8 1230.842937
demand_249 15 9 2681.750066
demand_250 15 10 3735.203673
demand_251 15 11 2679.761803
demand_252 15 12 375.870581
demand_253 15 13 1967.196859
demand_254 15 14 485.119405
demand_255 15 16 4886.413802
demand_256 16 0 208.117633
demand_257 16 1 118.003117
demand_258 16 2 113.183037
demand_259 16 3 134.454821
demand_260 16 4 2.472937
demand_261 16 5 79.605140
demand_262 16 6 43.400493
demand_263 16 7 169.763271
demand_264 16 8 30.174785
demand_265 16 9 65.744563
demand_266 16 10 91.570551
demand_267 16 11 65.695819
demand_268 16 12 9.214672
demand_269 16 13 48.226902
demand_270 16 14 11.892966
demand_271 16 15 12.593184
