DEMANDS 272
label src dest bw
demand_0 0 1 651.108640
demand_1 0 2 105.099938
demand_2 0 3 602.603807
demand_3 0 4 110.430497
demand_4 0 5 490.374955
demand_5 0 6 594.145455
demand_6 0 7 1082.644119
demand_7 0 8 1611.226221
demand_8 0 9 694.699928
demand_9 0 10 2540.903121
demand_10 0 11 4711.305510
demand_11 0 12 429.626246
demand_12 0 13 2168.196766
demand_13 0 14 689.227067
demand_14 0 15 490.456472
demand_15 0 16 436.180254
demand_16 1 0 360.323984
demand_17 1 2 209.247395
demand_18 1 3 1199.746445
demand_19 1 4 219.860205
demand_20 1 5 976.305828
demand_21 1 6 1182.906395
demand_22 1 7 2155.476645
demand_23 1 8 3207.850511
demand_24 1 9 1383.104054
demand_25 1 10 5058.779001
demand_26 1 11 9379.914246
demand_27 1 12 855.358953
demand_28 1 13 4316.743987
demand_29 1 14 1372.207931
demand_30 1 15 976.468123
demand_31 1 16 868.407571
demand_32 2 0 20.967621
demand_33 2 1 75.433985
demand_34 2 3 69.814473
demand_35 2 4 12.793890
demand_36 2 5 56.812235
demand_37 2 6 68.834533
demand_38 2 7 125.429390
demand_39 2 8 186.668102
demand_40 2 9 80.484239
demand_41 2 10 294.375523
demand_42 2 11 545.826802
demand_43 2 12 49.774212
demand_44 2 13 251.195747
demand_45 2 14 79.850183
demand_46 2 15 56.821679
demand_47 2 16 50.533525
demand_48 3 0 559.161364
demand_49 3 1 2011.662146
demand_50 3 2 324.716266
demand_51 3 4 341.185537
demand_52 3 5 1515.060119
demand_53 3 6 1835.668960
demand_54 3 7 3344.932100
demand_55 3 8 4978.036838
demand_56 3 9 2146.341579
demand_57 3 10 7850.362147
demand_58 3 11 14556.027002
demand_59 3 12 1327.371199
demand_60 3 13 6698.850372
demand_61 3 14 2129.432654
demand_62 3 15 1515.311974
demand_63 3 16 1347.620429
demand_64 4 0 55.133671
demand_65 4 1 198.351186
demand_66 4 2 32.017233
demand_67 4 3 183.574864
demand_68 4 5 149.385906
demand_69 4 6 180.998144
demand_70 4 7 329.812464
demand_71 4 8 490.837645
demand_72 4 9 211.630665
demand_73 4 10 774.050775
demand_74 4 11 1435.233657
demand_75 4 12 130.879657
demand_76 4 13 660.510970
demand_77 4 14 209.963434
demand_78 4 15 149.410739
demand_79 4 16 132.876244
demand_80 5 0 168.513602
demand_81 5 1 606.251533
demand_82 5 2 97.859243
demand_83 5 3 561.088364
demand_84 5 4 102.822562
demand_85 5 6 553.212737
demand_86 5 7 1008.057052
demand_87 5 8 1500.223321
demand_88 5 9 646.839667
demand_89 5 10 2365.851590
demand_90 5 11 4386.727515
demand_91 5 12 400.027821
demand_92 5 13 2018.822254
demand_93 5 14 641.743850
demand_94 5 15 456.667244
demand_95 5 16 406.130300
demand_96 6 0 9.578309
demand_97 6 1 34.459321
demand_98 6 2 5.562317
demand_99 6 3 31.892248
demand_100 6 4 5.844432
demand_101 6 5 25.952640
demand_102 6 7 57.297937
demand_103 6 8 85.272654
demand_104 6 9 36.766350
demand_105 6 10 134.474943
demand_106 6 11 249.341477
demand_107 6 12 22.737571
demand_108 6 13 114.749804
demand_109 6 14 36.476704
demand_110 6 15 25.956954
demand_111 6 16 23.084436
demand_112 7 0 135.005058
demand_113 7 1 485.699805
demand_114 7 2 78.400156
demand_115 7 3 449.517229
demand_116 7 4 82.376531
demand_117 7 5 365.799200
demand_118 7 6 443.207651
demand_119 7 8 1201.907351
demand_120 7 9 518.217081
demand_121 7 10 1895.407422
demand_122 7 11 3514.436799
demand_123 7 12 320.483205
demand_124 7 13 1617.384074
demand_125 7 14 514.134556
demand_126 7 15 365.860008
demand_127 7 16 325.372220
demand_128 8 0 43.349357
demand_129 8 1 155.955448
demand_130 8 2 25.173845
demand_131 8 3 144.337429
demand_132 8 4 26.450636
demand_133 8 5 117.456045
demand_134 8 6 142.311459
demand_135 8 7 259.318090
demand_136 8 9 166.396561
demand_137 8 10 608.604557
demand_138 8 11 1128.465693
demand_139 8 12 102.905337
demand_140 8 13 519.332839
demand_141 8 14 165.085686
demand_142 8 15 117.475571
demand_143 8 16 104.475172
demand_144 9 0 108.074330
demand_145 9 1 388.812699
demand_146 9 2 62.760940
demand_147 9 3 359.847801
demand_148 9 4 65.944110
demand_149 9 5 292.829795
demand_150 9 6 354.796855
demand_151 9 7 646.506214
demand_152 9 8 962.151593
demand_153 9 10 1517.312686
demand_154 9 11 2813.379054
demand_155 9 12 256.553407
demand_156 9 13 1294.749269
demand_157 9 14 411.575303
demand_158 9 15 292.878473
demand_159 9 16 260.467165
demand_160 10 0 30.821602
demand_161 10 1 110.885075
demand_162 10 2 17.898725
demand_163 10 3 102.624607
demand_164 10 4 18.806530
demand_165 10 5 83.511814
demand_166 10 6 101.184133
demand_167 10 7 184.376411
demand_168 10 8 274.394977
demand_169 10 9 118.308757
demand_170 10 11 802.344545
demand_171 10 12 73.166190
demand_172 10 13 369.248151
demand_173 10 14 117.376718
demand_174 10 15 83.525697
demand_175 10 16 74.282350
demand_176 11 0 3.164367
demand_177 11 1 11.384260
demand_178 11 2 1.837612
demand_179 11 3 10.536181
demand_180 11 4 1.930814
demand_181 11 5 8.573924
demand_182 11 6 10.388291
demand_183 11 7 18.929409
demand_184 11 8 28.171363
demand_185 11 9 12.146428
demand_186 11 10 44.426229
demand_187 11 12 7.511768
demand_188 11 13 37.909672
demand_189 11 14 12.050739
demand_190 11 15 8.575349
demand_191 11 16 7.626361
demand_192 12 0 34.178941
demand_193 12 1 122.963578
demand_194 12 2 19.848399
demand_195 12 3 113.803313
demand_196 12 4 20.855090
demand_197 12 5 92.608599
demand_198 12 6 112.205931
demand_199 12 7 204.460188
demand_200 12 8 304.284307
demand_201 12 9 131.195907
demand_202 12 10 479.856233
demand_203 12 11 889.742429
demand_204 12 13 409.469658
demand_205 12 14 130.162343
demand_206 12 15 92.623994
demand_207 12 16 82.373787
demand_208 13 0 167.115482
demand_209 13 1 601.221598
demand_210 13 2 97.047326
demand_211 13 3 556.433138
demand_212 13 4 101.969466
demand_213 13 5 452.803105
demand_214 13 6 548.622853
demand_215 13 7 999.693426
demand_216 13 8 1487.776299
demand_217 13 9 641.472981
demand_218 13 10 2346.222642
demand_219 13 11 4350.331804
demand_220 13 12 396.708878
demand_221 13 14 636.419443
demand_222 13 15 452.878376
demand_223 13 16 402.760727
demand_224 14 0 177.363857
demand_225 14 1 638.091580
demand_226 14 2 102.998764
demand_227 14 3 590.556463
demand_228 14 4 108.222755
demand_229 14 5 480.571306
demand_230 14 6 582.267211
demand_231 14 7 1060.999738
demand_232 14 8 1579.014348
demand_233 14 9 680.811384
demand_234 14 10 2490.105010
demand_235 14 11 4617.116393
demand_236 14 12 421.037095
demand_237 14 13 2124.849855
demand_238 14 15 480.651194
demand_239 14 16 427.460074
demand_240 15 0 135.363330
demand_241 15 1 486.988738
demand_242 15 2 78.608212
demand_243 15 3 450.710142
demand_244 15 4 82.595139
demand_245 15 5 366.769945
demand_246 15 6 444.383820
demand_247 15 7 809.750417
demand_248 15 8 1205.096930
demand_249 15 9 519.592308
demand_250 15 10 1900.437387
demand_251 15 11 3523.763287
demand_252 15 12 321.333692
demand_253 15 13 1621.676231
demand_254 15 14 515.498948
demand_255 15 16 326.235682
demand_256 16 0 49.872150
demand_257 16 1 179.422119
demand_258 16 2 28.961762
demand_259 16 3 166.055932
demand_260 16 4 30.430673
demand_261 16 5 135.129697
demand_262 16 6 163.725114
demand_263 16 7 298.337773
demand_264 16 8 443.995985
demand_265 16 9 191.434309
demand_266 16 10 700.181495
demand_267 16 11 1298.266317
demand_268 16 12 118.389538
demand_269 16 13 597.477031
demand_270 16 14 189.926186
demand_271 16 15 135.152160
