DEMANDS 272
label src dest bw
demand_0 0 1 1348.275170
demand_1 0 2 2019.307885
demand_2 0 3 7760.423306
demand_3 0 4 372.548265
demand_4 0 5 422.669061
demand_5 0 6 80.027609
demand_6 0 7 61.598675
demand_7 0 8 909.351557
demand_8 0 9 2111.123987
demand_9 0 10 3824.358592
demand_10 0 11 3565.914246
demand_11 0 12 2705.555479
demand_12 0 13 15777.273454
demand_13 0 14 3836.942891
demand_14 0 15 7608.559651
demand_15 0 16 3780.054112
demand_16 1 0 127.402376
demand_17 1 2 104.737546
demand_18 1 3 402.517961
demand_19 1 4 19.323349
demand_20 1 5 21.923017
demand_21 1 6 4.150875
demand_22 1 7 3.195003
demand_23 1 8 47.166285
demand_24 1 9 109.499867
demand_25 1 10 198.361991
demand_26 1 11 184.956989
demand_27 1 12 140.331865
demand_28 1 13 818.336279
demand_29 1 14 199.014714
demand_30 1 15 394.641090
demand_31 1 16 196.064005
demand_32 2 0 644.539501
demand_33 2 1 353.793947
demand_34 2 3 2036.372732
demand_35 2 4 97.758473
demand_36 2 5 110.910412
demand_37 2 6 20.999633
demand_38 2 7 16.163791
demand_39 2 8 238.618261
demand_40 2 9 553.969178
demand_41 2 10 1003.530252
demand_42 2 11 935.713202
demand_43 2 12 709.950886
demand_44 2 13 4140.033112
demand_45 2 14 1006.832433
demand_46 2 15 1996.522973
demand_47 2 16 991.904541
demand_48 3 0 652.214723
demand_49 3 1 358.006950
demand_50 3 2 536.185991
demand_51 3 4 98.922587
demand_52 3 5 112.231142
demand_53 3 6 21.249698
demand_54 3 7 16.356271
demand_55 3 8 241.459744
demand_56 3 9 560.565882
demand_57 3 10 1015.480361
demand_58 3 11 946.855741
demand_59 3 12 718.405032
demand_60 3 13 4189.332920
demand_61 3 14 1018.821865
demand_62 3 15 2020.297709
demand_63 3 16 1003.716211
demand_64 4 0 155.703062
demand_65 4 1 85.466912
demand_66 4 2 128.003551
demand_67 4 3 491.931789
demand_68 4 5 26.792913
demand_69 4 6 5.072935
demand_70 4 7 3.904729
demand_71 4 8 57.643626
demand_72 4 9 133.823757
demand_73 4 10 242.425379
demand_74 4 11 226.042640
demand_75 4 12 171.504658
demand_76 4 13 1000.118428
demand_77 4 14 243.223096
demand_78 4 15 482.305180
demand_79 4 16 239.616927
demand_80 5 0 182.514061
demand_81 5 1 100.183728
demand_82 5 2 150.044884
demand_83 5 3 576.639068
demand_84 5 4 27.682238
demand_85 5 6 5.946460
demand_86 5 7 4.577096
demand_87 5 8 67.569463
demand_88 5 9 156.867289
demand_89 5 10 284.169367
demand_90 5 11 264.965632
demand_91 5 12 201.036584
demand_92 5 13 1172.331960
demand_93 5 14 285.104444
demand_94 5 15 565.354823
demand_95 5 16 280.877318
demand_96 6 0 132.188881
demand_97 6 1 72.559751
demand_98 6 2 108.672533
demand_99 6 3 417.640551
demand_100 6 4 20.049327
demand_101 6 5 22.746664
demand_102 6 7 3.315039
demand_103 6 8 48.938321
demand_104 6 9 113.613775
demand_105 6 10 205.814447
demand_106 6 11 191.905819
demand_107 6 12 145.604130
demand_108 6 13 849.081154
demand_109 6 14 206.491692
demand_110 6 15 409.467747
demand_111 6 16 203.430125
demand_112 7 0 526.686897
demand_113 7 1 289.103516
demand_114 7 2 432.989514
demand_115 7 3 1664.026540
demand_116 7 4 79.883555
demand_117 7 5 90.630692
demand_118 7 6 17.159897
demand_119 7 8 194.987447
demand_120 7 9 452.677155
demand_121 7 10 820.036993
demand_122 7 11 764.620139
demand_123 7 12 580.137957
demand_124 7 13 3383.037331
demand_125 7 14 822.735378
demand_126 7 15 1631.463219
demand_127 7 16 810.537018
demand_128 8 0 128.345410
demand_129 8 1 70.450033
demand_130 8 2 105.512814
demand_131 8 3 405.497403
demand_132 8 4 19.466381
demand_133 8 5 22.085291
demand_134 8 6 4.181600
demand_135 8 7 3.218652
demand_136 8 9 110.310386
demand_137 8 10 199.830269
demand_138 8 11 186.326043
demand_139 8 12 141.370603
demand_140 8 13 824.393614
demand_141 8 14 200.487823
demand_142 8 15 397.562228
demand_143 8 16 197.515273
demand_144 9 0 131.147606
demand_145 9 1 71.988185
demand_146 9 2 107.816500
demand_147 9 3 414.350723
demand_148 9 4 19.891395
demand_149 9 5 22.567484
demand_150 9 6 4.272898
demand_151 9 7 3.288926
demand_152 9 8 48.552825
demand_153 9 10 204.193210
demand_154 9 11 190.394143
demand_155 9 12 144.457180
demand_156 9 13 842.392793
demand_157 9 14 204.865121
demand_158 9 15 406.242298
demand_159 9 16 201.827670
demand_160 10 0 92.793827
demand_161 10 1 50.935426
demand_162 10 2 76.285843
demand_163 10 3 293.174922
demand_164 10 4 14.074208
demand_165 10 5 15.967682
demand_166 10 6 3.023300
demand_167 10 7 2.327088
demand_168 10 8 34.353677
demand_169 10 9 79.754491
demand_170 10 11 134.713867
demand_171 10 12 102.211050
demand_172 10 13 596.037192
demand_173 10 14 144.952845
demand_174 10 15 287.437785
demand_175 10 16 142.803688
demand_176 11 0 300.082161
demand_177 11 1 164.717992
demand_178 11 2 246.697667
demand_179 11 3 948.086392
demand_180 11 4 45.514004
demand_181 11 5 51.637233
demand_182 11 6 9.776926
demand_183 11 7 7.525474
demand_184 11 8 111.094950
demand_185 11 9 257.914787
demand_186 11 10 467.219660
demand_187 11 12 330.536136
demand_188 11 13 1927.500301
demand_189 11 14 468.757076
demand_190 11 15 929.533297
demand_191 11 16 461.807007
demand_192 12 0 600.086217
demand_193 12 1 329.393111
demand_194 12 2 493.331125
demand_195 12 3 1895.926018
demand_196 12 4 91.016163
demand_197 12 5 103.261026
demand_198 12 6 19.551308
demand_199 12 7 15.048990
demand_200 12 8 222.160984
demand_201 12 9 515.762444
demand_202 12 10 934.317713
demand_203 12 11 871.177941
demand_204 12 13 3854.498918
demand_205 12 14 937.392146
demand_206 12 15 1858.824659
demand_207 12 16 923.493817
demand_208 13 0 2063.955666
demand_209 13 1 1132.925166
demand_210 13 2 1696.778797
demand_211 13 3 6520.908387
demand_212 13 4 313.043891
demand_213 13 5 355.159263
demand_214 13 6 67.245392
demand_215 13 7 51.759975
demand_216 13 8 764.107570
demand_217 13 9 1773.929793
demand_218 13 10 3213.522128
demand_219 13 11 2996.357183
demand_220 13 12 2273.417147
demand_221 13 14 3224.096430
demand_222 13 15 6393.300789
demand_223 13 16 3176.294074
demand_224 14 0 75.266014
demand_225 14 1 41.314241
demand_226 14 2 61.876221
demand_227 14 3 237.797154
demand_228 14 4 11.415733
demand_229 14 5 12.951549
demand_230 14 6 2.452229
demand_231 14 7 1.887525
demand_232 14 8 27.864616
demand_233 14 9 64.689677
demand_234 14 10 117.187111
demand_235 14 11 109.267784
demand_236 14 12 82.904420
demand_237 14 13 483.451815
demand_238 14 15 233.143704
demand_239 14 16 115.829521
demand_240 15 0 440.871849
demand_241 15 1 241.998809
demand_242 15 2 362.440927
demand_243 15 3 1392.900527
demand_244 15 4 66.867831
demand_245 15 5 75.863897
demand_246 15 6 14.363971
demand_247 15 7 11.056205
demand_248 15 8 163.217419
demand_249 15 9 378.920788
demand_250 15 10 686.425326
demand_251 15 11 640.037745
demand_252 15 12 485.613929
demand_253 15 13 2831.826519
demand_254 15 14 688.684053
demand_255 15 16 678.473217
demand_256 16 0 404.586769
demand_257 16 1 222.081579
demand_258 16 2 332.610948
demand_259 16 3 1278.260623
demand_260 16 4 61.364407
demand_261 16 5 69.620070
demand_262 16 6 13.181773
demand_263 16 7 10.146246
demand_264 16 8 149.784134
demand_265 16 9 347.734467
demand_266 16 10 629.930456
demand_267 16 11 587.360713
demand_268 16 12 445.646442
demand_269 16 13 2598.758675
demand_270 16 14 632.003283
demand_271 16 15 1253.246352
