DEMANDS 272
label src dest bw
demand_0 0 1 39.457851
demand_1 0 2 194.962851
demand_2 0 3 449.265896
demand_3 0 4 1092.521223
demand_4 0 5 132.363294
demand_5 0 6 223.476643
demand_6 0 7 65.771888
demand_7 0 8 85.196788
demand_8 0 9 3.933797
demand_9 0 10 284.170331
demand_10 0 11 51.418672
demand_11 0 12 768.396775
demand_12 0 13 314.714953
demand_13 0 14 222.863288
demand_14 0 15 154.303097
demand_15 0 16 195.031974
demand_16 1 0 25.156239
demand_17 1 2 237.359962
demand_18 1 3 546.964388
demand_19 1 4 1330.103635
demand_20 1 5 161.147348
demand_21 1 6 272.074436
demand_22 1 7 80.074808
demand_23 1 8 103.723896
demand_24 1 9 4.789250
demand_25 1 10 345.966726
demand_26 1 11 62.600305
demand_27 1 12 935.494270
demand_28 1 13 383.153658
demand_29 1 14 271.327699
demand_30 1 15 187.858237
demand_31 1 16 237.444118
demand_32 2 0 36.989012
demand_33 2 1 70.634364
demand_34 2 3 804.240728
demand_35 2 4 1955.746185
demand_36 2 5 236.946433
demand_37 2 6 400.050437
demand_38 2 7 117.739699
demand_39 2 8 152.512638
demand_40 2 9 7.041975
demand_41 2 10 508.699538
demand_42 2 11 92.045691
demand_43 2 12 1375.523907
demand_44 2 13 563.378134
demand_45 2 14 398.952457
demand_46 2 15 276.221356
demand_47 2 16 349.131012
demand_48 3 0 24.150535
demand_49 3 1 46.117958
demand_50 3 2 227.870710
demand_51 3 4 1276.928325
demand_52 3 5 154.704948
demand_53 3 6 261.197357
demand_54 3 7 76.873552
demand_55 3 8 99.577189
demand_56 3 9 4.597784
demand_57 3 10 332.135557
demand_58 3 11 60.097650
demand_59 3 12 898.094779
demand_60 3 13 367.835818
demand_61 3 14 260.480473
demand_62 3 15 180.347980
demand_63 3 16 227.951501
demand_64 4 0 35.033947
demand_65 4 1 66.900964
demand_66 4 2 330.560394
demand_67 4 3 761.732356
demand_68 4 5 224.422562
demand_69 4 6 378.905657
demand_70 4 7 111.516533
demand_71 4 8 144.451539
demand_72 4 9 6.669770
demand_73 4 10 481.812079
demand_74 4 11 87.180590
demand_75 4 12 1302.820201
demand_76 4 13 533.600623
demand_77 4 14 377.865711
demand_78 4 15 261.621598
demand_79 4 16 330.677593
demand_80 5 0 8.149833
demand_81 5 1 15.562953
demand_82 5 2 76.897188
demand_83 5 3 177.199317
demand_84 5 4 430.911884
demand_85 5 6 88.143589
demand_86 5 7 25.941728
demand_87 5 8 33.603291
demand_88 5 9 1.551567
demand_89 5 10 112.082375
demand_90 5 11 20.280537
demand_91 5 12 303.070820
demand_92 5 13 124.129775
demand_93 5 14 87.901670
demand_94 5 15 60.860180
demand_95 5 16 76.924451
demand_96 6 0 39.142365
demand_97 6 1 74.746416
demand_98 6 2 369.325090
demand_99 6 3 851.060431
demand_100 6 4 2069.601967
demand_101 6 5 250.740514
demand_102 6 7 124.594037
demand_103 6 8 161.391318
demand_104 6 9 7.451931
demand_105 6 10 538.314006
demand_106 6 11 97.404226
demand_107 6 12 1455.601451
demand_108 6 13 596.175774
demand_109 6 14 422.177886
demand_110 6 15 292.301867
demand_111 6 16 369.456034
demand_112 7 0 28.538105
demand_113 7 1 54.496478
demand_114 7 2 269.269319
demand_115 7 3 620.495246
demand_116 7 4 1508.915388
demand_117 7 5 182.811104
demand_118 7 6 308.650614
demand_119 7 8 117.667961
demand_120 7 9 5.433090
demand_121 7 10 392.476573
demand_122 7 11 71.015943
demand_123 7 12 1061.256929
demand_124 7 13 434.662710
demand_125 7 14 307.803490
demand_126 7 15 213.112856
demand_127 7 16 269.364788
demand_128 8 0 98.898411
demand_129 8 1 188.856796
demand_130 8 2 933.149136
demand_131 8 3 2150.317773
demand_132 8 4 5229.125605
demand_133 8 5 633.529376
demand_134 8 6 1069.624473
demand_135 8 7 314.803464
demand_136 8 9 18.828299
demand_137 8 10 1360.122187
demand_138 8 11 246.104778
demand_139 8 12 3677.771349
demand_140 8 13 1506.317665
demand_141 8 14 1066.688777
demand_142 8 15 738.539682
demand_143 8 16 933.479982
demand_144 9 0 144.322785
demand_145 9 1 275.599362
demand_146 9 2 1361.747690
demand_147 9 3 3137.965999
demand_148 9 4 7630.880680
demand_149 9 5 924.511561
demand_150 9 6 1560.906610
demand_151 9 7 459.393759
demand_152 9 8 595.069927
demand_153 9 10 1984.830907
demand_154 9 11 359.141535
demand_155 9 12 5366.984167
demand_156 9 13 2198.174463
demand_157 9 14 1556.622540
demand_158 9 15 1077.753456
demand_159 9 16 1362.230494
demand_160 10 0 48.379175
demand_161 10 1 92.385064
demand_162 10 2 456.478370
demand_163 10 3 1051.893545
demand_164 10 4 2557.986330
demand_165 10 5 309.910223
demand_166 10 6 523.239445
demand_167 10 7 153.995719
demand_168 10 8 199.476417
demand_169 10 9 9.210437
demand_170 10 11 120.389661
demand_171 10 12 1799.094064
demand_172 10 13 736.861244
demand_173 10 14 521.803360
demand_174 10 15 361.279218
demand_175 10 16 456.640213
demand_176 11 0 268.822002
demand_177 11 1 513.343559
demand_178 11 2 2536.451468
demand_179 11 3 5844.914241
demand_180 11 4 14213.615819
demand_181 11 5 1722.036119
demand_182 11 6 2907.413681
demand_183 11 7 855.687132
demand_184 11 8 1108.403562
demand_185 11 9 51.178385
demand_186 11 10 3697.033824
demand_187 11 12 9996.782057
demand_188 11 13 4094.416967
demand_189 11 14 2899.433983
demand_190 11 15 2007.471250
demand_191 11 16 2537.350761
demand_192 12 0 0.367901
demand_193 12 1 0.702545
demand_194 12 2 3.471305
demand_195 12 3 7.999160
demand_196 12 4 19.452293
demand_197 12 5 2.356723
demand_198 12 6 3.978992
demand_199 12 7 1.171066
demand_200 12 8 1.516925
demand_201 12 9 0.070041
demand_202 12 10 5.059640
demand_203 12 11 0.915507
demand_204 12 13 5.603486
demand_205 12 14 3.968071
demand_206 12 15 2.747360
demand_207 12 16 3.472536
demand_208 13 0 60.570134
demand_209 13 1 115.664968
demand_210 13 2 571.505325
demand_211 13 3 1316.957827
demand_212 13 4 3202.567537
demand_213 13 5 388.003801
demand_214 13 6 655.089373
demand_215 13 7 192.800753
demand_216 13 8 249.742030
demand_217 13 9 11.531354
demand_218 13 10 833.004118
demand_219 13 11 150.726380
demand_220 13 12 2252.443720
demand_221 13 14 653.291412
demand_222 13 15 452.317154
demand_223 13 16 571.707951
demand_224 14 0 68.696951
demand_225 14 1 131.183969
demand_226 14 2 648.185341
demand_227 14 3 1493.656700
demand_228 14 4 3632.262446
demand_229 14 5 440.063050
demand_230 14 6 742.984028
demand_231 14 7 218.669216
demand_232 14 8 283.250419
demand_233 14 9 13.078539
demand_234 14 10 944.769951
demand_235 14 11 170.949641
demand_236 14 12 2554.658611
demand_237 14 13 1046.320456
demand_238 14 15 513.005454
demand_239 14 16 648.415154
demand_240 15 0 1.299212
demand_241 15 1 2.480981
demand_242 15 2 12.258627
demand_243 15 3 28.248371
demand_244 15 4 68.694163
demand_245 15 5 8.322571
demand_246 15 6 14.051481
demand_247 15 7 4.135521
demand_248 15 8 5.356896
demand_249 15 9 0.247344
demand_250 15 10 17.867702
demand_251 15 11 3.233038
demand_252 15 12 48.314278
demand_253 15 13 19.788248
demand_254 15 14 14.012915
demand_255 15 16 12.262973
demand_256 16 0 136.818541
demand_257 16 1 261.269227
demand_258 16 2 1290.941908
demand_259 16 3 2974.803516
demand_260 16 4 7234.103457
demand_261 16 5 876.440421
demand_262 16 6 1479.745311
demand_263 16 7 435.507004
demand_264 16 8 564.128519
demand_265 16 9 26.047541
demand_266 16 10 1881.627132
demand_267 16 11 340.467520
demand_268 16 12 5087.921086
demand_269 16 13 2083.877622
demand_270 16 14 1475.683997
demand_271 16 15 1021.714312
