DEMANDS 272
label src dest bw
demand_0 0 1 492.937038
demand_1 0 2 71.034139
demand_2 0 3 1477.575433
demand_3 0 4 836.936072
demand_4 0 5 1714.266171
demand_5 0 6 788.527790
demand_6 0 7 916.996467
demand_7 0 8 410.557984
demand_8 0 9 194.904338
demand_9 0 10 4596.596837
demand_10 0 11 112.120679
demand_11 0 12 36.023300
demand_12 0 13 138.313044
demand_13 0 14 874.534338
demand_14 0 15 141.791900
demand_15 0 16 2096.860256
demand_16 1 0 294.233620
demand_17 1 2 28.347270
demand_18 1 3 589.649291
demand_19 1 4 333.992262
demand_20 1 5 684.104384
demand_21 1 6 314.674190
demand_22 1 7 365.941599
demand_23 1 8 163.839502
demand_24 1 9 77.779586
demand_25 1 10 1834.342940
demand_26 1 11 44.743488
demand_27 1 12 14.375654
demand_28 1 13 55.195956
demand_29 1 14 348.996431
demand_30 1 15 56.584247
demand_31 1 16 836.784461
demand_32 2 0 824.150621
demand_33 2 1 550.997800
demand_34 2 3 1651.612174
demand_35 2 4 935.514881
demand_36 2 5 1916.181613
demand_37 2 6 881.404813
demand_38 2 7 1025.005217
demand_39 2 8 458.915700
demand_40 2 9 217.861214
demand_41 2 10 5138.008608
demand_42 2 11 125.326852
demand_43 2 12 40.266317
demand_44 2 13 154.604295
demand_45 2 14 977.541672
demand_46 2 15 158.492909
demand_47 2 16 2343.839677
demand_48 3 0 239.543944
demand_49 3 1 160.150563
demand_50 3 2 23.078317
demand_51 3 4 271.912583
demand_52 3 5 556.948802
demand_53 3 6 256.185192
demand_54 3 7 297.923445
demand_55 3 8 133.386391
demand_56 3 9 63.322569
demand_57 3 10 1493.390667
demand_58 3 11 36.426944
demand_59 3 12 11.703628
demand_60 3 13 44.936595
demand_61 3 14 284.127903
demand_62 3 15 46.066842
demand_63 3 16 681.249988
demand_64 4 0 105.478447
demand_65 4 1 70.519139
demand_66 4 2 10.162081
demand_67 4 3 211.380641
demand_68 4 5 245.241410
demand_69 4 6 112.806092
demand_70 4 7 131.184708
demand_71 4 8 58.734064
demand_72 4 9 27.882843
demand_73 4 10 657.585099
demand_74 4 11 16.039886
demand_75 4 12 5.153462
demand_76 4 13 19.786942
demand_77 4 14 125.110113
demand_78 4 15 20.284624
demand_79 4 16 299.974983
demand_80 5 0 69.341157
demand_81 5 1 46.359032
demand_82 5 2 6.680516
demand_83 5 3 138.960884
demand_84 5 4 78.710957
demand_85 5 6 74.158325
demand_86 5 7 86.240362
demand_87 5 8 38.611565
demand_88 5 9 18.330082
demand_89 5 10 432.294113
demand_90 5 11 10.544564
demand_91 5 12 3.387867
demand_92 5 13 13.007866
demand_93 5 14 82.246945
demand_94 5 15 13.335040
demand_95 5 16 197.202491
demand_96 6 0 1689.421372
demand_97 6 1 1129.487056
demand_98 6 2 162.763466
demand_99 6 3 3385.629803
demand_100 6 4 1917.706295
demand_101 6 5 3927.969095
demand_102 6 7 2101.151994
demand_103 6 8 940.728516
demand_104 6 9 446.592385
demand_105 6 10 10532.372758
demand_106 6 11 256.906756
demand_107 6 12 82.541679
demand_108 6 13 316.922409
demand_109 6 14 2003.856759
demand_110 6 15 324.893655
demand_111 6 16 4804.622773
demand_112 7 0 116.960857
demand_113 7 1 78.195870
demand_114 7 2 11.268328
demand_115 7 3 234.391592
demand_116 7 4 132.765322
demand_117 7 5 271.938453
demand_118 7 6 125.086192
demand_119 7 8 65.127869
demand_120 7 9 30.918177
demand_121 7 10 729.169981
demand_122 7 11 17.785992
demand_123 7 12 5.714469
demand_124 7 13 21.940954
demand_125 7 14 138.729632
demand_126 7 15 22.492814
demand_127 7 16 332.630337
demand_128 8 0 1473.649542
demand_129 8 1 985.229683
demand_130 8 2 141.975419
demand_131 8 3 2953.219306
demand_132 8 4 1672.778060
demand_133 8 5 3426.291366
demand_134 8 6 1576.024777
demand_135 8 7 1832.794190
demand_136 8 9 389.553888
demand_137 8 10 9187.184771
demand_138 8 11 224.094787
demand_139 8 12 71.999508
demand_140 8 13 276.445279
demand_141 8 14 1747.925441
demand_142 8 15 283.398442
demand_143 8 16 4190.979391
demand_144 9 0 147.093400
demand_145 9 1 98.341417
demand_146 9 2 14.171380
demand_147 9 3 294.777731
demand_148 9 4 166.969558
demand_149 9 5 341.997762
demand_150 9 6 157.312058
demand_151 9 7 182.941684
demand_152 9 8 81.906716
demand_153 9 10 917.025524
demand_154 9 11 22.368184
demand_155 9 12 7.186683
demand_156 9 13 27.593586
demand_157 9 14 174.470448
demand_158 9 15 28.287621
demand_159 9 16 418.325653
demand_160 10 0 461.793659
demand_161 10 1 308.738820
demand_162 10 2 44.490462
demand_163 10 3 925.442522
demand_164 10 4 524.194036
demand_165 10 5 1073.687862
demand_166 10 6 493.874716
demand_167 10 7 574.337867
demand_168 10 8 257.142754
demand_169 10 9 122.073471
demand_170 10 11 70.223991
demand_171 10 12 22.562295
demand_172 10 13 86.628926
demand_173 10 14 547.742772
demand_174 10 15 88.807820
demand_175 10 16 1313.316126
demand_176 11 0 1256.973648
demand_177 11 1 840.367885
demand_178 11 2 121.100272
demand_179 11 3 2518.997047
demand_180 11 4 1426.823597
demand_181 11 5 2922.511652
demand_182 11 6 1344.296291
demand_183 11 7 1563.311991
demand_184 11 8 699.926599
demand_185 11 9 332.276405
demand_186 11 10 7836.360565
demand_187 11 12 61.413166
demand_188 11 13 235.798554
demand_189 11 14 1490.921794
demand_190 11 15 241.729369
demand_191 11 16 3574.764898
demand_192 12 0 794.263814
demand_193 12 1 531.016543
demand_194 12 2 76.521544
demand_195 12 3 1591.718493
demand_196 12 4 901.589586
demand_197 12 5 1846.693647
demand_198 12 6 849.441753
demand_199 12 7 987.834665
demand_200 12 8 442.273687
demand_201 12 9 209.960746
demand_202 12 10 4951.685053
demand_203 12 11 120.782028
demand_204 12 13 148.997761
demand_205 12 14 942.092327
demand_206 12 15 152.745358
demand_207 12 16 2258.843218
demand_208 13 0 179.465454
demand_209 13 1 119.984221
demand_210 13 2 17.290192
demand_211 13 3 359.651890
demand_212 13 4 203.715921
demand_213 13 5 417.264023
demand_214 13 6 191.933017
demand_215 13 7 223.203165
demand_216 13 8 99.932600
demand_217 13 9 47.441039
demand_218 13 10 1118.842872
demand_219 13 11 27.290934
demand_220 13 12 8.768316
demand_221 13 14 212.867594
demand_222 13 15 34.513111
demand_223 13 16 510.390020
demand_224 14 0 859.764814
demand_225 14 1 574.808183
demand_226 14 2 82.832089
demand_227 14 3 1722.983636
demand_228 14 4 975.941481
demand_229 14 5 1998.985969
demand_230 14 6 919.493143
demand_231 14 7 1069.298982
demand_232 14 8 478.746920
demand_233 14 9 227.275696
demand_234 14 10 5360.038448
demand_235 14 11 130.742627
demand_236 14 12 42.006354
demand_237 14 13 161.285243
demand_238 14 15 165.341896
demand_239 14 16 2445.124511
demand_240 15 0 381.330302
demand_241 15 1 254.943881
demand_242 15 2 36.738402
demand_243 15 3 764.192557
demand_244 15 4 432.857980
demand_245 15 5 886.607491
demand_246 15 6 407.821526
demand_247 15 7 474.264703
demand_248 15 8 212.337961
demand_249 15 9 100.803276
demand_250 15 10 2377.330462
demand_251 15 11 57.988097
demand_252 15 12 18.631020
demand_253 15 13 71.534621
demand_254 15 14 452.303562
demand_255 15 16 1084.482703
demand_256 16 0 629.191452
demand_257 16 1 420.655031
demand_258 16 2 60.618022
demand_259 16 3 1260.910609
demand_260 16 4 714.211639
demand_261 16 5 1462.894111
demand_262 16 6 672.901724
demand_263 16 7 782.532348
demand_264 16 8 350.355661
demand_265 16 9 166.324468
demand_266 16 10 3922.573146
demand_267 16 11 95.679821
demand_268 16 12 30.741010
demand_269 16 13 118.031460
demand_270 16 14 746.296669
demand_271 16 15 121.000192
