DEMANDS 272
label src dest bw
demand_0 0 1 12.133005
demand_1 0 2 266.283960
demand_2 0 3 120.861609
demand_3 0 4 179.602323
demand_4 0 5 17.602737
demand_5 0 6 264.395385
demand_6 0 7 494.706586
demand_7 0 8 146.273416
demand_8 0 9 534.673735
demand_9 0 10 945.432833
demand_10 0 11 252.530396
demand_11 0 12 176.210723
demand_12 0 13 115.119608
demand_13 0 14 292.527872
demand_14 0 15 70.304960
demand_15 0 16 191.104131
demand_16 1 0 398.230878
demand_17 1 2 86.198835
demand_18 1 3 39.124136
demand_19 1 4 58.139105
demand_20 1 5 5.698186
demand_21 1 6 85.587484
demand_22 1 7 160.141570
demand_23 1 8 47.350197
demand_24 1 9 173.079344
demand_25 1 10 306.046255
demand_26 1 11 81.746666
demand_27 1 12 57.041209
demand_28 1 13 37.265392
demand_29 1 14 94.694257
demand_30 1 15 22.758433
demand_31 1 16 61.862357
demand_32 2 0 1025.571619
demand_33 2 1 10.114766
demand_34 2 3 100.757138
demand_35 2 4 149.726752
demand_36 2 5 14.674647
demand_37 2 6 220.415089
demand_38 2 7 412.415657
demand_39 2 8 121.941871
demand_40 2 9 445.734554
demand_41 2 10 788.166792
demand_42 2 11 210.523757
demand_43 2 12 146.899320
demand_44 2 13 95.970278
demand_45 2 14 243.867937
demand_46 2 15 58.610229
demand_47 2 16 159.315315
demand_48 3 0 2154.272260
demand_49 3 1 21.246648
demand_50 3 2 466.301761
demand_51 3 4 314.509667
demand_52 3 5 30.824941
demand_53 3 6 462.994591
demand_54 3 7 866.302844
demand_55 3 8 256.145924
demand_56 3 9 936.291106
demand_57 3 10 1655.589746
demand_58 3 11 442.217278
demand_59 3 12 308.570483
demand_60 3 13 201.591098
demand_61 3 14 512.258649
demand_62 3 15 123.114162
demand_63 3 16 334.650997
demand_64 4 0 2253.293863
demand_65 4 1 22.223255
demand_66 4 2 487.735425
demand_67 4 3 221.374536
demand_68 4 5 32.241817
demand_69 4 6 484.276241
demand_70 4 7 906.122647
demand_71 4 8 267.919729
demand_72 4 9 979.327935
demand_73 4 10 1731.689297
demand_74 4 11 462.543893
demand_75 4 12 322.753994
demand_76 4 13 210.857277
demand_77 4 14 535.804732
demand_78 4 15 128.773132
demand_79 4 16 350.033304
demand_80 5 0 578.088167
demand_81 5 1 5.701431
demand_82 5 2 125.129741
demand_83 5 3 56.794190
demand_84 5 4 84.397093
demand_85 5 6 124.242279
demand_86 5 7 232.468028
demand_87 5 8 68.735475
demand_88 5 9 251.249027
demand_89 5 10 444.269214
demand_90 5 11 118.666791
demand_91 5 12 82.803343
demand_92 5 13 54.095961
demand_93 5 14 137.462042
demand_94 5 15 33.037069
demand_95 5 16 89.801918
demand_96 6 0 3258.698073
demand_97 6 1 32.139118
demand_98 6 2 705.359614
demand_99 6 3 320.150329
demand_100 6 4 475.748615
demand_101 6 5 46.627893
demand_102 6 7 1310.428334
demand_103 6 8 387.463667
demand_104 6 9 1416.297317
demand_105 6 10 2504.357141
demand_106 6 11 668.927795
demand_107 6 12 466.764604
demand_108 6 13 304.940343
demand_109 6 14 774.877114
demand_110 6 15 186.230817
demand_111 6 16 506.215755
demand_112 7 0 7588.053935
demand_113 7 1 74.837666
demand_114 7 2 1642.467842
demand_115 7 3 745.487281
demand_116 7 4 1107.806269
demand_117 7 5 108.575560
demand_118 7 6 1630.818907
demand_119 7 8 902.230014
demand_120 7 9 3297.924567
demand_121 7 10 5831.530455
demand_122 7 11 1557.634390
demand_123 7 12 1086.886515
demand_124 7 13 710.070008
demand_125 7 14 1804.343086
demand_126 7 15 433.648485
demand_127 7 16 1178.750645
demand_128 8 0 1988.613507
demand_129 8 1 19.612828
demand_130 8 2 430.444191
demand_131 8 3 195.371052
demand_132 8 4 290.324572
demand_133 8 5 28.454572
demand_134 8 6 427.391335
demand_135 8 7 799.686079
demand_136 8 9 864.292399
demand_137 8 10 1528.278571
demand_138 8 11 408.211751
demand_139 8 12 284.842098
demand_140 8 13 186.089190
demand_141 8 14 472.867096
demand_142 8 15 113.646956
demand_143 8 16 308.917078
demand_144 9 0 4609.263098
demand_145 9 1 45.459151
demand_146 9 2 997.695388
demand_147 9 3 452.836398
demand_148 9 4 672.922280
demand_149 9 5 65.952790
demand_150 9 6 990.619396
demand_151 9 7 1853.534396
demand_152 9 8 548.047700
demand_153 9 10 3542.286120
demand_154 9 11 946.164428
demand_155 9 12 660.214852
demand_156 9 13 431.322644
demand_157 9 14 1096.024366
demand_158 9 15 263.414042
demand_159 9 16 716.016504
demand_160 10 0 9348.685192
demand_161 10 1 92.202004
demand_162 10 2 2023.564266
demand_163 10 3 918.460249
demand_164 10 4 1364.846922
demand_165 10 5 133.767991
demand_166 10 6 2009.212467
demand_167 10 7 3759.409951
demand_168 10 8 1111.571483
demand_169 10 9 4063.131184
demand_170 10 11 1919.047186
demand_171 10 12 1339.073227
demand_172 10 13 874.825223
demand_173 10 14 2222.998892
demand_174 10 15 534.266520
demand_175 10 16 1452.252289
demand_176 11 0 5417.513337
demand_177 11 1 53.430571
demand_178 11 2 1172.644728
demand_179 11 3 532.242828
demand_180 11 4 790.921531
demand_181 11 5 77.517839
demand_182 11 6 1164.327936
demand_183 11 7 2178.558068
demand_184 11 8 644.149761
demand_185 11 9 2354.562907
demand_186 11 10 4163.438253
demand_187 11 12 775.985812
demand_188 11 13 506.956563
demand_189 11 14 1288.216032
demand_190 11 15 309.604606
demand_191 11 16 841.572476
demand_192 12 0 7549.657070
demand_193 12 1 74.458975
demand_194 12 2 1634.156671
demand_195 12 3 741.714987
demand_196 12 4 1102.200577
demand_197 12 5 108.026149
demand_198 12 6 1622.566681
demand_199 12 7 3035.962312
demand_200 12 8 897.664574
demand_201 12 9 3281.236499
demand_202 12 10 5802.021902
demand_203 12 11 1549.752490
demand_204 12 13 706.476931
demand_205 12 14 1795.212798
demand_206 12 15 431.454148
demand_207 12 16 1172.785962
demand_208 13 0 307.848721
demand_209 13 1 3.036178
demand_210 13 2 66.635217
demand_211 13 3 30.244554
demand_212 13 4 44.943901
demand_213 13 5 4.404930
demand_214 13 6 66.162618
demand_215 13 7 123.795969
demand_216 13 8 36.603635
demand_217 13 9 133.797396
demand_218 13 10 236.586245
demand_219 13 11 63.193509
demand_220 13 12 44.095182
demand_221 13 14 73.202525
demand_222 13 15 17.593197
demand_223 13 16 47.822127
demand_224 14 0 992.254065
demand_225 14 1 9.786169
demand_226 14 2 214.777782
demand_227 14 3 97.483860
demand_228 14 4 144.862607
demand_229 14 5 14.197915
demand_230 14 6 213.254506
demand_231 14 7 399.017587
demand_232 14 8 117.980368
demand_233 14 9 431.254059
demand_234 14 10 762.561765
demand_235 14 11 203.684511
demand_236 14 12 142.127029
demand_237 14 13 92.852510
demand_238 14 15 56.706169
demand_239 14 16 154.139669
demand_240 15 0 624.484042
demand_241 15 1 6.159014
demand_242 15 2 135.172333
demand_243 15 3 61.352346
demand_244 15 4 91.170588
demand_245 15 5 8.935586
demand_246 15 6 134.213646
demand_247 15 7 251.125316
demand_248 15 8 74.252009
demand_249 15 9 271.413630
demand_250 15 10 479.925122
demand_251 15 11 128.190683
demand_252 15 12 89.448927
demand_253 15 13 58.437564
demand_254 15 14 148.494393
demand_255 15 16 97.009190
demand_256 16 0 1088.579847
demand_257 16 1 10.736188
demand_258 16 2 235.627923
demand_259 16 3 106.947372
demand_260 16 4 158.925541
demand_261 16 5 15.576216
demand_262 16 6 233.956771
demand_263 16 7 437.753312
demand_264 16 8 129.433636
demand_265 16 9 473.119228
demand_266 16 10 836.589537
demand_267 16 11 223.457743
demand_268 16 12 155.924400
demand_269 16 13 101.866422
demand_270 16 14 258.850495
demand_271 16 15 62.211076
