DEMANDS 272
label src dest bw
demand_0 0 1 530.169252
demand_1 0 2 691.342195
demand_2 0 3 165.648714
demand_3 0 4 97.153168
demand_4 0 5 858.609682
demand_5 0 6 366.313071
demand_6 0 7 751.806035
demand_7 0 8 561.738900
demand_8 0 9 362.395771
demand_9 0 10 31.331630
demand_10 0 11 376.744337
demand_11 0 12 212.966240
demand_12 0 13 76.948273
demand_13 0 14 202.076406
demand_14 0 15 313.751104
demand_15 0 16 77.919503
demand_16 1 0 287.418799
demand_17 1 2 1164.080495
demand_18 1 3 278.918947
demand_19 1 4 163.586294
demand_20 1 5 1445.725129
demand_21 1 6 616.797158
demand_22 1 7 1265.889378
demand_23 1 8 945.854747
demand_24 1 9 610.201216
demand_25 1 10 52.756131
demand_26 1 11 634.361302
demand_27 1 12 358.592094
demand_28 1 13 129.565336
demand_29 1 14 340.255816
demand_30 1 15 528.293432
demand_31 1 16 131.200691
demand_32 2 0 114.901487
demand_33 2 1 356.874047
demand_34 2 3 111.503500
demand_35 2 4 65.396935
demand_36 2 5 577.957909
demand_37 2 6 246.577159
demand_38 2 7 506.064924
demand_39 2 8 378.124597
demand_40 2 9 243.940298
demand_41 2 10 21.090332
demand_42 2 11 253.598782
demand_43 2 12 143.354454
demand_44 2 13 51.796368
demand_45 2 14 136.024156
demand_46 2 15 211.196002
demand_47 2 16 52.450134
demand_48 3 0 356.550272
demand_49 3 1 1107.414199
demand_50 3 2 1444.071226
demand_51 3 4 202.932926
demand_52 3 5 1793.458501
demand_53 3 6 765.152437
demand_54 3 7 1570.367715
demand_55 3 8 1173.356680
demand_56 3 9 756.970005
demand_57 3 10 65.445312
demand_58 3 11 786.941201
demand_59 3 12 444.842541
demand_60 3 13 160.729069
demand_61 3 14 422.095925
demand_62 3 15 655.361332
demand_63 3 16 162.757767
demand_64 4 0 1302.029390
demand_65 4 1 4043.990279
demand_66 4 2 5273.374685
demand_67 4 3 1263.524404
demand_68 4 5 6549.246664
demand_69 4 6 2794.138835
demand_70 4 7 5734.576802
demand_71 4 8 4284.795168
demand_72 4 9 2764.258710
demand_73 4 10 238.989356
demand_74 4 11 2873.705766
demand_75 4 12 1624.449926
demand_76 4 13 586.940995
demand_77 4 14 1541.385166
demand_78 4 15 2393.210111
demand_79 4 16 594.349278
demand_80 5 0 110.204065
demand_81 5 1 342.284260
demand_82 5 2 446.339636
demand_83 5 3 106.944994
demand_84 5 4 62.723366
demand_85 5 6 236.496548
demand_86 5 7 485.375888
demand_87 5 8 362.666040
demand_88 5 9 233.967488
demand_89 5 10 20.228114
demand_90 5 11 243.231111
demand_91 5 12 137.493812
demand_92 5 13 49.678820
demand_93 5 14 130.463192
demand_94 5 15 202.561850
demand_95 5 16 50.305858
demand_96 6 0 118.160548
demand_97 6 1 366.996406
demand_98 6 2 478.564345
demand_99 6 3 114.666180
demand_100 6 4 67.251851
demand_101 6 5 594.351080
demand_102 6 7 520.418926
demand_103 6 8 388.849705
demand_104 6 9 250.859409
demand_105 6 10 21.688537
demand_106 6 11 260.791846
demand_107 6 12 147.420553
demand_108 6 13 53.265518
demand_109 6 14 139.882338
demand_110 6 15 217.186355
demand_111 6 16 53.937827
demand_112 7 0 135.573799
demand_113 7 1 421.080453
demand_114 7 2 549.090094
demand_115 7 3 131.564468
demand_116 7 4 77.162717
demand_117 7 5 681.940253
demand_118 7 6 290.939682
demand_119 7 8 446.154260
demand_120 7 9 287.828415
demand_121 7 10 24.884765
demand_122 7 11 299.224588
demand_123 7 12 169.145835
demand_124 7 13 61.115226
demand_125 7 14 160.496717
demand_126 7 15 249.192982
demand_127 7 16 61.886614
demand_128 8 0 384.965467
demand_129 8 1 1195.669329
demand_130 8 2 1559.156164
demand_131 8 3 373.580863
demand_132 8 4 219.105620
demand_133 8 5 1936.387782
demand_134 8 6 826.131092
demand_135 8 7 1695.517824
demand_136 8 9 817.296563
demand_137 8 10 70.660962
demand_138 8 11 849.656307
demand_139 8 12 480.294170
demand_140 8 13 173.538337
demand_141 8 14 455.734767
demand_142 8 15 707.590209
demand_143 8 16 175.728712
demand_144 9 0 210.085284
demand_145 9 1 652.506658
demand_146 9 2 850.870515
demand_147 9 3 203.872420
demand_148 9 4 119.571417
demand_149 9 5 1056.735244
demand_150 9 6 450.840400
demand_151 9 7 925.286483
demand_152 9 8 691.361052
demand_153 9 10 38.561454
demand_154 9 11 463.678698
demand_155 9 12 262.108541
demand_156 9 13 94.704211
demand_157 9 14 248.705861
demand_158 9 15 386.149675
demand_159 9 16 95.899553
demand_160 10 0 578.300107
demand_161 10 1 1796.149941
demand_162 10 2 2342.184569
demand_163 10 3 561.198007
demand_164 10 4 329.143299
demand_165 10 5 2908.866786
demand_166 10 6 1241.024819
demand_167 10 7 2547.028819
demand_168 10 8 1903.104126
demand_169 10 9 1227.753475
demand_170 10 11 1276.364701
demand_171 10 12 721.504118
demand_172 10 13 260.691535
demand_173 10 14 684.610665
demand_174 10 15 1062.951170
demand_175 10 16 263.981945
demand_176 11 0 299.274227
demand_177 11 1 929.519776
demand_178 11 2 1212.096399
demand_179 11 3 290.423774
demand_180 11 4 170.333889
demand_181 11 5 1505.358289
demand_182 11 6 642.238760
demand_183 11 7 1318.104687
demand_184 11 8 984.869292
demand_185 11 9 635.370750
demand_186 11 10 54.932212
demand_187 11 12 373.383274
demand_188 11 13 134.909637
demand_189 11 14 354.290662
demand_190 11 15 550.084439
demand_191 11 16 136.612447
demand_192 12 0 212.510489
demand_193 12 1 660.039134
demand_194 12 2 860.692885
demand_195 12 3 206.225905
demand_196 12 4 120.951738
demand_197 12 5 1068.934097
demand_198 12 6 456.044859
demand_199 12 7 935.967904
demand_200 12 8 699.342060
demand_201 12 9 451.167980
demand_202 12 10 39.006604
demand_203 12 11 469.031361
demand_204 12 13 95.797467
demand_205 12 14 251.576898
demand_206 12 15 390.607351
demand_207 12 16 97.006609
demand_208 13 0 501.604776
demand_209 13 1 1557.940899
demand_210 13 2 2031.559309
demand_211 13 3 486.770791
demand_212 13 4 285.491648
demand_213 13 5 2523.086984
demand_214 13 6 1076.437595
demand_215 13 7 2209.236700
demand_216 13 8 1650.710604
demand_217 13 9 1064.926323
demand_218 13 10 92.070274
demand_219 13 11 1107.090630
demand_220 13 12 625.816781
demand_221 13 14 593.816213
demand_222 13 15 921.980434
demand_223 13 16 228.972125
demand_224 14 0 97.529903
demand_225 14 1 302.919414
demand_226 14 2 395.007767
demand_227 14 3 94.645646
demand_228 14 4 55.509784
demand_229 14 5 490.578321
demand_230 14 6 209.297956
demand_231 14 7 429.554604
demand_232 14 8 320.957161
demand_233 14 9 207.059753
demand_234 14 10 17.901753
demand_235 14 11 215.258002
demand_236 14 12 121.681158
demand_237 14 13 43.965443
demand_238 14 15 179.265961
demand_239 14 16 44.520368
demand_240 15 0 1327.136720
demand_241 15 1 4121.971467
demand_242 15 2 5375.062373
demand_243 15 3 1287.889234
demand_244 15 4 755.348568
demand_245 15 5 6675.537282
demand_246 15 6 2848.018852
demand_247 15 7 5845.157956
demand_248 15 8 4367.419851
demand_249 15 9 2817.562541
demand_250 15 10 243.597842
demand_251 15 11 2929.120091
demand_252 15 12 1655.774564
demand_253 15 13 598.259112
demand_254 15 14 1571.108048
demand_255 15 16 605.810251
demand_256 16 0 144.986953
demand_257 16 1 450.316892
demand_258 16 2 587.214492
demand_259 16 3 140.699246
demand_260 16 4 82.520275
demand_261 16 5 729.288697
demand_262 16 6 311.140193
demand_263 16 7 638.571466
demand_264 16 8 477.131622
demand_265 16 9 307.812904
demand_266 16 10 26.612562
demand_267 16 11 320.000336
demand_268 16 12 180.889960
demand_269 16 13 65.358576
demand_270 16 14 171.640318
demand_271 16 15 266.494938
