DEMANDS 272
label src dest bw
demand_0 0 1 39.623342
demand_1 0 2 2216.213123
demand_2 0 3 1783.314249
demand_3 0 4 55.764929
demand_4 0 5 2837.314791
demand_5 0 6 3108.519821
demand_6 0 7 2927.960885
demand_7 0 8 4482.145792
demand_8 0 9 840.987823
demand_9 0 10 5036.616717
demand_10 0 11 932.582220
demand_11 0 12 1397.897446
demand_12 0 13 3435.540364
demand_13 0 14 732.894092
demand_14 0 15 24.191601
demand_15 0 16 395.308548
demand_16 1 0 969.339411
demand_17 1 2 3525.296242
demand_18 1 3 2836.690638
demand_19 1 4 88.704418
demand_20 1 5 4513.273145
demand_21 1 6 4944.674827
demand_22 1 7 4657.462496
demand_23 1 8 7129.680603
demand_24 1 9 1337.746439
demand_25 1 10 8011.669004
demand_26 1 11 1483.444241
demand_27 1 12 2223.614038
demand_28 1 13 5464.861393
demand_29 1 14 1165.803397
demand_30 1 15 38.481209
demand_31 1 16 628.811248
demand_32 2 0 411.438264
demand_33 2 1 26.752477
demand_34 2 3 1204.039637
demand_35 2 4 37.650787
demand_36 2 5 1915.668802
demand_37 2 6 2098.778204
demand_38 2 7 1976.870293
demand_39 2 8 3026.208755
demand_40 2 9 567.809445
demand_41 2 10 3400.570689
demand_42 2 11 629.651200
demand_43 2 12 943.817913
demand_44 2 13 2319.572546
demand_45 2 14 494.827839
demand_46 2 15 16.333434
demand_47 2 16 266.900330
demand_48 3 0 30.283378
demand_49 3 1 1.969081
demand_50 3 2 110.134674
demand_51 3 4 2.771237
demand_52 3 5 141.000310
demand_53 3 6 154.477840
demand_54 3 7 145.504967
demand_55 3 8 222.740159
demand_56 3 9 41.792876
demand_57 3 10 250.294582
demand_58 3 11 46.344658
demand_59 3 12 69.468490
demand_60 3 13 170.729120
demand_61 3 14 36.421159
demand_62 3 15 1.202201
demand_63 3 16 19.644852
demand_64 4 0 174.451453
demand_65 4 1 11.343156
demand_66 4 2 634.445524
demand_67 4 3 510.517572
demand_68 4 5 812.251155
demand_69 4 6 889.890266
demand_70 4 7 838.200829
demand_71 4 8 1283.124490
demand_72 4 9 240.753452
demand_73 4 10 1441.855432
demand_74 4 11 266.974601
demand_75 4 12 400.182531
demand_76 4 13 983.507941
demand_77 4 14 209.808962
demand_78 4 15 6.925441
demand_79 4 16 113.166796
demand_80 5 0 68.864304
demand_81 5 1 4.477684
demand_82 5 2 250.445890
demand_83 5 3 201.525621
demand_84 5 4 6.301784
demand_85 5 6 351.282107
demand_86 5 7 330.877822
demand_87 5 8 506.510399
demand_88 5 9 95.036864
demand_89 5 10 569.169068
demand_90 5 11 105.387601
demand_91 5 12 157.971121
demand_92 5 13 388.237465
demand_93 5 14 82.821598
demand_94 5 15 2.733802
demand_95 5 16 44.672329
demand_96 6 0 85.024751
demand_97 6 1 5.528467
demand_98 6 2 309.218250
demand_99 6 3 248.817817
demand_100 6 4 7.780630
demand_101 6 5 395.877772
demand_102 6 7 408.525214
demand_103 6 8 625.373644
demand_104 6 9 117.339249
demand_105 6 10 702.736478
demand_106 6 11 130.119003
demand_107 6 12 195.042343
demand_108 6 13 479.345495
demand_109 6 14 102.257416
demand_110 6 15 3.375345
demand_111 6 16 55.155624
demand_112 7 0 86.848205
demand_113 7 1 5.647031
demand_114 7 2 315.849791
demand_115 7 3 254.154001
demand_116 7 4 7.947494
demand_117 7 5 404.367827
demand_118 7 6 443.019367
demand_119 7 8 638.785502
demand_120 7 9 119.855724
demand_121 7 10 717.807471
demand_122 7 11 132.909555
demand_123 7 12 199.225251
demand_124 7 13 489.625612
demand_125 7 14 104.450444
demand_126 7 15 3.447733
demand_127 7 16 56.338500
demand_128 8 0 29.150613
demand_129 8 1 1.895427
demand_130 8 2 106.015029
demand_131 8 3 85.306828
demand_132 8 4 2.667578
demand_133 8 5 135.726121
demand_134 8 6 148.699516
demand_135 8 7 140.062278
demand_136 8 9 40.229591
demand_137 8 10 240.932184
demand_138 8 11 44.611112
demand_139 8 12 66.869985
demand_140 8 13 164.342909
demand_141 8 14 35.058807
demand_142 8 15 1.157232
demand_143 8 16 18.910026
demand_144 9 0 95.111291
demand_145 9 1 6.184312
demand_146 9 2 345.901006
demand_147 9 3 278.335232
demand_148 9 4 8.703651
demand_149 9 5 442.841003
demand_150 9 6 485.170006
demand_151 9 7 456.988819
demand_152 9 8 699.562115
demand_153 9 10 786.102552
demand_154 9 11 145.555103
demand_155 9 12 218.180340
demand_156 9 13 536.210555
demand_157 9 14 114.388279
demand_158 9 15 3.775765
demand_159 9 16 61.698770
demand_160 10 0 246.111009
demand_161 10 1 16.002593
demand_162 10 2 895.057198
demand_163 10 3 720.223266
demand_164 10 4 22.521661
demand_165 10 5 1145.900184
demand_166 10 6 1255.431172
demand_167 10 7 1182.509226
demand_168 10 8 1810.194521
demand_169 10 9 339.647932
demand_170 10 11 376.639963
demand_171 10 12 564.565816
demand_172 10 13 1387.504252
demand_173 10 14 295.992351
demand_174 10 15 9.770209
demand_175 10 16 159.652408
demand_176 11 0 87.997083
demand_177 11 1 5.721733
demand_178 11 2 320.028034
demand_179 11 3 257.516096
demand_180 11 4 8.052628
demand_181 11 5 409.717037
demand_182 11 6 448.879882
demand_183 11 7 422.806613
demand_184 11 8 647.235723
demand_185 11 9 121.441244
demand_186 11 10 727.303041
demand_187 11 12 201.860717
demand_188 11 13 496.102661
demand_189 11 14 105.832175
demand_190 11 15 3.493342
demand_191 11 16 57.083778
demand_192 12 0 188.271310
demand_193 12 1 12.241749
demand_194 12 2 684.705621
demand_195 12 3 550.960229
demand_196 12 4 17.228740
demand_197 12 5 876.596824
demand_198 12 6 960.386422
demand_199 12 7 904.602203
demand_200 12 8 1384.772242
demand_201 12 9 259.825683
demand_202 12 10 1556.077680
demand_203 12 11 288.124044
demand_204 12 13 1061.420390
demand_205 12 14 226.429804
demand_206 12 15 7.474067
demand_207 12 16 122.131749
demand_208 13 0 44.731735
demand_209 13 1 2.908540
demand_210 13 2 162.680495
demand_211 13 3 130.903676
demand_212 13 4 4.093409
demand_213 13 5 208.272287
demand_214 13 6 228.180015
demand_215 13 7 214.926138
demand_216 13 8 329.010640
demand_217 13 9 61.732473
demand_218 13 10 369.711421
demand_219 13 11 68.455933
demand_220 13 12 102.612265
demand_221 13 14 53.797883
demand_222 13 15 1.775778
demand_223 13 16 29.017512
demand_224 14 0 930.034056
demand_225 14 1 60.472535
demand_226 14 2 3382.350419
demand_227 14 3 2721.666808
demand_228 14 4 85.107578
demand_229 14 5 4330.266243
demand_230 14 6 4744.175192
demand_231 14 7 4468.608918
demand_232 14 8 6840.582045
demand_233 14 9 1283.502695
demand_234 14 10 7686.807052
demand_235 14 11 1423.292656
demand_236 14 12 2133.449605
demand_237 14 13 5243.268921
demand_238 14 15 36.920850
demand_239 14 16 603.313833
demand_240 15 0 208.046002
demand_241 15 1 13.527536
demand_242 15 2 756.622274
demand_243 15 3 608.829209
demand_244 15 4 19.038326
demand_245 15 5 968.668377
demand_246 15 6 1061.258645
demand_247 15 7 999.615244
demand_248 15 8 1530.218960
demand_249 15 9 287.115942
demand_250 15 10 1719.517114
demand_251 15 11 318.386563
demand_252 15 12 477.246675
demand_253 15 13 1172.904508
demand_254 15 14 250.212395
demand_255 15 16 134.959607
demand_256 16 0 32.327848
demand_257 16 1 2.102017
demand_258 16 2 117.570007
demand_259 16 3 94.604741
demand_260 16 4 2.958327
demand_261 16 5 150.519422
demand_262 16 6 164.906837
demand_263 16 7 155.328193
demand_264 16 8 237.777633
demand_265 16 9 44.614366
demand_266 16 10 267.192290
demand_267 16 11 49.473445
demand_268 16 12 74.158397
demand_269 16 13 182.255262
demand_270 16 14 38.879999
demand_271 16 15 1.283363
