DEMANDS 272
label src dest bw
demand_0 0 1 2399.846417
demand_1 0 2 19.432797
demand_2 0 3 43.245854
demand_3 0 4 364.388674
demand_4 0 5 407.582625
demand_5 0 6 386.782407
demand_6 0 7 530.256174
demand_7 0 8 839.310387
demand_8 0 9 2653.048810
demand_9 0 10 416.807205
demand_10 0 11 1638.030114
demand_11 0 12 776.493554
demand_12 0 13 272.968910
demand_13 0 14 249.910191
demand_14 0 15 1415.480224
demand_15 0 16 229.089455
demand_16 1 0 1306.355144
demand_17 1 2 9.675023
demand_18 1 3 21.530849
demand_19 1 4 181.418492
demand_20 1 5 202.923500
demand_21 1 6 192.567679
demand_22 1 7 263.999083
demand_23 1 8 417.868161
demand_24 1 9 1320.875619
demand_25 1 10 207.516150
demand_26 1 11 815.527416
demand_27 1 12 386.593492
demand_28 1 13 135.903258
demand_29 1 14 124.422995
demand_30 1 15 704.726317
demand_31 1 16 114.056958
demand_32 2 0 409.684199
demand_33 2 1 374.703791
demand_34 2 3 6.752259
demand_35 2 4 56.894398
demand_36 2 5 63.638554
demand_37 2 6 60.390879
demand_38 2 7 82.792381
demand_39 2 8 131.047046
demand_40 2 9 414.237945
demand_41 2 10 65.078848
demand_42 2 11 255.756406
demand_43 2 12 121.239041
demand_44 2 13 42.620430
demand_45 2 14 39.020120
demand_46 2 15 221.008229
demand_47 2 16 35.769242
demand_48 3 0 53.187412
demand_49 3 1 48.646067
demand_50 3 2 0.393912
demand_51 3 4 7.386338
demand_52 3 5 8.261900
demand_53 3 6 7.840270
demand_54 3 7 10.748553
demand_55 3 8 17.013234
demand_56 3 9 53.778604
demand_57 3 10 8.448887
demand_58 3 11 33.203676
demand_59 3 12 15.739906
demand_60 3 13 5.533214
demand_61 3 14 5.065802
demand_62 3 15 28.692480
demand_63 3 16 4.643756
demand_64 4 0 1953.579914
demand_65 4 1 1786.775770
demand_66 4 2 14.468447
demand_67 4 3 32.198162
demand_68 4 5 303.460569
demand_69 4 6 287.974025
demand_70 4 7 394.795633
demand_71 4 8 624.898099
demand_72 4 9 1975.294460
demand_73 4 10 310.328615
demand_74 4 11 1219.574928
demand_75 4 12 578.128608
demand_76 4 13 203.235603
demand_77 4 14 186.067521
demand_78 4 15 1053.878177
demand_79 4 16 170.565701
demand_80 5 0 5256.843211
demand_81 5 1 4807.993781
demand_82 5 2 38.932810
demand_83 5 3 86.641293
demand_84 5 4 730.037750
demand_85 5 6 774.902674
demand_86 5 7 1062.346478
demand_87 5 8 1681.523906
demand_88 5 9 5315.274382
demand_89 5 10 835.056126
demand_90 5 11 3281.726092
demand_91 5 12 1555.672961
demand_92 5 13 546.882005
demand_93 5 14 500.684808
demand_94 5 15 2835.856523
demand_95 5 16 458.971319
demand_96 6 0 1375.002780
demand_97 6 1 1257.599770
demand_98 6 2 10.183435
demand_99 6 3 22.662273
demand_100 6 4 190.951850
demand_101 6 5 213.586924
demand_102 6 7 277.871966
demand_103 6 8 439.826708
demand_104 6 9 1390.286291
demand_105 6 10 218.420913
demand_106 6 11 858.382554
demand_107 6 12 406.908588
demand_108 6 13 143.044836
demand_109 6 14 130.961297
demand_110 6 15 741.758969
demand_111 6 16 120.050535
demand_112 7 0 4118.671404
demand_113 7 1 3767.003446
demand_114 7 2 30.503373
demand_115 7 3 67.882377
demand_116 7 4 571.975515
demand_117 7 5 639.776421
demand_118 7 6 607.126626
demand_119 7 8 1317.453108
demand_120 7 9 4164.451501
demand_121 7 10 654.256109
demand_122 7 11 2571.191658
demand_123 7 12 1218.850455
demand_124 7 13 428.475263
demand_125 7 14 392.280332
demand_126 7 15 2221.858384
demand_127 7 16 359.598331
demand_128 8 0 1947.040637
demand_129 8 1 1780.794842
demand_130 8 2 14.420016
demand_131 8 3 32.090384
demand_132 8 4 270.392916
demand_133 8 5 302.444786
demand_134 8 6 287.010081
demand_135 8 7 393.474121
demand_136 8 9 1968.682497
demand_137 8 10 309.289843
demand_138 8 11 1215.492608
demand_139 8 12 576.193421
demand_140 8 13 202.555306
demand_141 8 14 185.444692
demand_142 8 15 1050.350499
demand_143 8 16 169.994762
demand_144 9 0 1907.423396
demand_145 9 1 1744.560272
demand_146 9 2 14.126606
demand_147 9 3 31.437428
demand_148 9 4 264.891120
demand_149 9 5 296.290817
demand_150 9 6 281.170168
demand_151 9 7 385.467940
demand_152 9 8 610.133860
demand_153 9 10 302.996595
demand_154 9 11 1190.760476
demand_155 9 12 564.469375
demand_156 9 13 198.433830
demand_157 9 14 181.671372
demand_158 9 15 1028.978583
demand_159 9 16 166.535808
demand_160 10 0 3751.288327
demand_161 10 1 3430.988946
demand_162 10 2 27.782490
demand_163 10 3 61.827309
demand_164 10 4 520.955634
demand_165 10 5 582.708739
demand_166 10 6 552.971287
demand_167 10 7 758.091459
demand_168 10 8 1199.937062
demand_169 10 9 3792.984867
demand_170 10 11 2341.842868
demand_171 10 12 1110.129708
demand_172 10 13 390.255520
demand_173 10 14 357.289156
demand_174 10 15 2023.669918
demand_175 10 16 327.522371
demand_176 11 0 2750.412320
demand_177 11 1 2515.571570
demand_178 11 2 20.369883
demand_179 11 3 45.331251
demand_180 11 4 381.960188
demand_181 11 5 427.237033
demand_182 11 6 405.433789
demand_183 11 7 555.826134
demand_184 11 8 879.783528
demand_185 11 9 2780.983863
demand_186 11 10 436.906441
demand_187 11 12 813.937549
demand_188 11 13 286.131989
demand_189 11 14 261.961335
demand_190 11 15 1483.737369
demand_191 11 16 240.136584
demand_192 12 0 2545.789100
demand_193 12 1 2328.419865
demand_194 12 2 18.854419
demand_195 12 3 41.958729
demand_196 12 4 353.543386
demand_197 12 5 395.451756
demand_198 12 6 375.270614
demand_199 12 7 514.474177
demand_200 12 8 814.330019
demand_201 12 9 2574.086204
demand_202 12 10 404.401786
demand_203 12 11 1589.277477
demand_204 12 13 264.844545
demand_205 12 14 242.472122
demand_206 12 15 1373.351332
demand_207 12 16 222.271073
demand_208 13 0 216.880386
demand_209 13 1 198.362307
demand_210 13 2 1.606242
demand_211 13 3 3.574540
demand_212 13 4 30.119002
demand_213 13 5 33.689252
demand_214 13 6 31.969984
demand_215 13 7 43.828987
demand_216 13 8 69.374250
demand_217 13 9 219.291068
demand_218 13 10 34.451721
demand_219 13 11 135.393428
demand_220 13 12 64.182046
demand_221 13 14 20.656639
demand_222 13 15 116.998288
demand_223 13 16 18.935675
demand_224 14 0 1567.614073
demand_225 14 1 1433.765173
demand_226 14 2 11.609937
demand_227 14 3 25.836820
demand_228 14 4 217.700511
demand_229 14 5 243.506321
demand_230 14 6 231.079431
demand_231 14 7 316.796454
demand_232 14 8 501.437923
demand_233 14 9 1585.038509
demand_234 14 10 249.017458
demand_235 14 11 978.625346
demand_236 14 12 463.908610
demand_237 14 13 163.082651
demand_238 14 15 845.665053
demand_239 14 16 136.867293
demand_240 15 0 3904.769275
demand_241 15 1 3571.365102
demand_242 15 2 28.919189
demand_243 15 3 64.356924
demand_244 15 4 542.270116
demand_245 15 5 606.549799
demand_246 15 6 575.595663
demand_247 15 7 789.108162
demand_248 15 8 1249.031523
demand_249 15 9 3948.171795
demand_250 15 10 620.277488
demand_251 15 11 2437.657488
demand_252 15 12 1155.549773
demand_253 15 13 406.222511
demand_254 15 14 371.907355
demand_255 15 16 340.922685
demand_256 16 0 1710.778010
demand_257 16 1 1564.705224
demand_258 16 2 12.670227
demand_259 16 3 28.196393
demand_260 16 4 237.582229
demand_261 16 5 265.744782
demand_262 16 6 252.182993
demand_263 16 7 345.728210
demand_264 16 8 547.232247
demand_265 16 9 1729.793750
demand_266 16 10 271.759229
demand_267 16 11 1067.999293
demand_268 16 12 506.275532
demand_269 16 13 177.976339
demand_270 16 14 162.942002
demand_271 16 15 922.896267
