DEMANDS 272
label src dest bw
demand_0 0 1 922.859756
demand_1 0 2 1428.747696
demand_2 0 3 7090.050333
demand_3 0 4 2533.856536
demand_4 0 5 5577.003447
demand_5 0 6 1758.300949
demand_6 0 7 4285.939672
demand_7 0 8 1065.798548
demand_8 0 9 7195.510779
demand_9 0 10 2759.674533
demand_10 0 11 4068.061028
demand_11 0 12 1147.594820
demand_12 0 13 782.195025
demand_13 0 14 792.051912
demand_14 0 15 1376.571912
demand_15 0 16 11180.689901
demand_16 1 0 112.476115
demand_17 1 2 200.666174
demand_18 1 3 995.790424
demand_19 1 4 355.877597
demand_20 1 5 783.284514
demand_21 1 6 246.951596
demand_22 1 7 601.955908
demand_23 1 8 149.690332
demand_24 1 9 1010.602238
demand_25 1 10 387.593507
demand_26 1 11 571.355072
demand_27 1 12 161.178536
demand_28 1 13 109.858503
demand_29 1 14 111.242893
demand_30 1 15 193.338138
demand_31 1 16 1570.316629
demand_32 2 0 137.294911
demand_33 2 1 158.215296
demand_34 2 3 1215.519914
demand_35 2 4 434.404967
demand_36 2 5 956.122796
demand_37 2 6 301.443533
demand_38 2 7 734.782516
demand_39 2 8 182.720756
demand_40 2 9 1233.600078
demand_41 2 10 473.119258
demand_42 2 11 697.429350
demand_43 2 12 196.743929
demand_44 2 13 134.099701
demand_45 2 14 135.789568
demand_46 2 15 235.999816
demand_47 2 16 1916.820134
demand_48 3 0 427.429696
demand_49 3 1 492.559524
demand_50 3 2 762.567964
demand_51 3 4 1352.399605
demand_52 3 5 2976.623637
demand_53 3 6 938.460988
demand_54 3 7 2287.541949
demand_55 3 8 568.850491
demand_56 3 9 3840.472338
demand_57 3 10 1472.925833
demand_58 3 11 2171.253206
demand_59 3 12 612.507756
demand_60 3 13 417.482295
demand_61 3 14 422.743229
demand_62 3 15 734.720093
demand_63 3 16 5967.488842
demand_64 4 0 27.681012
demand_65 4 1 31.898921
demand_66 4 2 49.385088
demand_67 4 3 245.069694
demand_68 4 5 192.770779
demand_69 4 6 60.776194
demand_70 4 7 148.144777
demand_71 4 8 36.839643
demand_72 4 9 248.714965
demand_73 4 10 95.388969
demand_74 4 11 140.613737
demand_75 4 12 39.666955
demand_76 4 13 27.036803
demand_77 4 14 27.377509
demand_78 4 15 47.581617
demand_79 4 16 386.463864
demand_80 5 0 34.244718
demand_81 5 1 39.462775
demand_82 5 2 61.095252
demand_83 5 3 303.180480
demand_84 5 4 108.351253
demand_85 5 6 75.187411
demand_86 5 7 183.272781
demand_87 5 8 45.575038
demand_88 5 9 307.690116
demand_89 5 10 118.007547
demand_90 5 11 173.955986
demand_91 5 12 49.072761
demand_92 5 13 33.447754
demand_93 5 14 33.869249
demand_94 5 15 58.864142
demand_95 5 16 478.101955
demand_96 6 0 201.943690
demand_97 6 1 232.714967
demand_98 6 2 360.283316
demand_99 6 3 1787.878191
demand_100 6 4 638.955526
demand_101 6 5 1406.337384
demand_102 6 7 1080.773437
demand_103 6 8 268.759443
demand_104 6 9 1814.471858
demand_105 6 10 695.899420
demand_106 6 11 1025.831588
demand_107 6 12 289.385781
demand_108 6 13 197.243935
demand_109 6 14 199.729519
demand_110 6 15 347.126295
demand_111 6 16 2819.403347
demand_112 7 0 31.976052
demand_113 7 1 36.848420
demand_114 7 2 57.047774
demand_115 7 3 283.095181
demand_116 7 4 101.173129
demand_117 7 5 222.681465
demand_118 7 6 70.206346
demand_119 7 8 42.555753
demand_120 7 9 287.306060
demand_121 7 10 110.189706
demand_122 7 11 162.431635
demand_123 7 12 45.821757
demand_124 7 13 31.231886
demand_125 7 14 31.625457
demand_126 7 15 54.964472
demand_127 7 16 446.428344
demand_128 8 0 50.318570
demand_129 8 1 57.985889
demand_130 8 2 89.772260
demand_131 8 3 445.487920
demand_132 8 4 159.209374
demand_133 8 5 350.418904
demand_134 8 6 110.479023
demand_135 8 7 269.297714
demand_136 8 9 452.114298
demand_137 8 10 173.398158
demand_138 8 11 255.607783
demand_139 8 12 72.106629
demand_140 8 13 49.147526
demand_141 8 14 49.766862
demand_142 8 15 86.493907
demand_143 8 16 702.514376
demand_144 9 0 428.771713
demand_145 9 1 494.106032
demand_146 9 2 764.962228
demand_147 9 3 3796.066102
demand_148 9 4 1356.645786
demand_149 9 5 2985.969456
demand_150 9 6 941.407510
demand_151 9 7 2294.724232
demand_152 9 8 570.636533
demand_153 9 10 1477.550434
demand_154 9 11 2178.070372
demand_155 9 12 614.430870
demand_156 9 13 418.793080
demand_157 9 14 424.070532
demand_158 9 15 737.026922
demand_159 9 16 5986.225194
demand_160 10 0 438.288213
demand_161 10 1 505.072614
demand_162 10 2 781.940407
demand_163 10 3 3880.319007
demand_164 10 4 1386.756259
demand_165 10 5 3052.242433
demand_166 10 6 962.301856
demand_167 10 7 2345.655164
demand_168 10 8 583.301693
demand_169 10 9 3938.036534
demand_170 10 11 2226.412196
demand_171 10 12 628.068037
demand_172 10 13 428.088106
demand_173 10 14 433.482690
demand_174 10 15 753.385082
demand_175 10 16 6119.088229
demand_176 11 0 100.182365
demand_177 11 1 115.447706
demand_178 11 2 178.733164
demand_179 11 3 886.949553
demand_180 11 4 316.979826
demand_181 11 5 697.670748
demand_182 11 6 219.959544
demand_183 11 7 536.161536
demand_184 11 8 133.329032
demand_185 11 9 900.142421
demand_186 11 10 345.229156
demand_187 11 12 143.561564
demand_188 11 13 97.850861
demand_189 11 14 99.083935
demand_190 11 15 172.206090
demand_191 11 16 1398.679480
demand_192 12 0 66.785032
demand_193 12 1 76.961437
demand_194 12 2 119.149713
demand_195 12 3 591.271270
demand_196 12 4 211.309723
demand_197 12 5 465.091467
demand_198 12 6 146.632645
demand_199 12 7 357.423837
demand_200 12 8 88.881747
demand_201 12 9 600.066093
demand_202 12 10 230.141704
demand_203 12 11 339.253954
demand_204 12 13 65.230770
demand_205 12 14 66.052781
demand_206 12 15 114.798539
demand_207 12 16 932.408151
demand_208 13 0 39.157534
demand_209 13 1 45.124184
demand_210 13 2 69.860100
demand_211 13 3 346.675361
demand_212 13 4 123.895542
demand_213 13 5 272.693365
demand_214 13 6 85.973948
demand_215 13 7 209.565463
demand_216 13 8 52.113325
demand_217 13 9 351.831959
demand_218 13 10 134.937147
demand_219 13 11 198.912061
demand_220 13 12 56.112838
demand_221 13 14 38.728199
demand_222 13 15 67.308911
demand_223 13 16 546.691423
demand_224 14 0 47.006052
demand_225 14 1 54.168625
demand_226 14 2 83.862469
demand_227 14 3 416.161040
demand_228 14 4 148.728475
demand_229 14 5 327.350504
demand_230 14 6 103.206087
demand_231 14 7 251.569598
demand_232 14 8 62.558630
demand_233 14 9 422.351197
demand_234 14 10 161.983197
demand_235 14 11 238.780887
demand_236 14 12 67.359783
demand_237 14 13 45.912099
demand_238 14 15 80.799934
demand_239 14 16 656.267208
demand_240 15 0 76.521238
demand_241 15 1 88.181202
demand_242 15 2 136.519865
demand_243 15 3 677.469309
demand_244 15 4 242.115352
demand_245 15 5 532.894478
demand_246 15 6 168.009375
demand_247 15 7 409.530603
demand_248 15 8 101.839306
demand_249 15 9 687.546277
demand_250 15 10 263.692740
demand_251 15 11 388.711837
demand_252 15 12 109.655113
demand_253 15 13 74.740389
demand_254 15 14 75.682236
demand_255 15 16 1068.338573
demand_256 16 0 161.027888
demand_257 16 1 185.564598
demand_258 16 2 287.286330
demand_259 16 3 1425.636271
demand_260 16 4 509.496776
demand_261 16 5 1121.399429
demand_262 16 6 353.551455
demand_263 16 7 861.797980
demand_264 16 8 214.306105
demand_265 16 9 1446.841796
demand_266 16 10 554.903269
demand_267 16 11 817.987896
demand_268 16 12 230.753341
demand_269 16 13 157.280350
demand_270 16 14 159.262330
demand_271 16 15 276.795052
