DEMANDS 272
label src dest bw
demand_0 0 1 288.995047
demand_1 0 2 91.651192
demand_2 0 3 302.364783
demand_3 0 4 192.167124
demand_4 0 5 157.675894
demand_5 0 6 55.902948
demand_6 0 7 63.956392
demand_7 0 8 181.309280
demand_8 0 9 744.510160
demand_9 0 10 136.831415
demand_10 0 11 706.693640
demand_11 0 12 183.657289
demand_12 0 13 316.067007
demand_13 0 14 98.977816
demand_14 0 15 24.351690
demand_15 0 16 46.931708
demand_16 1 0 4002.952586
demand_17 1 2 732.386982
demand_18 1 3 2416.204605
demand_19 1 4 1535.612329
demand_20 1 5 1259.992046
demand_21 1 6 446.721870
demand_22 1 7 511.077139
demand_23 1 8 1448.847027
demand_24 1 9 5949.399451
demand_25 1 10 1093.423286
demand_26 1 11 5647.206688
demand_27 1 12 1467.610028
demand_28 1 13 2525.699416
demand_29 1 14 790.934223
demand_30 1 15 194.594965
demand_31 1 16 375.032461
demand_32 2 0 402.213064
demand_33 2 1 232.043083
demand_34 2 3 242.778059
demand_35 2 4 154.296941
demand_36 2 5 126.602864
demand_37 2 6 44.886210
demand_38 2 7 51.352570
demand_39 2 8 145.578842
demand_40 2 9 597.790289
demand_41 2 10 109.866185
demand_42 2 11 567.426233
demand_43 2 12 147.464132
demand_44 2 13 253.779999
demand_45 2 14 79.472357
demand_46 2 15 19.552727
demand_47 2 16 37.682923
demand_48 3 0 560.053256
demand_49 3 1 323.103588
demand_50 3 2 102.468292
demand_51 3 4 214.847582
demand_52 3 5 176.285537
demand_53 3 6 62.500875
demand_54 3 7 71.504823
demand_55 3 8 202.708245
demand_56 3 9 832.380715
demand_57 3 10 152.980896
demand_58 3 11 790.100913
demand_59 3 12 205.333378
demand_60 3 13 353.370706
demand_61 3 14 110.659639
demand_62 3 15 27.225789
demand_63 3 16 52.470807
demand_64 4 0 8091.791782
demand_65 4 1 4668.282751
demand_66 4 2 1480.487923
demand_67 4 3 4884.250849
demand_68 4 5 2547.018248
demand_69 4 6 903.028522
demand_70 4 7 1033.119854
demand_71 4 8 2928.780248
demand_72 4 9 12026.448117
demand_73 4 10 2210.306860
demand_74 4 11 11415.578798
demand_75 4 12 2966.708826
demand_76 4 13 5105.589772
demand_77 4 14 1598.838585
demand_78 4 15 393.365123
demand_79 4 16 758.111550
demand_80 5 0 788.503347
demand_81 5 1 454.900061
demand_82 5 2 144.265907
demand_83 5 3 475.945037
demand_84 5 4 302.485587
demand_85 5 6 87.995469
demand_86 5 7 100.672198
demand_87 5 8 285.394520
demand_88 5 9 1171.915300
demand_89 5 10 215.382996
demand_90 5 11 1112.389238
demand_91 5 12 289.090464
demand_92 5 13 497.513373
demand_93 5 14 155.798568
demand_94 5 15 38.331401
demand_95 5 16 73.874058
demand_96 6 0 316.352412
demand_97 6 1 182.508713
demand_98 6 2 57.880373
demand_99 6 3 190.952088
demand_100 6 4 121.359085
demand_101 6 5 99.576878
demand_102 6 7 40.390307
demand_103 6 8 114.502044
demand_104 6 9 470.179655
demand_105 6 10 86.412988
demand_106 6 11 446.297431
demand_107 6 12 115.984879
demand_108 6 13 199.605437
demand_109 6 14 62.507348
demand_110 6 15 15.378795
demand_111 6 16 29.638728
demand_112 7 0 917.122246
demand_113 7 1 529.102339
demand_114 7 2 167.798239
demand_115 7 3 553.580125
demand_116 7 4 351.826358
demand_117 7 5 288.678597
demand_118 7 6 102.349093
demand_119 7 8 331.947434
demand_120 7 9 1363.075497
demand_121 7 10 250.515788
demand_122 7 11 1293.839677
demand_123 7 12 336.246252
demand_124 7 13 578.666640
demand_125 7 14 181.212082
demand_126 7 15 44.583933
demand_127 7 16 85.924229
demand_128 8 0 87.936007
demand_129 8 1 50.731674
demand_130 8 2 16.088921
demand_131 8 3 53.078666
demand_132 8 4 33.734003
demand_133 8 5 27.679236
demand_134 8 6 9.813491
demand_135 8 7 11.227233
demand_136 8 9 130.695136
demand_137 8 10 24.020089
demand_138 8 11 124.056630
demand_139 8 12 32.240143
demand_140 8 13 55.484025
demand_141 8 14 17.375074
demand_142 8 15 4.274821
demand_143 8 16 8.238633
demand_144 9 0 1318.532534
demand_145 9 1 760.682288
demand_146 9 2 241.240945
demand_147 9 3 795.873624
demand_148 9 4 505.815338
demand_149 9 5 415.028774
demand_150 9 6 147.145715
demand_151 9 7 168.343696
demand_152 9 8 477.235716
demand_153 9 10 360.162691
demand_154 9 11 1860.133385
demand_155 9 12 483.416061
demand_156 9 13 831.940119
demand_157 9 14 260.525820
demand_158 9 15 64.097635
demand_159 9 16 123.531941
demand_160 10 0 2066.517327
demand_161 10 1 1192.206554
demand_162 10 2 378.093509
demand_163 10 3 1247.361435
demand_164 10 4 792.757200
demand_165 10 5 650.468708
demand_166 10 6 230.619390
demand_167 10 7 263.842686
demand_168 10 8 747.964764
demand_169 10 9 3071.367144
demand_170 10 11 2915.360655
demand_171 10 12 757.651131
demand_172 10 13 1303.887942
demand_173 10 14 408.318420
demand_174 10 15 100.459313
demand_175 10 16 193.609858
demand_176 11 0 2805.347193
demand_177 11 1 1618.449197
demand_178 11 2 513.271072
demand_179 11 3 1693.323281
demand_180 11 4 1076.187050
demand_181 11 5 883.026984
demand_182 11 6 313.071394
demand_183 11 7 358.172820
demand_184 11 8 1015.380236
demand_185 11 9 4169.455095
demand_186 11 10 766.292351
demand_187 11 12 1028.529713
demand_188 11 13 1770.059379
demand_189 11 14 554.302120
demand_190 11 15 136.375944
demand_191 11 16 262.830059
demand_192 12 0 158.083025
demand_193 12 1 91.200599
demand_194 12 2 28.923138
demand_195 12 3 95.419799
demand_196 12 4 60.643796
demand_197 12 5 49.759109
demand_198 12 6 17.641764
demand_199 12 7 20.183257
demand_200 12 8 57.217295
demand_201 12 9 234.951336
demand_202 12 10 43.181041
demand_203 12 11 223.017259
demand_204 12 13 99.743925
demand_205 12 14 31.235262
demand_206 12 15 7.684868
demand_207 12 16 14.810634
demand_208 13 0 1189.245248
demand_209 13 1 686.094406
demand_210 13 2 217.586324
demand_211 13 3 717.835094
demand_212 13 4 456.218160
demand_213 13 5 374.333575
demand_214 13 6 132.717500
demand_215 13 7 151.836937
demand_216 13 8 430.440882
demand_217 13 9 1767.519068
demand_218 13 10 324.847327
demand_219 13 11 1677.740011
demand_220 13 12 436.015220
demand_221 13 14 234.980242
demand_222 13 15 57.812610
demand_223 13 16 111.419149
demand_224 14 0 27.219586
demand_225 14 1 15.703410
demand_226 14 2 4.980141
demand_227 14 3 16.429894
demand_228 14 4 10.441975
demand_229 14 5 8.567791
demand_230 14 6 3.037654
demand_231 14 7 3.475262
demand_232 14 8 9.851982
demand_233 14 9 40.455185
demand_234 14 10 7.435144
demand_235 14 11 38.400312
demand_236 14 12 9.979568
demand_237 14 13 17.174446
demand_238 14 15 1.323222
demand_239 14 16 2.550175
demand_240 15 0 526.506084
demand_241 15 1 303.749693
demand_242 15 2 96.330444
demand_243 15 3 317.802022
demand_244 15 4 201.978219
demand_245 15 5 165.726039
demand_246 15 6 58.757074
demand_247 15 7 67.221686
demand_248 15 8 190.566028
demand_249 15 9 782.521136
demand_250 15 10 143.817345
demand_251 15 11 742.773893
demand_252 15 12 193.033915
demand_253 15 13 332.203812
demand_254 15 14 104.031130
demand_255 15 16 49.327807
demand_256 16 0 2872.326755
demand_257 16 1 1657.090767
demand_258 16 2 525.525766
demand_259 16 3 1733.752520
demand_260 16 4 1101.881744
demand_261 16 5 904.109851
demand_262 16 6 320.546185
demand_263 16 7 366.724439
demand_264 16 8 1039.623126
demand_265 16 9 4269.003655
demand_266 16 10 784.588099
demand_267 16 11 4052.164624
demand_268 16 12 1053.086556
demand_269 16 13 1812.320744
demand_270 16 14 567.536458
demand_271 16 15 139.632012
