DEMANDS 272
label src dest bw
demand_0 0 1 1029.592125
demand_1 0 2 132.650376
demand_2 0 3 1232.534206
demand_3 0 4 1248.126704
demand_4 0 5 263.232374
demand_5 0 6 187.440104
demand_6 0 7 43.202536
demand_7 0 8 606.091750
demand_8 0 9 350.876551
demand_9 0 10 280.362015
demand_10 0 11 1393.664045
demand_11 0 12 182.846533
demand_12 0 13 463.006932
demand_13 0 14 74.718705
demand_14 0 15 215.603381
demand_15 0 16 187.078187
demand_16 1 0 1101.117256
demand_17 1 2 231.022745
demand_18 1 3 2146.570884
demand_19 1 4 2173.726643
demand_20 1 5 458.443219
demand_21 1 6 326.444060
demand_22 1 7 75.241161
demand_23 1 8 1055.564136
demand_24 1 9 611.083559
demand_25 1 10 488.276054
demand_26 1 11 2427.193214
demand_27 1 12 318.443937
demand_28 1 13 806.368856
demand_29 1 14 130.129449
demand_30 1 15 375.492978
demand_31 1 16 325.813748
demand_32 2 0 777.530770
demand_33 2 1 1266.180095
demand_34 2 3 1515.755842
demand_35 2 4 1534.931310
demand_36 2 5 323.720028
demand_37 2 6 230.511601
demand_38 2 7 53.129962
demand_39 2 8 745.364393
demand_40 2 9 431.503791
demand_41 2 10 344.785856
demand_42 2 11 1713.911393
demand_43 2 12 224.862482
demand_44 2 13 569.400393
demand_45 2 14 91.888171
demand_46 2 15 265.146462
demand_47 2 16 230.066520
demand_48 3 0 51.715578
demand_49 3 1 84.216906
demand_50 3 2 10.850320
demand_51 3 4 102.092243
demand_52 3 5 21.531455
demand_53 3 6 15.331921
demand_54 3 7 3.533811
demand_55 3 8 49.576109
demand_56 3 9 28.700431
demand_57 3 10 22.932597
demand_58 3 11 113.996670
demand_59 3 12 14.956184
demand_60 3 13 37.872290
demand_61 3 14 6.111719
demand_62 3 15 17.635575
demand_63 3 16 15.302318
demand_64 4 0 858.478801
demand_65 4 1 1398.000969
demand_66 4 2 180.115358
demand_67 4 3 1673.559823
demand_68 4 5 357.422230
demand_69 4 6 254.509957
demand_70 4 7 58.661275
demand_71 4 8 822.963612
demand_72 4 9 476.427263
demand_73 4 10 380.681203
demand_74 4 11 1892.345170
demand_75 4 12 248.272714
demand_76 4 13 628.680157
demand_77 4 14 101.454566
demand_78 4 15 292.750623
demand_79 4 16 254.018539
demand_80 5 0 2614.858538
demand_81 5 1 4258.200395
demand_82 5 2 548.617137
demand_83 5 3 5097.530872
demand_84 5 4 5162.018526
demand_85 5 6 775.217202
demand_86 5 7 178.677604
demand_87 5 8 2506.682080
demand_88 5 9 1451.159768
demand_89 5 10 1159.524838
demand_90 5 11 5763.933738
demand_91 5 12 756.219052
demand_92 5 13 1914.910041
demand_93 5 14 309.022584
demand_94 5 15 891.695245
demand_95 5 16 773.720380
demand_96 6 0 1043.910494
demand_97 6 1 1699.969621
demand_98 6 2 219.020333
demand_99 6 3 2035.049275
demand_100 6 4 2060.794201
demand_101 6 5 434.625545
demand_102 6 7 71.332129
demand_103 6 8 1000.724013
demand_104 6 9 579.335703
demand_105 6 10 462.908463
demand_106 6 11 2301.092327
demand_107 6 12 301.899698
demand_108 6 13 764.475270
demand_109 6 14 123.368784
demand_110 6 15 355.984850
demand_111 6 16 308.886623
demand_112 7 0 1946.091966
demand_113 7 1 3169.138773
demand_114 7 2 408.304842
demand_115 7 3 3793.805184
demand_116 7 4 3841.799714
demand_117 7 5 810.243106
demand_118 7 6 576.950511
demand_119 7 8 1865.582320
demand_120 7 9 1080.016500
demand_121 7 10 862.969044
demand_122 7 11 4289.771312
demand_123 7 12 562.811257
demand_124 7 13 1425.159714
demand_125 7 14 229.988108
demand_126 7 15 663.638559
demand_127 7 16 575.836511
demand_128 8 0 30.740840
demand_129 8 1 50.060321
demand_130 8 2 6.449661
demand_131 8 3 59.927671
demand_132 8 4 60.685801
demand_133 8 5 12.798755
demand_134 8 6 9.113620
demand_135 8 7 2.100572
demand_136 8 9 17.060147
demand_137 8 10 13.631624
demand_138 8 11 67.762046
demand_139 8 12 8.890274
demand_140 8 13 22.512095
demand_141 8 14 3.632936
demand_142 8 15 10.482961
demand_143 8 16 9.096023
demand_144 9 0 497.664527
demand_145 9 1 810.428271
demand_146 9 2 104.413789
demand_147 9 3 970.171140
demand_148 9 4 982.444545
demand_149 9 5 207.199484
demand_150 9 6 147.540716
demand_151 9 7 34.006239
demand_152 9 8 477.076191
demand_153 9 10 220.682829
demand_154 9 11 1097.002118
demand_155 9 12 143.924955
demand_156 9 13 364.449084
demand_157 9 14 58.813728
demand_158 9 15 169.709025
demand_159 9 16 147.255839
demand_160 10 0 270.205836
demand_161 10 1 440.020208
demand_162 10 2 56.691232
demand_163 10 3 526.752239
demand_164 10 4 533.416057
demand_165 10 5 112.498494
demand_166 10 6 80.106900
demand_167 10 7 18.463611
demand_168 10 8 259.027445
demand_169 10 9 149.955278
demand_170 10 11 595.614834
demand_171 10 12 78.143730
demand_172 10 13 197.876811
demand_173 10 14 31.932781
demand_174 10 15 92.143133
demand_175 10 16 79.952226
demand_176 11 0 575.425719
demand_177 11 1 937.059496
demand_178 11 2 120.728677
demand_179 11 3 1121.762545
demand_180 11 4 1135.953697
demand_181 11 5 239.574866
demand_182 11 6 170.594282
demand_183 11 7 39.319790
demand_184 11 8 551.620410
demand_185 11 9 319.342190
demand_186 11 10 255.165013
demand_187 11 12 166.413550
demand_188 11 13 421.395066
demand_189 11 14 68.003504
demand_190 11 15 196.226438
demand_191 11 16 170.264892
demand_192 12 0 5.520974
demand_193 12 1 8.990703
demand_194 12 2 1.158342
demand_195 12 3 10.762853
demand_196 12 4 10.899011
demand_197 12 5 2.298623
demand_198 12 6 1.636782
demand_199 12 7 0.377257
demand_200 12 8 5.292572
demand_201 12 9 3.063958
demand_202 12 10 2.448204
demand_203 12 11 12.169886
demand_204 12 13 4.043113
demand_205 12 14 0.652466
demand_206 12 15 1.882712
demand_207 12 16 1.633622
demand_208 13 0 467.681356
demand_209 13 1 761.601787
demand_210 13 2 98.123093
demand_211 13 3 911.720506
demand_212 13 4 923.254466
demand_213 13 5 194.716181
demand_214 13 6 138.651719
demand_215 13 7 31.957440
demand_216 13 8 448.333421
demand_217 13 9 259.547642
demand_218 13 10 207.387184
demand_219 13 11 1030.910203
demand_220 13 12 135.253799
demand_221 13 14 55.270333
demand_222 13 15 159.484437
demand_223 13 16 138.384005
demand_224 14 0 209.693300
demand_225 14 1 341.477781
demand_226 14 2 43.995243
demand_227 14 3 408.786193
demand_228 14 4 413.957651
demand_229 14 5 87.304482
demand_230 14 6 62.166978
demand_231 14 7 14.328690
demand_232 14 8 201.018307
demand_233 14 9 116.372827
demand_234 14 10 92.985753
demand_235 14 11 462.227025
demand_236 14 12 60.643460
demand_237 14 13 153.562343
demand_238 14 15 71.507699
demand_239 14 16 62.046943
demand_240 15 0 4861.891745
demand_241 15 1 7917.410845
demand_242 15 2 1020.061732
demand_243 15 3 9478.005369
demand_244 15 4 9597.909367
demand_245 15 5 2024.217939
demand_246 15 6 1441.386622
demand_247 15 7 332.221096
demand_248 15 8 4660.755728
demand_249 15 9 2698.188675
demand_250 15 10 2155.942341
demand_251 15 11 10717.069948
demand_252 15 12 1406.062741
demand_253 15 13 3560.454680
demand_254 15 14 574.575767
demand_255 15 16 1438.603532
demand_256 16 0 196.570274
demand_257 16 1 320.107420
demand_258 16 2 41.241933
demand_259 16 3 383.203537
demand_260 16 4 388.051354
demand_261 16 5 81.840793
demand_262 16 6 58.276444
demand_263 16 7 13.431972
demand_264 16 8 188.438180
demand_265 16 9 109.089983
demand_266 16 10 87.166519
demand_267 16 11 433.299935
demand_268 16 12 56.848271
demand_269 16 13 143.952105
demand_270 16 14 23.230570
demand_271 16 15 67.032605
