DEMANDS 272
label src dest bw
demand_0 0 1 372.991638
demand_1 0 2 1109.621169
demand_2 0 3 1644.530048
demand_3 0 4 10.722430
demand_4 0 5 47.595820
demand_5 0 6 825.976845
demand_6 0 7 25.424877
demand_7 0 8 320.155331
demand_8 0 9 256.261808
demand_9 0 10 185.353081
demand_10 0 11 157.456432
demand_11 0 12 385.119317
demand_12 0 13 852.381386
demand_13 0 14 562.599443
demand_14 0 15 3896.292602
demand_15 0 16 549.110165
demand_16 1 0 489.967790
demand_17 1 2 755.370888
demand_18 1 3 1119.508313
demand_19 1 4 7.299258
demand_20 1 5 32.400695
demand_21 1 6 562.280967
demand_22 1 7 17.307899
demand_23 1 8 217.944667
demand_24 1 9 174.449366
demand_25 1 10 126.178488
demand_26 1 11 107.187938
demand_27 1 12 262.168683
demand_28 1 13 580.255769
demand_29 1 14 382.987684
demand_30 1 15 2652.388118
demand_31 1 16 373.804903
demand_32 2 0 1260.403757
demand_33 2 1 653.170804
demand_34 2 3 2879.847438
demand_35 2 4 18.776769
demand_36 2 5 83.348249
demand_37 2 6 1446.423740
demand_38 2 7 44.523216
demand_39 2 8 560.645584
demand_40 2 9 448.757328
demand_41 2 10 324.584277
demand_42 2 11 275.732574
demand_43 2 12 674.408401
demand_44 2 13 1492.662511
demand_45 2 14 985.205815
demand_46 2 15 6823.060657
demand_47 2 16 961.583830
demand_48 3 0 695.039979
demand_49 3 1 360.186028
demand_50 3 2 1071.525471
demand_51 3 4 10.354305
demand_52 3 5 45.961752
demand_53 3 6 797.619271
demand_54 3 7 24.551986
demand_55 3 8 309.163705
demand_56 3 9 247.463785
demand_57 3 10 178.989508
demand_58 3 11 152.050612
demand_59 3 12 371.897337
demand_60 3 13 823.117287
demand_61 3 14 543.284186
demand_62 3 15 3762.524438
demand_63 3 16 530.258024
demand_64 4 0 306.113302
demand_65 4 1 158.635097
demand_66 4 2 471.927097
demand_67 4 3 699.426357
demand_68 4 5 20.242726
demand_69 4 6 351.291834
demand_70 4 7 10.813319
demand_71 4 8 136.163567
demand_72 4 9 108.989351
demand_73 4 10 78.831536
demand_74 4 11 66.966961
demand_75 4 12 163.793055
demand_76 4 13 362.521809
demand_77 4 14 239.276187
demand_78 4 15 1657.111553
demand_79 4 16 233.539134
demand_80 5 0 60.825700
demand_81 5 1 31.521305
demand_82 5 2 93.773436
demand_83 5 3 138.978272
demand_84 5 4 0.906146
demand_85 5 6 69.802820
demand_86 5 7 2.148641
demand_87 5 8 27.056140
demand_88 5 9 21.656535
demand_89 5 10 15.664080
demand_90 5 11 13.306551
demand_91 5 12 32.546208
demand_92 5 13 72.034252
demand_93 5 14 47.544950
demand_94 5 15 329.273408
demand_95 5 16 46.404979
demand_96 6 0 752.594908
demand_97 6 1 390.012342
demand_98 6 2 1160.256442
demand_99 6 3 1719.574784
demand_100 6 4 11.211726
demand_101 6 5 49.767757
demand_102 6 7 26.585088
demand_103 6 8 334.764959
demand_104 6 9 267.955787
demand_105 6 10 193.811287
demand_106 6 11 164.641632
demand_107 6 12 402.693443
demand_108 6 13 891.278052
demand_109 6 14 588.272509
demand_110 6 15 4074.091878
demand_111 6 16 574.167675
demand_112 7 0 226.407605
demand_113 7 1 117.329734
demand_114 7 2 349.046851
demand_115 7 3 517.309917
demand_116 7 4 3.372890
demand_117 7 5 14.971931
demand_118 7 6 259.822564
demand_119 7 8 100.709335
demand_120 7 9 80.610734
demand_121 7 10 58.305403
demand_122 7 11 49.530122
demand_123 7 12 121.144665
demand_124 7 13 268.128481
demand_125 7 14 176.973520
demand_126 7 15 1225.633307
demand_127 7 16 172.730279
demand_128 8 0 2093.969701
demand_129 8 1 1085.144238
demand_130 8 2 3228.219867
demand_131 8 3 4784.429787
demand_132 8 4 31.194755
demand_133 8 5 138.470476
demand_134 8 6 2403.013692
demand_135 8 7 73.968571
demand_136 8 9 745.542246
demand_137 8 10 539.247552
demand_138 8 11 458.087857
demand_139 8 12 1120.427283
demand_140 8 13 2479.832398
demand_141 8 14 1636.770054
demand_142 8 15 11335.480558
demand_143 8 16 1597.525709
demand_144 9 0 427.108797
demand_145 9 1 221.337801
demand_146 9 2 658.462776
demand_147 9 3 975.884249
demand_148 9 4 6.362821
demand_149 9 5 28.243942
demand_150 9 6 490.144765
demand_151 9 7 15.087433
demand_152 9 8 189.984090
demand_153 9 10 109.990786
demand_154 9 11 93.436573
demand_155 9 12 228.534514
demand_156 9 13 505.813542
demand_157 9 14 333.853392
demand_158 9 15 2312.107696
demand_159 9 16 325.848690
demand_160 10 0 627.925786
demand_161 10 1 325.405878
demand_162 10 2 968.057225
demand_163 10 3 1434.723165
demand_164 10 4 9.354477
demand_165 10 5 41.523611
demand_166 10 6 720.599855
demand_167 10 7 22.181206
demand_168 10 8 279.310354
demand_169 10 9 223.568278
demand_170 10 11 137.368357
demand_171 10 12 335.986324
demand_172 10 13 743.635740
demand_173 10 14 490.823780
demand_174 10 15 3399.208947
demand_175 10 16 479.055445
demand_176 11 0 772.990224
demand_177 11 1 400.581673
demand_178 11 2 1191.699381
demand_179 11 3 1766.175245
demand_180 11 4 11.515563
demand_181 11 5 51.116463
demand_182 11 6 887.074006
demand_183 11 7 27.305544
demand_184 11 8 343.837086
demand_185 11 9 275.217386
demand_186 11 10 199.063571
demand_187 11 12 413.606431
demand_188 11 13 915.431679
demand_189 11 14 604.214688
demand_190 11 15 4184.499730
demand_191 11 16 589.727614
demand_192 12 0 70.516776
demand_193 12 1 36.543448
demand_194 12 2 108.713921
demand_195 12 3 161.121033
demand_196 12 4 1.050518
demand_197 12 5 4.663148
demand_198 12 6 80.924178
demand_199 12 7 2.490974
demand_200 12 8 31.366868
demand_201 12 9 25.106970
demand_202 12 10 18.159765
demand_203 12 11 15.426622
demand_204 12 13 83.511134
demand_205 12 14 55.120065
demand_206 12 15 381.735007
demand_207 12 16 53.798468
demand_208 13 0 1876.862011
demand_209 13 1 972.633938
demand_210 13 2 2893.510458
demand_211 13 3 4288.368883
demand_212 13 4 27.960409
demand_213 13 5 124.113532
demand_214 13 6 2153.863596
demand_215 13 7 66.299336
demand_216 13 8 834.855015
demand_217 13 9 668.242677
demand_218 13 10 483.337101
demand_219 13 11 410.592234
demand_220 13 12 1004.258754
demand_221 13 14 1467.065896
demand_222 13 15 10160.191343
demand_223 13 16 1431.890496
demand_224 14 0 847.321233
demand_225 14 1 439.101747
demand_226 14 2 1306.293608
demand_227 14 3 1936.011272
demand_228 14 4 12.622904
demand_229 14 5 56.031840
demand_230 14 6 972.375351
demand_231 14 7 29.931255
demand_232 14 8 376.900580
demand_233 14 9 301.682386
demand_234 14 10 218.205593
demand_235 14 11 185.364462
demand_236 14 12 453.378970
demand_237 14 13 1003.459908
demand_238 14 15 4586.882682
demand_239 14 16 646.436026
demand_240 15 0 1333.310430
demand_241 15 1 690.952753
demand_242 15 2 2055.530802
demand_243 15 3 3046.429055
demand_244 15 4 19.862891
demand_245 15 5 88.169437
demand_246 15 6 1530.090535
demand_247 15 7 47.098612
demand_248 15 8 593.075513
demand_249 15 9 474.715203
demand_250 15 10 343.359498
demand_251 15 11 291.682023
demand_252 15 12 713.418815
demand_253 15 13 1579.003937
demand_254 15 14 1042.193965
demand_255 15 16 1017.205592
demand_256 16 0 576.482187
demand_257 16 1 298.746597
demand_258 16 2 888.747935
demand_259 16 3 1317.181689
demand_260 16 4 8.588100
demand_261 16 5 38.121737
demand_262 16 6 661.563817
demand_263 16 7 20.363983
demand_264 16 8 256.427506
demand_265 16 9 205.252170
demand_266 16 10 148.458026
demand_267 16 11 126.114284
demand_268 16 12 308.460227
demand_269 16 13 682.712459
demand_270 16 14 450.612432
demand_271 16 15 3120.724535
