DEMANDS 272
label src dest bw
demand_0 0 1 100.188546
demand_1 0 2 183.804479
demand_2 0 3 160.905424
demand_3 0 4 156.133893
demand_4 0 5 89.347915
demand_5 0 6 63.450800
demand_6 0 7 120.041600
demand_7 0 8 23.368349
demand_8 0 9 84.482361
demand_9 0 10 27.514487
demand_10 0 11 8.949152
demand_11 0 12 39.617994
demand_12 0 13 53.246331
demand_13 0 14 26.324452
demand_14 0 15 56.969437
demand_15 0 16 176.776852
demand_16 1 0 3.724887
demand_17 1 2 247.991212
demand_18 1 3 217.095533
demand_19 1 4 210.657725
demand_20 1 5 120.549282
demand_21 1 6 85.608583
demand_22 1 7 161.961570
demand_23 1 8 31.528858
demand_24 1 9 113.984617
demand_25 1 10 37.122876
demand_26 1 11 12.074304
demand_27 1 12 53.453074
demand_28 1 13 71.840589
demand_29 1 14 35.517267
demand_30 1 15 76.863849
demand_31 1 16 238.509454
demand_32 2 0 19.011752
demand_33 2 1 689.933656
demand_34 2 3 1108.051486
demand_35 2 4 1075.193039
demand_36 2 5 615.281249
demand_37 2 6 436.944583
demand_38 2 7 826.648783
demand_39 2 8 160.922692
demand_40 2 9 581.775327
demand_41 2 10 189.474457
demand_42 2 11 61.627019
demand_43 2 12 272.823477
demand_44 2 13 366.673006
demand_45 2 14 181.279459
demand_46 2 15 392.311629
demand_47 2 16 1217.347736
demand_48 3 0 77.665828
demand_49 3 1 2818.481421
demand_50 3 2 5170.745839
demand_51 3 4 4392.323203
demand_52 3 5 2513.515257
demand_53 3 6 1784.983498
demand_54 3 7 3376.983013
demand_55 3 8 657.393090
demand_56 3 9 2376.638590
demand_57 3 10 774.031289
demand_58 3 11 251.755525
demand_59 3 12 1114.524411
demand_60 3 13 1497.913672
demand_61 3 14 740.553507
demand_62 3 15 1602.651253
demand_63 3 16 4973.046245
demand_64 4 0 32.337154
demand_65 4 1 1173.510547
demand_66 4 2 2152.905721
demand_67 4 3 1884.688614
demand_68 4 5 1046.534010
demand_69 4 6 743.200557
demand_70 4 7 1406.049780
demand_71 4 8 273.713965
demand_72 4 9 989.543671
demand_73 4 10 322.277761
demand_74 4 11 104.821611
demand_75 4 12 464.046398
demand_76 4 13 623.675387
demand_77 4 14 308.338861
demand_78 4 15 667.284210
demand_79 4 16 2070.590984
demand_80 5 0 65.997476
demand_81 5 1 2395.038657
demand_82 5 2 4393.903779
demand_83 5 3 3846.494689
demand_84 5 4 3732.429735
demand_85 5 6 1516.811304
demand_86 5 7 2869.632136
demand_87 5 8 558.627725
demand_88 5 9 2019.577371
demand_89 5 10 657.742445
demand_90 5 11 213.932300
demand_91 5 12 947.080590
demand_92 5 13 1272.870249
demand_93 5 14 629.294294
demand_94 5 15 1361.872275
demand_95 5 16 4225.906160
demand_96 6 0 5.410616
demand_97 6 1 196.350439
demand_98 6 2 360.221716
demand_99 6 3 315.343938
demand_100 6 4 305.992646
demand_101 6 5 175.104870
demand_102 6 7 235.258637
demand_103 6 8 45.797507
demand_104 6 9 165.569312
demand_105 6 10 53.923145
demand_106 6 11 17.538632
demand_107 6 12 77.643711
demand_108 6 13 104.352651
demand_109 6 14 51.590905
demand_110 6 15 111.649229
demand_111 6 16 346.448909
demand_112 7 0 90.722486
demand_113 7 1 3292.305601
demand_114 7 2 6040.016925
demand_115 7 3 5287.528856
demand_116 7 4 5130.731100
demand_117 7 5 2936.070572
demand_118 7 6 2085.062944
demand_119 7 8 767.909604
demand_120 7 9 2776.183119
demand_121 7 10 904.156235
demand_122 7 11 294.078974
demand_123 7 12 1301.890774
demand_124 7 13 1749.732865
demand_125 7 14 865.050393
demand_126 7 15 1872.078226
demand_127 7 16 5809.081402
demand_128 8 0 8.182046
demand_129 8 1 296.925251
demand_130 8 2 544.734834
demand_131 8 3 476.869715
demand_132 8 4 462.728497
demand_133 8 5 264.797257
demand_134 8 6 188.046893
demand_135 8 7 355.763044
demand_136 8 9 250.377386
demand_137 8 10 81.543711
demand_138 8 11 26.522287
demand_139 8 12 117.414448
demand_140 8 13 157.804267
demand_141 8 14 78.016848
demand_142 8 15 168.838305
demand_143 8 16 523.907305
demand_144 9 0 0.466375
demand_145 9 1 16.924689
demand_146 9 2 31.049793
demand_147 9 3 27.181493
demand_148 9 4 26.375445
demand_149 9 5 15.093399
demand_150 9 6 10.718641
demand_151 9 7 20.278433
demand_152 9 8 3.947577
demand_153 9 10 4.647978
demand_154 9 11 1.511766
demand_155 9 12 6.692604
demand_156 9 13 8.994816
demand_157 9 14 4.446947
demand_158 9 15 9.623755
demand_159 9 16 29.862627
demand_160 10 0 16.995757
demand_161 10 1 616.773493
demand_162 10 2 1131.523857
demand_163 10 3 990.554351
demand_164 10 4 961.180195
demand_165 10 5 550.037184
demand_166 10 6 390.611234
demand_167 10 7 738.991427
demand_168 10 8 143.858543
demand_169 10 9 520.084210
demand_170 10 11 55.092126
demand_171 10 12 243.893434
demand_172 10 13 327.791214
demand_173 10 14 162.056691
demand_174 10 15 350.711132
demand_175 10 16 1088.260890
demand_176 11 0 0.160429
demand_177 11 1 5.821948
demand_178 11 2 10.680863
demand_179 11 3 9.350201
demand_180 11 4 9.072928
demand_181 11 5 5.192000
demand_182 11 6 3.687121
demand_183 11 7 6.975608
demand_184 11 8 1.357933
demand_185 11 9 4.909263
demand_186 11 10 1.598865
demand_187 11 12 2.302198
demand_188 11 13 3.094140
demand_189 11 14 1.529712
demand_190 11 15 3.310489
demand_191 11 16 10.272489
demand_192 12 0 25.149719
demand_193 12 1 912.679601
demand_194 12 2 1674.388986
demand_195 12 3 1465.787296
demand_196 12 4 1422.320459
demand_197 12 5 813.925571
demand_198 12 6 578.012690
demand_199 12 7 1093.533378
demand_200 12 8 212.876785
demand_201 12 9 769.602220
demand_202 12 10 250.646523
demand_203 12 11 81.523380
demand_204 12 13 485.053846
demand_205 12 14 239.805760
demand_206 12 15 518.969930
demand_207 12 16 1610.369977
demand_208 13 0 27.272451
demand_209 13 1 989.713199
demand_210 13 2 1815.713727
demand_211 13 3 1589.505269
demand_212 13 4 1542.369666
demand_213 13 5 882.623957
demand_214 13 6 626.799139
demand_215 13 7 1185.831716
demand_216 13 8 230.844388
demand_217 13 9 834.559549
demand_218 13 10 271.802034
demand_219 13 11 88.404260
demand_220 13 12 391.366610
demand_221 13 14 260.046270
demand_222 13 15 562.772948
demand_223 13 16 1746.291273
demand_224 14 0 1.599861
demand_225 14 1 58.058709
demand_226 14 2 106.513680
demand_227 14 3 93.243805
demand_228 14 4 90.478729
demand_229 14 5 51.776623
demand_230 14 6 36.769388
demand_231 14 7 69.563444
demand_232 14 8 13.541829
demand_233 14 9 48.957062
demand_234 14 10 15.944493
demand_235 14 11 5.185984
demand_236 14 12 22.958409
demand_237 14 13 30.855954
demand_238 14 15 33.013474
demand_239 14 16 102.441210
demand_240 15 0 41.691460
demand_241 15 1 1512.976916
demand_242 15 2 2775.685883
demand_243 15 3 2429.880476
demand_244 15 4 2357.824169
demand_245 15 5 1349.269338
demand_246 15 6 958.189331
demand_247 15 7 1812.783759
demand_248 15 8 352.892363
demand_249 15 9 1275.793162
demand_250 15 10 415.504415
demand_251 15 11 135.143803
demand_252 15 12 598.283066
demand_253 15 13 804.088610
demand_254 15 14 397.533350
demand_255 15 16 2669.559613
demand_256 16 0 18.113244
demand_257 16 1 657.326936
demand_258 16 2 1205.922628
demand_259 16 3 1055.684242
demand_260 16 4 1024.378707
demand_261 16 5 586.202652
demand_262 16 6 416.294294
demand_263 16 7 787.580816
demand_264 16 8 153.317380
demand_265 16 9 554.280242
demand_266 16 10 180.519769
demand_267 16 11 58.714486
demand_268 16 12 259.929660
demand_269 16 13 349.343798
demand_270 16 14 172.712073
demand_271 16 15 373.770723
