DEMANDS 272
label src dest bw
demand_0 0 1 367.889739
demand_1 0 2 184.237000
demand_2 0 3 4902.569053
demand_3 0 4 3365.971705
demand_4 0 5 279.469913
demand_5 0 6 83.488396
demand_6 0 7 861.477045
demand_7 0 8 2035.897176
demand_8 0 9 5340.807750
demand_9 0 10 678.923304
demand_10 0 11 253.662897
demand_11 0 12 728.678533
demand_12 0 13 2958.634925
demand_13 0 14 1328.577042
demand_14 0 15 9313.647687
demand_15 0 16 1827.050190
demand_16 1 0 52.255007
demand_17 1 2 15.489480
demand_18 1 3 412.176958
demand_19 1 4 282.989584
demand_20 1 5 23.496060
demand_21 1 6 7.019176
demand_22 1 7 72.427534
demand_23 1 8 171.165341
demand_24 1 9 449.021292
demand_25 1 10 57.079572
demand_26 1 11 21.326370
demand_27 1 12 61.262676
demand_28 1 13 248.743287
demand_29 1 14 111.698344
demand_30 1 15 783.032514
demand_31 1 16 153.606809
demand_32 2 0 138.374553
demand_33 2 1 81.904165
demand_34 2 3 1091.470575
demand_35 2 4 749.374264
demand_36 2 5 62.219050
demand_37 2 6 18.587220
demand_38 2 7 191.792678
demand_39 2 8 453.256617
demand_40 2 9 1189.036696
demand_41 2 10 151.150305
demand_42 2 11 56.473572
demand_43 2 12 162.227430
demand_44 2 13 658.687910
demand_45 2 14 295.784258
demand_46 2 15 2073.519474
demand_47 2 16 406.760517
demand_48 3 0 96.304155
demand_49 3 1 57.002615
demand_50 3 2 28.546572
demand_51 3 4 521.539935
demand_52 3 5 43.302420
demand_53 3 6 12.936096
demand_54 3 7 133.481420
demand_55 3 8 315.451755
demand_56 3 9 827.530583
demand_57 3 10 105.195660
demand_58 3 11 39.303756
demand_59 3 12 112.904976
demand_60 3 13 458.425204
demand_61 3 14 205.856152
demand_62 3 15 1443.101616
demand_63 3 16 283.091993
demand_64 4 0 143.658506
demand_65 4 1 85.031747
demand_66 4 2 42.583395
demand_67 4 3 1133.149330
demand_68 4 5 64.594938
demand_69 4 6 19.296989
demand_70 4 7 199.116448
demand_71 4 8 470.564616
demand_72 4 9 1234.441098
demand_73 4 10 156.922111
demand_74 4 11 58.630065
demand_75 4 12 168.422226
demand_76 4 13 683.840482
demand_77 4 14 307.079037
demand_78 4 15 2152.698621
demand_79 4 16 422.293022
demand_80 5 0 252.254131
demand_81 5 1 149.309707
demand_82 5 2 74.773416
demand_83 5 3 1989.729723
demand_84 5 4 1366.094772
demand_85 5 6 33.884141
demand_86 5 7 349.634337
demand_87 5 8 826.278035
demand_88 5 9 2167.590872
demand_89 5 10 275.544080
demand_90 5 11 102.950229
demand_91 5 12 295.737464
demand_92 5 13 1200.775305
demand_93 5 14 539.208974
demand_94 5 15 3779.985848
demand_95 5 16 741.516546
demand_96 6 0 516.522879
demand_97 6 1 305.730890
demand_98 6 2 153.108217
demand_99 6 3 4074.228332
demand_100 6 4 2797.255304
demand_101 6 5 232.250525
demand_102 6 7 715.921417
demand_103 6 8 1691.910887
demand_104 6 9 4438.421982
demand_105 6 10 564.212055
demand_106 6 11 210.803877
demand_107 6 12 605.560614
demand_108 6 13 2458.742367
demand_109 6 14 1104.099945
demand_110 6 15 7740.008732
demand_111 6 16 1518.350801
demand_112 7 0 8.035575
demand_113 7 1 4.756273
demand_114 7 2 2.381913
demand_115 7 3 63.382999
demand_116 7 4 43.517058
demand_117 7 5 3.613134
demand_118 7 6 1.079382
demand_119 7 8 26.321153
demand_120 7 9 69.048780
demand_121 7 10 8.777479
demand_122 7 11 3.279488
demand_123 7 12 9.420740
demand_124 7 13 38.250793
demand_125 7 14 17.176545
demand_126 7 15 120.411751
demand_127 7 16 23.621069
demand_128 8 0 403.778466
demand_129 8 1 238.997254
demand_130 8 2 119.688407
demand_131 8 3 3184.923129
demand_132 8 4 2186.682333
demand_133 8 5 181.555870
demand_134 8 6 54.237711
demand_135 8 7 559.653140
demand_136 8 9 3469.622141
demand_137 8 10 441.058251
demand_138 8 11 164.790505
demand_139 8 12 473.381423
demand_140 8 13 1922.058558
demand_141 8 14 863.101713
demand_142 8 15 6050.552601
demand_143 8 16 1186.931657
demand_144 9 0 76.852750
demand_145 9 1 45.489291
demand_146 9 2 22.780767
demand_147 9 3 606.198999
demand_148 9 4 416.199885
demand_149 9 5 34.556246
demand_150 9 6 10.323278
demand_151 9 7 106.520993
demand_152 9 8 251.737164
demand_153 9 10 83.948359
demand_154 9 11 31.365228
demand_155 9 12 90.100556
demand_156 9 13 365.832997
demand_157 9 14 164.277558
demand_158 9 15 1151.625575
demand_159 9 16 225.913390
demand_160 10 0 18.168526
demand_161 10 1 10.753986
demand_162 10 2 5.385532
demand_163 10 3 143.309673
demand_164 10 4 98.392557
demand_165 10 5 8.169338
demand_166 10 6 2.440495
demand_167 10 7 25.182306
demand_168 10 8 59.512422
demand_169 10 9 156.120068
demand_170 10 11 7.414959
demand_171 10 12 21.300400
demand_172 10 13 86.485473
demand_173 10 14 38.836361
demand_174 10 15 272.252321
demand_175 10 16 53.407502
demand_176 11 0 654.545742
demand_177 11 1 387.426889
demand_178 11 2 194.021089
demand_179 11 3 5162.924848
demand_180 11 4 3544.724974
demand_181 11 5 294.311440
demand_182 11 6 87.922130
demand_183 11 7 907.226638
demand_184 11 8 2144.015516
demand_185 11 9 5624.436647
demand_186 11 10 714.978200
demand_187 11 12 767.375730
demand_188 11 13 3115.756170
demand_189 11 14 1399.132444
demand_190 11 15 9808.258192
demand_191 11 16 1924.077504
demand_192 12 0 94.929784
demand_193 12 1 56.189123
demand_194 12 2 28.139179
demand_195 12 3 748.786999
demand_196 12 4 514.096961
demand_197 12 5 42.684445
demand_198 12 6 12.751483
demand_199 12 7 131.576486
demand_200 12 8 310.949896
demand_201 12 9 815.720771
demand_202 12 10 103.694397
demand_203 12 11 38.742846
demand_204 12 13 451.882950
demand_205 12 14 202.918348
demand_206 12 15 1422.506898
demand_207 12 16 279.051945
demand_208 13 0 438.267171
demand_209 13 1 259.411185
demand_210 13 2 129.911583
demand_211 13 3 3456.963085
demand_212 13 4 2373.457631
demand_213 13 5 197.063450
demand_214 13 6 58.870421
demand_215 13 7 607.455869
demand_216 13 8 1435.578226
demand_217 13 9 3765.979641
demand_218 13 10 478.731207
demand_219 13 11 178.866073
demand_220 13 12 513.815260
demand_221 13 14 936.823478
demand_222 13 15 6567.360071
demand_223 13 16 1288.313330
demand_224 14 0 161.735647
demand_225 14 1 95.731642
demand_226 14 2 47.941839
demand_227 14 3 1275.738179
demand_228 14 4 875.887431
demand_229 14 5 72.723185
demand_230 14 6 21.725208
demand_231 14 7 224.172091
demand_232 14 8 529.777700
demand_233 14 9 1389.775907
demand_234 14 10 176.668267
demand_235 14 11 66.007728
demand_236 14 12 189.615488
demand_237 14 13 769.890947
demand_238 14 15 2423.581557
demand_239 14 16 475.431892
demand_240 15 0 78.435235
demand_241 15 1 46.425967
demand_242 15 2 23.249849
demand_243 15 3 618.681318
demand_244 15 4 424.769909
demand_245 15 5 35.267798
demand_246 15 6 10.535846
demand_247 15 7 108.714380
demand_248 15 8 256.920715
demand_249 15 9 673.984995
demand_250 15 10 85.676950
demand_251 15 11 32.011073
demand_252 15 12 91.955828
demand_253 15 13 373.365910
demand_254 15 14 167.660218
demand_255 15 16 230.565201
demand_256 16 0 93.960318
demand_257 16 1 55.615293
demand_258 16 2 27.851809
demand_259 16 3 741.140042
demand_260 16 4 508.846766
demand_261 16 5 42.248531
demand_262 16 6 12.621259
demand_263 16 7 130.232767
demand_264 16 8 307.774333
demand_265 16 9 807.390255
demand_266 16 10 102.635422
demand_267 16 11 38.347187
demand_268 16 12 110.157110
demand_269 16 13 447.268114
demand_270 16 14 200.846053
demand_271 16 15 1407.979604
