DEMANDS 272
label src dest bw
demand_0 0 1 765.397843
demand_1 0 2 3264.334817
demand_2 0 3 687.818541
demand_3 0 4 591.948024
demand_4 0 5 2319.285478
demand_5 0 6 276.708927
demand_6 0 7 665.322412
demand_7 0 8 875.444910
demand_8 0 9 3910.827848
demand_9 0 10 688.649315
demand_10 0 11 1757.732223
demand_11 0 12 836.691642
demand_12 0 13 2843.257158
demand_13 0 14 132.489159
demand_14 0 15 141.949730
demand_15 0 16 2901.957451
demand_16 1 0 1155.532765
demand_17 1 2 613.503158
demand_18 1 3 129.269475
demand_19 1 4 111.251450
demand_20 1 5 435.889406
demand_21 1 6 52.005021
demand_22 1 7 125.041524
demand_23 1 8 164.532208
demand_24 1 9 735.005864
demand_25 1 10 129.425611
demand_26 1 11 330.350387
demand_27 1 12 157.248871
demand_28 1 13 534.365297
demand_29 1 14 24.900178
demand_30 1 15 26.678209
demand_31 1 16 545.397503
demand_32 2 0 1256.758007
demand_33 2 1 156.451141
demand_34 2 3 140.593545
demand_35 2 4 120.997132
demand_36 2 5 474.073534
demand_37 2 6 56.560687
demand_38 2 7 135.995223
demand_39 2 8 178.945311
demand_40 2 9 799.392742
demand_41 2 10 140.763359
demand_42 2 11 359.289244
demand_43 2 12 171.023950
demand_44 2 13 581.175961
demand_45 2 14 27.081446
demand_46 2 15 29.015234
demand_47 2 16 593.174594
demand_48 3 0 3396.895366
demand_49 3 1 422.872306
demand_50 3 2 1803.502329
demand_51 3 4 327.043548
demand_52 3 5 1281.374919
demand_53 3 6 152.878066
demand_54 3 7 367.581938
demand_55 3 8 483.671873
demand_56 3 9 2160.681281
demand_57 3 10 380.469747
demand_58 3 11 971.124084
demand_59 3 12 462.261198
demand_60 3 13 1570.862425
demand_61 3 14 73.198529
demand_62 3 15 78.425371
demand_63 3 16 1603.293570
demand_64 4 0 1718.901968
demand_65 4 1 213.982464
demand_66 4 2 912.610890
demand_67 4 3 192.293599
demand_68 4 5 648.403213
demand_69 4 6 77.359583
demand_70 4 7 186.004351
demand_71 4 8 244.748349
demand_72 4 9 1093.351106
demand_73 4 10 192.525859
demand_74 4 11 491.409631
demand_75 4 12 233.914089
demand_76 4 13 794.890105
demand_77 4 14 37.040027
demand_78 4 15 39.684921
demand_79 4 16 811.300960
demand_80 5 0 80.183322
demand_81 5 1 9.981852
demand_82 5 2 42.571464
demand_83 5 3 8.970110
demand_84 5 4 7.719825
demand_85 5 6 3.608669
demand_86 5 7 8.676729
demand_87 5 8 11.417019
demand_88 5 9 51.002631
demand_89 5 10 8.980944
demand_90 5 11 22.923272
demand_91 5 12 10.911622
demand_92 5 13 37.080026
demand_93 5 14 1.727843
demand_94 5 15 1.851222
demand_95 5 16 37.845559
demand_96 6 0 4136.021489
demand_97 6 1 514.884551
demand_98 6 2 2195.924097
demand_99 6 3 462.696811
demand_100 6 4 398.204536
demand_101 6 5 1560.187651
demand_102 6 7 447.563622
demand_103 6 8 588.913418
demand_104 6 9 2630.821160
demand_105 6 10 463.255674
demand_106 6 11 1182.429733
demand_107 6 12 562.844022
demand_108 6 13 1912.664373
demand_109 6 14 89.125704
demand_110 6 15 95.489847
demand_111 6 16 1952.152169
demand_112 7 0 2617.273315
demand_113 7 1 325.818809
demand_114 7 2 1389.580193
demand_115 7 3 292.794421
demand_116 7 4 251.983726
demand_117 7 5 987.286337
demand_118 7 6 117.790994
demand_119 7 8 372.664256
demand_120 7 9 1664.782941
demand_121 7 10 293.148069
demand_122 7 11 748.241225
demand_123 7 12 356.167550
demand_124 7 13 1210.333514
demand_125 7 14 56.398722
demand_126 7 15 60.425950
demand_127 7 16 1235.321381
demand_128 8 0 448.361157
demand_129 8 1 55.815530
demand_130 8 2 238.046894
demand_131 8 3 50.158172
demand_132 8 4 43.166953
demand_133 8 5 169.130538
demand_134 8 6 20.178598
demand_135 8 7 48.517674
demand_136 8 9 285.191463
demand_137 8 10 50.218755
demand_138 8 11 128.180079
demand_139 8 12 61.014528
demand_140 8 13 207.340415
demand_141 8 14 9.661580
demand_142 8 15 10.351479
demand_143 8 16 211.621049
demand_144 9 0 1405.724883
demand_145 9 1 174.995712
demand_146 9 2 746.336825
demand_147 9 3 157.258472
demand_148 9 4 135.339245
demand_149 9 5 530.266733
demand_150 9 6 63.264975
demand_151 9 7 152.115100
demand_152 9 8 200.156176
demand_153 9 10 157.448415
demand_154 9 11 401.876756
demand_155 9 12 191.295874
demand_156 9 13 650.064297
demand_157 9 14 30.291482
demand_158 9 15 32.454487
demand_159 9 16 663.485160
demand_160 10 0 4715.959487
demand_161 10 1 587.079804
demand_162 10 2 2503.828644
demand_163 10 3 527.574487
demand_164 10 4 454.039338
demand_165 10 5 1778.951529
demand_166 10 6 212.242854
demand_167 10 7 510.319377
demand_168 10 8 671.488730
demand_169 10 9 2999.705404
demand_170 10 11 1348.225760
demand_171 10 12 641.763978
demand_172 10 13 2180.851265
demand_173 10 14 101.622588
demand_174 10 15 108.879089
demand_175 10 16 2225.875897
demand_176 11 0 455.519422
demand_177 11 1 56.706648
demand_178 11 2 241.847408
demand_179 11 3 50.958967
demand_180 11 4 43.856131
demand_181 11 5 171.830775
demand_182 11 6 20.500758
demand_183 11 7 49.292278
demand_184 11 8 64.859793
demand_185 11 9 289.744658
demand_186 11 10 51.020517
demand_187 11 12 61.988649
demand_188 11 13 210.650687
demand_189 11 14 9.815831
demand_190 11 15 10.516744
demand_191 11 16 214.999663
demand_192 12 0 1423.959448
demand_193 12 1 177.265695
demand_194 12 2 756.018041
demand_195 12 3 159.298373
demand_196 12 4 137.094817
demand_197 12 5 537.145165
demand_198 12 6 64.085626
demand_199 12 7 154.088283
demand_200 12 8 202.752531
demand_201 12 9 905.745451
demand_202 12 10 159.490780
demand_203 12 11 407.089759
demand_204 12 13 658.496701
demand_205 12 14 30.684412
demand_206 12 15 32.875475
demand_207 12 16 672.091655
demand_208 13 0 3066.245198
demand_209 13 1 381.710368
demand_210 13 2 1627.951338
demand_211 13 3 343.020915
demand_212 13 4 295.209478
demand_213 13 5 1156.647253
demand_214 13 6 137.997079
demand_215 13 7 331.801905
demand_216 13 8 436.591769
demand_217 13 9 1950.362872
demand_218 13 10 343.435228
demand_219 13 11 876.595902
demand_220 13 12 417.265187
demand_221 13 14 66.073463
demand_222 13 15 70.791529
demand_223 13 16 1447.230685
demand_224 14 0 1577.241809
demand_225 14 1 196.347491
demand_226 14 2 837.399734
demand_227 14 3 176.446074
demand_228 14 4 151.852413
demand_229 14 5 594.966249
demand_230 14 6 70.984135
demand_231 14 7 170.675143
demand_232 14 8 224.577862
demand_233 14 9 1003.244576
demand_234 14 10 176.659193
demand_235 14 11 450.911006
demand_236 14 12 214.636487
demand_237 14 13 729.380692
demand_238 14 15 36.414361
demand_239 14 16 744.439077
demand_240 15 0 2146.528364
demand_241 15 1 267.216768
demand_242 15 2 1139.649146
demand_243 15 3 240.132173
demand_244 15 4 206.661724
demand_245 15 5 809.712197
demand_246 15 6 96.605008
demand_247 15 7 232.278293
demand_248 15 8 305.636554
demand_249 15 9 1365.353700
demand_250 15 10 240.422214
demand_251 15 11 613.661937
demand_252 15 12 292.106959
demand_253 15 13 992.641924
demand_254 15 14 46.254801
demand_255 15 16 1013.135452
demand_256 16 0 10691.687202
demand_257 16 1 1330.985485
demand_258 16 2 5676.501833
demand_259 16 3 1196.079272
demand_260 16 4 1029.365623
demand_261 16 5 4033.112106
demand_262 16 6 481.181870
demand_263 16 7 1156.959718
demand_264 16 8 1522.351387
demand_265 16 9 6800.718276
demand_266 16 10 1197.523942
demand_267 16 11 3056.601343
demand_268 16 12 1454.961548
demand_269 16 13 4944.270540
demand_270 16 14 230.391488
demand_271 16 15 246.842909
