DEMANDS 272
label src dest bw
demand_0 0 1 751.965886
demand_1 0 2 223.720238
demand_2 0 3 1847.261855
demand_3 0 4 2449.257468
demand_4 0 5 760.666025
demand_5 0 6 787.066776
demand_6 0 7 724.607096
demand_7 0 8 286.197225
demand_8 0 9 2846.858514
demand_9 0 10 264.264818
demand_10 0 11 1282.176264
demand_11 0 12 1753.809675
demand_12 0 13 508.652326
demand_13 0 14 792.792673
demand_14 0 15 936.212705
demand_15 0 16 2190.755432
demand_16 1 0 1368.237208
demand_17 1 2 98.028619
demand_18 1 3 809.423993
demand_19 1 4 1073.203430
demand_20 1 5 333.304847
demand_21 1 6 344.872997
demand_22 1 7 317.504726
demand_23 1 8 125.404474
demand_24 1 9 1247.422275
demand_25 1 10 115.794241
demand_26 1 11 561.817605
demand_27 1 12 768.475582
demand_28 1 13 222.878741
demand_29 1 14 347.381942
demand_30 1 15 410.225017
demand_31 1 16 959.934296
demand_32 2 0 14.901488
demand_33 2 1 3.588509
demand_34 2 3 8.815446
demand_35 2 4 11.688271
demand_36 2 5 3.630027
demand_37 2 6 3.756016
demand_38 2 7 3.457948
demand_39 2 8 1.365782
demand_40 2 9 13.585691
demand_41 2 10 1.261116
demand_42 2 11 6.118762
demand_43 2 12 8.369477
demand_44 2 13 2.427375
demand_45 2 14 3.783341
demand_46 2 15 4.467766
demand_47 2 16 10.454656
demand_48 3 0 170.480778
demand_49 3 1 41.054406
demand_50 3 2 12.214253
demand_51 3 4 133.719910
demand_52 3 5 41.529400
demand_53 3 6 42.970778
demand_54 3 7 39.560723
demand_55 3 8 15.625253
demand_56 3 9 155.427377
demand_57 3 10 14.427829
demand_58 3 11 70.001826
demand_59 3 12 95.751171
demand_60 3 13 27.770434
demand_61 3 14 43.283389
demand_62 3 15 51.113564
demand_63 3 16 119.606706
demand_64 4 0 754.584477
demand_65 4 1 181.715603
demand_66 4 2 54.062902
demand_67 4 3 446.398312
demand_68 4 5 183.818027
demand_69 4 6 190.197875
demand_70 4 7 175.104241
demand_71 4 8 69.160719
demand_72 4 9 687.954895
demand_73 4 10 63.860664
demand_74 4 11 309.843089
demand_75 4 12 423.815214
demand_76 4 13 122.917895
demand_77 4 14 191.581562
demand_78 4 15 226.239594
demand_79 4 16 529.404927
demand_80 5 0 3428.277687
demand_81 5 1 825.582247
demand_82 5 2 245.622122
demand_83 5 3 2028.106090
demand_84 5 4 2689.036194
demand_85 5 6 864.119462
demand_86 5 7 795.545072
demand_87 5 8 314.215515
demand_88 5 9 3125.561802
demand_89 5 10 290.135957
demand_90 5 11 1407.699447
demand_91 5 12 1925.505079
demand_92 5 13 558.448645
demand_93 5 14 870.405917
demand_94 5 15 1027.866561
demand_95 5 16 2405.227187
demand_96 6 0 1696.139992
demand_97 6 1 408.456722
demand_98 6 2 121.521517
demand_99 6 3 1003.405255
demand_100 6 4 1330.400348
demand_101 6 5 413.182508
demand_102 6 7 393.595833
demand_103 6 8 155.458090
demand_104 6 9 1546.371342
demand_105 6 10 143.544732
demand_106 6 11 696.459139
demand_107 6 12 952.643416
demand_108 6 13 276.292403
demand_109 6 14 430.633227
demand_110 6 15 508.536863
demand_111 6 16 1189.985874
demand_112 7 0 471.148102
demand_113 7 1 113.459744
demand_114 7 2 33.755841
demand_115 7 3 278.722561
demand_116 7 4 369.554165
demand_117 7 5 114.772457
demand_118 7 6 118.755912
demand_119 7 8 43.182629
demand_120 7 9 429.545867
demand_121 7 10 39.873376
demand_122 7 11 193.460094
demand_123 7 12 264.622107
demand_124 7 13 76.747581
demand_125 7 14 119.619860
demand_126 7 15 141.259671
demand_127 7 16 330.550302
demand_128 8 0 2267.857172
demand_129 8 1 546.135054
demand_130 8 2 162.482722
demand_131 8 3 1341.622634
demand_132 8 4 1778.837823
demand_133 8 5 552.453759
demand_134 8 6 571.628001
demand_135 8 7 526.265011
demand_136 8 9 2067.606067
demand_137 8 10 191.929293
demand_138 8 11 931.214323
demand_139 8 12 1273.750524
demand_140 8 13 369.422165
demand_141 8 14 575.786585
demand_142 8 15 679.949165
demand_143 8 16 1591.093903
demand_144 9 0 1778.452047
demand_145 9 1 428.278737
demand_146 9 2 127.418840
demand_147 9 3 1052.099555
demand_148 9 4 1394.963407
demand_149 9 5 433.233861
demand_150 9 6 448.270288
demand_151 9 7 412.696663
demand_152 9 8 163.002323
demand_153 9 10 150.510820
demand_154 9 11 730.257637
demand_155 9 12 998.874293
demand_156 9 13 289.700609
demand_157 9 14 451.531447
demand_158 9 15 533.215671
demand_159 9 16 1247.734753
demand_160 10 0 1013.153185
demand_161 10 1 243.982944
demand_162 10 2 72.588296
demand_163 10 3 599.362809
demand_164 10 4 794.686380
demand_165 10 5 246.805792
demand_166 10 6 255.371783
demand_167 10 7 235.106108
demand_168 10 8 92.859587
demand_169 10 9 923.692064
demand_170 10 11 416.015069
demand_171 10 12 569.041303
demand_172 10 13 165.037396
demand_173 10 14 257.229608
demand_174 10 15 303.763690
demand_175 10 16 710.812777
demand_176 11 0 6648.140802
demand_177 11 1 1600.975045
demand_178 11 2 476.312190
demand_179 11 3 3932.917948
demand_180 11 4 5214.598369
demand_181 11 5 1619.498099
demand_182 11 6 1675.706690
demand_183 11 7 1542.726737
demand_184 11 8 609.328991
demand_185 11 9 6061.111974
demand_186 11 10 562.633740
demand_187 11 12 3733.953328
demand_188 11 13 1082.947637
demand_189 11 14 1687.897428
demand_190 11 15 1993.246243
demand_191 11 16 4664.233897
demand_192 12 0 679.272579
demand_193 12 1 163.579334
demand_194 12 2 48.667111
demand_195 12 3 401.845177
demand_196 12 4 532.800641
demand_197 12 5 165.471924
demand_198 12 6 171.215027
demand_199 12 7 157.627824
demand_200 12 8 62.258079
demand_201 12 9 619.293015
demand_202 12 10 57.487000
demand_203 12 11 278.918956
demand_204 12 13 110.649978
demand_205 12 14 172.460613
demand_206 12 15 203.659573
demand_207 12 16 476.567251
demand_208 13 0 1110.323533
demand_209 13 1 267.383065
demand_210 13 2 79.550155
demand_211 13 3 656.847001
demand_212 13 4 870.903829
demand_213 13 5 270.476650
demand_214 13 6 279.864195
demand_215 13 7 257.654862
demand_216 13 8 101.765642
demand_217 13 9 1012.282300
demand_218 13 10 93.966945
demand_219 13 11 455.914592
demand_220 13 12 623.617395
demand_221 13 14 281.900202
demand_222 13 15 332.897313
demand_223 13 16 778.986007
demand_224 14 0 2194.192272
demand_225 14 1 528.395408
demand_226 14 2 157.204932
demand_227 14 3 1298.043833
demand_228 14 4 1721.057328
demand_229 14 5 534.508868
demand_230 14 6 553.060288
demand_231 14 7 509.170787
demand_232 14 8 201.106596
demand_233 14 9 2000.445756
demand_234 14 10 185.695015
demand_235 14 11 900.966470
demand_236 14 12 1232.376356
demand_237 14 13 357.422535
demand_238 14 15 657.862947
demand_239 14 16 1539.411736
demand_240 15 0 1085.964489
demand_241 15 1 261.517031
demand_242 15 2 77.804929
demand_243 15 3 642.436638
demand_244 15 4 851.797340
demand_245 15 5 264.542746
demand_246 15 6 273.724341
demand_247 15 7 252.002252
demand_248 15 8 99.533037
demand_249 15 9 990.074152
demand_250 15 10 91.905433
demand_251 15 11 445.912423
demand_252 15 12 609.936046
demand_253 15 13 176.897980
demand_254 15 14 275.715681
demand_255 15 16 761.896074
demand_256 16 0 3757.376959
demand_257 16 1 904.834438
demand_258 16 2 269.200744
demand_259 16 3 2222.795173
demand_260 16 4 2947.171600
demand_261 16 5 915.303244
demand_262 16 6 947.071053
demand_263 16 7 871.913828
demand_264 16 8 344.378794
demand_265 16 9 3425.601707
demand_266 16 10 317.987707
demand_267 16 11 1542.832276
demand_268 16 12 2110.344925
demand_269 16 13 612.057208
demand_270 16 14 953.960979
demand_271 16 15 1126.537137
