DEMANDS 272
label src dest bw
demand_0 0 1 25.721698
demand_1 0 2 108.630700
demand_2 0 3 52.440608
demand_3 0 4 97.753075
demand_4 0 5 22.206375
demand_5 0 6 21.841749
demand_6 0 7 2.986204
demand_7 0 8 22.215976
demand_8 0 9 47.059634
demand_9 0 10 16.386378
demand_10 0 11 24.395716
demand_11 0 12 14.953018
demand_12 0 13 34.378627
demand_13 0 14 34.403094
demand_14 0 15 53.892246
demand_15 0 16 8.817010
demand_16 1 0 162.104198
demand_17 1 2 4426.217792
demand_18 1 3 2136.721474
demand_19 1 4 3983.002951
demand_20 1 5 904.811011
demand_21 1 6 889.954125
demand_22 1 7 121.674513
demand_23 1 8 905.202210
demand_24 1 9 1917.470723
demand_25 1 10 667.672005
demand_26 1 11 994.016897
demand_27 1 12 609.268978
demand_28 1 13 1400.776115
demand_29 1 14 1401.773049
demand_30 1 15 2195.869266
demand_31 1 16 359.253935
demand_32 2 0 143.513012
demand_33 2 1 927.848025
demand_34 2 3 1891.668059
demand_35 2 4 3526.205709
demand_36 2 5 801.041272
demand_37 2 6 787.888273
demand_38 2 7 107.720071
demand_39 2 8 801.387606
demand_40 2 9 1697.562440
demand_41 2 10 591.098943
demand_42 2 11 880.016435
demand_43 2 12 539.393964
demand_44 2 13 1240.125803
demand_45 2 14 1241.008402
demand_46 2 15 1944.032388
demand_47 2 16 318.052307
demand_48 3 0 68.064334
demand_49 3 1 440.053185
demand_50 3 2 1858.480963
demand_51 3 4 1672.383852
demand_52 3 5 379.912177
demand_53 3 6 373.674066
demand_54 3 7 51.088712
demand_55 3 8 380.076434
demand_56 3 9 805.107883
demand_57 3 10 280.342217
demand_58 3 11 417.367958
demand_59 3 12 255.819946
demand_60 3 13 588.158077
demand_61 3 14 588.576670
demand_62 3 15 922.001903
demand_63 3 16 150.843594
demand_64 4 0 89.917473
demand_65 4 1 581.339274
demand_66 4 2 2455.175896
demand_67 4 3 1185.216658
demand_68 4 5 501.889037
demand_69 4 6 493.648081
demand_70 4 7 67.491557
demand_71 4 8 502.106031
demand_72 4 9 1063.600600
demand_73 4 10 370.350554
demand_74 4 11 551.370592
demand_75 4 12 337.955017
demand_76 4 13 776.995601
demand_77 4 14 777.548590
demand_78 4 15 1218.025308
demand_79 4 16 199.274334
demand_80 5 0 247.749234
demand_81 5 1 1601.761640
demand_82 5 2 6764.735748
demand_83 5 3 3265.622439
demand_84 5 4 6087.355778
demand_85 5 6 1360.146466
demand_86 5 7 185.959202
demand_87 5 8 1383.450620
demand_88 5 9 2930.534230
demand_89 5 10 1020.425313
demand_90 5 11 1519.189058
demand_91 5 12 931.166028
demand_92 5 13 2140.852688
demand_93 5 14 2142.376336
demand_94 5 15 3356.019974
demand_95 5 16 549.059728
demand_96 6 0 80.787561
demand_97 6 1 522.312077
demand_98 6 2 2205.885750
demand_99 6 3 1064.873821
demand_100 6 4 1985.001613
demand_101 6 5 450.928944
demand_102 6 7 60.638696
demand_103 6 8 451.123905
demand_104 6 9 955.606241
demand_105 6 10 332.746428
demand_106 6 11 495.386312
demand_107 6 12 303.640223
demand_108 6 13 698.102131
demand_109 6 14 698.598971
demand_110 6 15 1094.351193
demand_111 6 16 179.040701
demand_112 7 0 45.684784
demand_113 7 1 295.363714
demand_114 7 2 1247.412489
demand_115 7 3 602.178469
demand_116 7 4 1122.504101
demand_117 7 5 254.997067
demand_118 7 6 250.810047
demand_119 7 8 255.107316
demand_120 7 9 540.388440
demand_121 7 10 188.165706
demand_122 7 11 280.137388
demand_123 7 12 171.706357
demand_124 7 13 394.771722
demand_125 7 14 395.052682
demand_126 7 15 618.847710
demand_127 7 16 101.246226
demand_128 8 0 141.750615
demand_129 8 1 916.453685
demand_130 8 2 3870.467898
demand_131 8 3 1868.437628
demand_132 8 4 3482.902511
demand_133 8 5 791.204169
demand_134 8 6 778.212694
demand_135 8 7 106.397226
demand_136 8 9 1676.715704
demand_137 8 10 583.840015
demand_138 8 11 869.209485
demand_139 8 12 532.769993
demand_140 8 13 1224.896568
demand_141 8 14 1225.768329
demand_142 8 15 1920.158903
demand_143 8 16 314.146499
demand_144 9 0 58.773583
demand_145 9 1 379.986125
demand_146 9 2 1604.799153
demand_147 9 3 774.704041
demand_148 9 4 1444.104213
demand_149 9 5 328.054337
demand_150 9 6 322.667725
demand_151 9 7 44.115126
demand_152 9 8 328.196173
demand_153 9 10 242.075632
demand_154 9 11 360.397420
demand_155 9 12 220.900639
demand_156 9 13 507.874765
demand_157 9 14 508.236220
demand_158 9 15 796.149061
demand_159 9 16 130.253512
demand_160 10 0 72.870309
demand_161 10 1 471.125029
demand_162 10 2 1989.706988
demand_163 10 3 960.515241
demand_164 10 4 1790.469692
demand_165 10 5 406.737507
demand_166 10 6 400.058927
demand_167 10 7 54.696050
demand_168 10 8 406.913362
demand_169 10 9 861.955981
demand_170 10 11 446.838014
demand_171 10 12 273.883212
demand_172 10 13 629.687502
demand_173 10 14 630.135651
demand_174 10 15 987.103805
demand_175 10 16 161.494553
demand_176 11 0 9.714837
demand_177 11 1 62.808883
demand_178 11 2 265.261375
demand_179 11 3 128.052821
demand_180 11 4 238.699696
demand_181 11 5 54.224944
demand_182 11 6 53.334577
demand_183 11 7 7.291903
demand_184 11 8 54.248389
demand_185 11 9 114.913216
demand_186 11 10 40.013303
demand_187 11 12 36.513234
demand_188 11 13 83.947925
demand_189 11 14 84.007671
demand_190 11 15 131.597524
demand_191 11 16 21.529938
demand_192 12 0 82.744848
demand_193 12 1 534.966431
demand_194 12 2 2259.329011
demand_195 12 3 1090.673130
demand_196 12 4 2033.093386
demand_197 12 5 461.853859
demand_198 12 6 454.270275
demand_199 12 7 62.107824
demand_200 12 8 462.053543
demand_201 12 9 978.758262
demand_202 12 10 340.808067
demand_203 12 11 507.388321
demand_204 12 13 715.015452
demand_205 12 14 715.524329
demand_206 12 15 1120.864668
demand_207 12 16 183.378423
demand_208 13 0 72.359687
demand_209 13 1 467.823732
demand_210 13 2 1975.764585
demand_211 13 3 953.784657
demand_212 13 4 1777.923397
demand_213 13 5 403.887390
demand_214 13 6 397.255609
demand_215 13 7 54.312780
demand_216 13 8 404.062012
demand_217 13 9 855.916027
demand_218 13 10 298.033844
demand_219 13 11 443.706901
demand_220 13 12 271.964039
demand_221 13 14 625.720124
demand_222 13 15 980.186907
demand_223 13 16 160.362918
demand_224 14 0 18.485310
demand_225 14 1 119.512219
demand_226 14 2 504.737134
demand_227 14 3 243.657842
demand_228 14 4 454.195792
demand_229 14 5 103.178772
demand_230 14 6 101.484589
demand_231 14 7 13.874971
demand_232 14 8 103.223382
demand_233 14 9 218.655910
demand_234 14 10 76.136980
demand_235 14 11 113.351232
demand_236 14 12 69.477078
demand_237 14 13 159.735412
demand_238 14 15 250.402672
demand_239 14 16 40.966986
demand_240 15 0 123.729993
demand_241 15 1 799.945788
demand_242 15 2 3378.418946
demand_243 15 3 1630.904906
demand_244 15 4 3040.124383
demand_245 15 5 690.619126
demand_246 15 6 679.279245
demand_247 15 7 92.871047
demand_248 15 8 690.917718
demand_249 15 9 1463.556410
demand_250 15 10 509.616981
demand_251 15 11 758.707699
demand_252 15 12 465.039444
demand_253 15 13 1069.176617
demand_254 15 14 1069.937552
demand_255 15 16 274.209349
demand_256 16 0 39.971915
demand_257 16 1 258.428571
demand_258 16 2 1091.423936
demand_259 16 3 526.876234
demand_260 16 4 982.135305
demand_261 16 5 223.109761
demand_262 16 6 219.446327
demand_263 16 7 30.002698
demand_264 16 8 223.206224
demand_265 16 9 472.813030
demand_266 16 10 164.635642
demand_267 16 11 245.106293
demand_268 16 12 150.234529
demand_269 16 13 345.405638
demand_270 16 14 345.651464
demand_271 16 15 541.460992
