DEMANDS 272
label src dest bw
demand_0 0 1 1099.399578
demand_1 0 2 348.518988
demand_2 0 3 336.458764
demand_3 0 4 404.735853
demand_4 0 5 1043.725487
demand_5 0 6 85.641555
demand_6 0 7 1232.187992
demand_7 0 8 1372.145033
demand_8 0 9 316.659484
demand_9 0 10 100.593618
demand_10 0 11 181.586224
demand_11 0 12 1599.917900
demand_12 0 13 1554.480655
demand_13 0 14 171.906794
demand_14 0 15 759.208683
demand_15 0 16 169.991254
demand_16 1 0 1910.055770
demand_17 1 2 527.735186
demand_18 1 3 509.473326
demand_19 1 4 612.860010
demand_20 1 5 1580.432293
demand_21 1 6 129.680343
demand_22 1 7 1865.806399
demand_23 1 8 2077.732456
demand_24 1 9 479.492818
demand_25 1 10 152.321088
demand_26 1 11 274.961889
demand_27 1 12 2422.631186
demand_28 1 13 2353.829101
demand_29 1 14 260.305082
demand_30 1 15 1149.610635
demand_31 1 16 257.404529
demand_32 2 0 143.671659
demand_33 2 1 125.219000
demand_34 2 3 38.321854
demand_35 2 4 46.098452
demand_36 2 5 118.877853
demand_37 2 6 9.754370
demand_38 2 7 140.343285
demand_39 2 8 156.284059
demand_40 2 9 36.066763
demand_41 2 10 11.457374
demand_42 2 11 20.682239
demand_43 2 12 182.226847
demand_44 2 13 177.051653
demand_45 2 14 19.579775
demand_46 2 15 86.472065
demand_47 2 16 19.361600
demand_48 3 0 1850.699388
demand_49 3 1 1613.002369
demand_50 3 2 511.335428
demand_51 3 4 593.814936
demand_52 3 5 1531.319202
demand_53 3 6 125.650432
demand_54 3 7 1807.825098
demand_55 3 8 2013.165398
demand_56 3 9 464.592227
demand_57 3 10 147.587599
demand_58 3 11 266.417247
demand_59 3 12 2347.346147
demand_60 3 13 2280.682137
demand_61 3 14 252.215911
demand_62 3 15 1113.885642
demand_63 3 16 249.405494
demand_64 4 0 881.070382
demand_65 4 1 767.908944
demand_66 4 2 243.433647
demand_67 4 3 235.009817
demand_68 4 5 729.021689
demand_69 4 6 59.818939
demand_70 4 7 860.659035
demand_71 4 8 958.416271
demand_72 4 9 221.180411
demand_73 4 10 70.262660
demand_74 4 11 126.834400
demand_75 4 12 1117.511131
demand_76 4 13 1085.774110
demand_77 4 14 120.073509
demand_78 4 15 530.292307
demand_79 4 16 118.735542
demand_80 5 0 1166.308048
demand_81 5 1 1016.511735
demand_82 5 2 322.242839
demand_83 5 3 311.091880
demand_84 5 4 374.221304
demand_85 5 6 79.184718
demand_86 5 7 1139.288734
demand_87 5 8 1268.693891
demand_88 5 9 292.785342
demand_89 5 10 93.009489
demand_90 5 11 167.895760
demand_91 5 12 1479.294110
demand_92 5 13 1437.282549
demand_93 5 14 158.946098
demand_94 5 15 701.969103
demand_95 5 16 157.174978
demand_96 6 0 1061.548272
demand_97 6 1 925.206918
demand_98 6 2 293.298438
demand_99 6 3 283.149077
demand_100 6 4 340.608109
demand_101 6 5 878.354023
demand_102 6 7 1036.955878
demand_103 6 8 1154.737643
demand_104 6 9 266.486864
demand_105 6 10 84.655218
demand_106 6 11 152.815076
demand_107 6 12 1346.421392
demand_108 6 13 1308.183381
demand_109 6 14 144.669289
demand_110 6 15 638.917042
demand_111 6 16 143.057254
demand_112 7 0 171.375803
demand_113 7 1 149.364925
demand_114 7 2 47.349948
demand_115 7 3 45.711440
demand_116 7 4 54.987597
demand_117 7 5 141.801018
demand_118 7 6 11.635301
demand_119 7 8 186.420247
demand_120 7 9 43.021501
demand_121 7 10 13.666695
demand_122 7 11 24.670387
demand_123 7 12 217.365572
demand_124 7 13 211.192447
demand_125 7 14 23.355335
demand_126 7 15 103.146436
demand_127 7 16 23.095089
demand_128 8 0 3639.795719
demand_129 8 1 3172.313752
demand_130 8 2 1005.650359
demand_131 8 3 970.850621
demand_132 8 4 1167.863931
demand_133 8 5 3011.666352
demand_134 8 6 247.118417
demand_135 8 7 3555.474269
demand_136 8 9 913.719867
demand_137 8 10 290.262543
demand_138 8 11 523.966433
demand_139 8 12 4616.557672
demand_140 8 13 4485.448655
demand_141 8 14 496.036471
demand_142 8 15 2190.694080
demand_143 8 16 490.509186
demand_144 9 0 1982.916672
demand_145 9 1 1728.238152
demand_146 9 2 547.866148
demand_147 9 3 528.907672
demand_148 9 4 636.238140
demand_149 9 5 1640.719392
demand_150 9 6 134.627124
demand_151 9 7 1936.979366
demand_152 9 8 2156.989545
demand_153 9 10 158.131522
demand_154 9 11 285.450573
demand_155 9 12 2515.044766
demand_156 9 13 2443.618160
demand_157 9 14 270.234668
demand_158 9 15 1193.463631
demand_159 9 16 267.223470
demand_160 10 0 231.219806
demand_161 10 1 201.522785
demand_162 10 2 63.884432
demand_163 10 3 61.673761
demand_164 10 4 74.189128
demand_165 10 5 191.317580
demand_166 10 6 15.698318
demand_167 10 7 225.863245
demand_168 10 8 251.517732
demand_169 10 9 58.044502
demand_170 10 11 33.285224
demand_171 10 12 293.269088
demand_172 10 13 284.940323
demand_173 10 14 31.510960
demand_174 10 15 139.164915
demand_175 10 16 31.159836
demand_176 11 0 1848.036311
demand_177 11 1 1610.681329
demand_178 11 2 510.599639
demand_179 11 3 492.930741
demand_180 11 4 592.960462
demand_181 11 5 1529.115700
demand_182 11 6 125.469626
demand_183 11 7 1805.223716
demand_184 11 8 2010.268540
demand_185 11 9 463.923699
demand_186 11 10 147.375227
demand_187 11 12 2343.968418
demand_188 11 13 2277.400335
demand_189 11 14 251.852983
demand_190 11 15 1112.282809
demand_191 11 16 249.046611
demand_192 12 0 533.501586
demand_193 12 1 464.980605
demand_194 12 2 147.402795
demand_195 12 3 142.302037
demand_196 12 4 171.179183
demand_197 12 5 441.433778
demand_198 12 6 36.221282
demand_199 12 7 521.142203
demand_200 12 8 580.335704
demand_201 12 9 133.928120
demand_202 12 10 42.545115
demand_203 12 11 76.800168
demand_204 12 13 657.452823
demand_205 12 14 72.706345
demand_206 12 15 321.100099
demand_207 12 16 71.896186
demand_208 13 0 1092.602964
demand_209 13 1 952.273060
demand_210 13 2 301.878635
demand_211 13 3 291.432363
demand_212 13 4 350.572310
demand_213 13 5 904.049523
demand_214 13 6 74.180623
demand_215 13 7 1067.291140
demand_216 13 8 1188.518511
demand_217 13 9 274.282710
demand_218 13 10 87.131735
demand_219 13 11 157.285552
demand_220 13 12 1385.809805
demand_221 13 14 148.901466
demand_222 13 15 657.608017
demand_223 13 16 147.242272
demand_224 14 0 2459.314839
demand_225 14 1 2143.449491
demand_226 14 2 679.491664
demand_227 14 3 655.978391
demand_228 14 4 789.095135
demand_229 14 5 2034.904242
demand_230 14 6 166.971456
demand_231 14 7 2402.341039
demand_232 14 8 2675.208934
demand_233 14 9 617.376634
demand_234 14 10 196.122814
demand_235 14 11 354.030424
demand_236 14 12 3119.287362
demand_237 14 13 3030.700426
demand_238 14 15 1480.194735
demand_239 14 16 331.424237
demand_240 15 0 952.157724
demand_241 15 1 829.866090
demand_242 15 2 263.074587
demand_243 15 3 253.971099
demand_244 15 4 305.509086
demand_245 15 5 787.841297
demand_246 15 6 64.645306
demand_247 15 7 930.099531
demand_248 15 8 1035.744107
demand_249 15 9 239.025895
demand_250 15 10 75.931658
demand_251 15 11 137.067771
demand_252 15 12 1207.675207
demand_253 15 13 1173.377550
demand_254 15 14 129.761391
demand_255 15 16 128.315473
demand_256 16 0 1614.610791
demand_257 16 1 1407.236123
demand_258 16 2 446.105783
demand_259 16 3 430.668645
demand_260 16 4 518.063609
demand_261 16 5 1335.973051
demand_262 16 6 109.621554
demand_263 16 7 1577.205856
demand_264 16 8 1756.351462
demand_265 16 9 405.325483
demand_266 16 10 128.760257
demand_267 16 11 232.431137
demand_268 16 12 2047.901698
demand_269 16 13 1989.741832
demand_270 16 14 220.041425
demand_271 16 15 971.790335
