DEMANDS 272
label src dest bw
demand_0 0 1 62.844807
demand_1 0 2 113.379691
demand_2 0 3 78.928266
demand_3 0 4 49.786951
demand_4 0 5 21.393895
demand_5 0 6 39.902872
demand_6 0 7 178.104989
demand_7 0 8 202.858023
demand_8 0 9 81.287256
demand_9 0 10 117.539201
demand_10 0 11 83.145094
demand_11 0 12 107.499635
demand_12 0 13 266.573899
demand_13 0 14 305.912208
demand_14 0 15 436.162359
demand_15 0 16 139.459484
demand_16 1 0 114.920649
demand_17 1 2 248.192096
demand_18 1 3 172.776724
demand_19 1 4 108.985371
demand_20 1 5 46.831982
demand_21 1 6 87.348778
demand_22 1 7 389.878029
demand_23 1 8 444.063282
demand_24 1 9 177.940637
demand_25 1 10 257.297407
demand_26 1 11 182.007510
demand_27 1 12 235.320447
demand_28 1 13 583.539555
demand_29 1 14 669.652486
demand_30 1 15 954.774606
demand_31 1 16 305.281672
demand_32 2 0 814.828099
demand_33 2 1 975.416282
demand_34 2 3 1225.048162
demand_35 2 4 772.744876
demand_36 2 5 332.055341
demand_37 2 6 619.333769
demand_38 2 7 2764.373300
demand_39 2 8 3148.565930
demand_40 2 9 1261.662130
demand_41 2 10 1824.329735
demand_42 2 11 1290.497700
demand_43 2 12 1668.505310
demand_44 2 13 4137.502102
demand_45 2 14 4748.073277
demand_46 2 15 6769.690085
demand_47 2 16 2164.555168
demand_48 3 0 856.023552
demand_49 3 1 1024.730629
demand_50 3 2 1848.738949
demand_51 3 4 811.812719
demand_52 3 5 348.843140
demand_53 3 6 650.645570
demand_54 3 7 2904.132362
demand_55 3 8 3307.748708
demand_56 3 9 1325.448275
demand_57 3 10 1916.562796
demand_58 3 11 1355.741692
demand_59 3 12 1752.860320
demand_60 3 13 4346.682756
demand_61 3 14 4988.122720
demand_62 3 15 7111.946878
demand_63 3 16 2273.989086
demand_64 4 0 28.975619
demand_65 4 1 34.686201
demand_66 4 2 62.578134
demand_67 4 3 43.563212
demand_68 4 5 11.808023
demand_69 4 6 22.023761
demand_70 4 7 98.302242
demand_71 4 8 111.964289
demand_72 4 9 44.865220
demand_73 4 10 64.873909
demand_74 4 11 45.890625
demand_75 4 12 59.332729
demand_76 4 13 147.131262
demand_77 4 14 168.843422
demand_78 4 15 240.732940
demand_79 4 16 76.972465
demand_80 5 0 43.093854
demand_81 5 1 51.586889
demand_82 5 2 93.069036
demand_83 5 3 64.789183
demand_84 5 4 40.868197
demand_85 5 6 32.754736
demand_86 5 7 146.199548
demand_87 5 8 166.518363
demand_88 5 9 66.725588
demand_89 5 10 96.483417
demand_90 5 11 68.250616
demand_91 5 12 88.242323
demand_92 5 13 218.820280
demand_93 5 14 251.111588
demand_94 5 15 358.028936
demand_95 5 16 114.476937
demand_96 6 0 490.849273
demand_97 6 1 587.586969
demand_98 6 2 1060.078507
demand_99 6 3 737.964241
demand_100 6 4 465.498504
demand_101 6 5 200.028844
demand_102 6 7 1665.247709
demand_103 6 8 1896.683853
demand_104 6 9 760.020353
demand_105 6 10 1098.969127
demand_106 6 11 777.390788
demand_107 6 12 1005.101100
demand_108 6 13 2492.415151
demand_109 6 14 2860.220849
demand_110 6 15 4078.034940
demand_111 6 16 1303.919603
demand_112 7 0 14.094815
demand_113 7 1 16.872653
demand_114 7 2 30.440323
demand_115 7 3 21.190761
demand_116 7 4 13.366864
demand_117 7 5 5.743860
demand_118 7 6 10.713174
demand_119 7 8 54.463579
demand_120 7 9 21.824105
demand_121 7 10 31.557073
demand_122 7 11 22.322900
demand_123 7 12 28.861638
demand_124 7 13 71.570098
demand_125 7 14 82.131697
demand_126 7 15 117.101422
demand_127 7 16 37.442259
demand_128 8 0 26.088837
demand_129 8 1 31.230484
demand_130 8 2 56.343600
demand_131 8 3 39.223097
demand_132 8 4 24.741433
demand_133 8 5 10.631614
demand_134 8 6 19.829578
demand_135 8 7 88.508586
demand_136 8 9 40.395388
demand_137 8 10 58.410652
demand_138 8 11 41.318634
demand_139 8 12 53.421528
demand_140 8 13 132.472869
demand_141 8 14 152.021890
demand_142 8 15 216.749200
demand_143 8 16 69.303852
demand_144 9 0 146.935310
demand_145 9 1 175.893656
demand_146 9 2 317.333594
demand_147 9 3 220.908964
demand_148 9 4 139.346579
demand_149 9 5 59.878463
demand_150 9 6 111.682451
demand_151 9 7 498.490476
demand_152 9 8 567.770687
demand_153 9 10 328.975467
demand_154 9 11 232.711267
demand_155 9 12 300.876154
demand_156 9 13 746.102341
demand_157 9 14 856.204662
demand_158 9 15 1220.756268
demand_159 9 16 390.327217
demand_160 10 0 1196.908366
demand_161 10 1 1432.797801
demand_162 10 2 2584.941863
demand_163 10 3 1799.484328
demand_164 10 4 1135.091940
demand_165 10 5 487.759094
demand_166 10 6 909.744976
demand_167 10 7 4060.612949
demand_168 10 8 4624.956979
demand_169 10 9 1853.266917
demand_170 10 11 1895.623747
demand_171 10 12 2450.882545
demand_172 10 13 6077.614270
demand_173 10 14 6974.487793
demand_174 10 15 9944.059012
demand_175 10 16 3179.534670
demand_176 11 0 41.256124
demand_177 11 1 49.386975
demand_178 11 2 89.100123
demand_179 11 3 62.026259
demand_180 11 4 39.125379
demand_181 11 5 16.812523
demand_182 11 6 31.357916
demand_183 11 7 139.964893
demand_184 11 8 159.417216
demand_185 11 9 63.880087
demand_186 11 10 92.368899
demand_187 11 12 84.479245
demand_188 11 13 209.488726
demand_189 11 14 240.402977
demand_190 11 15 342.760853
demand_191 11 16 109.595087
demand_192 12 0 711.218683
demand_193 12 1 851.387287
demand_194 12 2 1536.006432
demand_195 12 3 1069.277241
demand_196 12 4 674.486551
demand_197 12 5 289.832865
demand_198 12 6 540.582423
demand_199 12 7 2412.869588
demand_200 12 8 2748.210229
demand_201 12 9 1101.235562
demand_202 12 10 1592.357203
demand_203 12 11 1126.404547
demand_204 12 13 3611.398285
demand_205 12 14 4144.332321
demand_206 12 15 5908.890572
demand_207 12 16 1889.321293
demand_208 13 0 46.949192
demand_209 13 1 56.202046
demand_210 13 2 101.395341
demand_211 13 3 70.585467
demand_212 13 4 44.524419
demand_213 13 5 19.132539
demand_214 13 6 35.685098
demand_215 13 7 159.279109
demand_216 13 8 181.415721
demand_217 13 9 72.695110
demand_218 13 10 105.115186
demand_219 13 11 74.356573
demand_220 13 12 96.136813
demand_221 13 14 273.576973
demand_222 13 15 390.059550
demand_223 13 16 124.718474
demand_224 14 0 28.626886
demand_225 14 1 34.268739
demand_226 14 2 61.824981
demand_227 14 3 43.038912
demand_228 14 4 27.148401
demand_229 14 5 11.665909
demand_230 14 6 21.758697
demand_231 14 7 97.119136
demand_232 14 8 110.616754
demand_233 14 9 44.325249
demand_234 14 10 64.093126
demand_235 14 11 45.338313
demand_236 14 12 58.618636
demand_237 14 13 145.360479
demand_238 14 15 237.835624
demand_239 14 16 76.046071
demand_240 15 0 192.630155
demand_241 15 1 230.594147
demand_242 15 2 416.019945
demand_243 15 3 289.608591
demand_244 15 4 182.681434
demand_245 15 5 78.499836
demand_246 15 6 146.414146
demand_247 15 7 653.514108
demand_248 15 8 744.339506
demand_249 15 9 298.264349
demand_250 15 10 431.282280
demand_251 15 11 305.081247
demand_252 15 12 394.444470
demand_253 15 13 978.129834
demand_254 15 14 1122.472451
demand_255 15 16 511.713574
demand_256 16 0 81.684844
demand_257 16 1 97.783480
demand_258 16 2 176.413316
demand_259 16 3 122.808563
demand_260 16 4 77.466088
demand_261 16 5 33.287866
demand_262 16 6 62.086939
demand_263 16 7 277.122749
demand_264 16 8 315.637271
demand_265 16 9 126.479039
demand_266 16 10 182.885311
demand_267 16 11 129.369745
demand_268 16 12 167.264232
demand_269 16 13 414.776092
demand_270 16 14 475.984599
demand_271 16 15 678.647534
