DEMANDS 272
label src dest bw
demand_0 0 1 39.518686
demand_1 0 2 346.942318
demand_2 0 3 160.775633
demand_3 0 4 249.426386
demand_4 0 5 570.306986
demand_5 0 6 244.152664
demand_6 0 7 376.777747
demand_7 0 8 13.733043
demand_8 0 9 361.995657
demand_9 0 10 699.211796
demand_10 0 11 426.397517
demand_11 0 12 10.312346
demand_12 0 13 62.287311
demand_13 0 14 15.016989
demand_14 0 15 2.665490
demand_15 0 16 123.186589
demand_16 1 0 343.308939
demand_17 1 2 811.659975
demand_18 1 3 376.129228
demand_19 1 4 583.524706
demand_20 1 5 1334.214163
demand_21 1 6 571.187010
demand_22 1 7 881.458966
demand_23 1 8 32.127997
demand_24 1 9 846.876761
demand_25 1 10 1635.782663
demand_26 1 11 997.542763
demand_27 1 12 24.125389
demand_28 1 13 145.719086
demand_29 1 14 35.131745
demand_30 1 15 6.235826
demand_31 1 16 288.190914
demand_32 2 0 10.266734
demand_33 2 1 2.764818
demand_34 2 3 11.248232
demand_35 2 4 17.450442
demand_36 2 5 39.899985
demand_37 2 6 17.081480
demand_38 2 7 26.360235
demand_39 2 8 0.960795
demand_40 2 9 25.326046
demand_41 2 10 48.918461
demand_42 2 11 29.831748
demand_43 2 12 0.721475
demand_44 2 13 4.357763
demand_45 2 14 1.050623
demand_46 2 15 0.186484
demand_47 2 16 8.618416
demand_48 3 0 1324.764728
demand_49 3 1 356.757406
demand_50 3 2 3132.043427
demand_51 3 4 2251.712263
demand_52 3 5 5148.481910
demand_53 3 6 2204.103409
demand_54 3 7 3401.384624
demand_55 3 8 123.975906
demand_56 3 9 3267.938388
demand_57 3 10 6312.178122
demand_58 3 11 3849.330198
demand_59 3 12 93.095347
demand_60 3 13 562.302588
demand_61 3 14 135.566807
demand_62 3 15 24.062880
demand_63 3 16 1112.074621
demand_64 4 0 490.204703
demand_65 4 1 132.011484
demand_66 4 2 1158.954782
demand_67 4 3 537.068207
demand_68 4 5 1905.100574
demand_69 4 6 815.587729
demand_70 4 7 1258.619514
demand_71 4 8 45.874993
demand_72 4 9 1209.240201
demand_73 4 10 2335.704849
demand_74 4 11 1424.373495
demand_75 4 12 34.448212
demand_76 4 13 208.069680
demand_77 4 14 50.163991
demand_78 4 15 8.904024
demand_79 4 16 411.502660
demand_80 5 0 31.030206
demand_81 5 1 8.356394
demand_82 5 2 73.362424
demand_83 5 3 33.996689
demand_84 5 4 52.742267
demand_85 5 6 51.627116
demand_86 5 7 79.671252
demand_87 5 8 2.903910
demand_88 5 9 76.545517
demand_89 5 10 147.851300
demand_90 5 11 90.163563
demand_91 5 12 2.180589
demand_92 5 13 13.170916
demand_93 5 14 3.175406
demand_94 5 15 0.563629
demand_95 5 16 26.048327
demand_96 6 0 127.719415
demand_97 6 1 34.394671
demand_98 6 2 301.957582
demand_99 6 3 139.929374
demand_100 6 4 217.085620
demand_101 6 5 496.360661
demand_102 6 7 327.924532
demand_103 6 8 11.952409
demand_104 6 9 315.059097
demand_105 6 10 608.551601
demand_106 6 11 371.110575
demand_107 6 12 8.975241
demand_108 6 13 54.211103
demand_109 6 14 13.069878
demand_110 6 15 2.319881
demand_111 6 16 107.214147
demand_112 7 0 343.863051
demand_113 7 1 92.601869
demand_114 7 2 812.970022
demand_115 7 3 376.736313
demand_116 7 4 584.466535
demand_117 7 5 1336.367630
demand_118 7 6 572.108925
demand_119 7 8 32.179852
demand_120 7 9 848.243648
demand_121 7 10 1638.422872
demand_122 7 11 999.152831
demand_123 7 12 24.164328
demand_124 7 13 145.954281
demand_125 7 14 35.188449
demand_126 7 15 6.245890
demand_127 7 16 288.656064
demand_128 8 0 233.031251
demand_129 8 1 62.755011
demand_130 8 2 550.938581
demand_131 8 3 255.309008
demand_132 8 4 396.084916
demand_133 8 5 905.637928
demand_134 8 6 387.710335
demand_135 8 7 598.316742
demand_136 8 9 574.843032
demand_137 8 10 1110.336603
demand_138 8 11 677.112105
demand_139 8 12 16.375832
demand_140 8 13 98.911205
demand_141 8 14 23.846727
demand_142 8 15 4.232754
demand_143 8 16 195.618237
demand_144 9 0 327.503297
demand_145 9 1 88.196209
demand_146 9 2 774.291862
demand_147 9 3 358.812568
demand_148 9 4 556.659741
demand_149 9 5 1272.788114
demand_150 9 6 544.890061
demand_151 9 7 840.877369
demand_152 9 8 30.648852
demand_153 9 10 1560.472665
demand_154 9 11 951.616770
demand_155 9 12 23.014678
demand_156 9 13 139.010307
demand_157 9 14 33.514310
demand_158 9 15 5.948734
demand_159 9 16 274.922858
demand_160 10 0 971.615810
demand_161 10 1 261.654865
demand_162 10 2 2297.119518
demand_163 10 3 1064.502152
demand_164 10 4 1651.462474
demand_165 10 5 3776.026278
demand_166 10 6 1616.544942
demand_167 10 7 2494.661134
demand_168 10 8 90.927052
demand_169 10 9 2396.788305
demand_170 10 11 2823.195698
demand_171 10 12 68.278472
demand_172 10 13 412.406877
demand_173 10 14 99.428110
demand_174 10 15 17.648322
demand_175 10 16 815.623530
demand_176 11 0 21.435582
demand_177 11 1 5.772574
demand_178 11 2 50.678563
demand_179 11 3 23.484820
demand_180 11 4 36.434214
demand_181 11 5 83.305890
demand_182 11 6 35.663871
demand_183 11 7 55.036684
demand_184 11 8 2.006013
demand_185 11 9 52.877435
demand_186 11 10 102.135275
demand_187 11 12 1.506345
demand_188 11 13 9.098433
demand_189 11 14 2.193562
demand_190 11 15 0.389354
demand_191 11 16 17.994113
demand_192 12 0 453.539850
demand_193 12 1 122.137688
demand_194 12 2 1072.270780
demand_195 12 3 496.898200
demand_196 12 4 770.884989
demand_197 12 5 1762.608611
demand_198 12 6 754.585860
demand_199 12 7 1164.481090
demand_200 12 8 42.443773
demand_201 12 9 1118.795102
demand_202 12 10 2161.005846
demand_203 12 11 1317.837504
demand_204 12 13 192.507112
demand_205 12 14 46.411977
demand_206 12 15 8.238048
demand_207 12 16 380.724325
demand_208 13 0 665.167280
demand_209 13 1 179.128677
demand_210 13 2 1572.605884
demand_211 13 3 728.757183
demand_212 13 4 1130.589673
demand_213 13 5 2585.064077
demand_214 13 6 1106.685163
demand_215 13 7 1707.842691
demand_216 13 8 62.248575
demand_217 13 9 1640.839043
demand_218 13 10 3169.358500
demand_219 13 11 1932.757148
demand_220 13 12 46.743378
demand_221 13 14 68.068392
demand_222 13 15 12.082025
demand_223 13 16 558.375110
demand_224 14 0 1207.732489
demand_225 14 1 325.240777
demand_226 14 2 2855.352746
demand_227 14 3 1323.191553
demand_228 14 4 2052.791713
demand_229 14 5 4693.655213
demand_230 14 6 2009.388717
demand_231 14 7 3100.899829
demand_232 14 8 113.023639
demand_233 14 9 2979.242488
demand_234 14 10 5754.548285
demand_235 14 11 3509.273038
demand_236 14 12 84.871127
demand_237 14 13 512.627706
demand_238 14 15 21.937119
demand_239 14 16 1013.831831
demand_240 15 0 550.584472
demand_241 15 1 148.271677
demand_242 15 2 1301.706213
demand_243 15 3 603.220274
demand_244 15 4 935.832440
demand_245 15 5 2139.756694
demand_246 15 6 916.045760
demand_247 15 7 1413.646905
demand_248 15 8 51.525533
demand_249 15 9 1358.185415
demand_250 15 10 2623.399601
demand_251 15 11 1599.817228
demand_252 15 12 38.691287
demand_253 15 13 233.698156
demand_254 15 14 56.342819
demand_255 15 16 462.188497
demand_256 16 0 1046.707898
demand_257 16 1 281.877066
demand_258 16 2 2474.654196
demand_259 16 3 1146.773033
demand_260 16 4 1779.097043
demand_261 16 5 4067.859422
demand_262 16 6 1741.480882
demand_263 16 7 2687.462971
demand_264 16 8 97.954420
demand_265 16 9 2582.025963
demand_266 16 10 4987.305713
demand_267 16 11 3041.388586
demand_268 16 12 73.555427
demand_269 16 13 444.280065
demand_270 16 14 107.112489
demand_271 16 15 19.012287
