DEMANDS 272
label src dest bw
demand_0 0 1 79.687548
demand_1 0 2 44.725531
demand_2 0 3 203.434435
demand_3 0 4 113.609820
demand_4 0 5 3.001289
demand_5 0 6 267.450994
demand_6 0 7 52.547897
demand_7 0 8 16.654140
demand_8 0 9 25.134622
demand_9 0 10 43.240998
demand_10 0 11 80.388046
demand_11 0 12 2.385116
demand_12 0 13 2.598913
demand_13 0 14 82.084619
demand_14 0 15 220.245397
demand_15 0 16 25.693460
demand_16 1 0 234.881473
demand_17 1 2 299.831032
demand_18 1 3 1363.783848
demand_19 1 4 761.617558
demand_20 1 5 20.120042
demand_21 1 6 1792.938080
demand_22 1 7 352.270610
demand_23 1 8 111.646033
demand_24 1 9 168.497490
demand_25 1 10 289.879017
demand_26 1 11 538.905414
demand_27 1 12 15.989339
demand_28 1 13 17.422592
demand_29 1 14 550.278903
demand_30 1 15 1476.481180
demand_31 1 16 172.243830
demand_32 2 0 253.646863
demand_33 2 1 576.889014
demand_34 2 3 1472.740653
demand_35 2 4 822.465482
demand_36 2 5 21.727493
demand_37 2 6 1936.181311
demand_38 2 7 380.414571
demand_39 2 8 120.565771
demand_40 2 9 181.959263
demand_41 2 10 313.038326
demand_42 2 11 581.960193
demand_43 2 12 17.266775
demand_44 2 13 18.814535
demand_45 2 14 594.242344
demand_46 2 15 1594.441715
demand_47 2 16 186.004909
demand_48 3 0 157.436359
demand_49 3 1 358.069896
demand_50 3 2 200.970750
demand_51 3 4 510.497032
demand_52 3 5 13.486062
demand_53 3 6 1201.770571
demand_54 3 7 236.119951
demand_55 3 8 74.834105
demand_56 3 9 112.940501
demand_57 3 10 194.300113
demand_58 3 11 361.217531
demand_59 3 12 10.717334
demand_60 3 13 11.678015
demand_61 3 14 368.840954
demand_62 3 15 989.655834
demand_63 3 16 115.451598
demand_64 4 0 229.887037
demand_65 4 1 522.850172
demand_66 4 2 293.455531
demand_67 4 3 1334.784829
demand_68 4 5 19.692217
demand_69 4 6 1754.813677
demand_70 4 7 344.780052
demand_71 4 8 109.272031
demand_72 4 9 164.914619
demand_73 4 10 283.715132
demand_74 4 11 527.446319
demand_75 4 12 15.649347
demand_76 4 13 17.052124
demand_77 4 14 538.577967
demand_78 4 15 1445.085805
demand_79 4 16 168.581298
demand_80 5 0 1273.696550
demand_81 5 1 2896.868266
demand_82 5 2 1625.899846
demand_83 5 3 7395.418454
demand_84 5 4 4130.039047
demand_85 5 6 9722.601850
demand_86 5 7 1910.265013
demand_87 5 8 605.425216
demand_88 5 9 913.714771
demand_89 5 10 1571.932850
demand_90 5 11 2922.333366
demand_91 5 12 86.705713
demand_92 5 13 94.477843
demand_93 5 14 2984.008617
demand_94 5 15 8006.544574
demand_95 5 16 934.030127
demand_96 6 0 182.017491
demand_97 6 1 413.976699
demand_98 6 2 232.349071
demand_99 6 3 1056.841609
demand_100 6 4 590.202858
demand_101 6 5 15.591692
demand_102 6 7 272.986250
demand_103 6 8 86.518236
demand_104 6 9 130.574327
demand_105 6 10 224.636923
demand_106 6 11 417.615787
demand_107 6 12 12.390672
demand_108 6 13 13.501348
demand_109 6 14 426.429483
demand_110 6 15 1144.174532
demand_111 6 16 133.477491
demand_112 7 0 903.114003
demand_113 7 1 2054.023225
demand_114 7 2 1152.843602
demand_115 7 3 5243.718343
demand_116 7 4 2928.402448
demand_117 7 5 77.361111
demand_118 7 6 6893.806751
demand_119 7 8 429.276495
demand_120 7 9 647.869074
demand_121 7 10 1114.578326
demand_122 7 11 2072.079244
demand_123 7 12 61.478650
demand_124 7 13 66.989475
demand_125 7 14 2115.810055
demand_126 7 15 5677.037061
demand_127 7 16 662.273669
demand_128 8 0 455.711926
demand_129 8 1 1036.461483
demand_130 8 2 581.725647
demand_131 8 3 2645.983758
demand_132 8 4 1477.673820
demand_133 8 5 39.036468
demand_134 8 6 3478.619464
demand_135 8 7 683.467775
demand_136 8 9 326.915165
demand_137 8 10 562.416963
demand_138 8 11 1045.572562
demand_139 8 12 31.022167
demand_140 8 13 33.802934
demand_141 8 14 1067.639158
demand_142 8 15 2864.636671
demand_143 8 16 334.183733
demand_144 9 0 107.521676
demand_145 9 1 244.545006
demand_146 9 2 137.253631
demand_147 9 3 624.299239
demand_148 9 4 348.645617
demand_149 9 5 9.210350
demand_150 9 6 820.753142
demand_151 9 7 161.258893
demand_152 9 8 51.108197
demand_153 9 10 132.697898
demand_154 9 11 246.694695
demand_155 9 12 7.319439
demand_156 9 13 7.975539
demand_157 9 14 251.901136
demand_158 9 15 675.888689
demand_159 9 16 78.848046
demand_160 10 0 24.446096
demand_161 10 1 55.599680
demand_162 10 2 31.205945
demand_163 10 3 141.940489
demand_164 10 4 79.267964
demand_165 10 5 2.094062
demand_166 10 6 186.606190
demand_167 10 7 36.663774
demand_168 10 8 11.619944
demand_169 10 9 17.536955
demand_170 10 11 56.088432
demand_171 10 12 1.664145
demand_172 10 13 1.813316
demand_173 10 14 57.272167
demand_174 10 15 153.669851
demand_175 10 16 17.926868
demand_176 11 0 356.741547
demand_177 11 1 811.365365
demand_178 11 2 455.387923
demand_179 11 3 2071.335608
demand_180 11 4 1156.756307
demand_181 11 5 30.558625
demand_182 11 6 2723.141569
demand_183 11 7 535.033949
demand_184 11 8 169.569689
demand_185 11 9 255.916545
demand_186 11 10 440.272651
demand_187 11 12 24.284851
demand_188 11 13 26.461697
demand_189 11 14 835.771950
demand_190 11 15 2242.502027
demand_191 11 16 261.606544
demand_192 12 0 427.794528
demand_193 12 1 972.966750
demand_194 12 2 546.088515
demand_195 12 3 2483.887978
demand_196 12 4 1387.149950
demand_197 12 5 36.645052
demand_198 12 6 3265.515535
demand_199 12 7 641.597812
demand_200 12 8 203.343249
demand_201 12 9 306.887994
demand_202 12 10 527.962702
demand_203 12 11 981.519675
demand_204 12 13 31.732130
demand_205 12 14 1002.234448
demand_206 12 15 2689.145981
demand_207 12 16 313.711282
demand_208 13 0 22.793325
demand_209 13 1 51.840653
demand_210 13 2 29.096149
demand_211 13 3 132.344065
demand_212 13 4 73.908753
demand_213 13 5 1.952485
demand_214 13 6 173.989973
demand_215 13 7 34.184981
demand_216 13 8 10.834334
demand_217 13 9 16.351303
demand_218 13 10 28.130387
demand_219 13 11 52.296362
demand_220 13 12 1.551635
demand_221 13 14 53.400066
demand_222 13 15 143.280420
demand_223 13 16 16.714855
demand_224 14 0 669.879344
demand_225 14 1 1523.559290
demand_226 14 2 855.114761
demand_227 14 3 3889.496331
demand_228 14 4 2172.124785
demand_229 14 5 57.382135
demand_230 14 6 5113.439416
demand_231 14 7 1004.671853
demand_232 14 8 318.413241
demand_233 14 9 480.552963
demand_234 14 10 826.731725
demand_235 14 11 1536.952233
demand_236 14 12 45.601416
demand_237 14 13 49.689037
demand_238 14 15 4210.907866
demand_239 14 16 491.237484
demand_240 15 0 112.068113
demand_241 15 1 254.885325
demand_242 15 2 143.057251
demand_243 15 3 650.697051
demand_244 15 4 363.387717
demand_245 15 5 9.599800
demand_246 15 6 855.457794
demand_247 15 7 168.077550
demand_248 15 8 53.269251
demand_249 15 9 80.394573
demand_250 15 10 138.308884
demand_251 15 11 257.125911
demand_252 15 12 7.628933
demand_253 15 13 8.312776
demand_254 15 14 262.552501
demand_255 15 16 82.182050
demand_256 16 0 427.390848
demand_257 16 1 972.048628
demand_258 16 2 545.573208
demand_259 16 3 2481.544102
demand_260 16 4 1385.840991
demand_261 16 5 36.610473
demand_262 16 6 3262.434090
demand_263 16 7 640.992380
demand_264 16 8 203.151368
demand_265 16 9 306.598405
demand_266 16 10 527.464499
demand_267 16 11 980.593481
demand_268 16 12 29.094236
demand_269 16 13 31.702186
demand_270 16 14 1001.288707
demand_271 16 15 2686.608417
