DEMANDS 272
label src dest bw
demand_0 0 1 335.902681
demand_1 0 2 273.751380
demand_2 0 3 481.037746
demand_3 0 4 112.875444
demand_4 0 5 1.624517
demand_5 0 6 202.300753
demand_6 0 7 18.276227
demand_7 0 8 318.829938
demand_8 0 9 98.993760
demand_9 0 10 175.527124
demand_10 0 11 20.644562
demand_11 0 12 61.893711
demand_12 0 13 17.352917
demand_13 0 14 167.077134
demand_14 0 15 121.601452
demand_15 0 16 258.485055
demand_16 1 0 1068.989097
demand_17 1 2 3316.809549
demand_18 1 3 5828.319790
demand_19 1 4 1367.614470
demand_20 1 5 19.682878
demand_21 1 6 2451.103869
demand_22 1 7 221.437290
demand_23 1 8 3862.987585
demand_24 1 9 1199.422074
demand_25 1 10 2126.710882
demand_26 1 11 250.132368
demand_27 1 12 749.912748
demand_28 1 13 210.250342
demand_29 1 14 2024.329639
demand_30 1 15 1473.339997
demand_31 1 16 3131.840644
demand_32 2 0 908.404522
demand_33 2 1 3458.467500
demand_34 2 3 4952.783960
demand_35 2 4 1162.170103
demand_36 2 5 16.726097
demand_37 2 6 2082.896677
demand_38 2 7 188.172766
demand_39 2 8 3282.685857
demand_40 2 9 1019.243731
demand_41 2 10 1807.234318
demand_42 2 11 212.557242
demand_43 2 12 637.260131
demand_44 2 13 178.666332
demand_45 2 14 1720.232884
demand_46 2 15 1252.013439
demand_47 2 16 2661.372517
demand_48 3 0 158.577480
demand_49 3 1 603.734402
demand_50 3 2 492.026814
demand_51 3 4 202.876584
demand_52 3 5 2.919825
demand_53 3 6 363.605088
demand_54 3 7 32.848761
demand_55 3 8 573.048723
demand_56 3 9 177.926352
demand_57 3 10 315.483529
demand_58 3 11 37.105487
demand_59 3 12 111.244609
demand_60 3 13 31.189251
demand_61 3 14 300.295947
demand_62 3 15 218.560268
demand_63 3 16 464.587898
demand_64 4 0 312.650582
demand_65 4 1 1190.319788
demand_66 4 2 970.077656
demand_67 4 3 1704.626906
demand_68 4 5 5.756713
demand_69 4 6 716.882010
demand_70 4 7 64.764456
demand_71 4 8 1129.820053
demand_72 4 9 350.798723
demand_73 4 10 622.005779
demand_74 4 11 73.156996
demand_75 4 12 219.329325
demand_76 4 13 61.492575
demand_77 4 14 592.062017
demand_78 4 15 430.912354
demand_79 4 16 915.979222
demand_80 5 0 154.340857
demand_81 5 1 587.604778
demand_82 5 2 478.881618
demand_83 5 3 841.493963
demand_84 5 4 197.456447
demand_85 5 6 353.890861
demand_86 5 7 31.971160
demand_87 5 8 557.738911
demand_88 5 9 173.172796
demand_89 5 10 307.054937
demand_90 5 11 36.114161
demand_91 5 12 108.272551
demand_92 5 13 30.355986
demand_93 5 14 292.273113
demand_94 5 15 212.721120
demand_95 5 16 452.175771
demand_96 6 0 27.729378
demand_97 6 1 105.570977
demand_98 6 2 86.037422
demand_99 6 3 151.185529
demand_100 6 4 35.475664
demand_101 6 5 0.510570
demand_102 6 7 5.744042
demand_103 6 8 100.205178
demand_104 6 9 31.112785
demand_105 6 10 55.166484
demand_106 6 11 6.488387
demand_107 6 12 19.452597
demand_108 6 13 5.453855
demand_109 6 14 52.510734
demand_110 6 15 38.218165
demand_111 6 16 81.239363
demand_112 7 0 543.900838
demand_113 7 1 2070.733166
demand_114 7 2 1687.590172
demand_115 7 3 2965.444669
demand_116 7 4 695.841201
demand_117 7 5 10.014633
demand_118 7 6 1247.119781
demand_119 7 8 1965.485140
demand_120 7 9 610.265038
demand_121 7 10 1082.068876
demand_122 7 11 127.267159
demand_123 7 12 381.555035
demand_124 7 13 106.975214
demand_125 7 14 1029.977378
demand_126 7 15 749.634268
demand_127 7 16 1593.478134
demand_128 8 0 864.055147
demand_129 8 1 3289.621060
demand_130 8 2 2680.950042
demand_131 8 3 4710.983237
demand_132 8 4 1105.431595
demand_133 8 5 15.909509
demand_134 8 6 1981.207218
demand_135 8 7 178.985951
demand_136 8 9 969.483057
demand_137 8 10 1719.003019
demand_138 8 11 202.179948
demand_139 8 12 606.148344
demand_140 8 13 169.943632
demand_141 8 14 1636.249097
demand_142 8 15 1190.888674
demand_143 8 16 2531.441189
demand_144 9 0 863.186074
demand_145 9 1 3286.312332
demand_146 9 2 2678.253520
demand_147 9 3 4706.244891
demand_148 9 4 1104.319743
demand_149 9 5 15.893507
demand_150 9 6 1979.214503
demand_151 9 7 178.805926
demand_152 9 8 3119.280726
demand_153 9 10 1717.274031
demand_154 9 11 201.976594
demand_155 9 12 605.538675
demand_156 9 13 169.772702
demand_157 9 14 1634.603344
demand_158 9 15 1189.690869
demand_159 9 16 2528.895044
demand_160 10 0 98.738123
demand_161 10 1 375.914675
demand_162 10 2 306.360048
demand_163 10 3 538.337912
demand_164 10 4 126.320920
demand_165 10 5 1.818026
demand_166 10 6 226.398377
demand_167 10 7 20.453251
demand_168 10 8 356.808265
demand_169 10 9 110.785681
demand_170 10 11 23.103697
demand_171 10 12 69.266354
demand_172 10 13 19.419959
demand_173 10 14 186.978997
demand_174 10 15 136.086352
demand_175 10 16 289.275231
demand_176 11 0 1.701972
demand_177 11 1 6.479728
demand_178 11 2 5.280798
demand_179 11 3 9.279454
demand_180 11 4 2.177423
demand_181 11 5 0.031338
demand_182 11 6 3.902481
demand_183 11 7 0.352557
demand_184 11 8 6.150386
demand_185 11 9 1.909638
demand_186 11 10 3.386004
demand_187 11 12 1.193960
demand_188 11 13 0.334746
demand_189 11 14 3.223000
demand_190 11 15 2.345752
demand_191 11 16 4.986304
demand_192 12 0 937.784144
demand_193 12 1 3570.321267
demand_194 12 2 2909.712935
demand_195 12 3 5112.966914
demand_196 12 4 1199.757012
demand_197 12 5 17.267053
demand_198 12 6 2150.261728
demand_199 12 7 194.258651
demand_200 12 8 3388.854494
demand_201 12 9 1052.208115
demand_202 12 10 1865.683896
demand_203 12 11 219.431769
demand_204 12 13 184.444759
demand_205 12 14 1775.868662
demand_206 12 15 1292.506062
demand_207 12 16 2747.446635
demand_208 13 0 307.680268
demand_209 13 1 1171.396865
demand_210 13 2 954.655997
demand_211 13 3 1677.527865
demand_212 13 4 393.631692
demand_213 13 5 5.665196
demand_214 13 6 705.485490
demand_215 13 7 63.734874
demand_216 13 8 1111.858915
demand_217 13 9 345.221955
demand_218 13 10 612.117539
demand_219 13 11 71.993994
demand_220 13 12 215.842572
demand_221 13 14 582.649803
demand_222 13 15 424.061992
demand_223 13 16 901.417585
demand_224 14 0 154.693700
demand_225 14 1 588.948120
demand_226 14 2 479.976404
demand_227 14 3 843.417729
demand_228 14 4 197.907859
demand_229 14 5 2.848315
demand_230 14 6 354.699902
demand_231 14 7 32.044250
demand_232 14 8 559.013975
demand_233 14 9 173.568692
demand_234 14 10 307.756905
demand_235 14 11 36.196722
demand_236 14 12 108.520076
demand_237 14 13 30.425384
demand_238 14 15 213.207428
demand_239 14 16 453.209504
demand_240 15 0 339.892158
demand_241 15 1 1294.033610
demand_242 15 2 1054.601548
demand_243 15 3 1853.152851
demand_244 15 4 434.842072
demand_245 15 5 6.258301
demand_246 15 6 779.344697
demand_247 15 7 70.407452
demand_248 15 8 1228.262469
demand_249 15 9 381.364187
demand_250 15 10 676.201800
demand_251 15 11 79.531242
demand_252 15 12 238.439722
demand_253 15 13 66.850488
demand_254 15 14 643.649006
demand_255 15 16 995.789460
demand_256 16 0 139.570690
demand_257 16 1 531.371964
demand_258 16 2 433.053432
demand_259 16 3 760.964369
demand_260 16 4 178.560189
demand_261 16 5 2.569861
demand_262 16 6 320.024085
demand_263 16 7 28.911572
demand_264 16 8 504.364211
demand_265 16 9 156.600443
demand_266 16 10 277.670283
demand_267 16 11 32.658095
demand_268 16 12 97.911045
demand_269 16 13 27.450968
demand_270 16 14 264.303055
demand_271 16 15 192.364057
