DEMANDS 272
label src dest bw
demand_0 0 1 321.868186
demand_1 0 2 1472.917110
demand_2 0 3 34.219357
demand_3 0 4 489.628586
demand_4 0 5 272.225119
demand_5 0 6 56.176693
demand_6 0 7 264.100134
demand_7 0 8 805.285687
demand_8 0 9 243.209640
demand_9 0 10 289.283130
demand_10 0 11 491.525577
demand_11 0 12 417.705437
demand_12 0 13 141.880601
demand_13 0 14 124.343118
demand_14 0 15 14.287936
demand_15 0 16 16.604926
demand_16 1 0 1082.737133
demand_17 1 2 1586.840721
demand_18 1 3 36.866072
demand_19 1 4 527.499187
demand_20 1 5 293.280525
demand_21 1 6 60.521712
demand_22 1 7 284.527109
demand_23 1 8 867.570965
demand_24 1 9 262.020828
demand_25 1 10 311.657898
demand_26 1 11 529.542902
demand_27 1 12 450.013101
demand_28 1 13 152.854437
demand_29 1 14 133.960508
demand_30 1 15 15.393044
demand_31 1 16 17.889243
demand_32 2 0 4681.790127
demand_33 2 1 1499.415484
demand_34 2 3 159.410081
demand_35 2 4 2280.923423
demand_36 2 5 1268.154407
demand_37 2 6 261.697825
demand_38 2 7 1230.304353
demand_39 2 8 3751.404708
demand_40 2 9 1132.986474
demand_41 2 10 1347.618759
demand_42 2 11 2289.760509
demand_43 2 12 1945.871096
demand_44 2 13 660.947494
demand_45 2 14 579.249536
demand_46 2 15 66.560017
demand_47 2 16 77.353662
demand_48 3 0 136.235841
demand_49 3 1 43.631629
demand_50 3 2 199.664880
demand_51 3 4 66.372800
demand_52 3 5 36.902142
demand_53 3 6 7.615169
demand_54 3 7 35.800739
demand_55 3 8 109.162470
demand_56 3 9 32.968877
demand_57 3 10 39.214482
demand_58 3 11 66.629951
demand_59 3 12 56.623082
demand_60 3 13 19.232972
demand_61 3 14 16.855635
demand_62 3 15 1.936836
demand_63 3 16 2.250921
demand_64 4 0 5440.448167
demand_65 4 1 1742.387421
demand_66 4 2 7973.426260
demand_67 4 3 185.241598
demand_68 4 5 1473.651772
demand_69 4 6 304.104501
demand_70 4 7 1429.668328
demand_71 4 8 4359.298968
demand_72 4 9 1316.580628
demand_73 4 10 1565.992881
demand_74 4 11 2660.803459
demand_75 4 12 2261.188680
demand_76 4 13 768.050358
demand_77 4 14 673.113700
demand_78 4 15 77.345698
demand_79 4 16 89.888393
demand_80 5 0 4984.581043
demand_81 5 1 1596.388945
demand_82 5 2 7305.315327
demand_83 5 3 169.719797
demand_84 5 4 2428.440264
demand_85 5 6 278.622916
demand_86 5 7 1309.873273
demand_87 5 8 3994.023715
demand_88 5 9 1206.261440
demand_89 5 10 1434.774891
demand_90 5 11 2437.848882
demand_91 5 12 2071.718704
demand_92 5 13 703.693728
demand_93 5 14 616.712022
demand_94 5 15 70.864731
demand_95 5 16 82.356446
demand_96 6 0 1342.850713
demand_97 6 1 430.068649
demand_98 6 2 1968.058662
demand_99 6 3 45.722669
demand_100 6 4 654.224039
demand_101 6 5 363.737375
demand_102 6 7 352.881063
demand_103 6 8 1075.993659
demand_104 6 9 324.967940
demand_105 6 10 386.529674
demand_106 6 11 656.758729
demand_107 6 12 558.122923
demand_108 6 13 189.575737
demand_109 6 14 166.142785
demand_110 6 15 19.091024
demand_111 6 16 22.186902
demand_112 7 0 2644.035608
demand_113 7 1 846.793176
demand_114 7 2 3875.052625
demand_115 7 3 90.026661
demand_116 7 4 1288.148889
demand_117 7 5 716.188748
demand_118 7 6 147.793547
demand_119 7 8 2118.601509
demand_120 7 9 639.852812
demand_121 7 10 761.066150
demand_122 7 11 1293.139623
demand_123 7 12 1098.928471
demand_124 7 13 373.269340
demand_125 7 14 327.130511
demand_126 7 15 37.589693
demand_127 7 16 43.685392
demand_128 8 0 42.948375
demand_129 8 1 13.754880
demand_130 8 2 62.944392
demand_131 8 3 1.462347
demand_132 8 4 20.924038
demand_133 8 5 11.633407
demand_134 8 6 2.400684
demand_135 8 7 11.286190
demand_136 8 9 10.393445
demand_137 8 10 12.362373
demand_138 8 11 21.005105
demand_139 8 12 17.850438
demand_140 8 13 6.063198
demand_141 8 14 5.313742
demand_142 8 15 0.610588
demand_143 8 16 0.709603
demand_144 9 0 1195.244647
demand_145 9 1 382.795530
demand_146 9 2 1751.729777
demand_147 9 3 40.696836
demand_148 9 4 582.311773
demand_149 9 5 323.755385
demand_150 9 6 66.810539
demand_151 9 7 314.092399
demand_152 9 8 957.720503
demand_153 9 10 344.042356
demand_154 9 11 584.567850
demand_155 9 12 496.774086
demand_156 9 13 168.737584
demand_157 9 14 147.880381
demand_158 9 15 16.992540
demand_159 9 16 19.748119
demand_160 10 0 2500.895409
demand_161 10 1 800.950320
demand_162 10 2 3665.268836
demand_163 10 3 85.152886
demand_164 10 4 1218.412351
demand_165 10 5 677.416426
demand_166 10 6 139.792445
demand_167 10 7 657.197872
demand_168 10 8 2003.906744
demand_169 10 9 605.213090
demand_170 10 11 1223.132902
demand_171 10 12 1039.435762
demand_172 10 13 353.061651
demand_173 10 14 309.420641
demand_174 10 15 35.554700
demand_175 10 16 41.320395
demand_176 11 0 3019.895728
demand_177 11 1 967.168176
demand_178 11 2 4425.906682
demand_179 11 3 102.824306
demand_180 11 4 1471.264348
demand_181 11 5 817.997811
demand_182 11 6 168.802984
demand_183 11 7 793.583386
demand_184 11 8 2419.769094
demand_185 11 9 730.810420
demand_186 11 10 869.254713
demand_187 11 12 1255.145500
demand_188 11 13 426.331053
demand_189 11 14 373.633407
demand_190 11 15 42.933217
demand_191 11 16 49.895443
demand_192 12 0 1240.875252
demand_193 12 1 397.409435
demand_194 12 2 1818.605199
demand_195 12 3 42.250511
demand_196 12 4 604.542568
demand_197 12 5 336.115327
demand_198 12 6 69.361152
demand_199 12 7 326.083439
demand_200 12 8 994.283199
demand_201 12 9 300.290025
demand_202 12 10 357.176790
demand_203 12 11 606.884775
demand_204 12 13 175.179443
demand_205 12 14 153.525979
demand_206 12 15 17.641260
demand_207 12 16 20.502039
demand_208 13 0 1191.478745
demand_209 13 1 381.589441
demand_210 13 2 1746.210536
demand_211 13 3 40.568611
demand_212 13 4 580.477062
demand_213 13 5 322.735317
demand_214 13 6 66.600037
demand_215 13 7 313.102776
demand_216 13 8 954.702977
demand_217 13 9 288.336142
demand_218 13 10 342.958369
demand_219 13 11 582.726030
demand_220 13 12 495.208881
demand_221 13 14 147.414448
demand_222 13 15 16.939001
demand_223 13 16 19.685898
demand_224 14 0 459.730559
demand_225 14 1 147.235801
demand_226 14 2 673.773116
demand_227 14 3 15.653347
demand_228 14 4 223.976336
demand_229 14 5 124.527012
demand_230 14 6 25.697540
demand_231 14 7 120.810308
demand_232 14 8 368.370930
demand_233 14 9 111.254134
demand_234 14 10 132.330051
demand_235 14 11 224.844098
demand_236 14 12 191.075717
demand_237 14 13 64.902047
demand_238 14 15 6.535892
demand_239 14 16 7.595779
demand_240 15 0 1043.405403
demand_241 15 1 334.166670
demand_242 15 2 1529.196820
demand_243 15 3 35.526868
demand_244 15 4 508.337144
demand_245 15 5 282.626757
demand_246 15 6 58.323188
demand_247 15 7 274.191319
demand_248 15 8 836.055405
demand_249 15 9 252.502606
demand_250 15 10 300.336550
demand_251 15 11 510.306618
demand_252 15 12 433.665833
demand_253 15 13 147.301816
demand_254 15 14 129.094231
demand_255 15 16 17.239395
demand_256 16 0 1839.233135
demand_257 16 1 589.042774
demand_258 16 2 2695.548110
demand_259 16 3 62.623974
demand_260 16 4 896.056812
demand_261 16 5 498.192260
demand_262 16 6 102.807537
demand_263 16 7 483.322932
demand_264 16 8 1473.732836
demand_265 16 9 445.091772
demand_266 16 10 529.409693
demand_267 16 11 899.528446
demand_268 16 12 764.432086
demand_269 16 13 259.652077
demand_270 16 14 227.557176
demand_271 16 15 26.147987
