DEMANDS 272
label src dest bw
demand_0 0 1 127.048795
demand_1 0 2 67.053379
demand_2 0 3 116.642166
demand_3 0 4 543.380911
demand_4 0 5 557.580903
demand_5 0 6 265.138431
demand_6 0 7 230.658103
demand_7 0 8 41.016657
demand_8 0 9 5.485578
demand_9 0 10 37.220089
demand_10 0 11 319.535140
demand_11 0 12 170.231103
demand_12 0 13 424.334274
demand_13 0 14 18.088882
demand_14 0 15 61.483014
demand_15 0 16 134.343647
demand_16 1 0 674.206738
demand_17 1 2 301.089086
demand_18 1 3 523.757094
demand_19 1 4 2439.937606
demand_20 1 5 2503.699682
demand_21 1 6 1190.548318
demand_22 1 7 1035.721663
demand_23 1 8 184.176665
demand_24 1 9 24.631835
demand_25 1 10 167.128977
demand_26 1 11 1434.805287
demand_27 1 12 764.386938
demand_28 1 13 1905.383740
demand_29 1 14 81.224317
demand_30 1 15 276.076533
demand_31 1 16 603.241871
demand_32 2 0 194.031366
demand_33 2 1 164.181321
demand_34 2 3 150.733149
demand_35 2 4 702.194743
demand_36 2 5 720.544964
demand_37 2 6 342.630388
demand_38 2 7 298.072502
demand_39 2 8 53.004587
demand_40 2 9 7.088847
demand_41 2 10 48.098398
demand_42 2 11 412.925612
demand_43 2 12 219.984514
demand_44 2 13 548.354368
demand_45 2 14 23.375716
demand_46 2 15 79.452642
demand_47 2 16 173.608239
demand_48 3 0 189.495053
demand_49 3 1 160.342881
demand_50 3 2 84.625218
demand_51 3 4 685.777938
demand_52 3 5 703.699144
demand_53 3 6 334.619938
demand_54 3 7 291.103783
demand_55 3 8 51.765379
demand_56 3 9 6.923115
demand_57 3 10 46.973892
demand_58 3 11 403.271710
demand_59 3 12 214.841436
demand_60 3 13 535.534240
demand_61 3 14 22.829209
demand_62 3 15 77.595097
demand_63 3 16 169.549404
demand_64 4 0 159.466207
demand_65 4 1 134.933712
demand_66 4 2 71.214854
demand_67 4 3 123.881226
demand_68 4 5 592.185556
demand_69 4 6 281.593484
demand_70 4 7 244.973234
demand_71 4 8 43.562238
demand_72 4 9 5.826025
demand_73 4 10 39.530047
demand_74 4 11 339.366168
demand_75 4 12 180.796006
demand_76 4 13 450.669358
demand_77 4 14 19.211516
demand_78 4 15 65.298780
demand_79 4 16 142.681299
demand_80 5 0 121.559188
demand_81 5 1 102.858360
demand_82 5 2 54.286234
demand_83 5 3 94.433181
demand_84 5 4 439.919713
demand_85 5 6 214.655356
demand_86 5 7 186.740176
demand_87 5 8 33.206974
demand_88 5 9 4.441109
demand_89 5 10 30.133284
demand_90 5 11 258.694783
demand_91 5 12 137.818640
demand_92 5 13 343.539878
demand_93 5 14 14.644710
demand_94 5 15 49.776481
demand_95 5 16 108.764253
demand_96 6 0 212.478292
demand_97 6 1 179.790347
demand_98 6 2 94.889136
demand_99 6 3 165.063632
demand_100 6 4 768.953714
demand_101 6 5 789.048525
demand_102 6 7 326.410814
demand_103 6 8 58.043833
demand_104 6 9 7.762797
demand_105 6 10 52.671203
demand_106 6 11 452.183225
demand_107 6 12 240.898855
demand_108 6 13 600.487447
demand_109 6 14 25.598089
demand_110 6 15 87.006354
demand_111 6 16 190.113500
demand_112 7 0 382.539134
demand_113 7 1 323.688802
demand_114 7 2 170.835371
demand_115 7 3 297.175294
demand_116 7 4 1384.399721
demand_117 7 5 1420.577777
demand_118 7 6 675.506929
demand_119 7 8 104.500264
demand_120 7 9 13.975892
demand_121 7 10 94.827552
demand_122 7 11 814.096243
demand_123 7 12 433.706608
demand_124 7 13 1081.098431
demand_125 7 14 46.085983
demand_126 7 15 156.643462
demand_127 7 16 342.274276
demand_128 8 0 1349.326265
demand_129 8 1 1141.744107
demand_130 8 2 602.585808
demand_131 8 3 1048.223287
demand_132 8 4 4883.178573
demand_133 8 5 5010.789050
demand_134 8 6 2382.708484
demand_135 8 7 2072.845560
demand_136 8 9 49.297018
demand_137 8 10 334.484226
demand_138 8 11 2871.553114
demand_139 8 12 1529.808757
demand_140 8 13 3813.347123
demand_141 8 14 162.558602
demand_142 8 15 552.526837
demand_143 8 16 1207.300453
demand_144 9 0 791.491008
demand_145 9 1 669.726972
demand_146 9 2 353.466216
demand_147 9 3 614.869307
demand_148 9 4 2864.386494
demand_149 9 5 2939.240551
demand_150 9 6 1397.654806
demand_151 9 7 1215.894676
demand_152 9 8 216.215837
demand_153 9 10 196.202552
demand_154 9 11 1684.402452
demand_155 9 12 897.358857
demand_156 9 13 2236.842219
demand_157 9 14 95.354011
demand_158 9 15 324.102505
demand_159 9 16 708.181170
demand_160 10 0 252.103900
demand_161 10 1 213.319898
demand_162 10 2 112.585248
demand_163 10 3 195.846761
demand_164 10 4 912.357814
demand_165 10 5 936.200156
demand_166 10 6 445.177802
demand_167 10 7 387.283982
demand_168 10 8 68.868572
demand_169 10 9 9.210501
demand_170 10 11 536.512004
demand_171 10 12 285.824684
demand_172 10 13 712.473851
demand_173 10 14 30.371941
demand_174 10 15 103.232386
demand_175 10 16 225.568241
demand_176 11 0 1237.036134
demand_177 11 1 1046.728840
demand_178 11 2 552.438975
demand_179 11 3 960.990767
demand_180 11 4 4476.803350
demand_181 11 5 4593.794159
demand_182 11 6 2184.420898
demand_183 11 7 1900.344583
demand_184 11 8 337.927786
demand_185 11 9 45.194549
demand_186 11 10 306.648647
demand_187 11 12 1402.498980
demand_188 11 13 3496.002638
demand_189 11 14 149.030571
demand_190 11 15 506.545881
demand_191 11 16 1106.829626
demand_192 12 0 650.225562
demand_193 12 1 550.193992
demand_194 12 2 290.379507
demand_195 12 3 505.127332
demand_196 12 4 2353.150322
demand_197 12 5 2414.644414
demand_198 12 6 1148.201146
demand_199 12 7 998.881594
demand_200 12 8 177.625599
demand_201 12 9 23.755694
demand_202 12 10 161.184288
demand_203 12 11 1383.770025
demand_204 12 13 1837.610252
demand_205 12 14 78.335211
demand_206 12 15 266.256637
demand_207 12 16 581.784878
demand_208 13 0 464.792704
demand_209 13 1 393.288372
demand_210 13 2 207.568395
demand_211 13 3 361.073929
demand_212 13 4 1682.073366
demand_213 13 5 1726.030428
demand_214 13 6 820.754437
demand_215 13 7 714.018186
demand_216 13 8 126.969912
demand_217 13 9 16.980989
demand_218 13 10 115.217373
demand_219 13 11 989.143227
demand_220 13 12 526.962208
demand_221 13 14 55.995391
demand_222 13 15 190.324941
demand_223 13 16 415.870095
demand_224 14 0 2018.240777
demand_225 14 1 1707.751915
demand_226 14 2 901.311477
demand_227 14 3 1567.869118
demand_228 14 4 7303.963744
demand_229 14 5 7494.835793
demand_230 14 6 3563.911522
demand_231 14 7 3100.437265
demand_232 14 8 551.333642
demand_233 14 9 73.735504
demand_234 14 10 500.301314
demand_235 14 11 4295.095812
demand_236 14 12 2288.195594
demand_237 14 13 5703.774440
demand_238 14 15 826.436290
demand_239 14 16 1805.807141
demand_240 15 0 267.868542
demand_241 15 1 226.659287
demand_242 15 2 119.625465
demand_243 15 3 208.093514
demand_244 15 4 969.409667
demand_245 15 5 994.742927
demand_246 15 6 473.015804
demand_247 15 7 411.501749
demand_248 15 8 73.175084
demand_249 15 9 9.786455
demand_250 15 10 66.401881
demand_251 15 11 570.061346
demand_252 15 12 303.697966
demand_253 15 13 757.026496
demand_254 15 14 32.271169
demand_255 15 16 239.673547
demand_256 16 0 878.340681
demand_257 16 1 743.215575
demand_258 16 2 392.251780
demand_259 16 3 682.338423
demand_260 16 4 3178.693325
demand_261 16 5 3261.761058
demand_262 16 6 1551.018346
demand_263 16 7 1349.313823
demand_264 16 8 239.941028
demand_265 16 9 32.089775
demand_266 16 10 217.731701
demand_267 16 11 1869.230581
demand_268 16 12 995.825324
demand_269 16 13 2482.289121
demand_270 16 14 105.817130
demand_271 16 15 359.666013
