DEMANDS 272
label src dest bw
demand_0 0 1 1884.521057
demand_1 0 2 3885.167212
demand_2 0 3 1629.783214
demand_3 0 4 815.716102
demand_4 0 5 1727.544170
demand_5 0 6 673.989432
demand_6 0 7 303.064944
demand_7 0 8 8037.311764
demand_8 0 9 3509.867089
demand_9 0 10 6235.890915
demand_10 0 11 5211.219862
demand_11 0 12 3399.143369
demand_12 0 13 4292.754159
demand_13 0 14 618.158566
demand_14 0 15 5488.286286
demand_15 0 16 1774.085247
demand_16 1 0 197.283996
demand_17 1 2 123.703950
demand_18 1 3 51.892392
demand_19 1 4 25.972448
demand_20 1 5 55.005107
demand_21 1 6 21.459863
demand_22 1 7 9.649605
demand_23 1 8 255.908474
demand_24 1 9 111.754372
demand_25 1 10 198.551130
demand_26 1 11 165.925544
demand_27 1 12 108.228923
demand_28 1 13 136.681542
demand_29 1 14 19.682205
demand_30 1 15 174.747355
demand_31 1 16 56.486977
demand_32 2 0 3784.875850
demand_33 2 1 1151.157186
demand_34 2 3 995.550913
demand_35 2 4 498.279098
demand_36 2 5 1055.268063
demand_37 2 6 411.705550
demand_38 2 7 185.126819
demand_39 2 8 4909.581220
demand_40 2 9 2143.997651
demand_41 2 10 3809.185686
demand_42 2 11 3183.266734
demand_43 2 12 2076.362214
demand_44 2 13 2622.223179
demand_45 2 14 377.601340
demand_46 2 15 3352.512391
demand_47 2 16 1083.697618
demand_48 3 0 1906.899752
demand_49 3 1 579.977108
demand_50 3 2 1195.692686
demand_51 3 4 251.043449
demand_52 3 5 531.666159
demand_53 3 6 207.425882
demand_54 3 7 93.270770
demand_55 3 8 2473.549881
demand_56 3 9 1080.190936
demand_57 3 10 1919.147556
demand_58 3 11 1603.796474
demand_59 3 12 1046.114786
demand_60 3 13 1321.130977
demand_61 3 14 190.243466
demand_62 3 15 1689.065982
demand_63 3 16 545.989565
demand_64 4 0 778.726087
demand_65 4 1 236.846905
demand_66 4 2 488.288431
demand_67 4 3 204.831413
demand_68 4 5 217.118025
demand_69 4 6 84.707099
demand_70 4 7 38.089250
demand_71 4 8 1010.130616
demand_72 4 9 441.120652
demand_73 4 10 783.727758
demand_74 4 11 654.946938
demand_75 4 12 427.204877
demand_76 4 13 539.514023
demand_77 4 14 77.690267
demand_78 4 15 689.768690
demand_79 4 16 222.967315
demand_80 5 0 1979.768662
demand_81 5 1 602.139941
demand_82 5 2 1241.384036
demand_83 5 3 520.746406
demand_84 5 4 260.636645
demand_85 5 6 215.352307
demand_86 5 7 96.834953
demand_87 5 8 2568.072356
demand_88 5 9 1121.468584
demand_89 5 10 1992.484495
demand_90 5 11 1665.082811
demand_91 5 12 1086.090272
demand_92 5 13 1371.615736
demand_93 5 14 197.513295
demand_94 5 15 1753.610748
demand_95 5 16 566.853622
demand_96 6 0 1737.078489
demand_97 6 1 528.326546
demand_98 6 2 1089.208829
demand_99 6 3 456.910647
demand_100 6 4 228.686471
demand_101 6 5 484.317987
demand_102 6 7 84.964429
demand_103 6 8 2253.264906
demand_104 6 9 983.993227
demand_105 6 10 1748.235551
demand_106 6 11 1460.968440
demand_107 6 12 952.951769
demand_108 6 13 1203.476060
demand_109 6 14 173.301104
demand_110 6 15 1538.644170
demand_111 6 16 497.365804
demand_112 7 0 502.296052
demand_113 7 1 152.771645
demand_114 7 2 314.957152
demand_115 7 3 132.120923
demand_116 7 4 66.127301
demand_117 7 5 140.046068
demand_118 7 6 54.638007
demand_119 7 8 651.557240
demand_120 7 9 284.532861
demand_121 7 10 505.522243
demand_122 7 11 422.455683
demand_123 7 12 275.556870
demand_124 7 13 347.998825
demand_125 7 14 50.111990
demand_126 7 15 444.916506
demand_127 7 16 143.818993
demand_128 8 0 194.251608
demand_129 8 1 59.080970
demand_130 8 2 121.802537
demand_131 8 3 51.094771
demand_132 8 4 25.573234
demand_133 8 5 54.159641
demand_134 8 6 21.130010
demand_135 8 7 9.501285
demand_136 8 9 110.036632
demand_137 8 10 195.499265
demand_138 8 11 163.375156
demand_139 8 12 106.565371
demand_140 8 13 134.580655
demand_141 8 14 19.379676
demand_142 8 15 172.061370
demand_143 8 16 55.618735
demand_144 9 0 920.918601
demand_145 9 1 280.094277
demand_146 9 2 577.448099
demand_147 9 3 242.232874
demand_148 9 4 121.238981
demand_149 9 5 256.762976
demand_150 9 6 100.174303
demand_151 9 7 45.044207
demand_152 9 8 1194.576744
demand_153 9 10 926.833559
demand_154 9 11 774.537835
demand_155 9 12 505.210914
demand_156 9 13 638.027295
demand_157 9 14 91.876223
demand_158 9 15 815.717911
demand_159 9 16 263.680325
demand_160 10 0 933.949427
demand_161 10 1 284.057559
demand_162 10 2 585.618881
demand_163 10 3 245.660424
demand_164 10 4 122.954490
demand_165 10 5 260.396124
demand_166 10 6 101.591750
demand_167 10 7 45.681574
demand_168 10 8 1211.479781
demand_169 10 9 529.049157
demand_170 10 11 785.497401
demand_171 10 12 512.359553
demand_172 10 13 647.055262
demand_173 10 14 93.176254
demand_174 10 15 827.260167
demand_175 10 16 267.411352
demand_176 11 0 754.038557
demand_177 11 1 229.338276
demand_178 11 2 472.808488
demand_179 11 3 198.337754
demand_180 11 4 99.269214
demand_181 11 5 210.234850
demand_182 11 6 82.021675
demand_183 11 7 36.881727
demand_184 11 8 978.106993
demand_185 11 9 427.136043
demand_186 11 10 758.881663
demand_187 11 12 413.661433
demand_188 11 13 522.410103
demand_189 11 14 75.227294
demand_190 11 15 667.901328
demand_191 11 16 215.898703
demand_192 12 0 737.316468
demand_193 12 1 224.252310
demand_194 12 2 462.323155
demand_195 12 3 193.939276
demand_196 12 4 97.067751
demand_197 12 5 205.572534
demand_198 12 6 80.202705
demand_199 12 7 36.063812
demand_200 12 8 956.415806
demand_201 12 9 417.663574
demand_202 12 10 742.052170
demand_203 12 11 620.119412
demand_204 12 13 510.824769
demand_205 12 14 73.559001
demand_206 12 15 653.089479
demand_207 12 16 211.110782
demand_208 13 0 707.677817
demand_209 13 1 215.237814
demand_210 13 2 443.738686
demand_211 13 3 186.143304
demand_212 13 4 93.165821
demand_213 13 5 197.308929
demand_214 13 6 76.978716
demand_215 13 7 34.614119
demand_216 13 8 917.969798
demand_217 13 9 400.874332
demand_218 13 10 712.223152
demand_219 13 11 595.191848
demand_220 13 12 388.228184
demand_221 13 14 70.602076
demand_222 13 15 626.836584
demand_223 13 16 202.624550
demand_224 14 0 2261.102494
demand_225 14 1 687.706674
demand_226 14 2 1417.790166
demand_227 14 3 594.746761
demand_228 14 4 297.674258
demand_229 14 5 630.422065
demand_230 14 6 245.954817
demand_231 14 7 110.595625
demand_232 14 8 2933.006731
demand_233 14 9 1280.834201
demand_234 14 10 2275.625304
demand_235 14 11 1901.698401
demand_236 14 12 1240.428476
demand_237 14 13 1566.528363
demand_238 14 15 2002.806547
demand_239 14 16 647.406014
demand_240 15 0 181.045568
demand_241 15 1 55.064397
demand_242 15 2 113.521889
demand_243 15 3 47.621134
demand_244 15 4 23.834658
demand_245 15 5 50.477641
demand_246 15 6 19.693503
demand_247 15 7 8.855347
demand_248 15 8 234.844671
demand_249 15 9 102.555880
demand_250 15 10 182.208404
demand_251 15 11 152.268227
demand_252 15 12 99.320610
demand_253 15 13 125.431297
demand_254 15 14 18.062164
demand_255 15 16 51.837539
demand_256 16 0 440.167507
demand_257 16 1 133.875458
demand_258 16 2 276.000387
demand_259 16 3 115.779006
demand_260 16 4 57.948075
demand_261 16 5 122.723896
demand_262 16 6 47.879881
demand_263 16 7 21.529586
demand_264 16 8 570.966713
demand_265 16 9 249.339249
demand_266 16 10 442.994653
demand_267 16 11 370.202521
demand_268 16 12 241.473489
demand_269 16 13 304.955165
demand_270 16 14 43.913683
demand_271 16 15 389.885185
