DEMANDS 272
label src dest bw
demand_0 0 1 761.028353
demand_1 0 2 149.587691
demand_2 0 3 366.543016
demand_3 0 4 1685.048779
demand_4 0 5 679.475798
demand_5 0 6 20.039278
demand_6 0 7 938.257948
demand_7 0 8 1774.312741
demand_8 0 9 456.450986
demand_9 0 10 2977.437414
demand_10 0 11 902.434839
demand_11 0 12 727.308602
demand_12 0 13 401.636926
demand_13 0 14 378.938167
demand_14 0 15 534.973745
demand_15 0 16 1450.197396
demand_16 1 0 293.644491
demand_17 1 2 69.039673
demand_18 1 3 169.171741
demand_19 1 4 777.705816
demand_20 1 5 313.600583
demand_21 1 6 9.248790
demand_22 1 7 433.037116
demand_23 1 8 818.904091
demand_24 1 9 210.667246
demand_25 1 10 1374.185972
demand_26 1 11 416.503564
demand_27 1 12 335.677006
demand_28 1 13 185.368743
demand_29 1 14 174.892514
demand_30 1 15 246.908100
demand_31 1 16 669.314125
demand_32 2 0 227.097939
demand_33 2 1 271.640826
demand_34 2 3 130.833559
demand_35 2 4 601.459906
demand_36 2 5 242.531525
demand_37 2 6 7.152803
demand_38 2 7 334.901009
demand_39 2 8 633.321710
demand_40 2 9 162.925234
demand_41 2 10 1062.764027
demand_42 2 11 322.114339
demand_43 2 12 259.604926
demand_44 2 13 143.359949
demand_45 2 14 135.257873
demand_46 2 15 190.953082
demand_47 2 16 517.632249
demand_48 3 0 913.382504
demand_49 3 1 1092.532933
demand_50 3 2 214.748213
demand_51 3 4 2419.057420
demand_52 3 5 975.456018
demand_53 3 6 28.768404
demand_54 3 7 1346.963886
demand_55 3 8 2547.204838
demand_56 3 9 655.281412
demand_57 3 10 4274.411614
demand_58 3 11 1295.536201
demand_59 3 12 1044.124830
demand_60 3 13 576.590303
demand_61 3 14 544.003947
demand_62 3 15 768.008750
demand_63 3 16 2081.904581
demand_64 4 0 171.040587
demand_65 4 1 204.588410
demand_66 4 2 40.213887
demand_67 4 3 98.538317
demand_68 4 5 182.664513
demand_69 4 6 5.387190
demand_70 4 7 252.233312
demand_71 4 8 476.991194
demand_72 4 9 122.708413
demand_73 4 10 800.429030
demand_74 4 11 242.602931
demand_75 4 12 195.523478
demand_76 4 13 107.972666
demand_77 4 14 101.870524
demand_78 4 15 143.817806
demand_79 4 16 389.858773
demand_80 5 0 750.650584
demand_81 5 1 897.882849
demand_82 5 2 176.487803
demand_83 5 3 432.457853
demand_84 5 4 1988.068371
demand_85 5 6 23.642909
demand_86 5 7 1106.983354
demand_87 5 8 2093.384527
demand_88 5 9 538.533827
demand_89 5 10 3512.865161
demand_90 5 11 1064.718234
demand_91 5 12 858.099329
demand_92 5 13 473.862644
demand_93 5 14 447.082004
demand_94 5 15 631.177207
demand_95 5 16 1710.984044
demand_96 6 0 768.302577
demand_97 6 1 918.997096
demand_98 6 2 180.638018
demand_99 6 3 442.627355
demand_100 6 4 2034.818976
demand_101 6 5 820.516453
demand_102 6 7 1133.014723
demand_103 6 8 2142.611703
demand_104 6 9 551.197769
demand_105 6 10 3595.472265
demand_106 6 11 1089.755713
demand_107 6 12 878.278043
demand_108 6 13 485.005805
demand_109 6 14 457.595402
demand_110 6 15 646.019712
demand_111 6 16 1751.218847
demand_112 7 0 644.617587
demand_113 7 1 771.052587
demand_114 7 2 151.558054
demand_115 7 3 371.371106
demand_116 7 4 1707.244172
demand_117 7 5 688.425826
demand_118 7 6 20.303234
demand_119 7 8 1797.683915
demand_120 7 9 462.463339
demand_121 7 10 3016.656097
demand_122 7 11 914.321673
demand_123 7 12 736.888681
demand_124 7 13 406.927271
demand_125 7 14 383.929525
demand_126 7 15 542.020397
demand_127 7 16 1469.299336
demand_128 8 0 948.678240
demand_129 8 1 1134.751559
demand_130 8 2 223.046704
demand_131 8 3 546.543709
demand_132 8 4 2512.536782
demand_133 8 5 1013.150454
demand_134 8 6 29.880098
demand_135 8 7 1399.014458
demand_136 8 9 680.603378
demand_137 8 10 4439.587217
demand_138 8 11 1345.599459
demand_139 8 12 1084.472827
demand_140 8 13 598.871417
demand_141 8 14 565.025829
demand_142 8 15 797.686825
demand_143 8 16 2162.355383
demand_144 9 0 722.917397
demand_145 9 1 864.710087
demand_146 9 2 169.967367
demand_147 9 3 416.480466
demand_148 9 4 1914.618121
demand_149 9 5 772.046894
demand_150 9 6 22.769409
demand_151 9 7 1066.085262
demand_152 9 8 2016.043315
demand_153 9 10 3383.080477
demand_154 9 11 1025.381649
demand_155 9 12 826.396390
demand_156 9 13 456.355535
demand_157 9 14 430.564320
demand_158 9 15 607.858027
demand_159 9 16 1647.770823
demand_160 10 0 131.933709
demand_161 10 1 157.811127
demand_162 10 2 31.019346
demand_163 10 3 76.008425
demand_164 10 4 349.421208
demand_165 10 5 140.899930
demand_166 10 6 4.155458
demand_167 10 7 194.562454
demand_168 10 8 367.931486
demand_169 10 9 94.652248
demand_170 10 11 187.133972
demand_171 10 12 150.818809
demand_172 10 13 83.285696
demand_173 10 14 78.578753
demand_174 10 15 110.935170
demand_175 10 16 300.721102
demand_176 11 0 328.109604
demand_177 11 1 392.464873
demand_178 11 2 77.142874
demand_179 11 3 189.027462
demand_180 11 4 868.985304
demand_181 11 5 350.407947
demand_182 11 6 10.334323
demand_183 11 7 483.862769
demand_184 11 8 915.019028
demand_185 11 9 235.393303
demand_186 11 10 1535.474455
demand_187 11 12 375.075484
demand_188 11 13 207.125509
demand_189 11 14 195.419683
demand_190 11 15 275.887754
demand_191 11 16 747.871658
demand_192 12 0 65.978046
demand_193 12 1 78.918950
demand_194 12 2 15.512304
demand_195 12 3 38.010660
demand_196 12 4 174.740244
demand_197 12 5 70.461917
demand_198 12 6 2.078081
demand_199 12 7 97.297731
demand_200 12 8 183.996953
demand_201 12 9 47.334153
demand_202 12 10 308.761471
demand_203 12 11 93.582860
demand_204 12 13 41.649913
demand_205 12 14 39.296042
demand_206 12 15 55.476995
demand_207 12 16 150.386060
demand_208 13 0 168.686542
demand_209 13 1 201.772644
demand_210 13 2 39.660420
demand_211 13 3 97.182126
demand_212 13 4 446.759633
demand_213 13 5 180.150487
demand_214 13 6 5.313045
demand_215 13 7 248.761805
demand_216 13 8 470.426327
demand_217 13 9 121.019568
demand_218 13 10 789.412664
demand_219 13 11 239.263968
demand_220 13 12 192.832473
demand_221 13 14 100.468472
demand_222 13 15 141.838430
demand_223 13 16 384.493116
demand_224 14 0 1464.400537
demand_225 14 1 1751.627393
demand_226 14 2 344.299783
demand_227 14 3 843.656856
demand_228 14 4 3878.406878
demand_229 14 5 1563.921260
demand_230 14 6 46.123574
demand_231 14 7 2159.549399
demand_232 14 8 4083.862037
demand_233 14 9 1050.594300
demand_234 14 10 6853.044191
demand_235 14 11 2077.096835
demand_236 14 12 1674.016040
demand_237 14 13 924.431053
demand_238 14 15 1231.326878
demand_239 14 16 3337.859192
demand_240 15 0 968.032741
demand_241 15 1 1157.902243
demand_242 15 2 227.597201
demand_243 15 3 557.694045
demand_244 15 4 2563.796410
demand_245 15 5 1033.820287
demand_246 15 6 30.489698
demand_247 15 7 1427.556512
demand_248 15 8 2699.611248
demand_249 15 9 694.488737
demand_250 15 10 4530.161649
demand_251 15 11 1373.051765
demand_252 15 12 1106.597747
demand_253 15 13 611.089318
demand_254 15 14 576.553228
demand_255 15 16 2206.470771
demand_256 16 0 125.538034
demand_257 16 1 150.161007
demand_258 16 2 29.515639
demand_259 16 3 72.323808
demand_260 16 4 332.482515
demand_261 16 5 134.069604
demand_262 16 6 3.954016
demand_263 16 7 185.130761
demand_264 16 8 350.095481
demand_265 16 9 90.063845
demand_266 16 10 587.487966
demand_267 16 11 178.062385
demand_268 16 12 143.507652
demand_269 16 13 79.248302
demand_270 16 14 74.769536
demand_271 16 15 105.557429
