DEMANDS 272
label src dest bw
demand_0 0 1 187.637913
demand_1 0 2 54.201094
demand_2 0 3 474.525716
demand_3 0 4 1750.666631
demand_4 0 5 158.077630
demand_5 0 6 692.891746
demand_6 0 7 1686.075641
demand_7 0 8 609.479663
demand_8 0 9 226.336237
demand_9 0 10 726.412739
demand_10 0 11 2521.952558
demand_11 0 12 1123.115994
demand_12 0 13 1166.245040
demand_13 0 14 1165.922249
demand_14 0 15 2820.462573
demand_15 0 16 640.780369
demand_16 1 0 22.986806
demand_17 1 2 93.768514
demand_18 1 3 820.934931
demand_19 1 4 3028.673350
demand_20 1 5 273.476113
demand_21 1 6 1198.710667
demand_22 1 7 2916.930197
demand_23 1 8 1054.406807
demand_24 1 9 391.564286
demand_25 1 10 1256.702370
demand_26 1 11 4363.006851
demand_27 1 12 1943.003551
demand_28 1 13 2017.617295
demand_29 1 14 2017.058863
demand_30 1 15 4879.432600
demand_31 1 16 1108.557388
demand_32 2 0 10.369562
demand_33 2 1 146.437179
demand_34 2 3 370.331380
demand_35 2 4 1366.262709
demand_36 2 5 123.367617
demand_37 2 6 540.749527
demand_38 2 7 1315.854333
demand_39 2 8 475.652715
demand_40 2 9 176.638290
demand_41 2 10 566.910124
demand_42 2 11 1968.192957
demand_43 2 12 876.506968
demand_44 2 13 910.165921
demand_45 2 14 909.914008
demand_46 2 15 2201.157414
demand_47 2 16 500.080545
demand_48 3 0 9.118291
demand_49 3 1 128.766949
demand_50 3 2 37.195625
demand_51 3 4 1201.398997
demand_52 3 5 108.481137
demand_53 3 6 475.498552
demand_54 3 7 1157.073281
demand_55 3 8 418.256819
demand_56 3 9 155.323762
demand_57 3 10 498.502411
demand_58 3 11 1730.695736
demand_59 3 12 770.740931
demand_60 3 13 800.338338
demand_61 3 14 800.116822
demand_62 3 15 1935.548919
demand_63 3 16 439.737000
demand_64 4 0 9.908926
demand_65 4 1 139.932157
demand_66 4 2 40.420807
demand_67 4 3 353.880546
demand_68 4 5 117.887390
demand_69 4 6 516.728390
demand_70 4 7 1257.401544
demand_71 4 8 454.523303
demand_72 4 9 168.791676
demand_73 4 10 541.726882
demand_74 4 11 1880.762028
demand_75 4 12 837.570837
demand_76 4 13 869.734594
demand_77 4 14 869.493871
demand_78 4 15 2103.377754
demand_79 4 16 477.866002
demand_80 5 0 2.907649
demand_81 5 1 41.061317
demand_82 5 2 11.860973
demand_83 5 3 103.841759
demand_84 5 4 383.103161
demand_85 5 6 151.627393
demand_86 5 7 368.968538
demand_87 5 8 133.374100
demand_88 5 9 49.529777
demand_89 5 10 158.962884
demand_90 5 11 551.885767
demand_91 5 12 245.774541
demand_92 5 13 255.212588
demand_93 5 14 255.141951
demand_94 5 15 617.209529
demand_95 5 16 140.223719
demand_96 6 0 1.833398
demand_97 6 1 25.890934
demand_98 6 2 7.478856
demand_99 6 3 65.476715
demand_100 6 4 241.563093
demand_101 6 5 21.812103
demand_102 6 7 232.650602
demand_103 6 8 84.098131
demand_104 6 9 31.230664
demand_105 6 10 100.232965
demand_106 6 11 347.987817
demand_107 6 12 154.971465
demand_108 6 13 160.922562
demand_109 6 14 160.878022
demand_110 6 15 389.177271
demand_111 6 16 88.417112
demand_112 7 0 1.548197
demand_113 7 1 21.863375
demand_114 7 2 6.315455
demand_115 7 3 55.291244
demand_116 7 4 203.985860
demand_117 7 5 18.419041
demand_118 7 6 80.735027
demand_119 7 8 71.015938
demand_120 7 9 26.372464
demand_121 7 10 84.640859
demand_122 7 11 293.855296
demand_123 7 12 130.864310
demand_124 7 13 135.889662
demand_125 7 14 135.852051
demand_126 7 15 328.637373
demand_127 7 16 74.663064
demand_128 8 0 8.841237
demand_129 8 1 124.854434
demand_130 8 2 36.065456
demand_131 8 3 315.749832
demand_132 8 4 1164.895128
demand_133 8 5 105.184995
demand_134 8 6 461.050782
demand_135 8 7 1121.916226
demand_136 8 9 150.604333
demand_137 8 10 483.355681
demand_138 8 11 1678.109468
demand_139 8 12 747.322378
demand_140 8 13 776.020483
demand_141 8 14 775.805698
demand_142 8 15 1876.738296
demand_143 8 16 426.375826
demand_144 9 0 2.535723
demand_145 9 1 35.809047
demand_146 9 2 10.343803
demand_147 9 3 90.559064
demand_148 9 4 334.099345
demand_149 9 5 30.167727
demand_150 9 6 132.232302
demand_151 9 7 321.772722
demand_152 9 8 116.313839
demand_153 9 10 138.629489
demand_154 9 11 481.292488
demand_155 9 12 214.336820
demand_156 9 13 222.567619
demand_157 9 14 222.506017
demand_158 9 15 538.260501
demand_159 9 16 122.287304
demand_160 10 0 18.655224
demand_161 10 1 263.445880
demand_162 10 2 76.098985
demand_163 10 3 666.239797
demand_164 10 4 2457.956947
demand_165 10 5 221.942889
demand_166 10 6 972.828321
demand_167 10 7 2367.270422
demand_168 10 8 855.716757
demand_169 10 9 317.778791
demand_170 10 11 3540.851640
demand_171 10 12 1576.868326
demand_172 10 13 1637.422024
demand_173 10 14 1636.968822
demand_174 10 15 3959.963281
demand_175 10 16 899.663324
demand_176 11 0 20.423660
demand_177 11 1 288.419431
demand_178 11 2 83.312846
demand_179 11 3 729.396501
demand_180 11 4 2690.960831
demand_181 11 5 242.982132
demand_182 11 6 1065.048316
demand_183 11 7 2591.677608
demand_184 11 8 936.835073
demand_185 11 9 347.902871
demand_186 11 10 1116.573649
demand_187 11 12 1726.348749
demand_188 11 13 1792.642680
demand_189 11 14 1792.146517
demand_190 11 15 4335.350988
demand_191 11 16 984.947588
demand_192 12 0 2.079464
demand_193 12 1 29.365830
demand_194 12 2 8.482615
demand_195 12 3 74.264531
demand_196 12 4 273.983964
demand_197 12 5 24.739568
demand_198 12 6 108.439393
demand_199 12 7 263.875303
demand_200 12 8 95.385181
demand_201 12 9 35.422220
demand_202 12 10 113.685517
demand_203 12 11 394.692254
demand_204 12 13 182.520437
demand_205 12 14 182.469920
demand_206 12 15 441.409862
demand_207 12 16 100.283825
demand_208 13 0 5.732117
demand_209 13 1 80.947980
demand_210 13 2 23.382636
demand_211 13 3 204.712883
demand_212 13 4 755.246768
demand_213 13 5 68.195519
demand_214 13 6 298.917134
demand_215 13 7 727.381876
demand_216 13 8 262.932724
demand_217 13 9 97.642640
demand_218 13 10 313.378266
demand_219 13 11 1087.983562
demand_220 13 12 484.518131
demand_221 13 14 502.984974
demand_222 13 15 1216.762348
demand_223 13 16 276.436012
demand_224 14 0 36.006543
demand_225 14 1 508.478233
demand_226 14 2 146.879039
demand_227 14 3 1285.912818
demand_228 14 4 4744.115196
demand_229 14 5 428.373097
demand_230 14 6 1877.660887
demand_231 14 7 4569.080673
demand_232 14 8 1651.623262
demand_233 14 9 613.346460
demand_234 14 10 1968.499116
demand_235 14 11 6834.215746
demand_236 14 12 3043.521571
demand_237 14 13 3160.396570
demand_238 14 15 7643.145254
demand_239 14 16 1736.444754
demand_240 15 0 12.998464
demand_241 15 1 183.562086
demand_242 15 2 53.023750
demand_243 15 3 464.218179
demand_244 15 4 1712.639059
demand_245 15 5 154.643905
demand_246 15 6 677.840913
demand_247 15 7 1649.451099
demand_248 15 8 596.240688
demand_249 15 9 221.419814
demand_250 15 10 710.633771
demand_251 15 11 2467.171293
demand_252 15 12 1098.719930
demand_253 15 13 1140.912137
demand_254 15 14 1140.596358
demand_255 15 16 626.861487
demand_256 16 0 1.268123
demand_257 16 1 17.908217
demand_258 16 2 5.172968
demand_259 16 3 45.288872
demand_260 16 4 167.084131
demand_261 16 5 15.086975
demand_262 16 6 66.129789
demand_263 16 7 160.919548
demand_264 16 8 58.168916
demand_265 16 9 21.601596
demand_266 16 10 69.329042
demand_267 16 11 240.695883
demand_268 16 12 107.190516
demand_269 16 13 111.306765
demand_270 16 14 111.275957
demand_271 16 15 269.185765
