DEMANDS 272
label src dest bw
demand_0 0 1 1841.287752
demand_1 0 2 789.563310
demand_2 0 3 14.392869
demand_3 0 4 491.455595
demand_4 0 5 1999.212838
demand_5 0 6 42.761114
demand_6 0 7 2217.761226
demand_7 0 8 287.304193
demand_8 0 9 783.907184
demand_9 0 10 820.838539
demand_10 0 11 9.479151
demand_11 0 12 497.504195
demand_12 0 13 1048.898156
demand_13 0 14 951.434253
demand_14 0 15 674.768079
demand_15 0 16 447.154840
demand_16 1 0 11.760588
demand_17 1 2 295.411394
demand_18 1 3 5.385024
demand_19 1 4 183.875796
demand_20 1 5 747.996067
demand_21 1 6 15.998869
demand_22 1 7 829.764917
demand_23 1 8 107.493510
demand_24 1 9 293.295181
demand_25 1 10 307.112873
demand_26 1 11 3.546580
demand_27 1 12 186.138851
demand_28 1 13 392.440305
demand_29 1 14 355.974644
demand_30 1 15 252.461299
demand_31 1 16 167.300877
demand_32 2 0 43.660570
demand_33 2 1 2557.539315
demand_34 2 3 19.991622
demand_35 2 4 682.629320
demand_36 2 5 2776.896456
demand_37 2 6 59.394969
demand_38 2 7 3080.459054
demand_39 2 8 399.064061
demand_40 2 9 1088.843089
demand_41 2 10 1140.140552
demand_42 2 11 13.166493
demand_43 2 12 691.030794
demand_44 2 13 1456.914200
demand_45 2 14 1321.537334
demand_46 2 15 937.249427
demand_47 2 16 621.095797
demand_48 3 0 15.322296
demand_49 3 1 897.546075
demand_50 3 2 384.877078
demand_51 3 4 239.562795
demand_52 3 5 974.527547
demand_53 3 6 20.844145
demand_54 3 7 1081.060188
demand_55 3 8 140.048045
demand_56 3 9 382.119968
demand_57 3 10 400.122364
demand_58 3 11 4.620666
demand_59 3 12 242.511219
demand_60 3 13 511.291308
demand_61 3 14 463.781980
demand_62 3 15 328.919497
demand_63 3 16 217.968143
demand_64 4 0 11.430940
demand_65 4 1 669.599126
demand_66 4 2 287.131059
demand_67 4 3 5.234083
demand_68 4 5 727.029855
demand_69 4 6 15.550423
demand_70 4 7 806.506737
demand_71 4 8 104.480484
demand_72 4 9 285.074163
demand_73 4 10 298.504548
demand_74 4 11 3.447170
demand_75 4 12 180.921409
demand_76 4 13 381.440265
demand_77 4 14 345.996731
demand_78 4 15 245.384848
demand_79 4 16 162.611460
demand_80 5 0 63.006622
demand_81 5 1 3690.788094
demand_82 5 2 1582.648264
demand_83 5 3 28.849934
demand_84 5 4 985.103202
demand_85 5 6 85.712952
demand_86 5 7 4445.414206
demand_87 5 8 575.889832
demand_88 5 9 1571.310785
demand_89 5 10 1645.338217
demand_90 5 11 19.000582
demand_91 5 12 997.227379
demand_92 5 13 2102.474652
demand_93 5 14 1907.112134
demand_94 5 15 1352.545788
demand_95 5 16 896.304100
demand_96 6 0 13.822421
demand_97 6 1 809.686772
demand_98 6 2 347.202096
demand_99 6 3 6.329112
demand_100 6 4 216.112389
demand_101 6 5 879.132654
demand_102 6 7 975.236991
demand_103 6 8 126.338973
demand_104 6 9 344.714875
demand_105 6 10 360.955047
demand_106 6 11 4.168356
demand_107 6 12 218.772196
demand_108 6 13 461.241846
demand_109 6 14 418.383128
demand_110 6 15 296.722111
demand_111 6 16 196.631601
demand_112 7 0 136.625023
demand_113 7 1 8003.190631
demand_114 7 2 3431.851257
demand_115 7 3 62.558867
demand_116 7 4 2136.120665
demand_117 7 5 8689.614884
demand_118 7 6 185.861956
demand_119 7 8 1248.772887
demand_120 7 9 3407.266803
demand_121 7 10 3567.789607
demand_122 7 11 41.201304
demand_123 7 12 2162.411012
demand_124 7 13 4559.054871
demand_125 7 14 4135.426248
demand_126 7 15 2932.891703
demand_127 7 16 1943.566628
demand_128 8 0 8.479517
demand_129 8 1 496.711293
demand_130 8 2 212.994961
demand_131 8 3 3.882663
demand_132 8 4 132.576532
demand_133 8 5 539.313637
demand_134 8 6 11.535366
demand_135 8 7 598.269904
demand_136 8 9 211.469148
demand_137 8 10 221.431860
demand_138 8 11 2.557124
demand_139 8 12 134.208220
demand_140 8 13 282.953905
demand_141 8 14 256.661751
demand_142 8 15 182.027456
demand_143 8 16 120.625828
demand_144 9 0 51.859311
demand_145 9 1 3037.803372
demand_146 9 2 1302.641634
demand_147 9 3 23.745722
demand_148 9 4 810.815943
demand_149 9 5 3298.352196
demand_150 9 6 70.548373
demand_151 9 7 3658.918886
demand_152 9 8 474.001765
demand_153 9 10 1354.240302
demand_154 9 11 15.638945
demand_155 9 12 820.795076
demand_156 9 13 1730.498859
demand_157 9 14 1569.700433
demand_158 9 15 1113.249542
demand_159 9 16 737.727430
demand_160 10 0 66.216735
demand_161 10 1 3878.829356
demand_162 10 2 1663.282310
demand_163 10 3 30.319804
demand_164 10 4 1035.293038
demand_165 10 5 4211.511990
demand_166 10 6 90.079925
demand_167 10 7 4671.902770
demand_168 10 8 605.230733
demand_169 10 9 1651.367199
demand_170 10 11 19.968639
demand_171 10 12 1048.034928
demand_172 10 13 2209.593234
demand_173 10 14 2004.277228
demand_174 10 15 1421.456387
demand_175 10 16 941.969727
demand_176 11 0 4.179546
demand_177 11 1 244.828536
demand_178 11 2 104.985019
demand_179 11 3 1.913761
demand_180 11 4 65.346850
demand_181 11 5 265.827191
demand_182 11 6 5.685771
demand_183 11 7 294.886681
demand_184 11 8 38.201669
demand_185 11 9 104.232947
demand_186 11 10 109.143559
demand_187 11 12 66.151107
demand_188 11 13 139.467717
demand_189 11 14 126.508339
demand_190 11 15 89.721164
demand_191 11 16 59.456359
demand_192 12 0 26.492777
demand_193 12 1 1551.888104
demand_194 12 2 665.465736
demand_195 12 3 12.130707
demand_196 12 4 414.212331
demand_197 12 5 1684.991722
demand_198 12 6 36.040246
demand_199 12 7 1869.190332
demand_200 12 8 242.147898
demand_201 12 9 660.698597
demand_202 12 10 691.825361
demand_203 12 11 7.989290
demand_204 12 13 884.040297
demand_205 12 14 801.895031
demand_206 12 15 568.713149
demand_207 12 16 376.874433
demand_208 13 0 10.847156
demand_209 13 1 635.402300
demand_210 13 2 272.467105
demand_211 13 3 4.966775
demand_212 13 4 169.594359
demand_213 13 5 689.900009
demand_214 13 6 14.756254
demand_215 13 7 765.317959
demand_216 13 8 99.144604
demand_217 13 9 270.515256
demand_218 13 10 283.259743
demand_219 13 11 3.271121
demand_220 13 12 171.681645
demand_221 13 14 328.326473
demand_222 13 15 232.852898
demand_223 13 16 154.306796
demand_224 14 0 18.670087
demand_225 14 1 1093.652269
demand_226 14 2 468.969451
demand_227 14 3 8.548796
demand_228 14 4 291.905231
demand_229 14 5 1187.453539
demand_230 14 6 25.398414
demand_231 14 7 1317.262657
demand_232 14 8 170.647354
demand_233 14 9 465.609935
demand_234 14 10 487.545703
demand_235 14 11 5.630242
demand_236 14 12 295.497861
demand_237 14 13 623.004116
demand_238 14 15 400.785613
demand_239 14 16 265.592331
demand_240 15 0 3.102729
demand_241 15 1 181.750993
demand_242 15 2 77.936713
demand_243 15 3 1.420700
demand_244 15 4 48.510909
demand_245 15 5 197.339562
demand_246 15 6 4.220891
demand_247 15 7 218.912174
demand_248 15 8 28.359403
demand_249 15 9 77.378405
demand_250 15 10 81.023848
demand_251 15 11 0.935674
demand_252 15 12 49.107958
demand_253 15 13 103.535301
demand_254 15 14 93.914772
demand_255 15 16 44.138042
demand_256 16 0 11.299913
demand_257 16 1 661.923836
demand_258 16 2 283.839815
demand_259 16 3 5.174087
demand_260 16 4 176.673186
demand_261 16 5 718.696265
demand_262 16 6 15.372177
demand_263 16 7 797.262142
demand_264 16 8 103.282875
demand_265 16 9 281.806496
demand_266 16 10 295.082935
demand_267 16 11 3.407657
demand_268 16 12 178.847594
demand_269 16 13 377.068000
demand_270 16 14 342.030739
demand_271 16 15 242.572121
