DEMANDS 272
label src dest bw
demand_0 0 1 940.775198
demand_1 0 2 367.348552
demand_2 0 3 560.810882
demand_3 0 4 191.556291
demand_4 0 5 118.456475
demand_5 0 6 1761.423101
demand_6 0 7 1188.260117
demand_7 0 8 791.779071
demand_8 0 9 645.841654
demand_9 0 10 442.975381
demand_10 0 11 175.670915
demand_11 0 12 585.259148
demand_12 0 13 1.357655
demand_13 0 14 191.765381
demand_14 0 15 109.448803
demand_15 0 16 656.806623
demand_16 1 0 188.588505
demand_17 1 2 524.423930
demand_18 1 3 800.609245
demand_19 1 4 273.464268
demand_20 1 5 169.107540
demand_21 1 6 2514.593893
demand_22 1 7 1696.350883
demand_23 1 8 1130.337631
demand_24 1 9 921.998512
demand_25 1 10 632.388201
demand_26 1 11 250.786429
demand_27 1 12 835.511399
demand_28 1 13 1.938177
demand_29 1 14 273.762764
demand_30 1 15 156.248258
demand_31 1 16 937.652017
demand_32 2 0 23.224263
demand_33 2 1 165.392857
demand_34 2 3 98.593281
demand_35 2 4 33.676528
demand_36 2 5 20.825225
demand_37 2 6 309.666751
demand_38 2 7 208.901909
demand_39 2 8 139.198613
demand_40 2 9 113.542105
demand_41 2 10 77.877227
demand_42 2 11 30.883801
demand_43 2 12 102.891405
demand_44 2 13 0.238682
demand_45 2 14 33.713287
demand_46 2 15 19.241632
demand_47 2 16 115.469800
demand_48 3 0 122.992848
demand_49 3 1 875.900287
demand_50 3 2 342.016566
demand_51 3 4 178.346762
demand_52 3 5 110.287835
demand_53 3 6 1639.957137
demand_54 3 7 1106.318895
demand_55 3 8 737.178783
demand_56 3 9 601.305063
demand_57 3 10 412.428244
demand_58 3 11 163.556825
demand_59 3 12 544.900266
demand_60 3 13 1.264032
demand_61 3 14 178.541434
demand_62 3 15 101.901323
demand_63 3 16 611.513900
demand_64 4 0 295.888781
demand_65 4 1 2107.188114
demand_66 4 2 822.802838
demand_67 4 3 1256.127954
demand_68 4 5 265.323826
demand_69 4 6 3945.310029
demand_70 4 7 2661.515313
demand_71 4 8 1773.460281
demand_72 4 9 1446.583476
demand_73 4 10 992.195010
demand_74 4 11 393.475152
demand_75 4 12 1310.888215
demand_76 4 13 3.040933
demand_77 4 14 429.524219
demand_78 4 15 245.148062
demand_79 4 16 1471.143279
demand_80 5 0 432.004043
demand_81 5 1 3076.540384
demand_82 5 2 1201.310003
demand_83 5 3 1833.974077
demand_84 5 4 626.430912
demand_85 5 6 5760.238276
demand_86 5 7 3885.870125
demand_87 5 8 2589.290504
demand_88 5 9 2112.043274
demand_89 5 10 1448.626251
demand_90 5 11 574.482262
demand_91 5 12 1913.925247
demand_92 5 13 4.439827
demand_93 5 14 627.114683
demand_94 5 15 357.921491
demand_95 5 16 2147.901119
demand_96 6 0 0.408886
demand_97 6 1 2.911908
demand_98 6 2 1.137025
demand_99 6 3 1.735834
demand_100 6 4 0.592909
demand_101 6 5 0.366649
demand_102 6 7 3.677928
demand_103 6 8 2.450732
demand_104 6 9 1.999023
demand_105 6 10 1.371107
demand_106 6 11 0.543740
demand_107 6 12 1.811507
demand_108 6 13 0.004202
demand_109 6 14 0.593556
demand_110 6 15 0.338768
demand_111 6 16 2.032962
demand_112 7 0 716.396777
demand_113 7 1 5101.858769
demand_114 7 2 1992.144815
demand_115 7 3 3041.298199
demand_116 7 4 1038.816866
demand_117 7 5 642.393852
demand_118 7 6 9552.262767
demand_119 7 8 4293.847249
demand_120 7 9 3502.423226
demand_121 7 10 2402.271909
demand_122 7 11 952.669882
demand_123 7 12 3173.882051
demand_124 7 13 7.362612
demand_125 7 14 1039.950771
demand_126 7 15 593.544914
demand_127 7 16 3561.886662
demand_128 8 0 130.239558
demand_129 8 1 927.508126
demand_130 8 2 362.168102
demand_131 8 3 552.902172
demand_132 8 4 188.854911
demand_133 8 5 116.785969
demand_134 8 6 1736.583026
demand_135 8 7 1171.502945
demand_136 8 9 636.733816
demand_137 8 10 436.728420
demand_138 8 11 173.193555
demand_139 8 12 577.005662
demand_140 8 13 1.338509
demand_141 8 14 189.061053
demand_142 8 15 107.905326
demand_143 8 16 647.544155
demand_144 9 0 55.006118
demand_145 9 1 391.729071
demand_146 9 2 152.960141
demand_147 9 3 233.515856
demand_148 9 4 79.762060
demand_149 9 5 49.324052
demand_150 9 6 733.438379
demand_151 9 7 494.779234
demand_152 9 8 329.688624
demand_153 9 10 184.450371
demand_154 9 11 73.147554
demand_155 9 12 243.695862
demand_156 9 13 0.565313
demand_157 9 14 79.849123
demand_158 9 15 45.573351
demand_159 9 16 273.487491
demand_160 10 0 37.326062
demand_161 10 1 265.819592
demand_162 10 2 103.795723
demand_163 10 3 158.459236
demand_164 10 4 54.124955
demand_165 10 5 33.470325
demand_166 10 6 497.696762
demand_167 10 7 335.747392
demand_168 10 8 223.720172
demand_169 10 9 182.485003
demand_170 10 11 49.636482
demand_171 10 12 165.367186
demand_172 10 13 0.383610
demand_173 10 14 54.184034
demand_174 10 15 30.925173
demand_175 10 16 185.583196
demand_176 11 0 130.207641
demand_177 11 1 927.280829
demand_178 11 2 362.079348
demand_179 11 3 552.766677
demand_180 11 4 188.808630
demand_181 11 5 116.757349
demand_182 11 6 1736.157456
demand_183 11 7 1171.215854
demand_184 11 8 780.421885
demand_185 11 9 636.577777
demand_186 11 10 436.621394
demand_187 11 12 576.864260
demand_188 11 13 1.338181
demand_189 11 14 189.014721
demand_190 11 15 107.878882
demand_191 11 16 647.385466
demand_192 12 0 402.856980
demand_193 12 1 2868.967985
demand_194 12 2 1120.258312
demand_195 12 3 1710.236908
demand_196 12 4 584.165981
demand_197 12 5 361.242339
demand_198 12 6 5371.598334
demand_199 12 7 3623.692717
demand_200 12 8 2414.592572
demand_201 12 9 1969.544937
demand_202 12 10 1350.888276
demand_203 12 11 535.722276
demand_204 12 13 4.140275
demand_205 12 14 584.803618
demand_206 12 15 333.772735
demand_207 12 16 2002.983474
demand_208 13 0 125.097718
demand_209 13 1 890.890231
demand_210 13 2 347.869754
demand_211 13 3 531.073669
demand_212 13 4 181.398945
demand_213 13 5 112.175274
demand_214 13 6 1668.022963
demand_215 13 7 1125.252167
demand_216 13 8 749.794681
demand_217 13 9 611.595651
demand_218 13 10 419.486441
demand_219 13 11 166.355897
demand_220 13 12 554.225556
demand_221 13 14 181.596948
demand_222 13 15 103.645238
demand_223 13 16 621.979199
demand_224 14 0 40.860377
demand_225 14 1 290.989404
demand_226 14 2 113.623889
demand_227 14 3 173.463357
demand_228 14 4 59.249915
demand_229 14 5 36.639549
demand_230 14 6 544.822461
demand_231 14 7 367.538498
demand_232 14 8 244.903693
demand_233 14 9 199.764065
demand_234 14 10 137.015880
demand_235 14 11 54.336440
demand_236 14 12 181.025404
demand_237 14 13 0.419934
demand_238 14 15 33.853403
demand_239 14 16 203.155619
demand_240 15 0 121.396528
demand_241 15 1 864.532002
demand_242 15 2 337.577542
demand_243 15 3 515.361114
demand_244 15 4 176.032004
demand_245 15 5 108.856412
demand_246 15 6 1618.672179
demand_247 15 7 1091.960013
demand_248 15 8 727.610960
demand_249 15 9 593.500741
demand_250 15 10 407.075350
demand_251 15 11 161.434026
demand_252 15 12 537.828020
demand_253 15 13 1.247626
demand_254 15 14 176.224149
demand_255 15 16 603.577077
demand_256 16 0 289.216445
demand_257 16 1 2059.670708
demand_258 16 2 804.248512
demand_259 16 3 1227.802082
demand_260 16 4 419.380615
demand_261 16 5 259.340734
demand_262 16 6 3856.342700
demand_263 16 7 2601.497746
demand_264 16 8 1733.468488
demand_265 16 9 1413.962803
demand_266 16 10 969.820865
demand_267 16 11 384.602228
demand_268 16 12 1281.327490
demand_269 16 13 2.972359
demand_270 16 14 419.838384
demand_271 16 15 239.619936
