DEMANDS 272
label src dest bw
demand_0 0 1 259.687936
demand_1 0 2 36.655253
demand_2 0 3 64.718703
demand_3 0 4 90.277083
demand_4 0 5 224.479398
demand_5 0 6 77.682018
demand_6 0 7 166.805951
demand_7 0 8 177.474271
demand_8 0 9 249.691453
demand_9 0 10 98.537629
demand_10 0 11 55.414993
demand_11 0 12 297.317023
demand_12 0 13 56.804411
demand_13 0 14 220.493919
demand_14 0 15 35.989548
demand_15 0 16 264.030310
demand_16 1 0 39.849841
demand_17 1 2 6.651317
demand_18 1 3 11.743599
demand_19 1 4 16.381321
demand_20 1 5 40.733141
demand_21 1 6 14.095871
demand_22 1 7 30.267946
demand_23 1 8 32.203777
demand_24 1 9 45.308021
demand_25 1 10 17.880247
demand_26 1 11 10.055385
demand_27 1 12 53.949968
demand_28 1 13 10.307503
demand_29 1 14 40.009952
demand_30 1 15 6.530521
demand_31 1 16 47.909893
demand_32 2 0 178.033149
demand_33 2 1 210.521990
demand_34 2 3 52.465703
demand_35 2 4 73.185191
demand_36 2 5 181.979380
demand_37 2 6 62.974712
demand_38 2 7 135.225076
demand_39 2 8 143.873594
demand_40 2 9 202.418111
demand_41 2 10 79.881792
demand_42 2 11 44.923437
demand_43 2 12 241.026874
demand_44 2 13 46.049801
demand_45 2 14 178.748460
demand_46 2 15 29.175754
demand_47 2 16 214.042235
demand_48 3 0 26.651708
demand_49 3 1 31.515314
demand_50 3 2 4.448423
demand_51 3 4 10.955883
demand_52 3 5 27.242462
demand_53 3 6 9.427366
demand_54 3 7 20.243305
demand_55 3 8 21.537995
demand_56 3 9 30.302157
demand_57 3 10 11.958370
demand_58 3 11 6.725075
demand_59 3 12 36.081920
demand_60 3 13 6.893693
demand_61 3 14 26.758791
demand_62 3 15 4.367634
demand_63 3 16 32.042298
demand_64 4 0 564.625478
demand_65 4 1 667.662623
demand_66 4 2 94.241352
demand_67 4 3 166.393016
demand_68 4 5 577.140802
demand_69 4 6 199.721945
demand_70 4 7 428.861273
demand_71 4 8 456.289725
demand_72 4 9 641.961475
demand_73 4 10 253.342118
demand_74 4 11 142.473002
demand_75 4 12 764.407721
demand_76 4 13 146.045221
demand_77 4 14 566.894059
demand_78 4 15 92.529812
demand_79 4 16 678.826948
demand_80 5 0 1021.539780
demand_81 5 1 1207.958117
demand_82 5 2 170.504687
demand_83 5 3 301.043952
demand_84 5 4 419.930694
demand_85 5 6 361.343794
demand_86 5 7 775.910524
demand_87 5 8 825.535021
demand_88 5 9 1161.458719
demand_89 5 10 458.355249
demand_90 5 11 257.767042
demand_91 5 12 1382.992668
demand_92 5 13 264.230024
demand_93 5 14 1025.644176
demand_94 5 15 167.408110
demand_95 5 16 1228.156996
demand_96 6 0 1384.699819
demand_97 6 1 1637.390359
demand_98 6 2 231.119545
demand_99 6 3 408.065857
demand_100 6 4 569.217145
demand_101 6 5 1415.392673
demand_102 6 7 1051.748727
demand_103 6 8 1119.014861
demand_104 6 9 1574.360304
demand_105 6 10 621.301728
demand_106 6 11 349.403893
demand_107 6 12 1874.650146
demand_108 6 13 358.164482
demand_109 6 14 1390.263339
demand_110 6 15 226.922127
demand_111 6 16 1664.769992
demand_112 7 0 2214.520238
demand_113 7 1 2618.642709
demand_114 7 2 369.624450
demand_115 7 3 652.610830
demand_116 7 4 910.336572
demand_117 7 5 2263.606650
demand_118 7 6 783.330380
demand_119 7 8 1789.616075
demand_120 7 9 2517.840116
demand_121 7 10 993.634311
demand_122 7 11 558.794031
demand_123 7 12 2998.087115
demand_124 7 13 572.804649
demand_125 7 14 2223.417853
demand_126 7 15 362.911611
demand_127 7 16 2662.430360
demand_128 8 0 647.338151
demand_129 8 1 765.469333
demand_130 8 2 108.046882
demand_131 8 3 190.768131
demand_132 8 4 266.105309
demand_133 8 5 661.686860
demand_134 8 6 228.979456
demand_135 8 7 491.685683
demand_136 8 9 736.003193
demand_137 8 10 290.454513
demand_138 8 11 163.344045
demand_139 8 12 876.386739
demand_140 8 13 167.439564
demand_141 8 14 649.939060
demand_142 8 15 106.084617
demand_143 8 16 778.269133
demand_144 9 0 4155.910593
demand_145 9 1 4914.312720
demand_146 9 2 693.660929
demand_147 9 3 1224.731305
demand_148 9 4 1708.395949
demand_149 9 5 4248.029299
demand_150 9 6 1470.047990
demand_151 9 7 3156.621828
demand_152 9 8 3358.508211
demand_153 9 10 1864.717824
demand_154 9 11 1048.668687
demand_155 9 12 5626.402407
demand_156 9 13 1074.961912
demand_157 9 14 4172.608427
demand_158 9 15 681.063185
demand_159 9 16 4996.487432
demand_160 10 0 563.508600
demand_161 10 1 666.341929
demand_162 10 2 94.054935
demand_163 10 3 166.063876
demand_164 10 4 231.644976
demand_165 10 5 575.999168
demand_166 10 6 199.326878
demand_167 10 7 428.012949
demand_168 10 8 455.387145
demand_169 10 9 640.691620
demand_170 10 11 142.191178
demand_171 10 12 762.895657
demand_172 10 13 145.756331
demand_173 10 14 565.772694
demand_174 10 15 92.346780
demand_175 10 16 677.484170
demand_176 11 0 610.303774
demand_177 11 1 721.676642
demand_178 11 2 101.865493
demand_179 11 3 179.854239
demand_180 11 4 250.881358
demand_181 11 5 623.831590
demand_182 11 6 215.879484
demand_183 11 7 463.556222
demand_184 11 8 493.203641
demand_185 11 9 693.896266
demand_186 11 10 273.837538
demand_187 11 12 826.248435
demand_188 11 13 157.860304
demand_189 11 14 612.755884
demand_190 11 15 100.015489
demand_191 11 16 733.744162
demand_192 12 0 1287.424228
demand_193 12 1 1522.363179
demand_194 12 2 214.883325
demand_195 12 3 379.399104
demand_196 12 4 529.229464
demand_197 12 5 1315.960900
demand_198 12 6 455.393675
demand_199 12 7 977.863053
demand_200 12 8 1040.403720
demand_201 12 9 1463.761005
demand_202 12 10 577.655090
demand_203 12 11 324.858162
demand_204 12 13 333.003316
demand_205 12 14 1292.596909
demand_206 12 15 210.980777
demand_207 12 16 1547.819385
demand_208 13 0 98.829390
demand_209 13 1 116.864528
demand_210 13 2 16.495563
demand_211 13 3 29.124652
demand_212 13 4 40.626411
demand_213 13 5 101.020014
demand_214 13 6 34.958391
demand_215 13 7 75.065862
demand_216 13 8 79.866809
demand_217 13 9 112.365920
demand_218 13 10 44.343814
demand_219 13 11 24.937805
demand_220 13 12 133.798335
demand_221 13 14 99.226472
demand_222 13 15 16.195983
demand_223 13 16 118.818679
demand_224 14 0 503.288438
demand_225 14 1 595.132334
demand_226 14 2 84.003618
demand_227 14 3 148.317220
demand_228 14 4 206.889900
demand_229 14 5 514.444183
demand_230 14 6 178.025523
demand_231 14 7 382.272725
demand_232 14 8 406.721539
demand_233 14 9 572.223183
demand_234 14 10 225.820768
demand_235 14 11 126.995712
demand_236 14 12 681.367709
demand_237 14 13 130.179870
demand_238 14 15 82.478008
demand_239 14 16 605.083843
demand_240 15 0 614.308930
demand_241 15 1 726.412689
demand_242 15 2 102.533992
demand_243 15 3 181.034544
demand_244 15 4 252.527783
demand_245 15 5 627.925523
demand_246 15 6 217.296207
demand_247 15 7 466.598339
demand_248 15 8 496.440320
demand_249 15 9 698.450004
demand_250 15 10 275.634614
demand_251 15 11 155.009720
demand_252 15 12 831.670741
demand_253 15 13 158.896272
demand_254 15 14 616.777133
demand_255 15 16 738.559404
demand_256 16 0 4280.004132
demand_257 16 1 5061.051791
demand_258 16 2 714.373319
demand_259 16 3 1261.301207
demand_260 16 4 1759.407850
demand_261 16 5 4374.873460
demand_262 16 6 1513.942933
demand_263 16 7 3250.877074
demand_264 16 8 3458.791689
demand_265 16 9 4866.230580
demand_266 16 10 1920.397423
demand_267 16 11 1079.981442
demand_268 16 12 5794.404141
demand_269 16 13 1107.059770
demand_270 16 14 4297.200556
demand_271 16 15 701.399412
