DEMANDS 272
label src dest bw
demand_0 0 1 1269.449166
demand_1 0 2 2070.195468
demand_2 0 3 918.862954
demand_3 0 4 2899.677430
demand_4 0 5 965.482642
demand_5 0 6 458.775644
demand_6 0 7 505.118528
demand_7 0 8 262.762392
demand_8 0 9 1007.078688
demand_9 0 10 877.494375
demand_10 0 11 3906.175280
demand_11 0 12 421.636657
demand_12 0 13 342.770303
demand_13 0 14 219.706072
demand_14 0 15 272.917788
demand_15 0 16 934.520756
demand_16 1 0 130.063395
demand_17 1 2 583.554849
demand_18 1 3 259.012707
demand_19 1 4 817.372490
demand_20 1 5 272.154048
demand_21 1 6 129.321485
demand_22 1 7 142.384799
demand_23 1 8 74.068498
demand_24 1 9 283.879306
demand_25 1 10 247.351569
demand_26 1 11 1101.088067
demand_27 1 12 118.852601
demand_28 1 13 96.621443
demand_29 1 14 61.931612
demand_30 1 15 76.931140
demand_31 1 16 263.426390
demand_32 2 0 30.994152
demand_33 2 1 85.272758
demand_34 2 3 61.722817
demand_35 2 4 194.780145
demand_36 2 5 64.854403
demand_37 2 6 30.817354
demand_38 2 7 33.930347
demand_39 2 8 17.650548
demand_40 2 9 67.648536
demand_41 2 10 58.943964
demand_42 2 11 262.389664
demand_43 2 12 28.322616
demand_44 2 13 23.024923
demand_45 2 14 14.758324
demand_46 2 15 18.332717
demand_47 2 16 62.774599
demand_48 3 0 335.420328
demand_49 3 1 922.826244
demand_50 3 2 1504.928877
demand_51 3 4 2107.920902
demand_52 3 5 701.857738
demand_53 3 6 333.507017
demand_54 3 7 367.195982
demand_55 3 8 191.015157
demand_56 3 9 732.095989
demand_57 3 10 637.894655
demand_58 3 11 2839.594651
demand_59 3 12 306.508825
demand_60 3 13 249.176919
demand_61 3 14 159.715359
demand_62 3 15 198.397623
demand_63 3 16 679.349991
demand_64 4 0 390.014827
demand_65 4 1 1073.029533
demand_66 4 2 1749.877771
demand_67 4 3 776.688908
demand_68 4 5 816.095214
demand_69 4 6 387.790097
demand_70 4 7 426.962428
demand_71 4 8 222.105630
demand_72 4 9 851.255178
demand_73 4 10 741.721216
demand_74 4 11 3301.779662
demand_75 4 12 356.397560
demand_76 4 13 289.734058
demand_77 4 14 185.711338
demand_78 4 15 230.689699
demand_79 4 16 789.924007
demand_80 5 0 165.185940
demand_81 5 1 454.468341
demand_82 5 2 741.139012
demand_83 5 3 328.956947
demand_84 5 4 1038.097174
demand_85 5 6 164.243682
demand_86 5 7 180.834637
demand_87 5 8 94.070083
demand_88 5 9 360.538565
demand_89 5 10 314.146815
demand_90 5 11 1398.427797
demand_91 5 12 150.947763
demand_92 5 13 122.713264
demand_93 5 14 78.655732
demand_94 5 15 97.705759
demand_95 5 16 334.562509
demand_96 6 0 6.607494
demand_97 6 1 18.178888
demand_98 6 2 29.645811
demand_99 6 3 13.158389
demand_100 6 4 41.524239
demand_101 6 5 13.825997
demand_102 6 7 7.233447
demand_103 6 8 3.762835
demand_104 6 9 14.421665
demand_105 6 10 12.565979
demand_106 6 11 55.937586
demand_107 6 12 6.037962
demand_108 6 13 4.908572
demand_109 6 14 3.146256
demand_110 6 15 3.908263
demand_111 6 16 13.382614
demand_112 7 0 204.158145
demand_113 7 1 561.690746
demand_114 7 2 915.995432
demand_115 7 3 406.567535
demand_116 7 4 1283.014731
demand_117 7 5 427.195259
demand_118 7 6 202.993582
demand_119 7 8 116.263973
demand_120 7 9 445.600183
demand_121 7 10 388.263259
demand_122 7 11 1728.357911
demand_123 7 12 186.560766
demand_124 7 13 151.664921
demand_125 7 14 97.212926
demand_126 7 15 120.757412
demand_127 7 16 413.495613
demand_128 8 0 316.355922
demand_129 8 1 870.375236
demand_130 8 2 1419.392691
demand_131 8 3 630.002037
demand_132 8 4 1988.112242
demand_133 8 5 661.965996
demand_134 8 6 314.551358
demand_135 8 7 346.325532
demand_136 8 9 690.485586
demand_137 8 10 601.638406
demand_138 8 11 2678.199586
demand_139 8 12 289.087672
demand_140 8 13 235.014360
demand_141 8 14 150.637559
demand_142 8 15 187.121226
demand_143 8 16 640.737531
demand_144 9 0 215.644002
demand_145 9 1 593.291245
demand_146 9 2 967.528972
demand_147 9 3 429.440863
demand_148 9 4 1355.196630
demand_149 9 5 451.229095
demand_150 9 6 214.413921
demand_151 9 7 236.072785
demand_152 9 8 122.804938
demand_153 9 10 410.106796
demand_154 9 11 1825.594641
demand_155 9 12 197.056600
demand_156 9 13 160.197529
demand_157 9 14 102.682086
demand_158 9 15 127.551176
demand_159 9 16 436.758712
demand_160 10 0 411.510381
demand_161 10 1 1132.169243
demand_162 10 2 1846.321774
demand_163 10 3 819.495891
demand_164 10 4 2586.102454
demand_165 10 5 861.074064
demand_166 10 6 409.163035
demand_167 10 7 450.494338
demand_168 10 8 234.346917
demand_169 10 9 898.171859
demand_170 10 11 3483.756286
demand_171 10 12 376.040308
demand_172 10 13 305.702666
demand_173 10 14 195.946765
demand_174 10 15 243.404095
demand_175 10 16 833.460438
demand_176 11 0 659.537121
demand_177 11 1 1814.553602
demand_178 11 2 2959.142235
demand_179 11 3 1313.424851
demand_180 11 4 4144.805690
demand_181 11 5 1380.063143
demand_182 11 6 655.774976
demand_183 11 7 722.017603
demand_184 11 8 375.593177
demand_185 11 9 1439.520629
demand_186 11 10 1254.292508
demand_187 11 12 602.688422
demand_188 11 13 489.956672
demand_189 11 14 314.048372
demand_190 11 15 390.109323
demand_191 11 16 1335.806151
demand_192 12 0 734.988198
demand_193 12 1 2022.138615
demand_194 12 2 3297.668240
demand_195 12 3 1463.680713
demand_196 12 4 4618.971647
demand_197 12 5 1537.942428
demand_198 12 6 730.795663
demand_199 12 7 804.616449
demand_200 12 8 418.561053
demand_201 12 9 1604.201853
demand_202 12 10 1397.783627
demand_203 12 11 6222.248268
demand_204 12 13 546.007737
demand_205 12 14 349.975520
demand_206 12 15 434.737847
demand_207 12 16 1488.622435
demand_208 13 0 1264.595283
demand_209 13 1 3479.221792
demand_210 13 2 5673.853967
demand_211 13 3 2518.358433
demand_212 13 4 7947.242929
demand_213 13 5 2646.130572
demand_214 13 6 1257.381753
demand_215 13 7 1384.395246
demand_216 13 8 720.161677
demand_217 13 9 2760.134248
demand_218 13 10 2404.978185
demand_219 13 11 10705.785254
demand_220 13 12 1155.593690
demand_221 13 14 602.155780
demand_222 13 15 747.994910
demand_223 13 16 2561.272298
demand_224 14 0 46.246784
demand_225 14 1 127.236612
demand_226 14 2 207.495239
demand_227 14 3 92.097433
demand_228 14 4 290.634034
demand_229 14 5 96.770114
demand_230 14 6 45.982982
demand_231 14 7 50.627920
demand_232 14 8 26.336617
demand_233 14 9 100.939277
demand_234 14 10 87.951069
demand_235 14 11 391.515094
demand_236 14 12 42.260550
demand_237 14 13 34.355792
demand_238 14 15 27.354490
demand_239 14 16 93.666811
demand_240 15 0 117.292688
demand_241 15 1 322.701882
demand_242 15 2 526.256578
demand_243 15 3 233.580684
demand_244 15 4 737.116057
demand_245 15 5 245.431699
demand_246 15 6 116.623625
demand_247 15 7 128.404275
demand_248 15 8 66.795836
demand_249 15 9 256.005673
demand_250 15 10 223.064534
demand_251 15 11 992.974078
demand_252 15 12 107.182663
demand_253 15 13 87.134345
demand_254 15 14 55.850651
demand_255 15 16 237.560995
demand_256 16 0 152.448093
demand_257 16 1 419.423301
demand_258 16 2 683.988174
demand_259 16 3 303.590363
demand_260 16 4 958.047248
demand_261 16 5 318.993409
demand_262 16 6 151.578496
demand_263 16 7 166.890086
demand_264 16 8 86.816135
demand_265 16 9 332.736654
demand_266 16 10 289.922273
demand_267 16 11 1290.591994
demand_268 16 12 139.307854
demand_269 16 13 113.250578
demand_270 16 14 72.590418
demand_271 16 15 90.171456
