DEMANDS 272
label src dest bw
demand_0 0 1 3065.873350
demand_1 0 2 2774.364585
demand_2 0 3 2304.253852
demand_3 0 4 880.175227
demand_4 0 5 1382.561811
demand_5 0 6 2519.193533
demand_6 0 7 1701.369906
demand_7 0 8 2643.723601
demand_8 0 9 585.580006
demand_9 0 10 2338.832343
demand_10 0 11 121.835329
demand_11 0 12 5692.286821
demand_12 0 13 200.100014
demand_13 0 14 1180.344455
demand_14 0 15 199.132063
demand_15 0 16 1858.302569
demand_16 1 0 417.576013
demand_17 1 2 981.128342
demand_18 1 3 814.878035
demand_19 1 4 311.265818
demand_20 1 5 488.930180
demand_21 1 6 890.889462
demand_22 1 7 601.673711
demand_23 1 8 934.928368
demand_24 1 9 207.084946
demand_25 1 10 827.106398
demand_26 1 11 43.085936
demand_27 1 12 2013.024517
demand_28 1 13 70.763517
demand_29 1 14 417.417885
demand_30 1 15 70.421210
demand_31 1 16 657.171494
demand_32 2 0 403.474981
demand_33 2 1 1047.605008
demand_34 2 3 787.360598
demand_35 2 4 300.754751
demand_36 2 5 472.419605
demand_37 2 6 860.805213
demand_38 2 7 581.355924
demand_39 2 8 903.356978
demand_40 2 9 200.091940
demand_41 2 10 799.176024
demand_42 2 11 41.630976
demand_43 2 12 1945.047137
demand_44 2 13 68.373919
demand_45 2 14 403.322193
demand_46 2 15 68.043172
demand_47 2 16 634.979614
demand_48 3 0 593.592718
demand_49 3 1 1541.237335
demand_50 3 2 1394.693710
demand_51 3 4 442.470633
demand_52 3 5 695.024105
demand_53 3 6 1266.417325
demand_54 3 7 855.291305
demand_55 3 8 1329.019516
demand_56 3 9 294.375424
demand_57 3 10 1175.748413
demand_58 3 11 61.247526
demand_59 3 12 2861.554920
demand_60 3 13 100.591765
demand_61 3 14 593.367936
demand_62 3 15 100.105169
demand_63 3 16 934.182522
demand_64 4 0 248.867212
demand_65 4 1 646.172749
demand_66 4 2 584.733479
demand_67 4 3 485.651517
demand_68 4 5 291.392913
demand_69 4 6 530.952855
demand_70 4 7 358.585872
demand_71 4 8 557.199189
demand_72 4 9 123.418615
demand_73 4 10 492.939385
demand_74 4 11 25.678383
demand_75 4 12 1199.723603
demand_76 4 13 42.173685
demand_77 4 14 248.772971
demand_78 4 15 41.969677
demand_79 4 16 391.661475
demand_80 5 0 1666.332971
demand_81 5 1 4326.560129
demand_82 5 2 3915.182993
demand_83 5 3 3251.762779
demand_84 5 4 1242.103182
demand_85 5 6 3555.085633
demand_86 5 7 2400.973021
demand_87 5 8 3730.822451
demand_88 5 9 826.370440
demand_89 5 10 3300.559941
demand_90 5 11 171.934003
demand_91 5 12 8032.954527
demand_92 5 13 282.381118
demand_93 5 14 1665.701963
demand_94 5 15 281.015146
demand_95 5 16 2622.436378
demand_96 6 0 26.669014
demand_97 6 1 69.244920
demand_98 6 2 62.660988
demand_99 6 3 52.043204
demand_100 6 4 19.879381
demand_101 6 5 31.226137
demand_102 6 7 38.426644
demand_103 6 8 59.710369
demand_104 6 9 13.225739
demand_105 6 10 52.824184
demand_106 6 11 2.751737
demand_107 6 12 128.564328
demand_108 6 13 4.519400
demand_109 6 14 26.658915
demand_110 6 15 4.497539
demand_111 6 16 41.971079
demand_112 7 0 140.733259
demand_113 7 1 365.407705
demand_114 7 2 330.664082
demand_115 7 3 274.633691
demand_116 7 4 104.904141
demand_117 7 5 164.781347
demand_118 7 6 300.251388
demand_119 7 8 315.093569
demand_120 7 9 69.792657
demand_121 7 10 278.754946
demand_122 7 11 14.521007
demand_123 7 12 678.438157
demand_124 7 13 23.849024
demand_125 7 14 140.679966
demand_126 7 15 23.733658
demand_127 7 16 221.482756
demand_128 8 0 208.365764
demand_129 8 1 541.012523
demand_130 8 2 489.572077
demand_131 8 3 406.615032
demand_132 8 4 155.318164
demand_133 8 5 243.970696
demand_134 8 6 444.543885
demand_135 8 7 300.228457
demand_136 8 9 103.333074
demand_137 8 10 412.716849
demand_138 8 11 21.499400
demand_139 8 12 1004.476737
demand_140 8 13 35.310204
demand_141 8 14 208.286860
demand_142 8 15 35.139397
demand_143 8 16 327.921231
demand_144 9 0 558.189149
demand_145 9 1 1449.313528
demand_146 9 2 1311.510185
demand_147 9 3 1089.277312
demand_148 9 4 416.080418
demand_149 9 5 653.570878
demand_150 9 6 1190.884571
demand_151 9 7 804.279284
demand_152 9 8 1249.752988
demand_153 9 10 1105.623412
demand_154 9 11 57.594548
demand_155 9 12 2690.883594
demand_156 9 13 94.592185
demand_157 9 14 557.977774
demand_158 9 15 94.134610
demand_159 9 16 878.465202
demand_160 10 0 232.711680
demand_161 10 1 604.225622
demand_162 10 2 546.774760
demand_163 10 3 454.124831
demand_164 10 4 173.465882
demand_165 10 5 272.476771
demand_166 10 6 496.485375
demand_167 10 7 335.307813
demand_168 10 8 521.027895
demand_169 10 9 115.406738
demand_170 10 11 24.011438
demand_171 10 12 1121.842017
demand_172 10 13 39.435926
demand_173 10 14 232.623556
demand_174 10 15 39.245162
demand_175 10 16 366.236272
demand_176 11 0 450.618623
demand_177 11 1 1170.011398
demand_178 11 2 1058.764605
demand_179 11 3 879.358983
demand_180 11 4 335.896148
demand_181 11 5 527.619015
demand_182 11 6 961.385162
demand_183 11 7 649.283893
demand_184 11 8 1008.908847
demand_185 11 9 223.471489
demand_186 11 10 892.554971
demand_187 11 12 2172.314282
demand_188 11 13 76.363004
demand_189 11 14 450.447983
demand_190 11 15 75.993610
demand_191 11 16 709.173191
demand_192 12 0 614.840075
demand_193 12 1 1596.405160
demand_194 12 2 1444.616079
demand_195 12 3 1199.828668
demand_196 12 4 458.308649
demand_197 12 5 719.902148
demand_198 12 6 1311.748105
demand_199 12 7 885.906033
demand_200 12 8 1376.591110
demand_201 12 9 304.912446
demand_202 12 10 1217.833744
demand_203 12 11 63.439851
demand_204 12 13 104.192398
demand_205 12 14 614.607247
demand_206 12 15 103.688384
demand_207 12 16 967.621122
demand_208 13 0 94.250216
demand_209 13 1 244.716532
demand_210 13 2 221.448443
demand_211 13 3 183.924431
demand_212 13 4 70.255162
demand_213 13 5 110.355417
demand_214 13 6 201.080813
demand_215 13 7 135.802525
demand_216 13 8 211.020743
demand_217 13 9 46.740714
demand_218 13 10 186.684469
demand_219 13 11 9.724837
demand_220 13 12 454.355588
demand_221 13 14 94.214525
demand_222 13 15 15.894625
demand_223 13 16 148.328815
demand_224 14 0 1009.614012
demand_225 14 1 2621.418293
demand_226 14 2 2372.169116
demand_227 14 3 1970.209630
demand_228 14 4 752.577546
demand_229 14 5 1182.133901
demand_230 14 6 2153.989829
demand_231 14 7 1454.724865
demand_232 14 8 2260.466959
demand_233 14 9 500.689352
demand_234 14 10 1999.775329
demand_235 14 11 104.173044
demand_236 14 12 4867.084546
demand_237 14 13 171.091816
demand_238 14 15 170.264187
demand_239 14 16 1588.907235
demand_240 15 0 457.856015
demand_241 15 1 1188.802967
demand_242 15 2 1075.769437
demand_243 15 3 893.482379
demand_244 15 4 341.290980
demand_245 15 5 536.093111
demand_246 15 6 976.825982
demand_247 15 7 659.712049
demand_248 15 8 1025.112945
demand_249 15 9 227.060667
demand_250 15 10 906.890308
demand_251 15 11 47.242069
demand_252 15 12 2207.203849
demand_253 15 13 77.589471
demand_254 15 14 457.682634
demand_255 15 16 720.563231
demand_256 16 0 84.383188
demand_257 16 1 219.097228
demand_258 16 2 198.265069
demand_259 16 3 164.669435
demand_260 16 4 62.900169
demand_261 16 5 98.802340
demand_262 16 6 180.029720
demand_263 16 7 121.585398
demand_264 16 8 188.929041
demand_265 16 9 41.847442
demand_266 16 10 167.140526
demand_267 16 11 8.706747
demand_268 16 12 406.789232
demand_269 16 13 14.299794
demand_270 16 14 84.351233
demand_271 16 15 14.230621
