18,45
27,22
44,3
34,12
10,23
42,21
2,24
19,30
23,17
46,31
35,12
24,12
27,5
47,6
15,7
14,4
45,17
27,29
9,48
44,10
47,29
4,1
27,28
44,36
19,37
36,18
25,31
12,25
43,35
10,2
46,16
25,1
19,13
48,17
8,35
19,39
1,18
0,2
16,6
26,49
45,24
21,44
31,37
26,11
17,46
26,17
0,19
15,20
24,31
45,28
44,49
2,46
3,9
7,27
25,5
30,0
42,10
11,34
27,33
7,17
16,48
38,47
29,34
12,5
27,36
32,45
18,8
7,1
27,16
21,19
26,21
38,20
49,24
13,40
17,23
13,39
28,15
36,9
19,16
38,36
37,2
32,11
48,26
44,29
15,45
23,0
19,47
1,8
6,30
40,0
41,7
18,36
46,48
11,49
40,24
31,44
19,42
39,7
23,41
48,4
48,43
34,18
44,13
5,0
20,30
11,2
1,36
19,31
15,7
4,0
22,5
47,18
44,4
5,24
40,37
11,19
29,15
8,22
23,11
18,8
25,40
11,45
5,48
47,27
33,39
9,16
16,15
14,33
19,14
36,40
6,23
15,29
21,29
39,20
24,15
4,11
11,24
33,20
22,26
14,40
23,22
27,18
4,21
40,49
41,13
11,42
33,35
11,12
25,16
18,49
18,42
40,25
47,19
21,9
31,14
22,42
39,5
37,32
37,1
29,5
34,3
5,7
29,24
30,18
32,19
24,44
14,33
8,38
7,41
2,14
33,4
45,25
21,28
43,12
22,8
45,49
17,33
35,17
45,24
42,26
35,18
30,46
30,15
35,38
43,30
15,29
16,24
11,16
39,27
31,35
16,11
7,8
11,12
37,13
45,19
28,13
25,2
6,19
31,45
38,28
21,46
1,43
44,12
24,14
21,26
41,2
34,4
49,24
28,31
46,8
24,21
43,22
27,29
9,45
22,23
46,8
22,14
44,18
35,18
42,30
1,26
6,22
14,48
44,9
37,7
32,20
25,44
22,10
25,29
10,6
36,15
32,15
10,5
46,35
4,8
24,22
34,31
40,16
43,31
11,46
41,3
32,25
45,18
16,0
12,35
17,49
48,35
25,21
21,37
18,49
31,35
44,43
31,15
36,24
3,26
15,6
36,1
20,4
11,1
29,38
13,25
12,33
32,27
7,18
38,14
31,48
46,16
17,48
28,29
22,5
1,28
17,27
46,11
46,1
34,12
10,21
9,40
10,49
36,28
8,39
29,11
6,49
28,29
15,13
17,8
34,39
25,48
28,14
16,25
41,49
2,24
4,10
30,3
30,40
2,15
17,10
34,30
20,12
19,37
42,13
46,7
6,34
18,13
24,42
39,38
31,22
15,28
40,29
2,33
22,32
46,39
9,16
49,2
1,3
38,29
9,35
38,36
14,13
11,19
3,28
12,27
1,13
1,15
17,22
9,43
39,41
27,31
14,16
39,27
37,21
49,20
41,8
5,39
24,4
4,24
37,0
19,13
24,49
18,27
43,35
38,9
25,46
15,3
29,25
43,23
29,33
34,49
9,15
36,27
18,9
16,47
27,37
13,25
9,28
7,41
6,40
3,46
42,34
33,19
49,0
2,35
29,12
19,29
20,3
1,22
23,33
49,3
13,29
17,14
15,10
30,31
35,6
8,49
12,30
4,36
6,19
11,21
46,12
8,3
9,39
10,47
14,12
41,30
22,8
35,31
47,48
30,14
44,8
30,8
23,7
49,8
30,14
46,45
43,30
18,32
4,0
24,19
43,35
45,4
35,26
0,2
48,12
6,28
6,32
18,37
22,38
30,37
44,29
15,32
14,20
12,29
17,6
31,46
4,49
38,20
37,49
23,9
5,45
45,33
44,47
33,0
15,10
28,30
47,46
3,37
23,43
0,24
17,24
37,35
11,7
27,38
49,0
14,41
25,5
10,18
49,28
20,34
16,6
27,40
25,49
31,27
25,3
49,43
7,49
8,3
23,11
4,13
18,26
45,25
49,29
42,26
15,49
33,47
31,1
35,49
30,32
10,41
0,37
13,11
40,16
19,31
44,41
34,38
4,48
15,5
45,13
7,49
0,34
19,40
3,15
12,6
29,15
19,32
3,39
19,13
40,12
31,9
27,20
43,19
34,49
0,4
28,12
0,47
14,49
10,46
0,30
37,34
39,43
16,30
35,42
1,49
6,12
14,20
37,46
27,28
19,29
2,26
46,38
19,39
12,35
12,36
11,17
14,43
40,35
11,26
40,29
12,11
35,33
2,7
13,22
2,21
41,44
14,38
36,35
41,42
30,36
0,7
3,14
11,45
14,5
19,23
42,25
5,17
46,48
27,25
9,16
19,18
22,9
39,31
27,9
2,23
25,28
5,0
30,45
12,29
7,16
5,13
32,8
35,16
41,19
34,24
20,4
12,33
24,44
37,0
30,0
47,24
27,16
16,36
21,4
27,3
33,18
0,17
46,30
29,41
30,26
44,1
38,45
1,44
1,10
45,4
4,39
48,1
35,0
35,45
11,20
10,9
45,7
29,3
22,40
4,16
6,27
49,13
5,9
2,10
21,7
0,26
14,41
26,23
44,14
27,24
3,17
34,48
30,1
23,9
21,46
45,17
45,2
44,35
46,18
28,42
29,11
34,9
10,7
5,17
36,26
45,13
13,37
35,16
45,40
13,22
13,12
45,30
7,5
19,17
47,40
49,46
38,29
19,40
10,39
19,37
23,22
45,9
3,24
6,21
0,28
27,3
23,16
41,20
12,8
41,8
44,18
18,33
0,15
35,44
29,4
44,39
20,25
16,12
30,17
5,0
30,29
5,44
9,20
49,14
10,39
39,19
40,41
2,36
37,42
40,6
7,12
33,39
28,16
48,46
7,19
22,11
31,7
46,38
25,32
7,47
41,29
2,45
36,4
29,7
6,25
40,30
11,10
18,21
43,39
19,38
43,24
38,15
6,38
43,2
32,24
34,13
45,21
2,5
49,37
0,20
46,20
23,0
41,20
45,0
0,25
6,35
5,0
33,3
12,29
18,13
40,25
30,9
25,49
49,11
8,38
33,8
46,43
26,39
11,29
23,41
45,38
13,1
47,23
8,39
40,22
42,37
20,4
18,47
27,22
10,16
21,39
1,44
38,7
29,49
48,36
48,24
31,24
42,15
7,25
18,41
25,4
35,7
20,13
22,47
25,13
30,35
49,7
18,31
38,35
29,19
46,40
29,0
45,1
43,34
3,6
49,24
21,10
9,0
14,33
32,36
35,23
47,2
27,42
17,25
35,41
11,15
0,39
12,16
2,22
44,8
41,16
5,45
42,23
38,11
14,39
1,0
28,41
10,3
5,25
0,46
11,45
18,9
7,47
34,35
10,31
4,6
1,30
44,36
5,3
14,22
9,1
38,39
20,31
3,14
12,2
38,25
21,3
29,26
28,20
17,3
38,23
11,8
15,47
22,7
43,20
4,5
16,9
23,27
41,15
19,14
47,45
10,32
6,37
41,12
48,41
24,4
19,23
41,21
0,18
17,33
12,7
20,30
13,22
35,31
0,3
23,4
40,30
2,26
18,1
