DEMANDS 182
label src dest bw
demand_0 0 1 388.009000
demand_1 0 2 1202.880000
demand_2 0 3 1421.230000
demand_3 0 4 1462.860000
demand_4 0 5 396.346000
demand_5 0 6 1409.970000
demand_6 0 7 740.636000
demand_7 0 8 518.430000
demand_8 0 9 726.404000
demand_9 0 10 272.461000
demand_10 0 11 424.176000
demand_11 0 12 205.817000
demand_12 0 13 958.861000
demand_13 1 0 278.166000
demand_14 1 2 420.674000
demand_15 1 3 267.139000
demand_16 1 4 1371.000000
demand_17 1 5 958.467000
demand_18 1 6 1438.260000
demand_19 1 7 471.472000
demand_20 1 8 342.470000
demand_21 1 9 397.956000
demand_22 1 10 179.655000
demand_23 1 11 929.925000
demand_24 1 12 693.833000
demand_25 1 13 618.010000
demand_26 2 0 465.642000
demand_27 2 1 1281.470000
demand_28 2 3 1325.920000
demand_29 2 4 873.272000
demand_30 2 5 993.067000
demand_31 2 6 1493.560000
demand_32 2 7 688.879000
demand_33 2 8 1280.840000
demand_34 2 9 1315.670000
demand_35 2 10 768.028000
demand_36 2 11 1370.390000
demand_37 2 12 1421.020000
demand_38 2 13 605.539000
demand_39 3 0 1201.030000
demand_40 3 1 1267.240000
demand_41 3 2 615.634000
demand_42 3 4 1178.230000
demand_43 3 5 973.859000
demand_44 3 6 1365.260000
demand_45 3 7 308.051000
demand_46 3 8 1269.490000
demand_47 3 9 1470.700000
demand_48 3 10 678.729000
demand_49 3 11 1231.210000
demand_50 3 12 300.216000
demand_51 3 13 1373.090000
demand_52 4 0 280.426000
demand_53 4 1 1404.340000
demand_54 4 2 523.547000
demand_55 4 3 658.291000
demand_56 4 5 1505.240000
demand_57 4 6 516.193000
demand_58 4 7 653.675000
demand_59 4 8 695.992000
demand_60 4 9 250.548000
demand_61 4 10 932.994000
demand_62 4 11 808.619000
demand_63 4 12 610.925000
demand_64 4 13 168.638000
demand_65 5 0 1481.620000
demand_66 5 1 1123.210000
demand_67 5 2 953.051000
demand_68 5 3 184.492000
demand_69 5 4 1359.480000
demand_70 5 6 291.728000
demand_71 5 7 815.547000
demand_72 5 8 801.682000
demand_73 5 9 1004.660000
demand_74 5 10 1430.230000
demand_75 5 11 1194.090000
demand_76 5 12 1214.800000
demand_77 5 13 748.697000
demand_78 6 0 1109.010000
demand_79 6 1 212.575000
demand_80 6 2 255.316000
demand_81 6 3 593.192000
demand_82 6 4 647.533000
demand_83 6 5 884.869000
demand_84 6 7 1339.990000
demand_85 6 8 278.321000
demand_86 6 9 263.750000
demand_87 6 10 311.891000
demand_88 6 11 1292.480000
demand_89 6 12 243.750000
demand_90 6 13 946.731000
demand_91 7 0 573.730000
demand_92 7 1 1233.930000
demand_93 7 2 693.103000
demand_94 7 3 1136.090000
demand_95 7 4 1270.230000
demand_96 7 5 1194.370000
demand_97 7 6 291.106000
demand_98 7 8 429.529000
demand_99 7 9 512.129000
demand_100 7 10 1006.090000
demand_101 7 11 821.697000
demand_102 7 12 1397.800000
demand_103 7 13 1389.570000
demand_104 8 0 242.180000
demand_105 8 1 347.080000
demand_106 8 2 947.007000
demand_107 8 3 693.982000
demand_108 8 4 543.672000
demand_109 8 5 1403.410000
demand_110 8 6 332.308000
demand_111 8 7 1421.150000
demand_112 8 9 1403.420000
demand_113 8 10 1167.070000
demand_114 8 11 574.397000
demand_115 8 12 416.417000
demand_116 8 13 1282.060000
demand_117 9 0 515.813000
demand_118 9 1 734.566000
demand_119 9 2 459.978000
demand_120 9 3 1022.850000
demand_121 9 4 1258.450000
demand_122 9 5 212.098000
demand_123 9 6 558.128000
demand_124 9 7 379.158000
demand_125 9 8 1310.840000
demand_126 9 10 518.253000
demand_127 9 11 269.147000
demand_128 9 12 583.667000
demand_129 9 13 724.025000
demand_130 10 0 906.331000
demand_131 10 1 810.743000
demand_132 10 2 1081.410000
demand_133 10 3 1410.560000
demand_134 10 4 1412.490000
demand_135 10 5 1484.740000
demand_136 10 6 748.098000
demand_137 10 7 1244.180000
demand_138 10 8 211.700000
demand_139 10 9 738.069000
demand_140 10 11 1180.090000
demand_141 10 12 616.190000
demand_142 10 13 258.687000
demand_143 11 0 1151.000000
demand_144 11 1 519.799000
demand_145 11 2 972.662000
demand_146 11 3 438.460000
demand_147 11 4 1363.110000
demand_148 11 5 638.491000
demand_149 11 6 1135.270000
demand_150 11 7 1233.370000
demand_151 11 8 223.818000
demand_152 11 9 1397.650000
demand_153 11 10 1318.980000
demand_154 11 12 352.490000
demand_155 11 13 562.507000
demand_156 12 0 1167.770000
demand_157 12 1 1425.080000
demand_158 12 2 1489.440000
demand_159 12 3 1027.000000
demand_160 12 4 451.085000
demand_161 12 5 1080.900000
demand_162 12 6 1225.090000
demand_163 12 7 1376.890000
demand_164 12 8 515.304000
demand_165 12 9 767.827000
demand_166 12 10 182.350000
demand_167 12 11 351.354000
demand_168 12 13 1047.630000
demand_169 13 0 741.487000
demand_170 13 1 304.271000
demand_171 13 2 303.259000
demand_172 13 3 685.616000
demand_173 13 4 594.684000
demand_174 13 5 181.077000
demand_175 13 6 422.750000
demand_176 13 7 1221.680000
demand_177 13 8 676.329000
demand_178 13 9 246.159000
demand_179 13 10 1138.610000
demand_180 13 11 365.291000
demand_181 13 12 307.997000
