DEMANDS 182
label src dest bw
demand_0 0 1 266.557000
demand_1 0 2 774.344000
demand_2 0 3 577.702000
demand_3 0 4 1252.400000
demand_4 0 5 397.247000
demand_5 0 6 679.875000
demand_6 0 7 1256.430000
demand_7 0 8 168.516000
demand_8 0 9 324.211000
demand_9 0 10 1050.740000
demand_10 0 11 1485.100000
demand_11 0 12 598.269000
demand_12 0 13 1119.740000
demand_13 1 0 1514.640000
demand_14 1 2 1252.460000
demand_15 1 3 698.591000
demand_16 1 4 1007.250000
demand_17 1 5 1320.390000
demand_18 1 6 848.628000
demand_19 1 7 1118.750000
demand_20 1 8 1167.850000
demand_21 1 9 1151.220000
demand_22 1 10 378.627000
demand_23 1 11 493.890000
demand_24 1 12 1149.680000
demand_25 1 13 726.020000
demand_26 2 0 976.340000
demand_27 2 1 545.331000
demand_28 2 3 961.643000
demand_29 2 4 618.299000
demand_30 2 5 1484.830000
demand_31 2 6 558.951000
demand_32 2 7 680.751000
demand_33 2 8 1277.990000
demand_34 2 9 946.375000
demand_35 2 10 479.354000
demand_36 2 11 648.097000
demand_37 2 12 959.366000
demand_38 2 13 409.738000
demand_39 3 0 499.856000
demand_40 3 1 1218.390000
demand_41 3 2 924.703000
demand_42 3 4 1087.090000
demand_43 3 5 1372.050000
demand_44 3 6 1253.430000
demand_45 3 7 926.401000
demand_46 3 8 752.232000
demand_47 3 9 917.943000
demand_48 3 10 320.514000
demand_49 3 11 1280.930000
demand_50 3 12 1263.160000
demand_51 3 13 1198.210000
demand_52 4 0 774.729000
demand_53 4 1 1294.770000
demand_54 4 2 1275.740000
demand_55 4 3 631.957000
demand_56 4 5 201.647000
demand_57 4 6 1352.840000
demand_58 4 7 1422.910000
demand_59 4 8 1400.080000
demand_60 4 9 831.936000
demand_61 4 10 1525.550000
demand_62 4 11 375.188000
demand_63 4 12 1046.670000
demand_64 4 13 1006.390000
demand_65 5 0 1332.340000
demand_66 5 1 667.652000
demand_67 5 2 1014.400000
demand_68 5 3 584.622000
demand_69 5 4 505.092000
demand_70 5 6 1208.610000
demand_71 5 7 1267.870000
demand_72 5 8 422.452000
demand_73 5 9 1275.280000
demand_74 5 10 1406.040000
demand_75 5 11 559.752000
demand_76 5 12 735.165000
demand_77 5 13 1458.070000
demand_78 6 0 949.857000
demand_79 6 1 1343.270000
demand_80 6 2 285.276000
demand_81 6 3 1233.510000
demand_82 6 4 1135.100000
demand_83 6 5 289.389000
demand_84 6 7 1123.420000
demand_85 6 8 1438.840000
demand_86 6 9 1032.090000
demand_87 6 10 279.892000
demand_88 6 11 1115.770000
demand_89 6 12 992.844000
demand_90 6 13 1488.560000
demand_91 7 0 1465.790000
demand_92 7 1 347.532000
demand_93 7 2 397.632000
demand_94 7 3 1229.870000
demand_95 7 4 204.569000
demand_96 7 5 802.272000
demand_97 7 6 1127.800000
demand_98 7 8 1067.220000
demand_99 7 9 1270.110000
demand_100 7 10 1223.440000
demand_101 7 11 260.391000
demand_102 7 12 1350.710000
demand_103 7 13 918.729000
demand_104 8 0 371.534000
demand_105 8 1 1002.080000
demand_106 8 2 969.376000
demand_107 8 3 1434.210000
demand_108 8 4 1426.950000
demand_109 8 5 1457.410000
demand_110 8 6 607.669000
demand_111 8 7 301.791000
demand_112 8 9 460.031000
demand_113 8 10 1360.880000
demand_114 8 11 832.535000
demand_115 8 12 320.781000
demand_116 8 13 946.325000
demand_117 9 0 1349.520000
demand_118 9 1 287.409000
demand_119 9 2 303.525000
demand_120 9 3 276.118000
demand_121 9 4 478.079000
demand_122 9 5 750.098000
demand_123 9 6 852.995000
demand_124 9 7 1376.950000
demand_125 9 8 917.842000
demand_126 9 10 455.851000
demand_127 9 11 659.644000
demand_128 9 12 937.287000
demand_129 9 13 926.646000
demand_130 10 0 577.990000
demand_131 10 1 1016.260000
demand_132 10 2 1299.040000
demand_133 10 3 1388.630000
demand_134 10 4 1122.420000
demand_135 10 5 1242.120000
demand_136 10 6 489.912000
demand_137 10 7 743.870000
demand_138 10 8 263.913000
demand_139 10 9 1432.780000
demand_140 10 11 983.921000
demand_141 10 12 196.110000
demand_142 10 13 157.967000
demand_143 11 0 1165.810000
demand_144 11 1 547.434000
demand_145 11 2 1499.860000
demand_146 11 3 1515.030000
demand_147 11 4 1134.480000
demand_148 11 5 227.235000
demand_149 11 6 1213.490000
demand_150 11 7 633.355000
demand_151 11 8 1128.450000
demand_152 11 9 1451.540000
demand_153 11 10 1529.430000
demand_154 11 12 290.142000
demand_155 11 13 689.622000
demand_156 12 0 561.156000
demand_157 12 1 1069.820000
demand_158 12 2 555.695000
demand_159 12 3 269.348000
demand_160 12 4 1010.300000
demand_161 12 5 1431.830000
demand_162 12 6 764.406000
demand_163 12 7 1226.800000
demand_164 12 8 659.676000
demand_165 12 9 619.260000
demand_166 12 10 603.341000
demand_167 12 11 434.079000
demand_168 12 13 1358.920000
demand_169 13 0 180.857000
demand_170 13 1 1127.560000
demand_171 13 2 295.191000
demand_172 13 3 487.051000
demand_173 13 4 1166.650000
demand_174 13 5 1218.400000
demand_175 13 6 718.913000
demand_176 13 7 1192.140000
demand_177 13 8 677.882000
demand_178 13 9 773.768000
demand_179 13 10 224.811000
demand_180 13 11 1340.160000
demand_181 13 12 1534.520000
