DEMANDS 182
label src dest bw
demand_0 0 1 829.956000
demand_1 0 2 676.771000
demand_2 0 3 1497.190000
demand_3 0 4 1364.340000
demand_4 0 5 730.822000
demand_5 0 6 794.585000
demand_6 0 7 381.097000
demand_7 0 8 758.666000
demand_8 0 9 1465.050000
demand_9 0 10 945.611000
demand_10 0 11 1239.730000
demand_11 0 12 721.406000
demand_12 0 13 1295.700000
demand_13 1 0 330.795000
demand_14 1 2 806.965000
demand_15 1 3 889.470000
demand_16 1 4 1460.140000
demand_17 1 5 1403.320000
demand_18 1 6 805.008000
demand_19 1 7 1245.730000
demand_20 1 8 505.024000
demand_21 1 9 379.081000
demand_22 1 10 344.985000
demand_23 1 11 210.763000
demand_24 1 12 261.289000
demand_25 1 13 1470.640000
demand_26 2 0 844.431000
demand_27 2 1 1234.920000
demand_28 2 3 273.154000
demand_29 2 4 160.424000
demand_30 2 5 1363.260000
demand_31 2 6 1346.170000
demand_32 2 7 605.211000
demand_33 2 8 1096.850000
demand_34 2 9 1090.290000
demand_35 2 10 821.768000
demand_36 2 11 789.104000
demand_37 2 12 191.626000
demand_38 2 13 676.633000
demand_39 3 0 1523.380000
demand_40 3 1 1571.110000
demand_41 3 2 953.187000
demand_42 3 4 1174.140000
demand_43 3 5 471.622000
demand_44 3 6 812.108000
demand_45 3 7 1419.140000
demand_46 3 8 1099.340000
demand_47 3 9 1397.350000
demand_48 3 10 213.949000
demand_49 3 11 1189.820000
demand_50 3 12 865.470000
demand_51 3 13 1402.840000
demand_52 4 0 795.558000
demand_53 4 1 668.625000
demand_54 4 2 1340.370000
demand_55 4 3 389.200000
demand_56 4 5 951.791000
demand_57 4 6 1128.400000
demand_58 4 7 694.242000
demand_59 4 8 1256.880000
demand_60 4 9 1031.780000
demand_61 4 10 196.011000
demand_62 4 11 545.020000
demand_63 4 12 647.052000
demand_64 4 13 859.223000
demand_65 5 0 572.789000
demand_66 5 1 1484.320000
demand_67 5 2 569.727000
demand_68 5 3 208.842000
demand_69 5 4 891.312000
demand_70 5 6 1432.160000
demand_71 5 7 522.751000
demand_72 5 8 1468.280000
demand_73 5 9 1262.380000
demand_74 5 10 542.958000
demand_75 5 11 474.683000
demand_76 5 12 746.398000
demand_77 5 13 212.582000
demand_78 6 0 1000.170000
demand_79 6 1 445.594000
demand_80 6 2 889.005000
demand_81 6 3 726.272000
demand_82 6 4 882.423000
demand_83 6 5 304.589000
demand_84 6 7 1404.050000
demand_85 6 8 1038.710000
demand_86 6 9 1287.460000
demand_87 6 10 839.478000
demand_88 6 11 212.190000
demand_89 6 12 844.664000
demand_90 6 13 431.733000
demand_91 7 0 1086.800000
demand_92 7 1 1550.190000
demand_93 7 2 1483.490000
demand_94 7 3 354.821000
demand_95 7 4 645.161000
demand_96 7 5 678.505000
demand_97 7 6 445.348000
demand_98 7 8 1492.290000
demand_99 7 9 367.254000
demand_100 7 10 870.289000
demand_101 7 11 432.589000
demand_102 7 12 971.831000
demand_103 7 13 1202.730000
demand_104 8 0 1330.890000
demand_105 8 1 988.037000
demand_106 8 2 474.270000
demand_107 8 3 350.204000
demand_108 8 4 469.352000
demand_109 8 5 261.980000
demand_110 8 6 324.132000
demand_111 8 7 1217.070000
demand_112 8 9 1381.900000
demand_113 8 10 281.854000
demand_114 8 11 545.277000
demand_115 8 12 515.735000
demand_116 8 13 1203.090000
demand_117 9 0 1331.850000
demand_118 9 1 564.181000
demand_119 9 2 301.569000
demand_120 9 3 860.458000
demand_121 9 4 253.061000
demand_122 9 5 474.104000
demand_123 9 6 329.620000
demand_124 9 7 280.482000
demand_125 9 8 1508.630000
demand_126 9 10 185.241000
demand_127 9 11 179.755000
demand_128 9 12 573.742000
demand_129 9 13 345.083000
demand_130 10 0 364.234000
demand_131 10 1 1476.950000
demand_132 10 2 464.044000
demand_133 10 3 1160.520000
demand_134 10 4 417.474000
demand_135 10 5 383.205000
demand_136 10 6 224.353000
demand_137 10 7 1544.680000
demand_138 10 8 1103.700000
demand_139 10 9 447.026000
demand_140 10 11 365.335000
demand_141 10 12 610.435000
demand_142 10 13 1463.980000
demand_143 11 0 553.951000
demand_144 11 1 398.644000
demand_145 11 2 1246.010000
demand_146 11 3 852.820000
demand_147 11 4 1024.060000
demand_148 11 5 1303.950000
demand_149 11 6 1092.070000
demand_150 11 7 841.132000
demand_151 11 8 518.428000
demand_152 11 9 1084.260000
demand_153 11 10 1574.000000
demand_154 11 12 790.121000
demand_155 11 13 1515.650000
demand_156 12 0 290.138000
demand_157 12 1 922.787000
demand_158 12 2 1492.900000
demand_159 12 3 1542.130000
demand_160 12 4 1151.770000
demand_161 12 5 1551.640000
demand_162 12 6 695.050000
demand_163 12 7 485.678000
demand_164 12 8 388.582000
demand_165 12 9 1408.260000
demand_166 12 10 1387.050000
demand_167 12 11 1245.350000
demand_168 12 13 872.589000
demand_169 13 0 627.960000
demand_170 13 1 1107.400000
demand_171 13 2 1519.100000
demand_172 13 3 1227.850000
demand_173 13 4 804.742000
demand_174 13 5 1330.780000
demand_175 13 6 997.656000
demand_176 13 7 1202.280000
demand_177 13 8 459.604000
demand_178 13 9 1262.050000
demand_179 13 10 389.849000
demand_180 13 11 1542.090000
demand_181 13 12 223.964000
