DEMANDS 182
label src dest bw
demand_0 0 1 403.103000
demand_1 0 2 311.339000
demand_2 0 3 960.815000
demand_3 0 4 1231.990000
demand_4 0 5 1323.270000
demand_5 0 6 1189.730000
demand_6 0 7 445.272000
demand_7 0 8 726.404000
demand_8 0 9 512.088000
demand_9 0 10 703.918000
demand_10 0 11 644.238000
demand_11 0 12 981.344000
demand_12 0 13 657.272000
demand_13 1 0 1242.580000
demand_14 1 2 1039.970000
demand_15 1 3 434.451000
demand_16 1 4 357.317000
demand_17 1 5 402.380000
demand_18 1 6 1351.400000
demand_19 1 7 874.232000
demand_20 1 8 456.704000
demand_21 1 9 643.184000
demand_22 1 10 251.272000
demand_23 1 11 980.444000
demand_24 1 12 421.503000
demand_25 1 13 325.009000
demand_26 2 0 1394.580000
demand_27 2 1 156.323000
demand_28 2 3 1393.720000
demand_29 2 4 1206.040000
demand_30 2 5 1021.280000
demand_31 2 6 146.545000
demand_32 2 7 1166.720000
demand_33 2 8 1057.740000
demand_34 2 9 542.862000
demand_35 2 10 1250.450000
demand_36 2 11 948.650000
demand_37 2 12 1340.470000
demand_38 2 13 786.786000
demand_39 3 0 1131.450000
demand_40 3 1 874.661000
demand_41 3 2 185.824000
demand_42 3 4 997.201000
demand_43 3 5 391.538000
demand_44 3 6 1317.920000
demand_45 3 7 879.944000
demand_46 3 8 771.210000
demand_47 3 9 1239.760000
demand_48 3 10 1007.200000
demand_49 3 11 817.562000
demand_50 3 12 370.849000
demand_51 3 13 595.016000
demand_52 4 0 585.201000
demand_53 4 1 249.575000
demand_54 4 2 802.667000
demand_55 4 3 1159.530000
demand_56 4 5 689.007000
demand_57 4 6 1380.890000
demand_58 4 7 1300.260000
demand_59 4 8 230.143000
demand_60 4 9 667.702000
demand_61 4 10 720.651000
demand_62 4 11 194.503000
demand_63 4 12 197.220000
demand_64 4 13 1329.080000
demand_65 5 0 1366.310000
demand_66 5 1 316.463000
demand_67 5 2 315.079000
demand_68 5 3 153.491000
demand_69 5 4 468.905000
demand_70 5 6 215.471000
demand_71 5 7 448.591000
demand_72 5 8 501.562000
demand_73 5 9 1072.210000
demand_74 5 10 150.002000
demand_75 5 11 452.741000
demand_76 5 12 1302.900000
demand_77 5 13 374.959000
demand_78 6 0 1062.500000
demand_79 6 1 1431.950000
demand_80 6 2 884.084000
demand_81 6 3 909.034000
demand_82 6 4 1302.310000
demand_83 6 5 688.133000
demand_84 6 7 1250.670000
demand_85 6 8 600.044000
demand_86 6 9 321.187000
demand_87 6 10 554.677000
demand_88 6 11 455.177000
demand_89 6 12 617.436000
demand_90 6 13 850.631000
demand_91 7 0 289.546000
demand_92 7 1 1294.100000
demand_93 7 2 931.401000
demand_94 7 3 981.586000
demand_95 7 4 504.116000
demand_96 7 5 909.265000
demand_97 7 6 233.342000
demand_98 7 8 763.763000
demand_99 7 9 1076.330000
demand_100 7 10 336.344000
demand_101 7 11 395.354000
demand_102 7 12 801.406000
demand_103 7 13 380.019000
demand_104 8 0 221.568000
demand_105 8 1 840.520000
demand_106 8 2 421.704000
demand_107 8 3 971.881000
demand_108 8 4 1351.830000
demand_109 8 5 878.002000
demand_110 8 6 582.145000
demand_111 8 7 914.175000
demand_112 8 9 1103.410000
demand_113 8 10 1240.730000
demand_114 8 11 407.944000
demand_115 8 12 370.567000
demand_116 8 13 774.621000
demand_117 9 0 1359.290000
demand_118 9 1 216.622000
demand_119 9 2 1364.950000
demand_120 9 3 686.611000
demand_121 9 4 785.501000
demand_122 9 5 822.933000
demand_123 9 6 1121.450000
demand_124 9 7 783.069000
demand_125 9 8 393.803000
demand_126 9 10 1171.670000
demand_127 9 11 946.725000
demand_128 9 12 301.707000
demand_129 9 13 1426.840000
demand_130 10 0 998.764000
demand_131 10 1 650.634000
demand_132 10 2 413.646000
demand_133 10 3 1120.710000
demand_134 10 4 791.347000
demand_135 10 5 609.813000
demand_136 10 6 413.901000
demand_137 10 7 809.991000
demand_138 10 8 181.244000
demand_139 10 9 1349.790000
demand_140 10 11 225.079000
demand_141 10 12 860.031000
demand_142 10 13 243.454000
demand_143 11 0 1243.650000
demand_144 11 1 599.905000
demand_145 11 2 889.255000
demand_146 11 3 1123.160000
demand_147 11 4 634.903000
demand_148 11 5 204.657000
demand_149 11 6 351.260000
demand_150 11 7 146.477000
demand_151 11 8 1316.310000
demand_152 11 9 1343.850000
demand_153 11 10 495.241000
demand_154 11 12 1222.080000
demand_155 11 13 1011.000000
demand_156 12 0 694.727000
demand_157 12 1 944.232000
demand_158 12 2 336.514000
demand_159 12 3 1305.680000
demand_160 12 4 1200.930000
demand_161 12 5 306.564000
demand_162 12 6 1044.730000
demand_163 12 7 1077.980000
demand_164 12 8 1384.790000
demand_165 12 9 444.595000
demand_166 12 10 251.389000
demand_167 12 11 1351.110000
demand_168 12 13 1044.690000
demand_169 13 0 360.132000
demand_170 13 1 972.861000
demand_171 13 2 1318.360000
demand_172 13 3 375.970000
demand_173 13 4 863.277000
demand_174 13 5 1142.820000
demand_175 13 6 800.692000
demand_176 13 7 1376.150000
demand_177 13 8 839.774000
demand_178 13 9 1077.390000
demand_179 13 10 445.285000
demand_180 13 11 508.431000
demand_181 13 12 738.443000
