DEMANDS 182
label src dest bw
demand_0 0 1 599.781000
demand_1 0 2 1351.020000
demand_2 0 3 901.767000
demand_3 0 4 180.209000
demand_4 0 5 1353.540000
demand_5 0 6 643.896000
demand_6 0 7 1013.040000
demand_7 0 8 962.747000
demand_8 0 9 1167.630000
demand_9 0 10 576.897000
demand_10 0 11 1404.630000
demand_11 0 12 1253.320000
demand_12 0 13 221.978000
demand_13 1 0 1556.390000
demand_14 1 2 1308.130000
demand_15 1 3 1100.960000
demand_16 1 4 704.148000
demand_17 1 5 239.497000
demand_18 1 6 1239.010000
demand_19 1 7 1392.230000
demand_20 1 8 718.462000
demand_21 1 9 177.807000
demand_22 1 10 279.487000
demand_23 1 11 1358.440000
demand_24 1 12 912.256000
demand_25 1 13 1269.300000
demand_26 2 0 986.996000
demand_27 2 1 1297.640000
demand_28 2 3 1287.040000
demand_29 2 4 1383.090000
demand_30 2 5 164.011000
demand_31 2 6 1332.660000
demand_32 2 7 616.951000
demand_33 2 8 877.553000
demand_34 2 9 1255.710000
demand_35 2 10 1105.980000
demand_36 2 11 1395.480000
demand_37 2 12 1300.600000
demand_38 2 13 1378.560000
demand_39 3 0 329.461000
demand_40 3 1 674.242000
demand_41 3 2 541.421000
demand_42 3 4 1317.930000
demand_43 3 5 497.868000
demand_44 3 6 1445.700000
demand_45 3 7 1213.150000
demand_46 3 8 470.803000
demand_47 3 9 986.333000
demand_48 3 10 513.600000
demand_49 3 11 852.343000
demand_50 3 12 538.688000
demand_51 3 13 1010.970000
demand_52 4 0 1440.650000
demand_53 4 1 1173.260000
demand_54 4 2 301.626000
demand_55 4 3 994.886000
demand_56 4 5 1226.780000
demand_57 4 6 1342.530000
demand_58 4 7 1065.100000
demand_59 4 8 318.860000
demand_60 4 9 1550.430000
demand_61 4 10 846.521000
demand_62 4 11 303.837000
demand_63 4 12 888.780000
demand_64 4 13 567.428000
demand_65 5 0 674.514000
demand_66 5 1 1477.550000
demand_67 5 2 954.251000
demand_68 5 3 173.306000
demand_69 5 4 453.088000
demand_70 5 6 314.728000
demand_71 5 7 1532.660000
demand_72 5 8 357.198000
demand_73 5 9 1438.760000
demand_74 5 10 1086.960000
demand_75 5 11 1450.910000
demand_76 5 12 718.413000
demand_77 5 13 162.660000
demand_78 6 0 409.844000
demand_79 6 1 627.405000
demand_80 6 2 1057.680000
demand_81 6 3 206.084000
demand_82 6 4 403.913000
demand_83 6 5 636.883000
demand_84 6 7 865.934000
demand_85 6 8 1435.480000
demand_86 6 9 1037.120000
demand_87 6 10 328.972000
demand_88 6 11 886.925000
demand_89 6 12 567.915000
demand_90 6 13 476.627000
demand_91 7 0 1223.960000
demand_92 7 1 1543.040000
demand_93 7 2 1220.720000
demand_94 7 3 601.835000
demand_95 7 4 1404.950000
demand_96 7 5 980.183000
demand_97 7 6 789.715000
demand_98 7 8 788.368000
demand_99 7 9 362.411000
demand_100 7 10 1447.730000
demand_101 7 11 600.568000
demand_102 7 12 262.707000
demand_103 7 13 322.592000
demand_104 8 0 572.314000
demand_105 8 1 1433.110000
demand_106 8 2 708.448000
demand_107 8 3 1292.090000
demand_108 8 4 450.509000
demand_109 8 5 998.895000
demand_110 8 6 405.882000
demand_111 8 7 364.357000
demand_112 8 9 1234.270000
demand_113 8 10 1498.190000
demand_114 8 11 199.934000
demand_115 8 12 889.252000
demand_116 8 13 653.600000
demand_117 9 0 815.534000
demand_118 9 1 885.062000
demand_119 9 2 178.279000
demand_120 9 3 875.052000
demand_121 9 4 471.678000
demand_122 9 5 1391.600000
demand_123 9 6 707.356000
demand_124 9 7 522.500000
demand_125 9 8 564.831000
demand_126 9 10 428.347000
demand_127 9 11 716.157000
demand_128 9 12 344.817000
demand_129 9 13 947.894000
demand_130 10 0 384.042000
demand_131 10 1 759.663000
demand_132 10 2 1243.800000
demand_133 10 3 1447.670000
demand_134 10 4 363.123000
demand_135 10 5 1103.370000
demand_136 10 6 515.497000
demand_137 10 7 947.508000
demand_138 10 8 185.739000
demand_139 10 9 903.233000
demand_140 10 11 1506.260000
demand_141 10 12 180.298000
demand_142 10 13 809.494000
demand_143 11 0 1044.000000
demand_144 11 1 425.565000
demand_145 11 2 405.776000
demand_146 11 3 850.669000
demand_147 11 4 267.106000
demand_148 11 5 296.039000
demand_149 11 6 234.061000
demand_150 11 7 1425.080000
demand_151 11 8 471.142000
demand_152 11 9 1358.670000
demand_153 11 10 1044.160000
demand_154 11 12 719.363000
demand_155 11 13 198.446000
demand_156 12 0 1246.370000
demand_157 12 1 565.480000
demand_158 12 2 708.408000
demand_159 12 3 529.292000
demand_160 12 4 260.705000
demand_161 12 5 842.737000
demand_162 12 6 542.954000
demand_163 12 7 1203.110000
demand_164 12 8 368.733000
demand_165 12 9 787.088000
demand_166 12 10 1295.520000
demand_167 12 11 192.972000
demand_168 12 13 401.821000
demand_169 13 0 743.647000
demand_170 13 1 1379.250000
demand_171 13 2 1276.660000
demand_172 13 3 165.071000
demand_173 13 4 779.139000
demand_174 13 5 967.419000
demand_175 13 6 752.801000
demand_176 13 7 1160.590000
demand_177 13 8 1303.010000
demand_178 13 9 183.388000
demand_179 13 10 1538.610000
demand_180 13 11 385.353000
demand_181 13 12 812.808000
