DEMANDS 182
label src dest bw
demand_0 0 1 186.360000
demand_1 0 2 689.639000
demand_2 0 3 195.841000
demand_3 0 4 1436.530000
demand_4 0 5 696.058000
demand_5 0 6 461.047000
demand_6 0 7 375.141000
demand_7 0 8 1162.760000
demand_8 0 9 1082.360000
demand_9 0 10 795.890000
demand_10 0 11 1286.130000
demand_11 0 12 221.689000
demand_12 0 13 725.311000
demand_13 1 0 939.787000
demand_14 1 2 376.197000
demand_15 1 3 989.110000
demand_16 1 4 364.897000
demand_17 1 5 1193.800000
demand_18 1 6 164.940000
demand_19 1 7 1257.170000
demand_20 1 8 159.810000
demand_21 1 9 961.432000
demand_22 1 10 394.072000
demand_23 1 11 502.636000
demand_24 1 12 1479.740000
demand_25 1 13 844.466000
demand_26 2 0 1499.270000
demand_27 2 1 821.373000
demand_28 2 3 1051.150000
demand_29 2 4 227.941000
demand_30 2 5 1085.630000
demand_31 2 6 386.099000
demand_32 2 7 1521.650000
demand_33 2 8 735.108000
demand_34 2 9 1556.370000
demand_35 2 10 978.503000
demand_36 2 11 889.845000
demand_37 2 12 395.260000
demand_38 2 13 995.633000
demand_39 3 0 904.417000
demand_40 3 1 502.078000
demand_41 3 2 598.528000
demand_42 3 4 1484.500000
demand_43 3 5 601.670000
demand_44 3 6 1057.250000
demand_45 3 7 974.066000
demand_46 3 8 798.052000
demand_47 3 9 1138.700000
demand_48 3 10 1520.050000
demand_49 3 11 784.932000
demand_50 3 12 861.752000
demand_51 3 13 663.601000
demand_52 4 0 1369.530000
demand_53 4 1 1550.040000
demand_54 4 2 1369.180000
demand_55 4 3 1164.070000
demand_56 4 5 381.783000
demand_57 4 6 1336.620000
demand_58 4 7 1022.790000
demand_59 4 8 411.994000
demand_60 4 9 1180.730000
demand_61 4 10 1312.430000
demand_62 4 11 774.240000
demand_63 4 12 1194.880000
demand_64 4 13 437.422000
demand_65 5 0 1197.930000
demand_66 5 1 1002.550000
demand_67 5 2 747.841000
demand_68 5 3 963.666000
demand_69 5 4 1122.800000
demand_70 5 6 871.424000
demand_71 5 7 676.735000
demand_72 5 8 1481.480000
demand_73 5 9 731.395000
demand_74 5 10 1207.190000
demand_75 5 11 1295.350000
demand_76 5 12 1242.690000
demand_77 5 13 284.926000
demand_78 6 0 1571.160000
demand_79 6 1 1291.550000
demand_80 6 2 879.131000
demand_81 6 3 1444.490000
demand_82 6 4 970.684000
demand_83 6 5 1291.240000
demand_84 6 7 401.972000
demand_85 6 8 1384.030000
demand_86 6 9 801.921000
demand_87 6 10 1481.950000
demand_88 6 11 1391.930000
demand_89 6 12 586.318000
demand_90 6 13 359.077000
demand_91 7 0 189.847000
demand_92 7 1 555.748000
demand_93 7 2 518.760000
demand_94 7 3 1398.070000
demand_95 7 4 1078.560000
demand_96 7 5 1568.750000
demand_97 7 6 741.742000
demand_98 7 8 202.216000
demand_99 7 9 538.074000
demand_100 7 10 869.293000
demand_101 7 11 441.237000
demand_102 7 12 1459.230000
demand_103 7 13 277.800000
demand_104 8 0 1053.700000
demand_105 8 1 1364.650000
demand_106 8 2 1237.000000
demand_107 8 3 244.085000
demand_108 8 4 1037.520000
demand_109 8 5 499.670000
demand_110 8 6 899.215000
demand_111 8 7 977.572000
demand_112 8 9 226.251000
demand_113 8 10 1418.130000
demand_114 8 11 1062.850000
demand_115 8 12 1431.000000
demand_116 8 13 210.105000
demand_117 9 0 1455.550000
demand_118 9 1 623.010000
demand_119 9 2 758.827000
demand_120 9 3 1524.170000
demand_121 9 4 524.273000
demand_122 9 5 869.857000
demand_123 9 6 554.048000
demand_124 9 7 711.623000
demand_125 9 8 990.817000
demand_126 9 10 1031.680000
demand_127 9 11 1239.470000
demand_128 9 12 1172.950000
demand_129 9 13 923.918000
demand_130 10 0 1500.700000
demand_131 10 1 1448.210000
demand_132 10 2 1209.990000
demand_133 10 3 1481.200000
demand_134 10 4 603.594000
demand_135 10 5 811.664000
demand_136 10 6 1069.890000
demand_137 10 7 1010.950000
demand_138 10 8 681.217000
demand_139 10 9 655.525000
demand_140 10 11 1381.500000
demand_141 10 12 293.512000
demand_142 10 13 1250.500000
demand_143 11 0 1163.450000
demand_144 11 1 889.826000
demand_145 11 2 1208.690000
demand_146 11 3 498.044000
demand_147 11 4 603.041000
demand_148 11 5 934.692000
demand_149 11 6 588.581000
demand_150 11 7 855.894000
demand_151 11 8 506.122000
demand_152 11 9 1098.710000
demand_153 11 10 1014.660000
demand_154 11 12 799.709000
demand_155 11 13 477.098000
demand_156 12 0 726.811000
demand_157 12 1 533.744000
demand_158 12 2 1224.170000
demand_159 12 3 851.596000
demand_160 12 4 734.614000
demand_161 12 5 244.708000
demand_162 12 6 1518.480000
demand_163 12 7 1199.100000
demand_164 12 8 588.573000
demand_165 12 9 1509.470000
demand_166 12 10 1162.130000
demand_167 12 11 207.293000
demand_168 12 13 1273.730000
demand_169 13 0 851.032000
demand_170 13 1 954.382000
demand_171 13 2 359.527000
demand_172 13 3 381.338000
demand_173 13 4 454.542000
demand_174 13 5 326.304000
demand_175 13 6 230.243000
demand_176 13 7 1373.100000
demand_177 13 8 173.670000
demand_178 13 9 266.688000
demand_179 13 10 435.133000
demand_180 13 11 647.389000
demand_181 13 12 235.849000
