DEMANDS 182
label src dest bw
demand_0 0 1 850.160000
demand_1 0 2 299.191000
demand_2 0 3 549.790000
demand_3 0 4 452.695000
demand_4 0 5 1185.690000
demand_5 0 6 753.614000
demand_6 0 7 1262.680000
demand_7 0 8 1127.710000
demand_8 0 9 1004.540000
demand_9 0 10 900.347000
demand_10 0 11 616.785000
demand_11 0 12 309.944000
demand_12 0 13 372.066000
demand_13 1 0 1102.040000
demand_14 1 2 711.520000
demand_15 1 3 859.293000
demand_16 1 4 1380.630000
demand_17 1 5 1421.260000
demand_18 1 6 613.166000
demand_19 1 7 973.514000
demand_20 1 8 938.948000
demand_21 1 9 443.745000
demand_22 1 10 315.402000
demand_23 1 11 705.684000
demand_24 1 12 665.104000
demand_25 1 13 584.800000
demand_26 2 0 171.007000
demand_27 2 1 1079.400000
demand_28 2 3 194.976000
demand_29 2 4 1359.320000
demand_30 2 5 292.885000
demand_31 2 6 162.445000
demand_32 2 7 605.583000
demand_33 2 8 1406.200000
demand_34 2 9 473.456000
demand_35 2 10 807.837000
demand_36 2 11 819.584000
demand_37 2 12 652.402000
demand_38 2 13 987.588000
demand_39 3 0 1066.060000
demand_40 3 1 1357.440000
demand_41 3 2 210.250000
demand_42 3 4 678.853000
demand_43 3 5 535.764000
demand_44 3 6 1041.640000
demand_45 3 7 699.597000
demand_46 3 8 811.299000
demand_47 3 9 1102.360000
demand_48 3 10 278.419000
demand_49 3 11 969.058000
demand_50 3 12 866.457000
demand_51 3 13 1126.660000
demand_52 4 0 944.039000
demand_53 4 1 977.418000
demand_54 4 2 901.706000
demand_55 4 3 929.610000
demand_56 4 5 613.018000
demand_57 4 6 246.893000
demand_58 4 7 1068.230000
demand_59 4 8 1158.160000
demand_60 4 9 215.210000
demand_61 4 10 729.131000
demand_62 4 11 862.744000
demand_63 4 12 1191.660000
demand_64 4 13 853.826000
demand_65 5 0 1310.730000
demand_66 5 1 875.976000
demand_67 5 2 299.087000
demand_68 5 3 151.307000
demand_69 5 4 1325.940000
demand_70 5 6 742.646000
demand_71 5 7 491.664000
demand_72 5 8 821.107000
demand_73 5 9 814.871000
demand_74 5 10 804.838000
demand_75 5 11 990.394000
demand_76 5 12 504.554000
demand_77 5 13 360.482000
demand_78 6 0 573.301000
demand_79 6 1 442.481000
demand_80 6 2 205.042000
demand_81 6 3 637.502000
demand_82 6 4 685.799000
demand_83 6 5 777.261000
demand_84 6 7 220.400000
demand_85 6 8 807.371000
demand_86 6 9 897.530000
demand_87 6 10 752.180000
demand_88 6 11 1095.590000
demand_89 6 12 1189.000000
demand_90 6 13 1334.490000
demand_91 7 0 1294.290000
demand_92 7 1 503.906000
demand_93 7 2 1082.670000
demand_94 7 3 1171.270000
demand_95 7 4 778.244000
demand_96 7 5 147.963000
demand_97 7 6 464.162000
demand_98 7 8 1052.320000
demand_99 7 9 992.323000
demand_100 7 10 144.931000
demand_101 7 11 654.021000
demand_102 7 12 1321.160000
demand_103 7 13 916.215000
demand_104 8 0 1269.550000
demand_105 8 1 671.205000
demand_106 8 2 562.848000
demand_107 8 3 1409.370000
demand_108 8 4 674.824000
demand_109 8 5 1134.030000
demand_110 8 6 1066.780000
demand_111 8 7 1034.460000
demand_112 8 9 1268.000000
demand_113 8 10 936.403000
demand_114 8 11 1168.160000
demand_115 8 12 328.085000
demand_116 8 13 1200.500000
demand_117 9 0 1210.670000
demand_118 9 1 1157.200000
demand_119 9 2 1370.960000
demand_120 9 3 1205.250000
demand_121 9 4 213.329000
demand_122 9 5 1392.110000
demand_123 9 6 273.495000
demand_124 9 7 740.758000
demand_125 9 8 251.587000
demand_126 9 10 1106.380000
demand_127 9 11 934.836000
demand_128 9 12 447.228000
demand_129 9 13 159.050000
demand_130 10 0 290.502000
demand_131 10 1 1172.430000
demand_132 10 2 477.892000
demand_133 10 3 538.488000
demand_134 10 4 1195.700000
demand_135 10 5 909.353000
demand_136 10 6 662.865000
demand_137 10 7 361.605000
demand_138 10 8 827.106000
demand_139 10 9 1152.610000
demand_140 10 11 1205.280000
demand_141 10 12 1143.950000
demand_142 10 13 518.953000
demand_143 11 0 1418.910000
demand_144 11 1 630.481000
demand_145 11 2 234.320000
demand_146 11 3 839.143000
demand_147 11 4 1000.200000
demand_148 11 5 851.500000
demand_149 11 6 900.060000
demand_150 11 7 883.216000
demand_151 11 8 436.419000
demand_152 11 9 861.023000
demand_153 11 10 534.355000
demand_154 11 12 903.976000
demand_155 11 13 816.107000
demand_156 12 0 775.608000
demand_157 12 1 485.128000
demand_158 12 2 710.111000
demand_159 12 3 195.510000
demand_160 12 4 886.357000
demand_161 12 5 1306.820000
demand_162 12 6 997.370000
demand_163 12 7 603.514000
demand_164 12 8 910.855000
demand_165 12 9 492.073000
demand_166 12 10 696.986000
demand_167 12 11 1098.820000
demand_168 12 13 707.127000
demand_169 13 0 1231.390000
demand_170 13 1 738.880000
demand_171 13 2 1056.960000
demand_172 13 3 174.543000
demand_173 13 4 456.301000
demand_174 13 5 585.425000
demand_175 13 6 292.798000
demand_176 13 7 207.565000
demand_177 13 8 1140.320000
demand_178 13 9 559.432000
demand_179 13 10 1231.890000
demand_180 13 11 927.364000
demand_181 13 12 183.529000
