DEMANDS 182
label src dest bw
demand_0 0 1 602.205000
demand_1 0 2 259.490000
demand_2 0 3 239.497000
demand_3 0 4 211.697000
demand_4 0 5 1418.270000
demand_5 0 6 1393.010000
demand_6 0 7 558.541000
demand_7 0 8 671.428000
demand_8 0 9 725.222000
demand_9 0 10 1278.730000
demand_10 0 11 406.154000
demand_11 0 12 1083.620000
demand_12 0 13 1389.340000
demand_13 1 0 626.035000
demand_14 1 2 1410.840000
demand_15 1 3 703.800000
demand_16 1 4 565.587000
demand_17 1 5 713.907000
demand_18 1 6 1461.570000
demand_19 1 7 652.361000
demand_20 1 8 535.778000
demand_21 1 9 1116.000000
demand_22 1 10 742.033000
demand_23 1 11 1326.490000
demand_24 1 12 885.921000
demand_25 1 13 1272.890000
demand_26 2 0 231.804000
demand_27 2 1 460.813000
demand_28 2 3 1352.260000
demand_29 2 4 250.454000
demand_30 2 5 1184.690000
demand_31 2 6 1460.740000
demand_32 2 7 1372.880000
demand_33 2 8 474.616000
demand_34 2 9 230.406000
demand_35 2 10 1482.340000
demand_36 2 11 326.411000
demand_37 2 12 359.704000
demand_38 2 13 424.858000
demand_39 3 0 177.980000
demand_40 3 1 274.468000
demand_41 3 2 453.554000
demand_42 3 4 181.364000
demand_43 3 5 1454.620000
demand_44 3 6 346.190000
demand_45 3 7 524.358000
demand_46 3 8 407.509000
demand_47 3 9 1148.250000
demand_48 3 10 1404.260000
demand_49 3 11 856.994000
demand_50 3 12 683.641000
demand_51 3 13 530.546000
demand_52 4 0 1185.650000
demand_53 4 1 221.079000
demand_54 4 2 706.980000
demand_55 4 3 1434.420000
demand_56 4 5 393.087000
demand_57 4 6 1062.260000
demand_58 4 7 1209.340000
demand_59 4 8 387.645000
demand_60 4 9 718.629000
demand_61 4 10 187.441000
demand_62 4 11 288.256000
demand_63 4 12 518.929000
demand_64 4 13 1047.540000
demand_65 5 0 1035.140000
demand_66 5 1 1487.830000
demand_67 5 2 1475.220000
demand_68 5 3 668.133000
demand_69 5 4 824.041000
demand_70 5 6 387.090000
demand_71 5 7 1365.770000
demand_72 5 8 307.862000
demand_73 5 9 1489.970000
demand_74 5 10 269.561000
demand_75 5 11 262.869000
demand_76 5 12 1380.090000
demand_77 5 13 349.581000
demand_78 6 0 1460.290000
demand_79 6 1 1451.860000
demand_80 6 2 997.422000
demand_81 6 3 1030.430000
demand_82 6 4 540.371000
demand_83 6 5 1411.120000
demand_84 6 7 281.761000
demand_85 6 8 285.100000
demand_86 6 9 524.320000
demand_87 6 10 1249.650000
demand_88 6 11 1097.950000
demand_89 6 12 873.657000
demand_90 6 13 929.232000
demand_91 7 0 375.072000
demand_92 7 1 295.286000
demand_93 7 2 1234.910000
demand_94 7 3 1317.920000
demand_95 7 4 1214.160000
demand_96 7 5 1082.500000
demand_97 7 6 834.613000
demand_98 7 8 462.808000
demand_99 7 9 1354.070000
demand_100 7 10 398.617000
demand_101 7 11 834.220000
demand_102 7 12 771.596000
demand_103 7 13 1222.100000
demand_104 8 0 1221.680000
demand_105 8 1 182.414000
demand_106 8 2 1375.140000
demand_107 8 3 739.885000
demand_108 8 4 433.162000
demand_109 8 5 353.481000
demand_110 8 6 1438.890000
demand_111 8 7 766.213000
demand_112 8 9 1082.260000
demand_113 8 10 633.100000
demand_114 8 11 881.185000
demand_115 8 12 930.592000
demand_116 8 13 1263.800000
demand_117 9 0 1046.760000
demand_118 9 1 639.339000
demand_119 9 2 274.566000
demand_120 9 3 873.573000
demand_121 9 4 1174.080000
demand_122 9 5 840.787000
demand_123 9 6 408.446000
demand_124 9 7 582.336000
demand_125 9 8 175.381000
demand_126 9 10 514.149000
demand_127 9 11 461.496000
demand_128 9 12 466.421000
demand_129 9 13 562.705000
demand_130 10 0 1401.030000
demand_131 10 1 695.512000
demand_132 10 2 643.609000
demand_133 10 3 685.310000
demand_134 10 4 1063.900000
demand_135 10 5 1493.980000
demand_136 10 6 158.683000
demand_137 10 7 928.888000
demand_138 10 8 194.686000
demand_139 10 9 189.603000
demand_140 10 11 909.461000
demand_141 10 12 1263.220000
demand_142 10 13 1270.770000
demand_143 11 0 1385.010000
demand_144 11 1 868.251000
demand_145 11 2 892.387000
demand_146 11 3 1461.300000
demand_147 11 4 353.666000
demand_148 11 5 1331.680000
demand_149 11 6 1277.860000
demand_150 11 7 193.432000
demand_151 11 8 343.995000
demand_152 11 9 940.884000
demand_153 11 10 987.615000
demand_154 11 12 581.606000
demand_155 11 13 1160.540000
demand_156 12 0 299.506000
demand_157 12 1 768.456000
demand_158 12 2 347.516000
demand_159 12 3 1137.170000
demand_160 12 4 396.368000
demand_161 12 5 1220.850000
demand_162 12 6 843.916000
demand_163 12 7 1334.610000
demand_164 12 8 956.014000
demand_165 12 9 187.856000
demand_166 12 10 1335.610000
demand_167 12 11 432.675000
demand_168 12 13 1238.600000
demand_169 13 0 834.300000
demand_170 13 1 1360.300000
demand_171 13 2 300.638000
demand_172 13 3 935.569000
demand_173 13 4 927.771000
demand_174 13 5 1054.600000
demand_175 13 6 1405.170000
demand_176 13 7 487.062000
demand_177 13 8 642.864000
demand_178 13 9 679.622000
demand_179 13 10 1384.370000
demand_180 13 11 1236.430000
demand_181 13 12 491.662000
