DEMANDS 182
label src dest bw
demand_0 0 1 1432.490000
demand_1 0 2 1085.990000
demand_2 0 3 337.513000
demand_3 0 4 185.707000
demand_4 0 5 1330.720000
demand_5 0 6 393.937000
demand_6 0 7 1379.070000
demand_7 0 8 345.991000
demand_8 0 9 1491.250000
demand_9 0 10 1037.590000
demand_10 0 11 1191.450000
demand_11 0 12 429.738000
demand_12 0 13 1017.150000
demand_13 1 0 1412.640000
demand_14 1 2 1024.500000
demand_15 1 3 1279.580000
demand_16 1 4 823.092000
demand_17 1 5 813.638000
demand_18 1 6 202.371000
demand_19 1 7 1107.690000
demand_20 1 8 634.136000
demand_21 1 9 1315.410000
demand_22 1 10 606.872000
demand_23 1 11 705.842000
demand_24 1 12 1173.000000
demand_25 1 13 1040.000000
demand_26 2 0 1087.770000
demand_27 2 1 797.076000
demand_28 2 3 439.509000
demand_29 2 4 649.886000
demand_30 2 5 961.285000
demand_31 2 6 762.098000
demand_32 2 7 763.361000
demand_33 2 8 906.548000
demand_34 2 9 512.074000
demand_35 2 10 1003.420000
demand_36 2 11 500.416000
demand_37 2 12 461.461000
demand_38 2 13 1383.630000
demand_39 3 0 243.864000
demand_40 3 1 817.451000
demand_41 3 2 879.907000
demand_42 3 4 1281.640000
demand_43 3 5 463.657000
demand_44 3 6 1421.130000
demand_45 3 7 636.498000
demand_46 3 8 1310.460000
demand_47 3 9 1182.070000
demand_48 3 10 459.539000
demand_49 3 11 1281.140000
demand_50 3 12 930.688000
demand_51 3 13 1021.830000
demand_52 4 0 1493.470000
demand_53 4 1 209.438000
demand_54 4 2 677.272000
demand_55 4 3 275.504000
demand_56 4 5 1368.610000
demand_57 4 6 1221.150000
demand_58 4 7 699.031000
demand_59 4 8 1397.710000
demand_60 4 9 351.223000
demand_61 4 10 337.339000
demand_62 4 11 662.282000
demand_63 4 12 952.391000
demand_64 4 13 458.021000
demand_65 5 0 962.594000
demand_66 5 1 368.764000
demand_67 5 2 1481.350000
demand_68 5 3 449.196000
demand_69 5 4 689.725000
demand_70 5 6 1323.770000
demand_71 5 7 1025.560000
demand_72 5 8 176.996000
demand_73 5 9 606.709000
demand_74 5 10 633.040000
demand_75 5 11 453.947000
demand_76 5 12 194.990000
demand_77 5 13 1518.720000
demand_78 6 0 397.047000
demand_79 6 1 817.362000
demand_80 6 2 1095.740000
demand_81 6 3 830.967000
demand_82 6 4 412.810000
demand_83 6 5 415.371000
demand_84 6 7 739.752000
demand_85 6 8 531.396000
demand_86 6 9 403.256000
demand_87 6 10 492.391000
demand_88 6 11 1440.410000
demand_89 6 12 167.923000
demand_90 6 13 827.338000
demand_91 7 0 1166.510000
demand_92 7 1 184.288000
demand_93 7 2 904.725000
demand_94 7 3 878.716000
demand_95 7 4 392.503000
demand_96 7 5 1034.420000
demand_97 7 6 1006.720000
demand_98 7 8 1309.970000
demand_99 7 9 366.348000
demand_100 7 10 515.235000
demand_101 7 11 844.191000
demand_102 7 12 230.213000
demand_103 7 13 879.836000
demand_104 8 0 1408.180000
demand_105 8 1 438.481000
demand_106 8 2 1053.870000
demand_107 8 3 1093.560000
demand_108 8 4 947.634000
demand_109 8 5 953.017000
demand_110 8 6 370.039000
demand_111 8 7 1150.760000
demand_112 8 9 498.049000
demand_113 8 10 862.716000
demand_114 8 11 846.548000
demand_115 8 12 388.682000
demand_116 8 13 1001.460000
demand_117 9 0 1297.430000
demand_118 9 1 1105.040000
demand_119 9 2 1265.160000
demand_120 9 3 329.392000
demand_121 9 4 794.021000
demand_122 9 5 1134.490000
demand_123 9 6 306.075000
demand_124 9 7 1391.370000
demand_125 9 8 1275.900000
demand_126 9 10 829.853000
demand_127 9 11 1147.080000
demand_128 9 12 1266.880000
demand_129 9 13 482.292000
demand_130 10 0 327.787000
demand_131 10 1 1210.280000
demand_132 10 2 1330.470000
demand_133 10 3 351.174000
demand_134 10 4 1270.230000
demand_135 10 5 271.846000
demand_136 10 6 850.722000
demand_137 10 7 1462.190000
demand_138 10 8 426.898000
demand_139 10 9 997.229000
demand_140 10 11 1224.980000
demand_141 10 12 1251.440000
demand_142 10 13 569.893000
demand_143 11 0 1010.860000
demand_144 11 1 507.596000
demand_145 11 2 978.228000
demand_146 11 3 1445.540000
demand_147 11 4 724.429000
demand_148 11 5 610.425000
demand_149 11 6 213.893000
demand_150 11 7 831.961000
demand_151 11 8 1379.700000
demand_152 11 9 710.870000
demand_153 11 10 658.734000
demand_154 11 12 953.881000
demand_155 11 13 890.719000
demand_156 12 0 827.930000
demand_157 12 1 592.994000
demand_158 12 2 1535.050000
demand_159 12 3 422.589000
demand_160 12 4 606.295000
demand_161 12 5 1507.150000
demand_162 12 6 1075.490000
demand_163 12 7 535.246000
demand_164 12 8 847.565000
demand_165 12 9 1227.880000
demand_166 12 10 295.833000
demand_167 12 11 618.936000
demand_168 12 13 911.097000
demand_169 13 0 249.068000
demand_170 13 1 1372.490000
demand_171 13 2 1488.910000
demand_172 13 3 731.918000
demand_173 13 4 1084.760000
demand_174 13 5 1328.920000
demand_175 13 6 921.807000
demand_176 13 7 417.850000
demand_177 13 8 649.684000
demand_178 13 9 378.860000
demand_179 13 10 1460.600000
demand_180 13 11 399.345000
demand_181 13 12 1194.020000
