DEMANDS 182
label src dest bw
demand_0 0 1 492.270000
demand_1 0 2 1500.760000
demand_2 0 3 1199.760000
demand_3 0 4 510.990000
demand_4 0 5 1283.750000
demand_5 0 6 991.387000
demand_6 0 7 414.617000
demand_7 0 8 920.571000
demand_8 0 9 1050.840000
demand_9 0 10 446.681000
demand_10 0 11 1197.620000
demand_11 0 12 379.101000
demand_12 0 13 716.573000
demand_13 1 0 785.278000
demand_14 1 2 762.473000
demand_15 1 3 535.165000
demand_16 1 4 1251.280000
demand_17 1 5 1030.600000
demand_18 1 6 344.877000
demand_19 1 7 1220.220000
demand_20 1 8 1090.270000
demand_21 1 9 437.919000
demand_22 1 10 1300.140000
demand_23 1 11 1285.380000
demand_24 1 12 726.337000
demand_25 1 13 331.001000
demand_26 2 0 909.009000
demand_27 2 1 1109.930000
demand_28 2 3 759.415000
demand_29 2 4 824.387000
demand_30 2 5 1390.890000
demand_31 2 6 378.193000
demand_32 2 7 651.007000
demand_33 2 8 681.738000
demand_34 2 9 508.461000
demand_35 2 10 752.754000
demand_36 2 11 1190.490000
demand_37 2 12 499.544000
demand_38 2 13 680.752000
demand_39 3 0 1315.090000
demand_40 3 1 1492.100000
demand_41 3 2 1126.480000
demand_42 3 4 321.057000
demand_43 3 5 890.269000
demand_44 3 6 284.633000
demand_45 3 7 1044.470000
demand_46 3 8 1362.550000
demand_47 3 9 1384.240000
demand_48 3 10 803.116000
demand_49 3 11 220.731000
demand_50 3 12 992.860000
demand_51 3 13 259.623000
demand_52 4 0 523.530000
demand_53 4 1 1248.050000
demand_54 4 2 823.154000
demand_55 4 3 894.375000
demand_56 4 5 1024.380000
demand_57 4 6 664.262000
demand_58 4 7 1444.500000
demand_59 4 8 1380.090000
demand_60 4 9 1321.020000
demand_61 4 10 384.450000
demand_62 4 11 1195.540000
demand_63 4 12 161.620000
demand_64 4 13 1423.470000
demand_65 5 0 904.173000
demand_66 5 1 791.714000
demand_67 5 2 239.519000
demand_68 5 3 381.025000
demand_69 5 4 204.054000
demand_70 5 6 1393.740000
demand_71 5 7 1000.440000
demand_72 5 8 1124.490000
demand_73 5 9 1056.060000
demand_74 5 10 1150.200000
demand_75 5 11 1444.690000
demand_76 5 12 528.243000
demand_77 5 13 324.614000
demand_78 6 0 844.756000
demand_79 6 1 1472.640000
demand_80 6 2 1002.130000
demand_81 6 3 1500.010000
demand_82 6 4 1151.130000
demand_83 6 5 948.972000
demand_84 6 7 1199.820000
demand_85 6 8 1423.010000
demand_86 6 9 1457.000000
demand_87 6 10 1156.650000
demand_88 6 11 1231.590000
demand_89 6 12 672.179000
demand_90 6 13 475.130000
demand_91 7 0 645.151000
demand_92 7 1 818.150000
demand_93 7 2 769.823000
demand_94 7 3 544.119000
demand_95 7 4 1157.830000
demand_96 7 5 359.629000
demand_97 7 6 985.857000
demand_98 7 8 1506.470000
demand_99 7 9 1348.340000
demand_100 7 10 435.931000
demand_101 7 11 782.555000
demand_102 7 12 601.461000
demand_103 7 13 172.690000
demand_104 8 0 820.090000
demand_105 8 1 1028.970000
demand_106 8 2 1523.200000
demand_107 8 3 721.605000
demand_108 8 4 996.580000
demand_109 8 5 1369.460000
demand_110 8 6 1504.290000
demand_111 8 7 1218.870000
demand_112 8 9 916.578000
demand_113 8 10 537.011000
demand_114 8 11 659.362000
demand_115 8 12 1205.690000
demand_116 8 13 330.434000
demand_117 9 0 424.512000
demand_118 9 1 654.496000
demand_119 9 2 1241.110000
demand_120 9 3 295.926000
demand_121 9 4 164.100000
demand_122 9 5 424.041000
demand_123 9 6 406.110000
demand_124 9 7 630.053000
demand_125 9 8 483.356000
demand_126 9 10 757.429000
demand_127 9 11 1118.970000
demand_128 9 12 263.909000
demand_129 9 13 1103.320000
demand_130 10 0 1233.470000
demand_131 10 1 834.984000
demand_132 10 2 1081.290000
demand_133 10 3 238.986000
demand_134 10 4 1005.960000
demand_135 10 5 1284.950000
demand_136 10 6 1346.570000
demand_137 10 7 1034.480000
demand_138 10 8 1313.600000
demand_139 10 9 201.758000
demand_140 10 11 771.398000
demand_141 10 12 1463.340000
demand_142 10 13 829.913000
demand_143 11 0 321.575000
demand_144 11 1 358.439000
demand_145 11 2 1249.880000
demand_146 11 3 822.271000
demand_147 11 4 319.139000
demand_148 11 5 563.606000
demand_149 11 6 1423.360000
demand_150 11 7 1309.110000
demand_151 11 8 1067.220000
demand_152 11 9 1205.110000
demand_153 11 10 325.006000
demand_154 11 12 1095.670000
demand_155 11 13 511.895000
demand_156 12 0 451.778000
demand_157 12 1 318.511000
demand_158 12 2 1446.230000
demand_159 12 3 1329.170000
demand_160 12 4 280.448000
demand_161 12 5 818.587000
demand_162 12 6 1036.890000
demand_163 12 7 627.773000
demand_164 12 8 292.347000
demand_165 12 9 429.350000
demand_166 12 10 1361.790000
demand_167 12 11 684.209000
demand_168 12 13 1295.530000
demand_169 13 0 1463.930000
demand_170 13 1 207.078000
demand_171 13 2 664.158000
demand_172 13 3 893.284000
demand_173 13 4 1487.100000
demand_174 13 5 253.535000
demand_175 13 6 1028.430000
demand_176 13 7 1355.610000
demand_177 13 8 909.596000
demand_178 13 9 1344.810000
demand_179 13 10 589.441000
demand_180 13 11 1485.010000
demand_181 13 12 202.307000
