DEMANDS 182
label src dest bw
demand_0 0 1 491.222000
demand_1 0 2 1054.500000
demand_2 0 3 933.013000
demand_3 0 4 1203.940000
demand_4 0 5 839.220000
demand_5 0 6 972.651000
demand_6 0 7 1181.630000
demand_7 0 8 567.385000
demand_8 0 9 516.692000
demand_9 0 10 927.019000
demand_10 0 11 275.784000
demand_11 0 12 355.828000
demand_12 0 13 436.151000
demand_13 1 0 721.975000
demand_14 1 2 1269.370000
demand_15 1 3 1351.340000
demand_16 1 4 871.051000
demand_17 1 5 377.300000
demand_18 1 6 1063.440000
demand_19 1 7 1330.070000
demand_20 1 8 737.318000
demand_21 1 9 1373.930000
demand_22 1 10 284.966000
demand_23 1 11 258.020000
demand_24 1 12 1158.820000
demand_25 1 13 760.900000
demand_26 2 0 800.904000
demand_27 2 1 287.163000
demand_28 2 3 1045.570000
demand_29 2 4 941.954000
demand_30 2 5 1102.520000
demand_31 2 6 947.949000
demand_32 2 7 1044.720000
demand_33 2 8 815.552000
demand_34 2 9 1144.100000
demand_35 2 10 319.653000
demand_36 2 11 170.113000
demand_37 2 12 543.395000
demand_38 2 13 1369.790000
demand_39 3 0 1036.510000
demand_40 3 1 680.945000
demand_41 3 2 1113.260000
demand_42 3 4 1391.650000
demand_43 3 5 416.884000
demand_44 3 6 796.274000
demand_45 3 7 1271.680000
demand_46 3 8 802.946000
demand_47 3 9 566.531000
demand_48 3 10 1390.580000
demand_49 3 11 994.127000
demand_50 3 12 1298.540000
demand_51 3 13 873.382000
demand_52 4 0 1273.440000
demand_53 4 1 341.289000
demand_54 4 2 776.068000
demand_55 4 3 204.157000
demand_56 4 5 408.985000
demand_57 4 6 940.649000
demand_58 4 7 1072.620000
demand_59 4 8 558.434000
demand_60 4 9 1063.670000
demand_61 4 10 1267.120000
demand_62 4 11 1324.110000
demand_63 4 12 533.197000
demand_64 4 13 225.380000
demand_65 5 0 251.222000
demand_66 5 1 200.280000
demand_67 5 2 596.484000
demand_68 5 3 942.024000
demand_69 5 4 910.244000
demand_70 5 6 386.930000
demand_71 5 7 232.488000
demand_72 5 8 414.852000
demand_73 5 9 443.906000
demand_74 5 10 645.979000
demand_75 5 11 1241.150000
demand_76 5 12 1062.970000
demand_77 5 13 179.054000
demand_78 6 0 863.681000
demand_79 6 1 742.469000
demand_80 6 2 727.441000
demand_81 6 3 647.408000
demand_82 6 4 266.953000
demand_83 6 5 225.116000
demand_84 6 7 721.236000
demand_85 6 8 622.203000
demand_86 6 9 1282.750000
demand_87 6 10 794.259000
demand_88 6 11 1249.600000
demand_89 6 12 1091.210000
demand_90 6 13 497.837000
demand_91 7 0 219.826000
demand_92 7 1 180.021000
demand_93 7 2 708.678000
demand_94 7 3 1048.180000
demand_95 7 4 914.654000
demand_96 7 5 825.114000
demand_97 7 6 988.021000
demand_98 7 8 1402.530000
demand_99 7 9 189.127000
demand_100 7 10 468.143000
demand_101 7 11 1350.510000
demand_102 7 12 1288.750000
demand_103 7 13 548.563000
demand_104 8 0 468.468000
demand_105 8 1 461.689000
demand_106 8 2 417.991000
demand_107 8 3 1269.960000
demand_108 8 4 150.823000
demand_109 8 5 714.158000
demand_110 8 6 157.820000
demand_111 8 7 267.243000
demand_112 8 9 1070.100000
demand_113 8 10 758.384000
demand_114 8 11 846.150000
demand_115 8 12 630.456000
demand_116 8 13 1208.680000
demand_117 9 0 1340.850000
demand_118 9 1 1329.600000
demand_119 9 2 1403.310000
demand_120 9 3 300.367000
demand_121 9 4 1066.590000
demand_122 9 5 1185.290000
demand_123 9 6 1376.510000
demand_124 9 7 506.557000
demand_125 9 8 1265.000000
demand_126 9 10 1051.170000
demand_127 9 11 1387.870000
demand_128 9 12 797.123000
demand_129 9 13 155.883000
demand_130 10 0 1021.670000
demand_131 10 1 281.789000
demand_132 10 2 473.400000
demand_133 10 3 1347.050000
demand_134 10 4 640.948000
demand_135 10 5 280.316000
demand_136 10 6 675.649000
demand_137 10 7 147.294000
demand_138 10 8 764.871000
demand_139 10 9 439.212000
demand_140 10 11 652.668000
demand_141 10 12 1258.240000
demand_142 10 13 210.498000
demand_143 11 0 215.638000
demand_144 11 1 1058.660000
demand_145 11 2 1407.990000
demand_146 11 3 1018.490000
demand_147 11 4 1176.310000
demand_148 11 5 932.383000
demand_149 11 6 666.069000
demand_150 11 7 1138.700000
demand_151 11 8 944.309000
demand_152 11 9 153.868000
demand_153 11 10 765.470000
demand_154 11 12 485.088000
demand_155 11 13 1289.600000
demand_156 12 0 463.074000
demand_157 12 1 201.450000
demand_158 12 2 901.650000
demand_159 12 3 1024.930000
demand_160 12 4 1419.550000
demand_161 12 5 146.601000
demand_162 12 6 408.120000
demand_163 12 7 922.872000
demand_164 12 8 483.439000
demand_165 12 9 560.013000
demand_166 12 10 455.848000
demand_167 12 11 201.878000
demand_168 12 13 679.344000
demand_169 13 0 165.829000
demand_170 13 1 1306.500000
demand_171 13 2 200.287000
demand_172 13 3 340.083000
demand_173 13 4 1280.200000
demand_174 13 5 1263.260000
demand_175 13 6 1368.810000
demand_176 13 7 1361.630000
demand_177 13 8 859.368000
demand_178 13 9 1086.160000
demand_179 13 10 659.669000
demand_180 13 11 1279.060000
demand_181 13 12 638.434000
