DEMANDS 182
label src dest bw
demand_0 0 1 164.536000
demand_1 0 2 880.164000
demand_2 0 3 349.782000
demand_3 0 4 217.086000
demand_4 0 5 978.876000
demand_5 0 6 1174.990000
demand_6 0 7 806.683000
demand_7 0 8 481.166000
demand_8 0 9 994.951000
demand_9 0 10 1472.900000
demand_10 0 11 1073.540000
demand_11 0 12 1101.700000
demand_12 0 13 1090.150000
demand_13 1 0 617.869000
demand_14 1 2 555.541000
demand_15 1 3 1093.540000
demand_16 1 4 966.533000
demand_17 1 5 995.219000
demand_18 1 6 551.637000
demand_19 1 7 715.048000
demand_20 1 8 1302.850000
demand_21 1 9 990.369000
demand_22 1 10 511.541000
demand_23 1 11 1429.740000
demand_24 1 12 907.437000
demand_25 1 13 172.420000
demand_26 2 0 1058.140000
demand_27 2 1 463.516000
demand_28 2 3 1523.750000
demand_29 2 4 1215.270000
demand_30 2 5 498.625000
demand_31 2 6 344.618000
demand_32 2 7 1482.510000
demand_33 2 8 1291.100000
demand_34 2 9 1197.390000
demand_35 2 10 1108.300000
demand_36 2 11 229.386000
demand_37 2 12 484.357000
demand_38 2 13 1453.130000
demand_39 3 0 1022.190000
demand_40 3 1 757.995000
demand_41 3 2 1427.500000
demand_42 3 4 816.816000
demand_43 3 5 1363.450000
demand_44 3 6 876.978000
demand_45 3 7 1381.700000
demand_46 3 8 378.306000
demand_47 3 9 1351.430000
demand_48 3 10 536.673000
demand_49 3 11 1141.650000
demand_50 3 12 1493.340000
demand_51 3 13 1199.290000
demand_52 4 0 661.386000
demand_53 4 1 1479.440000
demand_54 4 2 205.951000
demand_55 4 3 634.794000
demand_56 4 5 1078.210000
demand_57 4 6 1175.020000
demand_58 4 7 1379.770000
demand_59 4 8 343.207000
demand_60 4 9 1449.140000
demand_61 4 10 577.560000
demand_62 4 11 1237.420000
demand_63 4 12 1474.350000
demand_64 4 13 992.845000
demand_65 5 0 976.270000
demand_66 5 1 1358.760000
demand_67 5 2 1181.210000
demand_68 5 3 587.739000
demand_69 5 4 1338.900000
demand_70 5 6 1369.060000
demand_71 5 7 993.115000
demand_72 5 8 312.427000
demand_73 5 9 815.490000
demand_74 5 10 1348.610000
demand_75 5 11 742.243000
demand_76 5 12 806.398000
demand_77 5 13 478.379000
demand_78 6 0 511.272000
demand_79 6 1 550.367000
demand_80 6 2 578.927000
demand_81 6 3 606.857000
demand_82 6 4 1244.470000
demand_83 6 5 1154.970000
demand_84 6 7 1323.840000
demand_85 6 8 1337.560000
demand_86 6 9 278.142000
demand_87 6 10 1525.150000
demand_88 6 11 553.070000
demand_89 6 12 449.519000
demand_90 6 13 367.797000
demand_91 7 0 657.480000
demand_92 7 1 1067.860000
demand_93 7 2 1246.320000
demand_94 7 3 1128.590000
demand_95 7 4 964.031000
demand_96 7 5 628.263000
demand_97 7 6 1366.690000
demand_98 7 8 788.751000
demand_99 7 9 602.584000
demand_100 7 10 1240.880000
demand_101 7 11 950.543000
demand_102 7 12 1194.810000
demand_103 7 13 1145.060000
demand_104 8 0 551.915000
demand_105 8 1 1062.590000
demand_106 8 2 676.256000
demand_107 8 3 965.881000
demand_108 8 4 1125.600000
demand_109 8 5 1184.890000
demand_110 8 6 368.710000
demand_111 8 7 847.688000
demand_112 8 9 291.449000
demand_113 8 10 170.371000
demand_114 8 11 745.413000
demand_115 8 12 614.277000
demand_116 8 13 319.743000
demand_117 9 0 409.700000
demand_118 9 1 779.683000
demand_119 9 2 1442.040000
demand_120 9 3 1171.420000
demand_121 9 4 196.359000
demand_122 9 5 1552.310000
demand_123 9 6 1181.020000
demand_124 9 7 271.649000
demand_125 9 8 838.057000
demand_126 9 10 1317.280000
demand_127 9 11 482.417000
demand_128 9 12 206.053000
demand_129 9 13 777.318000
demand_130 10 0 1021.190000
demand_131 10 1 896.405000
demand_132 10 2 1178.920000
demand_133 10 3 920.415000
demand_134 10 4 893.756000
demand_135 10 5 1384.890000
demand_136 10 6 934.859000
demand_137 10 7 1407.570000
demand_138 10 8 201.021000
demand_139 10 9 1211.090000
demand_140 10 11 1290.930000
demand_141 10 12 925.835000
demand_142 10 13 205.497000
demand_143 11 0 1134.170000
demand_144 11 1 917.103000
demand_145 11 2 438.541000
demand_146 11 3 1075.430000
demand_147 11 4 720.937000
demand_148 11 5 202.968000
demand_149 11 6 1308.560000
demand_150 11 7 1073.870000
demand_151 11 8 305.775000
demand_152 11 9 589.565000
demand_153 11 10 503.864000
demand_154 11 12 1318.100000
demand_155 11 13 238.821000
demand_156 12 0 1532.300000
demand_157 12 1 1139.740000
demand_158 12 2 1369.420000
demand_159 12 3 1022.530000
demand_160 12 4 246.978000
demand_161 12 5 1160.260000
demand_162 12 6 1042.850000
demand_163 12 7 1407.290000
demand_164 12 8 782.258000
demand_165 12 9 650.685000
demand_166 12 10 631.507000
demand_167 12 11 1305.330000
demand_168 12 13 876.797000
demand_169 13 0 252.166000
demand_170 13 1 1135.720000
demand_171 13 2 656.613000
demand_172 13 3 937.159000
demand_173 13 4 749.432000
demand_174 13 5 1141.860000
demand_175 13 6 1235.200000
demand_176 13 7 1149.270000
demand_177 13 8 373.804000
demand_178 13 9 1108.240000
demand_179 13 10 935.678000
demand_180 13 11 1442.410000
demand_181 13 12 1025.150000
