DEMANDS 182
label src dest bw
demand_0 0 1 974.383000
demand_1 0 2 819.197000
demand_2 0 3 1340.460000
demand_3 0 4 489.209000
demand_4 0 5 356.286000
demand_5 0 6 633.064000
demand_6 0 7 1392.010000
demand_7 0 8 1446.940000
demand_8 0 9 744.612000
demand_9 0 10 1275.550000
demand_10 0 11 247.679000
demand_11 0 12 1515.310000
demand_12 0 13 800.890000
demand_13 1 0 1393.010000
demand_14 1 2 835.696000
demand_15 1 3 443.982000
demand_16 1 4 494.431000
demand_17 1 5 1248.960000
demand_18 1 6 1036.900000
demand_19 1 7 1490.400000
demand_20 1 8 1011.330000
demand_21 1 9 153.994000
demand_22 1 10 647.317000
demand_23 1 11 981.100000
demand_24 1 12 403.751000
demand_25 1 13 157.854000
demand_26 2 0 458.213000
demand_27 2 1 306.254000
demand_28 2 3 808.272000
demand_29 2 4 1247.480000
demand_30 2 5 1350.080000
demand_31 2 6 235.808000
demand_32 2 7 873.301000
demand_33 2 8 350.089000
demand_34 2 9 253.340000
demand_35 2 10 920.530000
demand_36 2 11 783.376000
demand_37 2 12 360.805000
demand_38 2 13 967.749000
demand_39 3 0 459.727000
demand_40 3 1 882.128000
demand_41 3 2 330.014000
demand_42 3 4 902.212000
demand_43 3 5 1118.030000
demand_44 3 6 1264.410000
demand_45 3 7 1309.790000
demand_46 3 8 299.892000
demand_47 3 9 1105.040000
demand_48 3 10 1081.040000
demand_49 3 11 705.176000
demand_50 3 12 783.152000
demand_51 3 13 1032.080000
demand_52 4 0 1500.900000
demand_53 4 1 1283.950000
demand_54 4 2 1246.060000
demand_55 4 3 703.906000
demand_56 4 5 920.985000
demand_57 4 6 763.144000
demand_58 4 7 158.363000
demand_59 4 8 859.393000
demand_60 4 9 1306.870000
demand_61 4 10 1352.380000
demand_62 4 11 233.834000
demand_63 4 12 1474.740000
demand_64 4 13 966.936000
demand_65 5 0 1103.220000
demand_66 5 1 197.787000
demand_67 5 2 764.026000
demand_68 5 3 193.815000
demand_69 5 4 641.170000
demand_70 5 6 565.697000
demand_71 5 7 900.722000
demand_72 5 8 1062.010000
demand_73 5 9 181.099000
demand_74 5 10 722.667000
demand_75 5 11 471.050000
demand_76 5 12 1088.230000
demand_77 5 13 1519.570000
demand_78 6 0 248.853000
demand_79 6 1 211.856000
demand_80 6 2 577.159000
demand_81 6 3 1345.870000
demand_82 6 4 298.616000
demand_83 6 5 719.393000
demand_84 6 7 978.547000
demand_85 6 8 781.057000
demand_86 6 9 1104.350000
demand_87 6 10 810.100000
demand_88 6 11 336.879000
demand_89 6 12 1106.890000
demand_90 6 13 1071.320000
demand_91 7 0 729.772000
demand_92 7 1 708.247000
demand_93 7 2 353.652000
demand_94 7 3 459.118000
demand_95 7 4 493.225000
demand_96 7 5 224.760000
demand_97 7 6 699.710000
demand_98 7 8 737.840000
demand_99 7 9 417.646000
demand_100 7 10 949.890000
demand_101 7 11 1495.360000
demand_102 7 12 995.894000
demand_103 7 13 1086.230000
demand_104 8 0 994.952000
demand_105 8 1 1400.010000
demand_106 8 2 1367.020000
demand_107 8 3 1449.920000
demand_108 8 4 1410.730000
demand_109 8 5 282.171000
demand_110 8 6 489.966000
demand_111 8 7 1329.660000
demand_112 8 9 1463.700000
demand_113 8 10 378.515000
demand_114 8 11 1024.450000
demand_115 8 12 1183.460000
demand_116 8 13 1391.970000
demand_117 9 0 1099.830000
demand_118 9 1 1389.030000
demand_119 9 2 316.671000
demand_120 9 3 399.507000
demand_121 9 4 274.731000
demand_122 9 5 199.709000
demand_123 9 6 468.150000
demand_124 9 7 1055.610000
demand_125 9 8 309.459000
demand_126 9 10 898.774000
demand_127 9 11 547.546000
demand_128 9 12 178.886000
demand_129 9 13 298.991000
demand_130 10 0 717.071000
demand_131 10 1 686.415000
demand_132 10 2 916.009000
demand_133 10 3 1271.380000
demand_134 10 4 375.958000
demand_135 10 5 585.469000
demand_136 10 6 1070.650000
demand_137 10 7 804.781000
demand_138 10 8 1398.090000
demand_139 10 9 798.818000
demand_140 10 11 1284.590000
demand_141 10 12 848.724000
demand_142 10 13 1328.420000
demand_143 11 0 178.353000
demand_144 11 1 719.763000
demand_145 11 2 1466.970000
demand_146 11 3 674.496000
demand_147 11 4 679.354000
demand_148 11 5 535.561000
demand_149 11 6 185.050000
demand_150 11 7 1229.480000
demand_151 11 8 552.956000
demand_152 11 9 417.927000
demand_153 11 10 971.488000
demand_154 11 12 1165.280000
demand_155 11 13 1011.210000
demand_156 12 0 1238.530000
demand_157 12 1 699.833000
demand_158 12 2 958.611000
demand_159 12 3 550.201000
demand_160 12 4 1404.830000
demand_161 12 5 751.642000
demand_162 12 6 871.494000
demand_163 12 7 1466.760000
demand_164 12 8 1126.090000
demand_165 12 9 412.831000
demand_166 12 10 1450.330000
demand_167 12 11 1333.150000
demand_168 12 13 267.822000
demand_169 13 0 162.792000
demand_170 13 1 698.608000
demand_171 13 2 852.073000
demand_172 13 3 1021.850000
demand_173 13 4 511.075000
demand_174 13 5 433.539000
demand_175 13 6 1448.730000
demand_176 13 7 805.832000
demand_177 13 8 1404.860000
demand_178 13 9 213.846000
demand_179 13 10 775.710000
demand_180 13 11 359.584000
demand_181 13 12 1469.720000
