DEMANDS 182
label src dest bw
demand_0 0 1 871.907000
demand_1 0 2 446.256000
demand_2 0 3 1047.160000
demand_3 0 4 631.789000
demand_4 0 5 416.696000
demand_5 0 6 340.731000
demand_6 0 7 1073.080000
demand_7 0 8 371.676000
demand_8 0 9 673.484000
demand_9 0 10 769.001000
demand_10 0 11 292.733000
demand_11 0 12 1318.510000
demand_12 0 13 398.325000
demand_13 1 0 1295.170000
demand_14 1 2 1058.320000
demand_15 1 3 566.791000
demand_16 1 4 537.682000
demand_17 1 5 1224.510000
demand_18 1 6 274.877000
demand_19 1 7 784.578000
demand_20 1 8 729.647000
demand_21 1 9 1380.030000
demand_22 1 10 192.528000
demand_23 1 11 218.048000
demand_24 1 12 327.008000
demand_25 1 13 856.650000
demand_26 2 0 340.285000
demand_27 2 1 197.757000
demand_28 2 3 854.087000
demand_29 2 4 177.682000
demand_30 2 5 808.675000
demand_31 2 6 541.064000
demand_32 2 7 998.445000
demand_33 2 8 1259.950000
demand_34 2 9 230.696000
demand_35 2 10 959.050000
demand_36 2 11 392.950000
demand_37 2 12 639.098000
demand_38 2 13 1212.330000
demand_39 3 0 390.842000
demand_40 3 1 1146.590000
demand_41 3 2 799.763000
demand_42 3 4 442.449000
demand_43 3 5 1407.610000
demand_44 3 6 1112.570000
demand_45 3 7 472.078000
demand_46 3 8 164.063000
demand_47 3 9 541.075000
demand_48 3 10 392.410000
demand_49 3 11 684.664000
demand_50 3 12 469.146000
demand_51 3 13 1223.250000
demand_52 4 0 1002.330000
demand_53 4 1 868.737000
demand_54 4 2 412.416000
demand_55 4 3 707.020000
demand_56 4 5 524.679000
demand_57 4 6 545.793000
demand_58 4 7 1024.900000
demand_59 4 8 766.991000
demand_60 4 9 565.265000
demand_61 4 10 820.953000
demand_62 4 11 937.974000
demand_63 4 12 561.289000
demand_64 4 13 302.365000
demand_65 5 0 362.439000
demand_66 5 1 791.036000
demand_67 5 2 979.224000
demand_68 5 3 805.197000
demand_69 5 4 339.795000
demand_70 5 6 1136.220000
demand_71 5 7 850.394000
demand_72 5 8 1119.620000
demand_73 5 9 263.277000
demand_74 5 10 755.768000
demand_75 5 11 1363.340000
demand_76 5 12 1405.110000
demand_77 5 13 312.056000
demand_78 6 0 1293.600000
demand_79 6 1 678.843000
demand_80 6 2 224.594000
demand_81 6 3 567.200000
demand_82 6 4 1158.930000
demand_83 6 5 1045.220000
demand_84 6 7 232.468000
demand_85 6 8 1031.440000
demand_86 6 9 687.785000
demand_87 6 10 476.015000
demand_88 6 11 827.369000
demand_89 6 12 916.447000
demand_90 6 13 931.060000
demand_91 7 0 471.040000
demand_92 7 1 720.242000
demand_93 7 2 451.877000
demand_94 7 3 669.612000
demand_95 7 4 1020.730000
demand_96 7 5 868.712000
demand_97 7 6 195.008000
demand_98 7 8 1104.960000
demand_99 7 9 854.774000
demand_100 7 10 851.018000
demand_101 7 11 1090.830000
demand_102 7 12 671.981000
demand_103 7 13 1209.760000
demand_104 8 0 500.620000
demand_105 8 1 496.223000
demand_106 8 2 943.244000
demand_107 8 3 874.624000
demand_108 8 4 832.867000
demand_109 8 5 1218.340000
demand_110 8 6 268.907000
demand_111 8 7 549.535000
demand_112 8 9 1296.890000
demand_113 8 10 242.858000
demand_114 8 11 675.088000
demand_115 8 12 870.705000
demand_116 8 13 787.651000
demand_117 9 0 233.720000
demand_118 9 1 1141.210000
demand_119 9 2 310.888000
demand_120 9 3 1291.880000
demand_121 9 4 1331.900000
demand_122 9 5 669.337000
demand_123 9 6 667.885000
demand_124 9 7 1228.190000
demand_125 9 8 1284.110000
demand_126 9 10 420.359000
demand_127 9 11 450.210000
demand_128 9 12 350.308000
demand_129 9 13 520.255000
demand_130 10 0 1141.460000
demand_131 10 1 1377.520000
demand_132 10 2 677.811000
demand_133 10 3 210.958000
demand_134 10 4 1209.030000
demand_135 10 5 1334.590000
demand_136 10 6 666.728000
demand_137 10 7 810.257000
demand_138 10 8 233.515000
demand_139 10 9 818.631000
demand_140 10 11 1179.370000
demand_141 10 12 559.191000
demand_142 10 13 741.551000
demand_143 11 0 443.176000
demand_144 11 1 1247.950000
demand_145 11 2 659.375000
demand_146 11 3 323.691000
demand_147 11 4 972.212000
demand_148 11 5 615.471000
demand_149 11 6 1308.310000
demand_150 11 7 1064.530000
demand_151 11 8 501.429000
demand_152 11 9 1367.640000
demand_153 11 10 177.895000
demand_154 11 12 589.293000
demand_155 11 13 1109.080000
demand_156 12 0 699.380000
demand_157 12 1 1036.900000
demand_158 12 2 1103.960000
demand_159 12 3 780.129000
demand_160 12 4 865.642000
demand_161 12 5 1107.540000
demand_162 12 6 690.646000
demand_163 12 7 715.212000
demand_164 12 8 1008.410000
demand_165 12 9 1171.630000
demand_166 12 10 766.387000
demand_167 12 11 1274.670000
demand_168 12 13 606.534000
demand_169 13 0 258.901000
demand_170 13 1 1177.020000
demand_171 13 2 559.056000
demand_172 13 3 850.752000
demand_173 13 4 751.658000
demand_174 13 5 1353.260000
demand_175 13 6 1111.120000
demand_176 13 7 446.812000
demand_177 13 8 1207.930000
demand_178 13 9 1243.170000
demand_179 13 10 1304.890000
demand_180 13 11 882.726000
demand_181 13 12 799.382000
