DEMANDS 182
label src dest bw
demand_0 0 1 1192.490000
demand_1 0 2 749.650000
demand_2 0 3 268.123000
demand_3 0 4 1058.730000
demand_4 0 5 1091.450000
demand_5 0 6 237.492000
demand_6 0 7 482.373000
demand_7 0 8 1285.690000
demand_8 0 9 832.839000
demand_9 0 10 671.362000
demand_10 0 11 1360.950000
demand_11 0 12 1455.080000
demand_12 0 13 530.426000
demand_13 1 0 552.055000
demand_14 1 2 1173.890000
demand_15 1 3 168.573000
demand_16 1 4 672.141000
demand_17 1 5 572.103000
demand_18 1 6 504.779000
demand_19 1 7 304.429000
demand_20 1 8 352.955000
demand_21 1 9 1353.280000
demand_22 1 10 1019.490000
demand_23 1 11 1158.970000
demand_24 1 12 1298.440000
demand_25 1 13 628.001000
demand_26 2 0 610.217000
demand_27 2 1 1071.860000
demand_28 2 3 1097.490000
demand_29 2 4 1122.140000
demand_30 2 5 1128.790000
demand_31 2 6 482.384000
demand_32 2 7 703.070000
demand_33 2 8 923.694000
demand_34 2 9 350.278000
demand_35 2 10 371.092000
demand_36 2 11 326.392000
demand_37 2 12 1332.590000
demand_38 2 13 295.040000
demand_39 3 0 1017.900000
demand_40 3 1 1052.860000
demand_41 3 2 571.133000
demand_42 3 4 824.653000
demand_43 3 5 677.852000
demand_44 3 6 546.032000
demand_45 3 7 432.733000
demand_46 3 8 741.267000
demand_47 3 9 674.217000
demand_48 3 10 313.681000
demand_49 3 11 963.454000
demand_50 3 12 1355.780000
demand_51 3 13 718.728000
demand_52 4 0 859.612000
demand_53 4 1 1328.300000
demand_54 4 2 587.375000
demand_55 4 3 205.133000
demand_56 4 5 386.600000
demand_57 4 6 696.731000
demand_58 4 7 638.707000
demand_59 4 8 746.586000
demand_60 4 9 973.044000
demand_61 4 10 863.878000
demand_62 4 11 1043.970000
demand_63 4 12 615.116000
demand_64 4 13 460.922000
demand_65 5 0 1077.720000
demand_66 5 1 1442.370000
demand_67 5 2 744.543000
demand_68 5 3 609.584000
demand_69 5 4 1231.830000
demand_70 5 6 1001.080000
demand_71 5 7 1439.940000
demand_72 5 8 273.978000
demand_73 5 9 1027.870000
demand_74 5 10 1356.420000
demand_75 5 11 276.540000
demand_76 5 12 448.482000
demand_77 5 13 1381.400000
demand_78 6 0 464.040000
demand_79 6 1 894.082000
demand_80 6 2 1320.060000
demand_81 6 3 579.408000
demand_82 6 4 1181.210000
demand_83 6 5 834.241000
demand_84 6 7 532.705000
demand_85 6 8 1034.980000
demand_86 6 9 1346.130000
demand_87 6 10 285.855000
demand_88 6 11 341.709000
demand_89 6 12 1282.470000
demand_90 6 13 1110.900000
demand_91 7 0 1443.940000
demand_92 7 1 1312.900000
demand_93 7 2 379.318000
demand_94 7 3 846.794000
demand_95 7 4 965.918000
demand_96 7 5 1368.050000
demand_97 7 6 892.584000
demand_98 7 8 1231.510000
demand_99 7 9 638.836000
demand_100 7 10 209.241000
demand_101 7 11 160.048000
demand_102 7 12 1348.530000
demand_103 7 13 153.867000
demand_104 8 0 1119.600000
demand_105 8 1 934.337000
demand_106 8 2 1311.810000
demand_107 8 3 1384.380000
demand_108 8 4 735.077000
demand_109 8 5 693.261000
demand_110 8 6 513.149000
demand_111 8 7 974.243000
demand_112 8 9 1222.500000
demand_113 8 10 1354.280000
demand_114 8 11 1465.600000
demand_115 8 12 604.022000
demand_116 8 13 236.396000
demand_117 9 0 407.216000
demand_118 9 1 1302.610000
demand_119 9 2 561.842000
demand_120 9 3 739.886000
demand_121 9 4 992.496000
demand_122 9 5 647.071000
demand_123 9 6 301.933000
demand_124 9 7 705.544000
demand_125 9 8 879.268000
demand_126 9 10 751.030000
demand_127 9 11 287.960000
demand_128 9 12 726.730000
demand_129 9 13 664.657000
demand_130 10 0 1246.710000
demand_131 10 1 1063.110000
demand_132 10 2 351.157000
demand_133 10 3 316.358000
demand_134 10 4 1081.450000
demand_135 10 5 551.344000
demand_136 10 6 855.172000
demand_137 10 7 414.908000
demand_138 10 8 272.681000
demand_139 10 9 1068.110000
demand_140 10 11 364.530000
demand_141 10 12 556.414000
demand_142 10 13 370.924000
demand_143 11 0 1353.580000
demand_144 11 1 220.392000
demand_145 11 2 650.830000
demand_146 11 3 461.049000
demand_147 11 4 918.310000
demand_148 11 5 311.829000
demand_149 11 6 453.434000
demand_150 11 7 1247.370000
demand_151 11 8 904.783000
demand_152 11 9 426.222000
demand_153 11 10 509.868000
demand_154 11 12 1196.260000
demand_155 11 13 1441.920000
demand_156 12 0 640.797000
demand_157 12 1 1386.360000
demand_158 12 2 529.117000
demand_159 12 3 641.733000
demand_160 12 4 1305.300000
demand_161 12 5 591.163000
demand_162 12 6 905.160000
demand_163 12 7 1215.080000
demand_164 12 8 785.316000
demand_165 12 9 1241.120000
demand_166 12 10 460.230000
demand_167 12 11 1294.050000
demand_168 12 13 230.561000
demand_169 13 0 1424.380000
demand_170 13 1 340.232000
demand_171 13 2 1096.090000
demand_172 13 3 1367.040000
demand_173 13 4 1159.390000
demand_174 13 5 936.969000
demand_175 13 6 893.476000
demand_176 13 7 1036.980000
demand_177 13 8 794.154000
demand_178 13 9 1455.430000
demand_179 13 10 682.425000
demand_180 13 11 580.610000
demand_181 13 12 1147.210000
