DEMANDS 182
label src dest bw
demand_0 0 1 765.245000
demand_1 0 2 1007.070000
demand_2 0 3 210.979000
demand_3 0 4 1208.040000
demand_4 0 5 856.539000
demand_5 0 6 962.975000
demand_6 0 7 690.569000
demand_7 0 8 623.508000
demand_8 0 9 1372.090000
demand_9 0 10 1087.950000
demand_10 0 11 1036.400000
demand_11 0 12 566.690000
demand_12 0 13 1125.740000
demand_13 1 0 1360.690000
demand_14 1 2 747.554000
demand_15 1 3 946.815000
demand_16 1 4 638.826000
demand_17 1 5 159.980000
demand_18 1 6 1331.720000
demand_19 1 7 871.036000
demand_20 1 8 504.713000
demand_21 1 9 854.060000
demand_22 1 10 1132.520000
demand_23 1 11 720.872000
demand_24 1 12 1205.930000
demand_25 1 13 694.161000
demand_26 2 0 171.384000
demand_27 2 1 800.179000
demand_28 2 3 759.140000
demand_29 2 4 170.843000
demand_30 2 5 389.605000
demand_31 2 6 1328.600000
demand_32 2 7 1057.970000
demand_33 2 8 303.041000
demand_34 2 9 231.667000
demand_35 2 10 847.641000
demand_36 2 11 268.568000
demand_37 2 12 512.538000
demand_38 2 13 231.578000
demand_39 3 0 1177.790000
demand_40 3 1 554.889000
demand_41 3 2 844.516000
demand_42 3 4 1418.810000
demand_43 3 5 659.094000
demand_44 3 6 1281.930000
demand_45 3 7 370.457000
demand_46 3 8 341.913000
demand_47 3 9 457.596000
demand_48 3 10 828.115000
demand_49 3 11 171.228000
demand_50 3 12 742.749000
demand_51 3 13 939.131000
demand_52 4 0 773.802000
demand_53 4 1 706.902000
demand_54 4 2 608.124000
demand_55 4 3 646.196000
demand_56 4 5 166.831000
demand_57 4 6 1203.690000
demand_58 4 7 1049.590000
demand_59 4 8 1306.570000
demand_60 4 9 892.335000
demand_61 4 10 616.543000
demand_62 4 11 633.466000
demand_63 4 12 774.285000
demand_64 4 13 1206.600000
demand_65 5 0 954.508000
demand_66 5 1 303.681000
demand_67 5 2 446.100000
demand_68 5 3 1252.010000
demand_69 5 4 504.292000
demand_70 5 6 1224.390000
demand_71 5 7 1017.270000
demand_72 5 8 1148.500000
demand_73 5 9 753.307000
demand_74 5 10 525.313000
demand_75 5 11 339.752000
demand_76 5 12 538.360000
demand_77 5 13 261.862000
demand_78 6 0 380.662000
demand_79 6 1 764.318000
demand_80 6 2 702.298000
demand_81 6 3 737.901000
demand_82 6 4 762.665000
demand_83 6 5 1081.720000
demand_84 6 7 414.757000
demand_85 6 8 674.446000
demand_86 6 9 1082.950000
demand_87 6 10 1223.190000
demand_88 6 11 313.091000
demand_89 6 12 756.051000
demand_90 6 13 904.399000
demand_91 7 0 941.308000
demand_92 7 1 245.312000
demand_93 7 2 374.594000
demand_94 7 3 1043.430000
demand_95 7 4 182.203000
demand_96 7 5 801.269000
demand_97 7 6 1227.460000
demand_98 7 8 222.780000
demand_99 7 9 398.933000
demand_100 7 10 418.075000
demand_101 7 11 539.908000
demand_102 7 12 1335.480000
demand_103 7 13 155.377000
demand_104 8 0 377.546000
demand_105 8 1 1304.530000
demand_106 8 2 636.361000
demand_107 8 3 1411.210000
demand_108 8 4 688.542000
demand_109 8 5 1118.810000
demand_110 8 6 1027.720000
demand_111 8 7 512.240000
demand_112 8 9 430.068000
demand_113 8 10 1164.120000
demand_114 8 11 778.741000
demand_115 8 12 1355.770000
demand_116 8 13 1389.670000
demand_117 9 0 381.675000
demand_118 9 1 485.249000
demand_119 9 2 487.861000
demand_120 9 3 1071.690000
demand_121 9 4 784.550000
demand_122 9 5 1305.510000
demand_123 9 6 637.876000
demand_124 9 7 1088.240000
demand_125 9 8 417.630000
demand_126 9 10 893.697000
demand_127 9 11 706.523000
demand_128 9 12 915.364000
demand_129 9 13 856.895000
demand_130 10 0 496.510000
demand_131 10 1 235.762000
demand_132 10 2 474.282000
demand_133 10 3 972.855000
demand_134 10 4 1342.450000
demand_135 10 5 1122.610000
demand_136 10 6 1373.780000
demand_137 10 7 227.352000
demand_138 10 8 1209.200000
demand_139 10 9 797.980000
demand_140 10 11 1107.910000
demand_141 10 12 291.449000
demand_142 10 13 532.745000
demand_143 11 0 321.950000
demand_144 11 1 372.213000
demand_145 11 2 554.468000
demand_146 11 3 1311.770000
demand_147 11 4 565.469000
demand_148 11 5 847.176000
demand_149 11 6 1378.840000
demand_150 11 7 1308.940000
demand_151 11 8 1067.470000
demand_152 11 9 589.222000
demand_153 11 10 1171.550000
demand_154 11 12 803.769000
demand_155 11 13 868.170000
demand_156 12 0 669.561000
demand_157 12 1 1235.960000
demand_158 12 2 945.605000
demand_159 12 3 613.667000
demand_160 12 4 874.192000
demand_161 12 5 280.809000
demand_162 12 6 392.884000
demand_163 12 7 818.682000
demand_164 12 8 1062.550000
demand_165 12 9 153.779000
demand_166 12 10 1253.320000
demand_167 12 11 1305.810000
demand_168 12 13 286.925000
demand_169 13 0 664.833000
demand_170 13 1 265.367000
demand_171 13 2 1326.630000
demand_172 13 3 914.271000
demand_173 13 4 1371.580000
demand_174 13 5 784.446000
demand_175 13 6 338.781000
demand_176 13 7 433.114000
demand_177 13 8 402.679000
demand_178 13 9 477.819000
demand_179 13 10 855.681000
demand_180 13 11 651.470000
demand_181 13 12 476.533000
