DEMANDS 182
label src dest bw
demand_0 0 1 239.658000
demand_1 0 2 1418.460000
demand_2 0 3 693.144000
demand_3 0 4 564.736000
demand_4 0 5 624.130000
demand_5 0 6 1205.000000
demand_6 0 7 1215.130000
demand_7 0 8 875.830000
demand_8 0 9 1389.180000
demand_9 0 10 1373.860000
demand_10 0 11 1378.000000
demand_11 0 12 950.381000
demand_12 0 13 691.890000
demand_13 1 0 1206.780000
demand_14 1 2 615.697000
demand_15 1 3 1213.350000
demand_16 1 4 788.741000
demand_17 1 5 896.213000
demand_18 1 6 1035.250000
demand_19 1 7 490.800000
demand_20 1 8 1098.290000
demand_21 1 9 988.334000
demand_22 1 10 350.788000
demand_23 1 11 640.004000
demand_24 1 12 1275.230000
demand_25 1 13 632.066000
demand_26 2 0 710.040000
demand_27 2 1 436.794000
demand_28 2 3 416.006000
demand_29 2 4 757.325000
demand_30 2 5 919.001000
demand_31 2 6 274.992000
demand_32 2 7 1378.950000
demand_33 2 8 535.074000
demand_34 2 9 1068.700000
demand_35 2 10 1308.020000
demand_36 2 11 296.523000
demand_37 2 12 1120.410000
demand_38 2 13 1179.520000
demand_39 3 0 767.149000
demand_40 3 1 462.627000
demand_41 3 2 630.222000
demand_42 3 4 1223.100000
demand_43 3 5 782.624000
demand_44 3 6 449.010000
demand_45 3 7 1165.590000
demand_46 3 8 279.672000
demand_47 3 9 1245.350000
demand_48 3 10 353.381000
demand_49 3 11 571.475000
demand_50 3 12 1273.070000
demand_51 3 13 1033.920000
demand_52 4 0 1026.910000
demand_53 4 1 1064.430000
demand_54 4 2 421.341000
demand_55 4 3 723.766000
demand_56 4 5 672.076000
demand_57 4 6 310.300000
demand_58 4 7 577.968000
demand_59 4 8 856.844000
demand_60 4 9 697.255000
demand_61 4 10 1204.360000
demand_62 4 11 343.657000
demand_63 4 12 440.442000
demand_64 4 13 359.917000
demand_65 5 0 616.347000
demand_66 5 1 348.147000
demand_67 5 2 367.663000
demand_68 5 3 1299.960000
demand_69 5 4 198.898000
demand_70 5 6 903.577000
demand_71 5 7 1240.410000
demand_72 5 8 883.105000
demand_73 5 9 571.616000
demand_74 5 10 461.806000
demand_75 5 11 1433.810000
demand_76 5 12 1172.700000
demand_77 5 13 203.123000
demand_78 6 0 174.060000
demand_79 6 1 557.031000
demand_80 6 2 681.403000
demand_81 6 3 426.098000
demand_82 6 4 1189.240000
demand_83 6 5 355.839000
demand_84 6 7 966.791000
demand_85 6 8 1390.870000
demand_86 6 9 490.993000
demand_87 6 10 669.638000
demand_88 6 11 1190.160000
demand_89 6 12 834.367000
demand_90 6 13 797.498000
demand_91 7 0 736.897000
demand_92 7 1 327.640000
demand_93 7 2 1098.270000
demand_94 7 3 991.236000
demand_95 7 4 727.661000
demand_96 7 5 497.660000
demand_97 7 6 732.676000
demand_98 7 8 1358.920000
demand_99 7 9 1293.560000
demand_100 7 10 1286.670000
demand_101 7 11 562.638000
demand_102 7 12 1240.800000
demand_103 7 13 350.227000
demand_104 8 0 281.085000
demand_105 8 1 867.786000
demand_106 8 2 838.951000
demand_107 8 3 601.985000
demand_108 8 4 1049.930000
demand_109 8 5 398.177000
demand_110 8 6 1080.100000
demand_111 8 7 1410.710000
demand_112 8 9 437.814000
demand_113 8 10 617.409000
demand_114 8 11 1283.700000
demand_115 8 12 925.598000
demand_116 8 13 884.065000
demand_117 9 0 1281.270000
demand_118 9 1 1201.210000
demand_119 9 2 575.635000
demand_120 9 3 917.961000
demand_121 9 4 666.507000
demand_122 9 5 1173.160000
demand_123 9 6 843.799000
demand_124 9 7 462.171000
demand_125 9 8 912.000000
demand_126 9 10 1427.000000
demand_127 9 11 312.433000
demand_128 9 12 812.755000
demand_129 9 13 1310.990000
demand_130 10 0 1131.200000
demand_131 10 1 834.500000
demand_132 10 2 1128.170000
demand_133 10 3 975.241000
demand_134 10 4 1170.550000
demand_135 10 5 230.037000
demand_136 10 6 1324.840000
demand_137 10 7 839.099000
demand_138 10 8 904.546000
demand_139 10 9 726.263000
demand_140 10 11 338.568000
demand_141 10 12 1022.220000
demand_142 10 13 953.816000
demand_143 11 0 1119.040000
demand_144 11 1 873.263000
demand_145 11 2 597.774000
demand_146 11 3 984.197000
demand_147 11 4 345.197000
demand_148 11 5 561.040000
demand_149 11 6 783.355000
demand_150 11 7 623.208000
demand_151 11 8 1433.110000
demand_152 11 9 987.520000
demand_153 11 10 751.471000
demand_154 11 12 584.406000
demand_155 11 13 703.235000
demand_156 12 0 968.800000
demand_157 12 1 830.660000
demand_158 12 2 817.380000
demand_159 12 3 1014.340000
demand_160 12 4 1123.080000
demand_161 12 5 977.950000
demand_162 12 6 671.384000
demand_163 12 7 175.457000
demand_164 12 8 1049.000000
demand_165 12 9 510.936000
demand_166 12 10 489.956000
demand_167 12 11 325.602000
demand_168 12 13 806.129000
demand_169 13 0 550.323000
demand_170 13 1 875.524000
demand_171 13 2 931.183000
demand_172 13 3 1333.260000
demand_173 13 4 1319.800000
demand_174 13 5 1064.310000
demand_175 13 6 1214.380000
demand_176 13 7 1213.190000
demand_177 13 8 374.537000
demand_178 13 9 259.732000
demand_179 13 10 455.442000
demand_180 13 11 272.186000
demand_181 13 12 659.112000
