DEMANDS 182
label src dest bw
demand_0 0 1 1493.840000
demand_1 0 2 238.054000
demand_2 0 3 520.304000
demand_3 0 4 709.003000
demand_4 0 5 321.003000
demand_5 0 6 475.639000
demand_6 0 7 289.487000
demand_7 0 8 908.188000
demand_8 0 9 572.395000
demand_9 0 10 881.743000
demand_10 0 11 426.451000
demand_11 0 12 613.276000
demand_12 0 13 544.347000
demand_13 1 0 153.535000
demand_14 1 2 1406.270000
demand_15 1 3 1272.260000
demand_16 1 4 451.947000
demand_17 1 5 1249.880000
demand_18 1 6 1100.160000
demand_19 1 7 1118.430000
demand_20 1 8 364.069000
demand_21 1 9 569.685000
demand_22 1 10 216.308000
demand_23 1 11 962.903000
demand_24 1 12 891.526000
demand_25 1 13 538.228000
demand_26 2 0 1332.100000
demand_27 2 1 1190.410000
demand_28 2 3 878.918000
demand_29 2 4 1016.910000
demand_30 2 5 1049.090000
demand_31 2 6 757.732000
demand_32 2 7 1225.840000
demand_33 2 8 309.465000
demand_34 2 9 346.327000
demand_35 2 10 1199.090000
demand_36 2 11 663.554000
demand_37 2 12 823.116000
demand_38 2 13 304.562000
demand_39 3 0 917.150000
demand_40 3 1 585.066000
demand_41 3 2 834.890000
demand_42 3 4 572.666000
demand_43 3 5 523.765000
demand_44 3 6 649.748000
demand_45 3 7 661.233000
demand_46 3 8 543.407000
demand_47 3 9 1480.210000
demand_48 3 10 155.659000
demand_49 3 11 1433.460000
demand_50 3 12 636.697000
demand_51 3 13 1398.650000
demand_52 4 0 682.938000
demand_53 4 1 1292.090000
demand_54 4 2 378.456000
demand_55 4 3 959.357000
demand_56 4 5 521.984000
demand_57 4 6 832.747000
demand_58 4 7 1371.260000
demand_59 4 8 1261.570000
demand_60 4 9 655.726000
demand_61 4 10 388.742000
demand_62 4 11 272.740000
demand_63 4 12 1012.680000
demand_64 4 13 494.184000
demand_65 5 0 1191.110000
demand_66 5 1 306.595000
demand_67 5 2 765.680000
demand_68 5 3 1283.600000
demand_69 5 4 1286.240000
demand_70 5 6 1050.150000
demand_71 5 7 186.440000
demand_72 5 8 1128.690000
demand_73 5 9 1312.070000
demand_74 5 10 991.439000
demand_75 5 11 223.917000
demand_76 5 12 210.699000
demand_77 5 13 1496.630000
demand_78 6 0 245.986000
demand_79 6 1 480.820000
demand_80 6 2 535.980000
demand_81 6 3 1073.220000
demand_82 6 4 293.524000
demand_83 6 5 591.871000
demand_84 6 7 402.371000
demand_85 6 8 1519.880000
demand_86 6 9 939.700000
demand_87 6 10 819.363000
demand_88 6 11 866.807000
demand_89 6 12 1098.790000
demand_90 6 13 738.104000
demand_91 7 0 921.741000
demand_92 7 1 955.079000
demand_93 7 2 773.446000
demand_94 7 3 1318.750000
demand_95 7 4 1285.940000
demand_96 7 5 202.701000
demand_97 7 6 860.184000
demand_98 7 8 566.297000
demand_99 7 9 1332.010000
demand_100 7 10 1271.440000
demand_101 7 11 1153.260000
demand_102 7 12 1436.420000
demand_103 7 13 1420.930000
demand_104 8 0 542.317000
demand_105 8 1 544.523000
demand_106 8 2 291.676000
demand_107 8 3 1019.370000
demand_108 8 4 244.097000
demand_109 8 5 751.989000
demand_110 8 6 1361.710000
demand_111 8 7 757.824000
demand_112 8 9 1345.870000
demand_113 8 10 1144.120000
demand_114 8 11 1145.720000
demand_115 8 12 865.011000
demand_116 8 13 1218.340000
demand_117 9 0 428.032000
demand_118 9 1 946.221000
demand_119 9 2 659.053000
demand_120 9 3 1491.470000
demand_121 9 4 416.271000
demand_122 9 5 1148.540000
demand_123 9 6 720.469000
demand_124 9 7 712.488000
demand_125 9 8 886.942000
demand_126 9 10 1226.070000
demand_127 9 11 539.897000
demand_128 9 12 491.283000
demand_129 9 13 611.137000
demand_130 10 0 1433.790000
demand_131 10 1 1103.750000
demand_132 10 2 515.817000
demand_133 10 3 994.073000
demand_134 10 4 284.948000
demand_135 10 5 749.856000
demand_136 10 6 1194.000000
demand_137 10 7 1474.450000
demand_138 10 8 1195.000000
demand_139 10 9 594.694000
demand_140 10 11 298.762000
demand_141 10 12 1233.490000
demand_142 10 13 742.933000
demand_143 11 0 298.340000
demand_144 11 1 662.321000
demand_145 11 2 1122.220000
demand_146 11 3 1455.680000
demand_147 11 4 653.711000
demand_148 11 5 934.968000
demand_149 11 6 923.930000
demand_150 11 7 442.299000
demand_151 11 8 1266.900000
demand_152 11 9 395.641000
demand_153 11 10 429.570000
demand_154 11 12 434.497000
demand_155 11 13 1300.840000
demand_156 12 0 631.205000
demand_157 12 1 1377.100000
demand_158 12 2 477.190000
demand_159 12 3 831.467000
demand_160 12 4 978.123000
demand_161 12 5 953.533000
demand_162 12 6 201.038000
demand_163 12 7 470.933000
demand_164 12 8 1455.180000
demand_165 12 9 1148.390000
demand_166 12 10 1506.570000
demand_167 12 11 1504.440000
demand_168 12 13 1119.710000
demand_169 13 0 1091.730000
demand_170 13 1 416.110000
demand_171 13 2 190.555000
demand_172 13 3 234.614000
demand_173 13 4 708.571000
demand_174 13 5 404.152000
demand_175 13 6 425.242000
demand_176 13 7 373.018000
demand_177 13 8 1032.720000
demand_178 13 9 216.968000
demand_179 13 10 226.423000
demand_180 13 11 1445.410000
demand_181 13 12 747.897000
