DEMANDS 182
label src dest bw
demand_0 0 1 1099.670000
demand_1 0 2 1240.760000
demand_2 0 3 546.554000
demand_3 0 4 338.643000
demand_4 0 5 606.494000
demand_5 0 6 1140.700000
demand_6 0 7 547.332000
demand_7 0 8 1340.540000
demand_8 0 9 1202.540000
demand_9 0 10 1101.140000
demand_10 0 11 780.167000
demand_11 0 12 1253.960000
demand_12 0 13 1200.060000
demand_13 1 0 513.941000
demand_14 1 2 770.157000
demand_15 1 3 1378.090000
demand_16 1 4 1033.900000
demand_17 1 5 670.873000
demand_18 1 6 852.363000
demand_19 1 7 1252.330000
demand_20 1 8 597.204000
demand_21 1 9 1318.680000
demand_22 1 10 592.229000
demand_23 1 11 1292.780000
demand_24 1 12 899.785000
demand_25 1 13 1148.430000
demand_26 2 0 911.011000
demand_27 2 1 299.025000
demand_28 2 3 1407.430000
demand_29 2 4 282.284000
demand_30 2 5 1403.620000
demand_31 2 6 409.846000
demand_32 2 7 468.422000
demand_33 2 8 657.696000
demand_34 2 9 1023.540000
demand_35 2 10 576.846000
demand_36 2 11 1295.630000
demand_37 2 12 1189.050000
demand_38 2 13 782.900000
demand_39 3 0 194.007000
demand_40 3 1 188.758000
demand_41 3 2 590.463000
demand_42 3 4 1382.070000
demand_43 3 5 382.935000
demand_44 3 6 210.324000
demand_45 3 7 310.914000
demand_46 3 8 312.990000
demand_47 3 9 956.994000
demand_48 3 10 433.994000
demand_49 3 11 1119.210000
demand_50 3 12 1099.460000
demand_51 3 13 524.492000
demand_52 4 0 207.317000
demand_53 4 1 584.770000
demand_54 4 2 672.898000
demand_55 4 3 353.305000
demand_56 4 5 496.278000
demand_57 4 6 646.231000
demand_58 4 7 1186.230000
demand_59 4 8 377.754000
demand_60 4 9 973.542000
demand_61 4 10 342.011000
demand_62 4 11 254.712000
demand_63 4 12 1151.480000
demand_64 4 13 1054.590000
demand_65 5 0 1008.010000
demand_66 5 1 470.640000
demand_67 5 2 323.521000
demand_68 5 3 477.937000
demand_69 5 4 1256.170000
demand_70 5 6 159.597000
demand_71 5 7 290.418000
demand_72 5 8 465.511000
demand_73 5 9 923.678000
demand_74 5 10 317.153000
demand_75 5 11 759.875000
demand_76 5 12 1095.160000
demand_77 5 13 570.071000
demand_78 6 0 941.525000
demand_79 6 1 914.200000
demand_80 6 2 1147.110000
demand_81 6 3 1414.880000
demand_82 6 4 196.898000
demand_83 6 5 1043.020000
demand_84 6 7 1355.930000
demand_85 6 8 596.250000
demand_86 6 9 576.439000
demand_87 6 10 368.943000
demand_88 6 11 342.233000
demand_89 6 12 830.653000
demand_90 6 13 1379.970000
demand_91 7 0 931.593000
demand_92 7 1 971.507000
demand_93 7 2 559.142000
demand_94 7 3 907.305000
demand_95 7 4 1126.540000
demand_96 7 5 337.128000
demand_97 7 6 614.301000
demand_98 7 8 337.906000
demand_99 7 9 619.013000
demand_100 7 10 1187.590000
demand_101 7 11 1385.250000
demand_102 7 12 698.595000
demand_103 7 13 1206.250000
demand_104 8 0 199.334000
demand_105 8 1 1232.870000
demand_106 8 2 168.426000
demand_107 8 3 958.441000
demand_108 8 4 616.573000
demand_109 8 5 1082.250000
demand_110 8 6 1356.370000
demand_111 8 7 415.260000
demand_112 8 9 1268.330000
demand_113 8 10 307.861000
demand_114 8 11 158.844000
demand_115 8 12 386.426000
demand_116 8 13 1346.640000
demand_117 9 0 868.955000
demand_118 9 1 463.457000
demand_119 9 2 539.165000
demand_120 9 3 901.570000
demand_121 9 4 730.217000
demand_122 9 5 1155.790000
demand_123 9 6 942.634000
demand_124 9 7 687.865000
demand_125 9 8 165.737000
demand_126 9 10 176.826000
demand_127 9 11 1058.690000
demand_128 9 12 495.982000
demand_129 9 13 277.145000
demand_130 10 0 1281.070000
demand_131 10 1 1288.400000
demand_132 10 2 1102.570000
demand_133 10 3 572.178000
demand_134 10 4 716.498000
demand_135 10 5 345.571000
demand_136 10 6 564.735000
demand_137 10 7 662.599000
demand_138 10 8 454.885000
demand_139 10 9 307.643000
demand_140 10 11 544.492000
demand_141 10 12 1041.060000
demand_142 10 13 976.791000
demand_143 11 0 250.834000
demand_144 11 1 844.250000
demand_145 11 2 1102.570000
demand_146 11 3 379.768000
demand_147 11 4 1304.580000
demand_148 11 5 1046.620000
demand_149 11 6 1227.230000
demand_150 11 7 1148.960000
demand_151 11 8 1004.520000
demand_152 11 9 1089.810000
demand_153 11 10 1009.810000
demand_154 11 12 997.630000
demand_155 11 13 248.665000
demand_156 12 0 506.634000
demand_157 12 1 426.303000
demand_158 12 2 779.040000
demand_159 12 3 921.453000
demand_160 12 4 427.603000
demand_161 12 5 665.392000
demand_162 12 6 669.501000
demand_163 12 7 1376.510000
demand_164 12 8 468.058000
demand_165 12 9 760.488000
demand_166 12 10 435.889000
demand_167 12 11 606.054000
demand_168 12 13 217.461000
demand_169 13 0 236.871000
demand_170 13 1 1301.960000
demand_171 13 2 501.501000
demand_172 13 3 784.239000
demand_173 13 4 1346.380000
demand_174 13 5 914.225000
demand_175 13 6 1391.390000
demand_176 13 7 552.640000
demand_177 13 8 786.138000
demand_178 13 9 603.972000
demand_179 13 10 872.729000
demand_180 13 11 1197.380000
demand_181 13 12 391.692000
