DEMANDS 182
label src dest bw
demand_0 0 1 808.719000
demand_1 0 2 589.078000
demand_2 0 3 785.036000
demand_3 0 4 484.511000
demand_4 0 5 1476.660000
demand_5 0 6 1023.530000
demand_6 0 7 1422.070000
demand_7 0 8 1506.240000
demand_8 0 9 424.166000
demand_9 0 10 567.174000
demand_10 0 11 771.243000
demand_11 0 12 1006.510000
demand_12 0 13 898.051000
demand_13 1 0 1233.850000
demand_14 1 2 975.852000
demand_15 1 3 1334.650000
demand_16 1 4 776.764000
demand_17 1 5 1023.030000
demand_18 1 6 1061.360000
demand_19 1 7 1549.340000
demand_20 1 8 748.897000
demand_21 1 9 1051.220000
demand_22 1 10 503.241000
demand_23 1 11 720.653000
demand_24 1 12 268.592000
demand_25 1 13 510.145000
demand_26 2 0 844.416000
demand_27 2 1 235.847000
demand_28 2 3 1525.510000
demand_29 2 4 1131.930000
demand_30 2 5 1084.640000
demand_31 2 6 268.956000
demand_32 2 7 926.824000
demand_33 2 8 948.550000
demand_34 2 9 669.751000
demand_35 2 10 939.891000
demand_36 2 11 1513.010000
demand_37 2 12 1551.960000
demand_38 2 13 304.597000
demand_39 3 0 1214.440000
demand_40 3 1 430.290000
demand_41 3 2 1484.530000
demand_42 3 4 1179.540000
demand_43 3 5 1577.610000
demand_44 3 6 218.929000
demand_45 3 7 317.261000
demand_46 3 8 299.891000
demand_47 3 9 415.029000
demand_48 3 10 1187.630000
demand_49 3 11 315.410000
demand_50 3 12 764.455000
demand_51 3 13 396.466000
demand_52 4 0 990.543000
demand_53 4 1 197.879000
demand_54 4 2 1382.570000
demand_55 4 3 711.619000
demand_56 4 5 782.254000
demand_57 4 6 689.234000
demand_58 4 7 194.710000
demand_59 4 8 714.418000
demand_60 4 9 828.886000
demand_61 4 10 503.791000
demand_62 4 11 813.812000
demand_63 4 12 196.033000
demand_64 4 13 743.666000
demand_65 5 0 1244.230000
demand_66 5 1 301.200000
demand_67 5 2 824.800000
demand_68 5 3 981.767000
demand_69 5 4 1536.950000
demand_70 5 6 545.709000
demand_71 5 7 684.700000
demand_72 5 8 887.218000
demand_73 5 9 597.000000
demand_74 5 10 1240.440000
demand_75 5 11 1088.690000
demand_76 5 12 206.485000
demand_77 5 13 1064.270000
demand_78 6 0 288.091000
demand_79 6 1 1401.000000
demand_80 6 2 810.710000
demand_81 6 3 471.488000
demand_82 6 4 908.389000
demand_83 6 5 285.528000
demand_84 6 7 1249.880000
demand_85 6 8 1264.390000
demand_86 6 9 549.917000
demand_87 6 10 881.070000
demand_88 6 11 916.019000
demand_89 6 12 825.690000
demand_90 6 13 454.851000
demand_91 7 0 1314.280000
demand_92 7 1 306.248000
demand_93 7 2 904.405000
demand_94 7 3 1023.120000
demand_95 7 4 1378.850000
demand_96 7 5 842.323000
demand_97 7 6 1453.710000
demand_98 7 8 987.585000
demand_99 7 9 431.221000
demand_100 7 10 1356.530000
demand_101 7 11 173.170000
demand_102 7 12 505.676000
demand_103 7 13 1472.580000
demand_104 8 0 486.785000
demand_105 8 1 1263.510000
demand_106 8 2 760.375000
demand_107 8 3 954.521000
demand_108 8 4 590.118000
demand_109 8 5 223.763000
demand_110 8 6 211.054000
demand_111 8 7 207.994000
demand_112 8 9 258.749000
demand_113 8 10 1039.110000
demand_114 8 11 994.963000
demand_115 8 12 1236.090000
demand_116 8 13 414.957000
demand_117 9 0 1397.900000
demand_118 9 1 676.219000
demand_119 9 2 1126.450000
demand_120 9 3 468.839000
demand_121 9 4 504.022000
demand_122 9 5 1163.120000
demand_123 9 6 1381.220000
demand_124 9 7 996.088000
demand_125 9 8 1586.180000
demand_126 9 10 417.489000
demand_127 9 11 639.552000
demand_128 9 12 579.357000
demand_129 9 13 1049.020000
demand_130 10 0 605.245000
demand_131 10 1 948.775000
demand_132 10 2 1248.240000
demand_133 10 3 1495.710000
demand_134 10 4 721.367000
demand_135 10 5 1082.350000
demand_136 10 6 1193.510000
demand_137 10 7 343.316000
demand_138 10 8 1180.270000
demand_139 10 9 1376.640000
demand_140 10 11 1139.280000
demand_141 10 12 1256.630000
demand_142 10 13 749.050000
demand_143 11 0 279.980000
demand_144 11 1 542.332000
demand_145 11 2 1218.910000
demand_146 11 3 1439.570000
demand_147 11 4 1345.830000
demand_148 11 5 864.928000
demand_149 11 6 695.983000
demand_150 11 7 915.633000
demand_151 11 8 775.221000
demand_152 11 9 910.927000
demand_153 11 10 1238.050000
demand_154 11 12 356.914000
demand_155 11 13 522.690000
demand_156 12 0 843.772000
demand_157 12 1 1143.170000
demand_158 12 2 1502.390000
demand_159 12 3 1510.850000
demand_160 12 4 508.608000
demand_161 12 5 911.680000
demand_162 12 6 1337.370000
demand_163 12 7 331.369000
demand_164 12 8 1115.980000
demand_165 12 9 971.808000
demand_166 12 10 209.473000
demand_167 12 11 1301.100000
demand_168 12 13 548.408000
demand_169 13 0 1019.740000
demand_170 13 1 1303.640000
demand_171 13 2 438.629000
demand_172 13 3 474.435000
demand_173 13 4 474.840000
demand_174 13 5 1107.040000
demand_175 13 6 319.805000
demand_176 13 7 772.608000
demand_177 13 8 700.019000
demand_178 13 9 1493.530000
demand_179 13 10 710.312000
demand_180 13 11 230.813000
demand_181 13 12 720.333000
