DEMANDS 182
label src dest bw
demand_0 0 1 1433.710000
demand_1 0 2 1085.420000
demand_2 0 3 339.544000
demand_3 0 4 186.284000
demand_4 0 5 1325.900000
demand_5 0 6 397.357000
demand_6 0 7 1374.880000
demand_7 0 8 342.882000
demand_8 0 9 1491.310000
demand_9 0 10 1036.450000
demand_10 0 11 1191.230000
demand_11 0 12 431.477000
demand_12 0 13 1014.070000
demand_13 1 0 1414.330000
demand_14 1 2 1026.230000
demand_15 1 3 1278.830000
demand_16 1 4 823.289000
demand_17 1 5 813.765000
demand_18 1 6 201.196000
demand_19 1 7 1109.540000
demand_20 1 8 635.918000
demand_21 1 9 1314.210000
demand_22 1 10 608.720000
demand_23 1 11 707.473000
demand_24 1 12 1175.390000
demand_25 1 13 1047.980000
demand_26 2 0 1079.830000
demand_27 2 1 795.897000
demand_28 2 3 434.291000
demand_29 2 4 653.034000
demand_30 2 5 960.679000
demand_31 2 6 767.487000
demand_32 2 7 764.670000
demand_33 2 8 905.474000
demand_34 2 9 511.794000
demand_35 2 10 1005.970000
demand_36 2 11 505.735000
demand_37 2 12 459.182000
demand_38 2 13 1379.770000
demand_39 3 0 245.593000
demand_40 3 1 822.252000
demand_41 3 2 876.970000
demand_42 3 4 1276.130000
demand_43 3 5 462.810000
demand_44 3 6 1417.180000
demand_45 3 7 633.610000
demand_46 3 8 1304.950000
demand_47 3 9 1183.620000
demand_48 3 10 463.872000
demand_49 3 11 1280.740000
demand_50 3 12 927.199000
demand_51 3 13 1019.770000
demand_52 4 0 1493.440000
demand_53 4 1 209.517000
demand_54 4 2 678.473000
demand_55 4 3 275.603000
demand_56 4 5 1359.580000
demand_57 4 6 1216.690000
demand_58 4 7 701.463000
demand_59 4 8 1393.080000
demand_60 4 9 349.884000
demand_61 4 10 333.558000
demand_62 4 11 661.536000
demand_63 4 12 952.167000
demand_64 4 13 456.216000
demand_65 5 0 963.079000
demand_66 5 1 373.714000
demand_67 5 2 1472.110000
demand_68 5 3 452.129000
demand_69 5 4 689.768000
demand_70 5 6 1324.250000
demand_71 5 7 1028.090000
demand_72 5 8 180.551000
demand_73 5 9 609.254000
demand_74 5 10 629.017000
demand_75 5 11 454.431000
demand_76 5 12 196.249000
demand_77 5 13 1511.180000
demand_78 6 0 397.783000
demand_79 6 1 822.037000
demand_80 6 2 1092.820000
demand_81 6 3 829.880000
demand_82 6 4 410.555000
demand_83 6 5 414.670000
demand_84 6 7 741.594000
demand_85 6 8 532.431000
demand_86 6 9 406.111000
demand_87 6 10 492.558000
demand_88 6 11 1442.940000
demand_89 6 12 165.463000
demand_90 6 13 829.216000
demand_91 7 0 1165.600000
demand_92 7 1 185.808000
demand_93 7 2 906.605000
demand_94 7 3 875.180000
demand_95 7 4 390.889000
demand_96 7 5 1034.600000
demand_97 7 6 1010.630000
demand_98 7 8 1316.530000
demand_99 7 9 367.150000
demand_100 7 10 511.907000
demand_101 7 11 848.743000
demand_102 7 12 228.872000
demand_103 7 13 877.788000
demand_104 8 0 1413.100000
demand_105 8 1 435.938000
demand_106 8 2 1056.680000
demand_107 8 3 1089.310000
demand_108 8 4 947.016000
demand_109 8 5 956.966000
demand_110 8 6 365.643000
demand_111 8 7 1159.520000
demand_112 8 9 498.231000
demand_113 8 10 865.083000
demand_114 8 11 851.932000
demand_115 8 12 391.103000
demand_116 8 13 1003.550000
demand_117 9 0 1299.760000
demand_118 9 1 1104.620000
demand_119 9 2 1267.140000
demand_120 9 3 333.230000
demand_121 9 4 788.526000
demand_122 9 5 1130.880000
demand_123 9 6 308.258000
demand_124 9 7 1387.730000
demand_125 9 8 1271.820000
demand_126 9 10 825.754000
demand_127 9 11 1149.810000
demand_128 9 12 1265.300000
demand_129 9 13 484.226000
demand_130 10 0 332.075000
demand_131 10 1 1222.310000
demand_132 10 2 1338.830000
demand_133 10 3 352.483000
demand_134 10 4 1268.400000
demand_135 10 5 272.715000
demand_136 10 6 849.857000
demand_137 10 7 1453.640000
demand_138 10 8 432.159000
demand_139 10 9 995.279000
demand_140 10 11 1222.920000
demand_141 10 12 1245.350000
demand_142 10 13 572.071000
demand_143 11 0 1010.680000
demand_144 11 1 507.564000
demand_145 11 2 978.930000
demand_146 11 3 1440.460000
demand_147 11 4 728.048000
demand_148 11 5 614.137000
demand_149 11 6 211.410000
demand_150 11 7 835.089000
demand_151 11 8 1382.230000
demand_152 11 9 712.995000
demand_153 11 10 666.039000
demand_154 11 12 955.684000
demand_155 11 13 892.663000
demand_156 12 0 832.946000
demand_157 12 1 596.488000
demand_158 12 2 1525.830000
demand_159 12 3 418.255000
demand_160 12 4 603.182000
demand_161 12 5 1504.400000
demand_162 12 6 1082.450000
demand_163 12 7 530.018000
demand_164 12 8 842.575000
demand_165 12 9 1233.660000
demand_166 12 10 296.416000
demand_167 12 11 619.144000
demand_168 12 13 911.301000
demand_169 13 0 247.645000
demand_170 13 1 1372.920000
demand_171 13 2 1484.080000
demand_172 13 3 736.919000
demand_173 13 4 1089.420000
demand_174 13 5 1321.280000
demand_175 13 6 929.157000
demand_176 13 7 422.041000
demand_177 13 8 644.970000
demand_178 13 9 380.835000
demand_179 13 10 1459.430000
demand_180 13 11 402.835000
demand_181 13 12 1190.240000
