DEMANDS 182
label src dest bw
demand_0 0 1 873.411000
demand_1 0 2 1423.350000
demand_2 0 3 258.023000
demand_3 0 4 443.813000
demand_4 0 5 1174.580000
demand_5 0 6 963.199000
demand_6 0 7 1013.580000
demand_7 0 8 755.475000
demand_8 0 9 796.273000
demand_9 0 10 1013.550000
demand_10 0 11 1227.280000
demand_11 0 12 164.520000
demand_12 0 13 298.643000
demand_13 1 0 1312.260000
demand_14 1 2 321.191000
demand_15 1 3 149.171000
demand_16 1 4 231.163000
demand_17 1 5 1410.770000
demand_18 1 6 1159.280000
demand_19 1 7 281.602000
demand_20 1 8 292.288000
demand_21 1 9 959.602000
demand_22 1 10 1132.370000
demand_23 1 11 1118.150000
demand_24 1 12 1380.730000
demand_25 1 13 1281.540000
demand_26 2 0 1056.040000
demand_27 2 1 932.537000
demand_28 2 3 965.382000
demand_29 2 4 418.878000
demand_30 2 5 1229.050000
demand_31 2 6 284.401000
demand_32 2 7 312.949000
demand_33 2 8 148.738000
demand_34 2 9 1131.400000
demand_35 2 10 462.560000
demand_36 2 11 658.057000
demand_37 2 12 955.097000
demand_38 2 13 649.433000
demand_39 3 0 638.089000
demand_40 3 1 1061.200000
demand_41 3 2 1218.490000
demand_42 3 4 640.012000
demand_43 3 5 1081.040000
demand_44 3 6 1337.230000
demand_45 3 7 898.486000
demand_46 3 8 316.178000
demand_47 3 9 1020.770000
demand_48 3 10 262.972000
demand_49 3 11 769.717000
demand_50 3 12 1378.050000
demand_51 3 13 1069.770000
demand_52 4 0 1192.960000
demand_53 4 1 1137.230000
demand_54 4 2 1250.480000
demand_55 4 3 281.250000
demand_56 4 5 189.050000
demand_57 4 6 422.084000
demand_58 4 7 1154.890000
demand_59 4 8 774.350000
demand_60 4 9 1024.670000
demand_61 4 10 724.084000
demand_62 4 11 681.745000
demand_63 4 12 1185.750000
demand_64 4 13 1206.080000
demand_65 5 0 1086.710000
demand_66 5 1 1287.570000
demand_67 5 2 1331.860000
demand_68 5 3 361.966000
demand_69 5 4 1306.690000
demand_70 5 6 260.900000
demand_71 5 7 147.641000
demand_72 5 8 696.861000
demand_73 5 9 1177.970000
demand_74 5 10 871.713000
demand_75 5 11 625.386000
demand_76 5 12 783.239000
demand_77 5 13 897.942000
demand_78 6 0 458.823000
demand_79 6 1 254.832000
demand_80 6 2 1025.460000
demand_81 6 3 179.409000
demand_82 6 4 1141.710000
demand_83 6 5 1095.790000
demand_84 6 7 700.573000
demand_85 6 8 509.386000
demand_86 6 9 313.271000
demand_87 6 10 616.428000
demand_88 6 11 822.118000
demand_89 6 12 798.704000
demand_90 6 13 1393.960000
demand_91 7 0 412.386000
demand_92 7 1 751.388000
demand_93 7 2 343.719000
demand_94 7 3 950.991000
demand_95 7 4 631.719000
demand_96 7 5 998.679000
demand_97 7 6 1323.970000
demand_98 7 8 1023.870000
demand_99 7 9 677.745000
demand_100 7 10 1011.440000
demand_101 7 11 1233.990000
demand_102 7 12 934.859000
demand_103 7 13 405.711000
demand_104 8 0 697.297000
demand_105 8 1 806.320000
demand_106 8 2 771.626000
demand_107 8 3 577.978000
demand_108 8 4 385.254000
demand_109 8 5 520.537000
demand_110 8 6 846.503000
demand_111 8 7 623.184000
demand_112 8 9 562.745000
demand_113 8 10 632.823000
demand_114 8 11 1427.380000
demand_115 8 12 1219.830000
demand_116 8 13 1146.580000
demand_117 9 0 212.666000
demand_118 9 1 442.384000
demand_119 9 2 1228.790000
demand_120 9 3 1115.360000
demand_121 9 4 617.246000
demand_122 9 5 996.796000
demand_123 9 6 255.598000
demand_124 9 7 209.214000
demand_125 9 8 660.188000
demand_126 9 10 778.065000
demand_127 9 11 1354.220000
demand_128 9 12 1278.360000
demand_129 9 13 376.715000
demand_130 10 0 536.443000
demand_131 10 1 1364.440000
demand_132 10 2 1233.150000
demand_133 10 3 1294.980000
demand_134 10 4 369.904000
demand_135 10 5 640.583000
demand_136 10 6 824.244000
demand_137 10 7 1154.440000
demand_138 10 8 412.424000
demand_139 10 9 1374.370000
demand_140 10 11 531.263000
demand_141 10 12 583.324000
demand_142 10 13 959.420000
demand_143 11 0 718.250000
demand_144 11 1 965.518000
demand_145 11 2 166.577000
demand_146 11 3 836.248000
demand_147 11 4 816.811000
demand_148 11 5 596.078000
demand_149 11 6 959.208000
demand_150 11 7 398.031000
demand_151 11 8 878.301000
demand_152 11 9 937.441000
demand_153 11 10 857.524000
demand_154 11 12 749.823000
demand_155 11 13 412.280000
demand_156 12 0 179.014000
demand_157 12 1 372.233000
demand_158 12 2 1276.840000
demand_159 12 3 943.140000
demand_160 12 4 884.089000
demand_161 12 5 175.600000
demand_162 12 6 743.131000
demand_163 12 7 1092.560000
demand_164 12 8 1263.800000
demand_165 12 9 298.670000
demand_166 12 10 742.193000
demand_167 12 11 443.382000
demand_168 12 13 200.479000
demand_169 13 0 474.985000
demand_170 13 1 472.649000
demand_171 13 2 901.855000
demand_172 13 3 192.409000
demand_173 13 4 279.140000
demand_174 13 5 676.159000
demand_175 13 6 314.791000
demand_176 13 7 1019.770000
demand_177 13 8 1193.190000
demand_178 13 9 747.804000
demand_179 13 10 1192.040000
demand_180 13 11 711.505000
demand_181 13 12 994.091000
