DEMANDS 182
label src dest bw
demand_0 0 1 1337.410000
demand_1 0 2 595.357000
demand_2 0 3 1059.270000
demand_3 0 4 273.978000
demand_4 0 5 1120.080000
demand_5 0 6 1063.590000
demand_6 0 7 994.954000
demand_7 0 8 498.241000
demand_8 0 9 753.077000
demand_9 0 10 1313.830000
demand_10 0 11 1048.380000
demand_11 0 12 256.500000
demand_12 0 13 1520.420000
demand_13 1 0 849.809000
demand_14 1 2 420.330000
demand_15 1 3 354.767000
demand_16 1 4 858.679000
demand_17 1 5 1062.910000
demand_18 1 6 1190.010000
demand_19 1 7 816.303000
demand_20 1 8 1121.430000
demand_21 1 9 523.050000
demand_22 1 10 587.933000
demand_23 1 11 416.233000
demand_24 1 12 732.689000
demand_25 1 13 1286.900000
demand_26 2 0 1019.050000
demand_27 2 1 1398.190000
demand_28 2 3 239.367000
demand_29 2 4 714.404000
demand_30 2 5 319.382000
demand_31 2 6 1292.090000
demand_32 2 7 199.661000
demand_33 2 8 1058.590000
demand_34 2 9 551.199000
demand_35 2 10 1071.010000
demand_36 2 11 1437.070000
demand_37 2 12 913.987000
demand_38 2 13 545.555000
demand_39 3 0 1071.860000
demand_40 3 1 1431.360000
demand_41 3 2 844.141000
demand_42 3 4 957.251000
demand_43 3 5 1377.270000
demand_44 3 6 410.023000
demand_45 3 7 1164.120000
demand_46 3 8 1274.230000
demand_47 3 9 424.867000
demand_48 3 10 483.946000
demand_49 3 11 1456.920000
demand_50 3 12 331.545000
demand_51 3 13 1495.220000
demand_52 4 0 1569.590000
demand_53 4 1 425.009000
demand_54 4 2 1197.810000
demand_55 4 3 477.442000
demand_56 4 5 1485.220000
demand_57 4 6 229.119000
demand_58 4 7 1289.920000
demand_59 4 8 493.410000
demand_60 4 9 488.108000
demand_61 4 10 1465.260000
demand_62 4 11 475.501000
demand_63 4 12 460.128000
demand_64 4 13 1028.850000
demand_65 5 0 743.665000
demand_66 5 1 738.301000
demand_67 5 2 1541.700000
demand_68 5 3 1225.870000
demand_69 5 4 907.462000
demand_70 5 6 1262.680000
demand_71 5 7 218.671000
demand_72 5 8 1132.260000
demand_73 5 9 1495.990000
demand_74 5 10 1516.670000
demand_75 5 11 245.332000
demand_76 5 12 925.469000
demand_77 5 13 1466.600000
demand_78 6 0 1143.660000
demand_79 6 1 1064.100000
demand_80 6 2 1073.420000
demand_81 6 3 827.583000
demand_82 6 4 419.705000
demand_83 6 5 1389.250000
demand_84 6 7 275.562000
demand_85 6 8 512.777000
demand_86 6 9 541.851000
demand_87 6 10 431.952000
demand_88 6 11 1069.000000
demand_89 6 12 790.646000
demand_90 6 13 516.019000
demand_91 7 0 234.127000
demand_92 7 1 907.269000
demand_93 7 2 1454.750000
demand_94 7 3 359.887000
demand_95 7 4 792.057000
demand_96 7 5 388.288000
demand_97 7 6 374.578000
demand_98 7 8 1377.890000
demand_99 7 9 698.937000
demand_100 7 10 171.749000
demand_101 7 11 818.782000
demand_102 7 12 893.096000
demand_103 7 13 1215.300000
demand_104 8 0 282.027000
demand_105 8 1 368.991000
demand_106 8 2 717.813000
demand_107 8 3 722.989000
demand_108 8 4 1181.890000
demand_109 8 5 583.019000
demand_110 8 6 621.989000
demand_111 8 7 940.697000
demand_112 8 9 583.707000
demand_113 8 10 1425.170000
demand_114 8 11 1242.670000
demand_115 8 12 1532.010000
demand_116 8 13 1211.400000
demand_117 9 0 1136.890000
demand_118 9 1 579.948000
demand_119 9 2 1316.330000
demand_120 9 3 1095.780000
demand_121 9 4 1009.350000
demand_122 9 5 525.139000
demand_123 9 6 401.431000
demand_124 9 7 772.774000
demand_125 9 8 1110.410000
demand_126 9 10 1494.240000
demand_127 9 11 991.499000
demand_128 9 12 459.849000
demand_129 9 13 1377.960000
demand_130 10 0 1370.180000
demand_131 10 1 1560.410000
demand_132 10 2 550.860000
demand_133 10 3 1188.430000
demand_134 10 4 1393.370000
demand_135 10 5 477.668000
demand_136 10 6 1176.810000
demand_137 10 7 511.673000
demand_138 10 8 1452.410000
demand_139 10 9 525.519000
demand_140 10 11 309.519000
demand_141 10 12 470.522000
demand_142 10 13 216.072000
demand_143 11 0 1465.160000
demand_144 11 1 1173.970000
demand_145 11 2 438.490000
demand_146 11 3 477.916000
demand_147 11 4 1505.240000
demand_148 11 5 1285.990000
demand_149 11 6 1013.930000
demand_150 11 7 1193.000000
demand_151 11 8 1213.930000
demand_152 11 9 750.331000
demand_153 11 10 505.607000
demand_154 11 12 1362.550000
demand_155 11 13 1425.640000
demand_156 12 0 550.511000
demand_157 12 1 1093.730000
demand_158 12 2 956.007000
demand_159 12 3 881.429000
demand_160 12 4 760.477000
demand_161 12 5 1275.040000
demand_162 12 6 1564.450000
demand_163 12 7 159.199000
demand_164 12 8 1079.280000
demand_165 12 9 381.207000
demand_166 12 10 1116.530000
demand_167 12 11 330.998000
demand_168 12 13 1487.690000
demand_169 13 0 1463.430000
demand_170 13 1 845.905000
demand_171 13 2 376.590000
demand_172 13 3 567.646000
demand_173 13 4 888.326000
demand_174 13 5 382.157000
demand_175 13 6 1312.480000
demand_176 13 7 1393.710000
demand_177 13 8 424.475000
demand_178 13 9 598.729000
demand_179 13 10 851.841000
demand_180 13 11 1331.270000
demand_181 13 12 613.622000
