DEMANDS 182
label src dest bw
demand_0 0 1 164.116000
demand_1 0 2 371.766000
demand_2 0 3 997.121000
demand_3 0 4 167.629000
demand_4 0 5 1172.250000
demand_5 0 6 560.908000
demand_6 0 7 830.947000
demand_7 0 8 1154.460000
demand_8 0 9 1036.410000
demand_9 0 10 1106.130000
demand_10 0 11 1114.360000
demand_11 0 12 1381.020000
demand_12 0 13 186.435000
demand_13 1 0 503.833000
demand_14 1 2 424.180000
demand_15 1 3 187.972000
demand_16 1 4 466.256000
demand_17 1 5 1275.370000
demand_18 1 6 479.249000
demand_19 1 7 297.760000
demand_20 1 8 637.726000
demand_21 1 9 1293.920000
demand_22 1 10 959.647000
demand_23 1 11 723.087000
demand_24 1 12 517.652000
demand_25 1 13 1193.390000
demand_26 2 0 789.595000
demand_27 2 1 293.385000
demand_28 2 3 877.759000
demand_29 2 4 681.688000
demand_30 2 5 250.717000
demand_31 2 6 1116.800000
demand_32 2 7 630.490000
demand_33 2 8 522.578000
demand_34 2 9 1099.470000
demand_35 2 10 1130.620000
demand_36 2 11 1130.060000
demand_37 2 12 152.224000
demand_38 2 13 575.491000
demand_39 3 0 826.512000
demand_40 3 1 399.758000
demand_41 3 2 752.243000
demand_42 3 4 513.792000
demand_43 3 5 901.052000
demand_44 3 6 458.096000
demand_45 3 7 1111.170000
demand_46 3 8 1247.720000
demand_47 3 9 280.721000
demand_48 3 10 788.952000
demand_49 3 11 614.773000
demand_50 3 12 497.118000
demand_51 3 13 903.163000
demand_52 4 0 386.038000
demand_53 4 1 488.356000
demand_54 4 2 763.131000
demand_55 4 3 1107.260000
demand_56 4 5 1370.730000
demand_57 4 6 1151.800000
demand_58 4 7 208.179000
demand_59 4 8 444.669000
demand_60 4 9 880.704000
demand_61 4 10 585.905000
demand_62 4 11 1056.740000
demand_63 4 12 709.864000
demand_64 4 13 618.107000
demand_65 5 0 615.257000
demand_66 5 1 658.971000
demand_67 5 2 885.825000
demand_68 5 3 628.576000
demand_69 5 4 979.993000
demand_70 5 6 1165.500000
demand_71 5 7 169.621000
demand_72 5 8 1161.670000
demand_73 5 9 864.028000
demand_74 5 10 553.589000
demand_75 5 11 1318.880000
demand_76 5 12 821.390000
demand_77 5 13 719.042000
demand_78 6 0 1091.380000
demand_79 6 1 911.119000
demand_80 6 2 589.355000
demand_81 6 3 1433.500000
demand_82 6 4 1176.670000
demand_83 6 5 895.600000
demand_84 6 7 339.490000
demand_85 6 8 982.838000
demand_86 6 9 579.106000
demand_87 6 10 426.985000
demand_88 6 11 521.246000
demand_89 6 12 781.736000
demand_90 6 13 175.981000
demand_91 7 0 304.422000
demand_92 7 1 468.276000
demand_93 7 2 986.050000
demand_94 7 3 450.923000
demand_95 7 4 897.867000
demand_96 7 5 988.619000
demand_97 7 6 1355.510000
demand_98 7 8 1285.110000
demand_99 7 9 1415.760000
demand_100 7 10 348.976000
demand_101 7 11 438.057000
demand_102 7 12 1276.000000
demand_103 7 13 154.847000
demand_104 8 0 1014.930000
demand_105 8 1 257.757000
demand_106 8 2 962.346000
demand_107 8 3 836.658000
demand_108 8 4 1388.360000
demand_109 8 5 786.356000
demand_110 8 6 946.995000
demand_111 8 7 379.509000
demand_112 8 9 594.636000
demand_113 8 10 324.622000
demand_114 8 11 249.802000
demand_115 8 12 1133.280000
demand_116 8 13 498.461000
demand_117 9 0 876.438000
demand_118 9 1 692.973000
demand_119 9 2 351.042000
demand_120 9 3 539.514000
demand_121 9 4 301.171000
demand_122 9 5 1427.950000
demand_123 9 6 1095.830000
demand_124 9 7 1294.060000
demand_125 9 8 454.451000
demand_126 9 10 1201.810000
demand_127 9 11 547.415000
demand_128 9 12 899.150000
demand_129 9 13 529.567000
demand_130 10 0 249.691000
demand_131 10 1 593.554000
demand_132 10 2 1309.110000
demand_133 10 3 1203.030000
demand_134 10 4 1121.600000
demand_135 10 5 181.922000
demand_136 10 6 149.678000
demand_137 10 7 551.296000
demand_138 10 8 613.674000
demand_139 10 9 1309.850000
demand_140 10 11 307.712000
demand_141 10 12 442.817000
demand_142 10 13 1306.610000
demand_143 11 0 726.692000
demand_144 11 1 816.900000
demand_145 11 2 794.617000
demand_146 11 3 734.676000
demand_147 11 4 601.420000
demand_148 11 5 389.101000
demand_149 11 6 260.246000
demand_150 11 7 1333.230000
demand_151 11 8 995.693000
demand_152 11 9 918.963000
demand_153 11 10 397.863000
demand_154 11 12 938.027000
demand_155 11 13 857.467000
demand_156 12 0 885.689000
demand_157 12 1 164.528000
demand_158 12 2 1361.780000
demand_159 12 3 1254.920000
demand_160 12 4 385.612000
demand_161 12 5 697.494000
demand_162 12 6 331.931000
demand_163 12 7 443.317000
demand_164 12 8 355.772000
demand_165 12 9 830.397000
demand_166 12 10 373.406000
demand_167 12 11 144.954000
demand_168 12 13 663.190000
demand_169 13 0 1068.360000
demand_170 13 1 239.234000
demand_171 13 2 373.246000
demand_172 13 3 1383.600000
demand_173 13 4 477.642000
demand_174 13 5 178.348000
demand_175 13 6 1198.320000
demand_176 13 7 654.072000
demand_177 13 8 902.221000
demand_178 13 9 1400.720000
demand_179 13 10 688.892000
demand_180 13 11 148.582000
demand_181 13 12 555.887000
