DEMANDS 182
label src dest bw
demand_0 0 1 483.583000
demand_1 0 2 233.838000
demand_2 0 3 913.178000
demand_3 0 4 694.595000
demand_4 0 5 385.562000
demand_5 0 6 373.890000
demand_6 0 7 894.336000
demand_7 0 8 1398.740000
demand_8 0 9 447.561000
demand_9 0 10 426.814000
demand_10 0 11 188.639000
demand_11 0 12 951.036000
demand_12 0 13 826.006000
demand_13 1 0 319.766000
demand_14 1 2 407.900000
demand_15 1 3 1369.600000
demand_16 1 4 670.924000
demand_17 1 5 970.658000
demand_18 1 6 1301.260000
demand_19 1 7 1117.110000
demand_20 1 8 427.368000
demand_21 1 9 753.770000
demand_22 1 10 641.950000
demand_23 1 11 358.484000
demand_24 1 12 725.130000
demand_25 1 13 314.124000
demand_26 2 0 1145.480000
demand_27 2 1 679.750000
demand_28 2 3 322.894000
demand_29 2 4 1153.450000
demand_30 2 5 1246.800000
demand_31 2 6 564.602000
demand_32 2 7 998.221000
demand_33 2 8 1156.530000
demand_34 2 9 956.578000
demand_35 2 10 441.300000
demand_36 2 11 1010.410000
demand_37 2 12 978.002000
demand_38 2 13 951.379000
demand_39 3 0 1356.150000
demand_40 3 1 239.913000
demand_41 3 2 1409.380000
demand_42 3 4 1050.400000
demand_43 3 5 1300.320000
demand_44 3 6 270.615000
demand_45 3 7 1110.790000
demand_46 3 8 587.505000
demand_47 3 9 951.264000
demand_48 3 10 1225.820000
demand_49 3 11 338.658000
demand_50 3 12 1087.790000
demand_51 3 13 746.206000
demand_52 4 0 1461.440000
demand_53 4 1 786.077000
demand_54 4 2 816.097000
demand_55 4 3 403.524000
demand_56 4 5 542.025000
demand_57 4 6 1496.460000
demand_58 4 7 1184.660000
demand_59 4 8 1411.820000
demand_60 4 9 1330.800000
demand_61 4 10 562.639000
demand_62 4 11 248.369000
demand_63 4 12 478.107000
demand_64 4 13 1070.920000
demand_65 5 0 834.505000
demand_66 5 1 1392.260000
demand_67 5 2 1221.680000
demand_68 5 3 743.569000
demand_69 5 4 387.329000
demand_70 5 6 1061.440000
demand_71 5 7 1243.990000
demand_72 5 8 1139.320000
demand_73 5 9 708.319000
demand_74 5 10 518.082000
demand_75 5 11 1339.180000
demand_76 5 12 312.288000
demand_77 5 13 1420.580000
demand_78 6 0 839.048000
demand_79 6 1 720.905000
demand_80 6 2 353.538000
demand_81 6 3 462.114000
demand_82 6 4 1278.630000
demand_83 6 5 990.763000
demand_84 6 7 860.927000
demand_85 6 8 172.515000
demand_86 6 9 461.302000
demand_87 6 10 1528.460000
demand_88 6 11 1467.130000
demand_89 6 12 1219.520000
demand_90 6 13 1323.440000
demand_91 7 0 749.932000
demand_92 7 1 438.344000
demand_93 7 2 207.239000
demand_94 7 3 1496.470000
demand_95 7 4 505.076000
demand_96 7 5 607.945000
demand_97 7 6 1450.160000
demand_98 7 8 289.862000
demand_99 7 9 1240.760000
demand_100 7 10 235.363000
demand_101 7 11 1416.980000
demand_102 7 12 1056.040000
demand_103 7 13 486.548000
demand_104 8 0 1473.330000
demand_105 8 1 453.812000
demand_106 8 2 163.418000
demand_107 8 3 1096.790000
demand_108 8 4 923.959000
demand_109 8 5 647.025000
demand_110 8 6 306.496000
demand_111 8 7 1134.880000
demand_112 8 9 799.656000
demand_113 8 10 1204.670000
demand_114 8 11 540.486000
demand_115 8 12 1330.010000
demand_116 8 13 914.653000
demand_117 9 0 1264.190000
demand_118 9 1 607.437000
demand_119 9 2 1071.010000
demand_120 9 3 224.656000
demand_121 9 4 1476.180000
demand_122 9 5 642.474000
demand_123 9 6 946.098000
demand_124 9 7 355.630000
demand_125 9 8 423.206000
demand_126 9 10 546.249000
demand_127 9 11 525.876000
demand_128 9 12 513.211000
demand_129 9 13 831.737000
demand_130 10 0 995.944000
demand_131 10 1 471.203000
demand_132 10 2 1364.290000
demand_133 10 3 472.092000
demand_134 10 4 1270.530000
demand_135 10 5 567.184000
demand_136 10 6 287.624000
demand_137 10 7 351.111000
demand_138 10 8 1247.550000
demand_139 10 9 1045.580000
demand_140 10 11 393.478000
demand_141 10 12 1318.860000
demand_142 10 13 465.049000
demand_143 11 0 707.876000
demand_144 11 1 845.287000
demand_145 11 2 1355.970000
demand_146 11 3 861.267000
demand_147 11 4 820.482000
demand_148 11 5 465.394000
demand_149 11 6 1403.170000
demand_150 11 7 858.620000
demand_151 11 8 714.711000
demand_152 11 9 1146.790000
demand_153 11 10 1037.350000
demand_154 11 12 1156.140000
demand_155 11 13 604.710000
demand_156 12 0 828.581000
demand_157 12 1 1436.400000
demand_158 12 2 624.902000
demand_159 12 3 1482.340000
demand_160 12 4 1451.820000
demand_161 12 5 545.179000
demand_162 12 6 268.046000
demand_163 12 7 1204.800000
demand_164 12 8 1475.640000
demand_165 12 9 344.139000
demand_166 12 10 737.926000
demand_167 12 11 795.516000
demand_168 12 13 424.531000
demand_169 13 0 750.515000
demand_170 13 1 966.050000
demand_171 13 2 1497.390000
demand_172 13 3 1363.240000
demand_173 13 4 919.719000
demand_174 13 5 1159.510000
demand_175 13 6 391.418000
demand_176 13 7 1460.230000
demand_177 13 8 428.127000
demand_178 13 9 1094.850000
demand_179 13 10 1320.070000
demand_180 13 11 906.862000
demand_181 13 12 423.474000
