DEMANDS 182
label src dest bw
demand_0 0 1 1350.160000
demand_1 0 2 1480.210000
demand_2 0 3 862.123000
demand_3 0 4 804.350000
demand_4 0 5 1475.900000
demand_5 0 6 1345.110000
demand_6 0 7 1371.560000
demand_7 0 8 160.083000
demand_8 0 9 355.131000
demand_9 0 10 878.173000
demand_10 0 11 434.980000
demand_11 0 12 849.950000
demand_12 0 13 385.120000
demand_13 1 0 653.525000
demand_14 1 2 400.075000
demand_15 1 3 565.361000
demand_16 1 4 852.944000
demand_17 1 5 661.913000
demand_18 1 6 511.592000
demand_19 1 7 1016.640000
demand_20 1 8 605.109000
demand_21 1 9 312.302000
demand_22 1 10 1122.110000
demand_23 1 11 329.244000
demand_24 1 12 1503.550000
demand_25 1 13 1185.620000
demand_26 2 0 1096.660000
demand_27 2 1 1307.410000
demand_28 2 3 1429.780000
demand_29 2 4 157.310000
demand_30 2 5 900.907000
demand_31 2 6 1149.230000
demand_32 2 7 1358.950000
demand_33 2 8 1293.270000
demand_34 2 9 926.989000
demand_35 2 10 328.029000
demand_36 2 11 860.816000
demand_37 2 12 1320.520000
demand_38 2 13 519.111000
demand_39 3 0 801.605000
demand_40 3 1 1232.730000
demand_41 3 2 1096.660000
demand_42 3 4 941.322000
demand_43 3 5 1053.620000
demand_44 3 6 397.960000
demand_45 3 7 538.510000
demand_46 3 8 1167.800000
demand_47 3 9 366.382000
demand_48 3 10 1182.160000
demand_49 3 11 941.822000
demand_50 3 12 1474.120000
demand_51 3 13 484.517000
demand_52 4 0 457.927000
demand_53 4 1 223.777000
demand_54 4 2 1258.570000
demand_55 4 3 1171.480000
demand_56 4 5 820.597000
demand_57 4 6 485.111000
demand_58 4 7 1244.260000
demand_59 4 8 536.056000
demand_60 4 9 1058.720000
demand_61 4 10 659.063000
demand_62 4 11 978.733000
demand_63 4 12 1494.610000
demand_64 4 13 504.193000
demand_65 5 0 1461.120000
demand_66 5 1 1149.420000
demand_67 5 2 999.451000
demand_68 5 3 541.661000
demand_69 5 4 778.177000
demand_70 5 6 1386.720000
demand_71 5 7 1012.270000
demand_72 5 8 862.958000
demand_73 5 9 354.825000
demand_74 5 10 884.606000
demand_75 5 11 257.905000
demand_76 5 12 468.641000
demand_77 5 13 511.682000
demand_78 6 0 1375.580000
demand_79 6 1 425.025000
demand_80 6 2 1234.120000
demand_81 6 3 1314.440000
demand_82 6 4 178.305000
demand_83 6 5 850.030000
demand_84 6 7 975.410000
demand_85 6 8 1109.520000
demand_86 6 9 503.395000
demand_87 6 10 724.352000
demand_88 6 11 1299.260000
demand_89 6 12 747.208000
demand_90 6 13 359.199000
demand_91 7 0 1116.400000
demand_92 7 1 919.970000
demand_93 7 2 1395.120000
demand_94 7 3 325.760000
demand_95 7 4 1305.310000
demand_96 7 5 1078.610000
demand_97 7 6 383.364000
demand_98 7 8 1452.770000
demand_99 7 9 507.778000
demand_100 7 10 1460.730000
demand_101 7 11 1043.640000
demand_102 7 12 424.678000
demand_103 7 13 925.033000
demand_104 8 0 814.832000
demand_105 8 1 1471.280000
demand_106 8 2 280.364000
demand_107 8 3 663.676000
demand_108 8 4 215.164000
demand_109 8 5 1224.580000
demand_110 8 6 273.415000
demand_111 8 7 762.677000
demand_112 8 9 991.040000
demand_113 8 10 522.887000
demand_114 8 11 1393.540000
demand_115 8 12 1050.130000
demand_116 8 13 1320.220000
demand_117 9 0 781.442000
demand_118 9 1 1305.310000
demand_119 9 2 211.904000
demand_120 9 3 1175.140000
demand_121 9 4 1000.500000
demand_122 9 5 599.393000
demand_123 9 6 1332.950000
demand_124 9 7 599.362000
demand_125 9 8 764.775000
demand_126 9 10 1384.380000
demand_127 9 11 932.298000
demand_128 9 12 462.652000
demand_129 9 13 1055.060000
demand_130 10 0 320.304000
demand_131 10 1 240.482000
demand_132 10 2 823.334000
demand_133 10 3 995.379000
demand_134 10 4 1417.720000
demand_135 10 5 473.221000
demand_136 10 6 383.301000
demand_137 10 7 1461.210000
demand_138 10 8 1200.880000
demand_139 10 9 838.144000
demand_140 10 11 1079.340000
demand_141 10 12 1267.770000
demand_142 10 13 1082.890000
demand_143 11 0 1003.770000
demand_144 11 1 1387.640000
demand_145 11 2 871.402000
demand_146 11 3 606.439000
demand_147 11 4 345.502000
demand_148 11 5 552.998000
demand_149 11 6 847.530000
demand_150 11 7 1254.290000
demand_151 11 8 1006.160000
demand_152 11 9 944.794000
demand_153 11 10 1336.530000
demand_154 11 12 341.335000
demand_155 11 13 208.632000
demand_156 12 0 184.172000
demand_157 12 1 346.507000
demand_158 12 2 813.169000
demand_159 12 3 470.212000
demand_160 12 4 628.626000
demand_161 12 5 802.258000
demand_162 12 6 499.908000
demand_163 12 7 405.147000
demand_164 12 8 821.384000
demand_165 12 9 576.917000
demand_166 12 10 758.289000
demand_167 12 11 885.760000
demand_168 12 13 619.292000
demand_169 13 0 1293.730000
demand_170 13 1 744.418000
demand_171 13 2 184.007000
demand_172 13 3 415.208000
demand_173 13 4 910.417000
demand_174 13 5 1513.850000
demand_175 13 6 937.163000
demand_176 13 7 736.674000
demand_177 13 8 765.566000
demand_178 13 9 1504.880000
demand_179 13 10 329.142000
demand_180 13 11 844.515000
demand_181 13 12 252.513000
