DEMANDS 182
label src dest bw
demand_0 0 1 1494.760000
demand_1 0 2 1065.330000
demand_2 0 3 1127.850000
demand_3 0 4 423.720000
demand_4 0 5 945.696000
demand_5 0 6 156.918000
demand_6 0 7 181.262000
demand_7 0 8 173.377000
demand_8 0 9 630.120000
demand_9 0 10 423.864000
demand_10 0 11 1344.470000
demand_11 0 12 580.664000
demand_12 0 13 1088.710000
demand_13 1 0 817.262000
demand_14 1 2 677.874000
demand_15 1 3 393.540000
demand_16 1 4 1328.840000
demand_17 1 5 545.916000
demand_18 1 6 1045.760000
demand_19 1 7 508.758000
demand_20 1 8 252.170000
demand_21 1 9 420.663000
demand_22 1 10 264.935000
demand_23 1 11 447.975000
demand_24 1 12 1028.150000
demand_25 1 13 765.197000
demand_26 2 0 221.646000
demand_27 2 1 969.650000
demand_28 2 3 178.894000
demand_29 2 4 724.918000
demand_30 2 5 1504.510000
demand_31 2 6 1245.550000
demand_32 2 7 1329.930000
demand_33 2 8 464.190000
demand_34 2 9 515.232000
demand_35 2 10 1284.240000
demand_36 2 11 507.239000
demand_37 2 12 1470.070000
demand_38 2 13 527.031000
demand_39 3 0 790.389000
demand_40 3 1 1499.210000
demand_41 3 2 1012.820000
demand_42 3 4 968.124000
demand_43 3 5 171.450000
demand_44 3 6 1221.010000
demand_45 3 7 1450.640000
demand_46 3 8 562.900000
demand_47 3 9 247.768000
demand_48 3 10 1327.650000
demand_49 3 11 597.417000
demand_50 3 12 536.694000
demand_51 3 13 406.530000
demand_52 4 0 791.900000
demand_53 4 1 436.066000
demand_54 4 2 1006.730000
demand_55 4 3 1492.250000
demand_56 4 5 1314.320000
demand_57 4 6 483.204000
demand_58 4 7 158.269000
demand_59 4 8 937.988000
demand_60 4 9 234.404000
demand_61 4 10 1194.890000
demand_62 4 11 356.720000
demand_63 4 12 739.656000
demand_64 4 13 662.226000
demand_65 5 0 591.722000
demand_66 5 1 560.299000
demand_67 5 2 1181.330000
demand_68 5 3 1378.930000
demand_69 5 4 773.233000
demand_70 5 6 869.435000
demand_71 5 7 1207.820000
demand_72 5 8 1372.220000
demand_73 5 9 1519.610000
demand_74 5 10 392.142000
demand_75 5 11 336.452000
demand_76 5 12 281.303000
demand_77 5 13 1016.670000
demand_78 6 0 515.761000
demand_79 6 1 1502.930000
demand_80 6 2 1077.000000
demand_81 6 3 1253.090000
demand_82 6 4 974.945000
demand_83 6 5 1277.270000
demand_84 6 7 1231.370000
demand_85 6 8 1181.330000
demand_86 6 9 1138.660000
demand_87 6 10 1230.030000
demand_88 6 11 1207.650000
demand_89 6 12 712.282000
demand_90 6 13 1189.290000
demand_91 7 0 1369.090000
demand_92 7 1 1238.320000
demand_93 7 2 480.236000
demand_94 7 3 605.638000
demand_95 7 4 1356.000000
demand_96 7 5 995.187000
demand_97 7 6 1257.170000
demand_98 7 8 471.705000
demand_99 7 9 753.392000
demand_100 7 10 197.583000
demand_101 7 11 1483.880000
demand_102 7 12 1489.810000
demand_103 7 13 1242.040000
demand_104 8 0 717.910000
demand_105 8 1 212.826000
demand_106 8 2 1105.650000
demand_107 8 3 1115.080000
demand_108 8 4 1022.330000
demand_109 8 5 1452.480000
demand_110 8 6 912.701000
demand_111 8 7 964.862000
demand_112 8 9 498.407000
demand_113 8 10 392.778000
demand_114 8 11 651.847000
demand_115 8 12 830.601000
demand_116 8 13 788.394000
demand_117 9 0 537.477000
demand_118 9 1 1081.280000
demand_119 9 2 1091.790000
demand_120 9 3 909.249000
demand_121 9 4 646.862000
demand_122 9 5 567.158000
demand_123 9 6 417.607000
demand_124 9 7 1250.350000
demand_125 9 8 1460.940000
demand_126 9 10 607.024000
demand_127 9 11 1414.110000
demand_128 9 12 1530.410000
demand_129 9 13 204.952000
demand_130 10 0 411.559000
demand_131 10 1 1485.070000
demand_132 10 2 611.017000
demand_133 10 3 1080.100000
demand_134 10 4 1213.680000
demand_135 10 5 1038.220000
demand_136 10 6 1225.150000
demand_137 10 7 403.213000
demand_138 10 8 178.842000
demand_139 10 9 624.489000
demand_140 10 11 757.492000
demand_141 10 12 525.440000
demand_142 10 13 1195.870000
demand_143 11 0 822.693000
demand_144 11 1 1296.930000
demand_145 11 2 754.536000
demand_146 11 3 1089.100000
demand_147 11 4 869.257000
demand_148 11 5 720.583000
demand_149 11 6 1503.020000
demand_150 11 7 1404.590000
demand_151 11 8 481.412000
demand_152 11 9 840.121000
demand_153 11 10 1392.050000
demand_154 11 12 604.953000
demand_155 11 13 371.574000
demand_156 12 0 1207.130000
demand_157 12 1 892.459000
demand_158 12 2 376.259000
demand_159 12 3 646.453000
demand_160 12 4 1263.210000
demand_161 12 5 522.817000
demand_162 12 6 1257.490000
demand_163 12 7 956.712000
demand_164 12 8 1163.090000
demand_165 12 9 532.076000
demand_166 12 10 357.953000
demand_167 12 11 325.306000
demand_168 12 13 798.711000
demand_169 13 0 562.120000
demand_170 13 1 836.819000
demand_171 13 2 1019.740000
demand_172 13 3 272.310000
demand_173 13 4 173.498000
demand_174 13 5 1344.170000
demand_175 13 6 306.217000
demand_176 13 7 542.453000
demand_177 13 8 1430.170000
demand_178 13 9 1016.660000
demand_179 13 10 1240.850000
demand_180 13 11 910.972000
demand_181 13 12 1231.440000
