DEMANDS 182
label src dest bw
demand_0 0 1 1555.090000
demand_1 0 2 1529.820000
demand_2 0 3 877.957000
demand_3 0 4 1352.190000
demand_4 0 5 447.326000
demand_5 0 6 577.906000
demand_6 0 7 794.414000
demand_7 0 8 1039.160000
demand_8 0 9 1517.080000
demand_9 0 10 572.878000
demand_10 0 11 827.399000
demand_11 0 12 599.513000
demand_12 0 13 618.297000
demand_13 1 0 915.301000
demand_14 1 2 812.397000
demand_15 1 3 1119.640000
demand_16 1 4 340.554000
demand_17 1 5 329.815000
demand_18 1 6 1145.740000
demand_19 1 7 267.513000
demand_20 1 8 997.881000
demand_21 1 9 1434.320000
demand_22 1 10 1002.960000
demand_23 1 11 1065.140000
demand_24 1 12 188.106000
demand_25 1 13 1063.130000
demand_26 2 0 1184.040000
demand_27 2 1 682.791000
demand_28 2 3 290.469000
demand_29 2 4 525.842000
demand_30 2 5 165.059000
demand_31 2 6 256.004000
demand_32 2 7 372.959000
demand_33 2 8 1431.910000
demand_34 2 9 254.607000
demand_35 2 10 643.027000
demand_36 2 11 662.479000
demand_37 2 12 772.995000
demand_38 2 13 514.726000
demand_39 3 0 334.146000
demand_40 3 1 333.220000
demand_41 3 2 1318.200000
demand_42 3 4 500.114000
demand_43 3 5 1329.460000
demand_44 3 6 199.488000
demand_45 3 7 540.201000
demand_46 3 8 658.235000
demand_47 3 9 363.520000
demand_48 3 10 1195.420000
demand_49 3 11 1252.480000
demand_50 3 12 421.350000
demand_51 3 13 1239.510000
demand_52 4 0 810.957000
demand_53 4 1 491.059000
demand_54 4 2 521.677000
demand_55 4 3 992.560000
demand_56 4 5 739.511000
demand_57 4 6 1052.460000
demand_58 4 7 1300.400000
demand_59 4 8 174.416000
demand_60 4 9 502.498000
demand_61 4 10 1240.630000
demand_62 4 11 1186.480000
demand_63 4 12 1305.580000
demand_64 4 13 1417.850000
demand_65 5 0 899.602000
demand_66 5 1 1393.400000
demand_67 5 2 505.458000
demand_68 5 3 740.492000
demand_69 5 4 928.479000
demand_70 5 6 1108.950000
demand_71 5 7 923.632000
demand_72 5 8 1513.620000
demand_73 5 9 491.057000
demand_74 5 10 519.044000
demand_75 5 11 1240.190000
demand_76 5 12 1294.240000
demand_77 5 13 852.016000
demand_78 6 0 170.210000
demand_79 6 1 1263.020000
demand_80 6 2 1139.230000
demand_81 6 3 524.046000
demand_82 6 4 1368.770000
demand_83 6 5 539.832000
demand_84 6 7 388.218000
demand_85 6 8 666.891000
demand_86 6 9 1071.640000
demand_87 6 10 975.611000
demand_88 6 11 1235.010000
demand_89 6 12 1057.910000
demand_90 6 13 173.399000
demand_91 7 0 386.067000
demand_92 7 1 1323.870000
demand_93 7 2 935.509000
demand_94 7 3 1355.620000
demand_95 7 4 319.934000
demand_96 7 5 323.208000
demand_97 7 6 870.868000
demand_98 7 8 1328.800000
demand_99 7 9 363.059000
demand_100 7 10 902.993000
demand_101 7 11 422.104000
demand_102 7 12 1225.150000
demand_103 7 13 977.840000
demand_104 8 0 196.494000
demand_105 8 1 1162.120000
demand_106 8 2 870.685000
demand_107 8 3 1366.610000
demand_108 8 4 980.834000
demand_109 8 5 268.369000
demand_110 8 6 1355.950000
demand_111 8 7 254.728000
demand_112 8 9 690.269000
demand_113 8 10 462.535000
demand_114 8 11 1019.270000
demand_115 8 12 676.254000
demand_116 8 13 999.825000
demand_117 9 0 1308.680000
demand_118 9 1 970.354000
demand_119 9 2 231.562000
demand_120 9 3 1195.150000
demand_121 9 4 1313.470000
demand_122 9 5 689.244000
demand_123 9 6 852.870000
demand_124 9 7 662.566000
demand_125 9 8 745.630000
demand_126 9 10 940.959000
demand_127 9 11 1093.820000
demand_128 9 12 280.399000
demand_129 9 13 847.309000
demand_130 10 0 377.178000
demand_131 10 1 262.549000
demand_132 10 2 1381.320000
demand_133 10 3 191.354000
demand_134 10 4 1543.510000
demand_135 10 5 1060.530000
demand_136 10 6 1056.730000
demand_137 10 7 1204.330000
demand_138 10 8 246.912000
demand_139 10 9 1283.000000
demand_140 10 11 1289.180000
demand_141 10 12 431.893000
demand_142 10 13 610.050000
demand_143 11 0 536.271000
demand_144 11 1 726.895000
demand_145 11 2 489.878000
demand_146 11 3 681.828000
demand_147 11 4 508.783000
demand_148 11 5 1336.860000
demand_149 11 6 704.246000
demand_150 11 7 440.789000
demand_151 11 8 689.208000
demand_152 11 9 596.259000
demand_153 11 10 222.297000
demand_154 11 12 1491.000000
demand_155 11 13 885.437000
demand_156 12 0 1121.590000
demand_157 12 1 1361.070000
demand_158 12 2 787.106000
demand_159 12 3 1124.970000
demand_160 12 4 1065.260000
demand_161 12 5 1039.970000
demand_162 12 6 584.558000
demand_163 12 7 1248.290000
demand_164 12 8 635.218000
demand_165 12 9 1049.550000
demand_166 12 10 1407.710000
demand_167 12 11 1138.560000
demand_168 12 13 1488.330000
demand_169 13 0 781.019000
demand_170 13 1 739.205000
demand_171 13 2 247.276000
demand_172 13 3 1158.980000
demand_173 13 4 1135.580000
demand_174 13 5 581.193000
demand_175 13 6 356.244000
demand_176 13 7 294.392000
demand_177 13 8 974.029000
demand_178 13 9 1204.660000
demand_179 13 10 428.789000
demand_180 13 11 1269.810000
demand_181 13 12 1253.190000
