DEMANDS 182
label src dest bw
demand_0 0 1 511.296000
demand_1 0 2 730.834000
demand_2 0 3 634.084000
demand_3 0 4 956.347000
demand_4 0 5 967.777000
demand_5 0 6 762.375000
demand_6 0 7 559.877000
demand_7 0 8 672.498000
demand_8 0 9 1310.100000
demand_9 0 10 281.808000
demand_10 0 11 1102.230000
demand_11 0 12 1419.260000
demand_12 0 13 897.775000
demand_13 1 0 840.906000
demand_14 1 2 1138.400000
demand_15 1 3 805.198000
demand_16 1 4 503.068000
demand_17 1 5 1020.670000
demand_18 1 6 797.461000
demand_19 1 7 661.873000
demand_20 1 8 742.070000
demand_21 1 9 803.917000
demand_22 1 10 326.740000
demand_23 1 11 469.012000
demand_24 1 12 265.986000
demand_25 1 13 805.315000
demand_26 2 0 978.956000
demand_27 2 1 550.406000
demand_28 2 3 1077.080000
demand_29 2 4 504.625000
demand_30 2 5 1244.380000
demand_31 2 6 718.429000
demand_32 2 7 963.835000
demand_33 2 8 597.445000
demand_34 2 9 445.507000
demand_35 2 10 1189.120000
demand_36 2 11 1368.310000
demand_37 2 12 518.402000
demand_38 2 13 1270.000000
demand_39 3 0 1271.680000
demand_40 3 1 916.191000
demand_41 3 2 832.575000
demand_42 3 4 995.725000
demand_43 3 5 700.199000
demand_44 3 6 1423.860000
demand_45 3 7 1343.720000
demand_46 3 8 903.468000
demand_47 3 9 1202.280000
demand_48 3 10 953.654000
demand_49 3 11 956.933000
demand_50 3 12 949.921000
demand_51 3 13 734.408000
demand_52 4 0 609.698000
demand_53 4 1 1267.030000
demand_54 4 2 1232.030000
demand_55 4 3 785.672000
demand_56 4 5 538.991000
demand_57 4 6 1289.820000
demand_58 4 7 867.618000
demand_59 4 8 636.843000
demand_60 4 9 1430.460000
demand_61 4 10 1070.810000
demand_62 4 11 783.158000
demand_63 4 12 1132.640000
demand_64 4 13 291.140000
demand_65 5 0 1199.170000
demand_66 5 1 561.342000
demand_67 5 2 195.691000
demand_68 5 3 1293.970000
demand_69 5 4 680.067000
demand_70 5 6 1474.930000
demand_71 5 7 941.769000
demand_72 5 8 1245.610000
demand_73 5 9 1469.680000
demand_74 5 10 156.090000
demand_75 5 11 285.702000
demand_76 5 12 1410.850000
demand_77 5 13 1292.370000
demand_78 6 0 161.449000
demand_79 6 1 776.494000
demand_80 6 2 631.390000
demand_81 6 3 951.520000
demand_82 6 4 619.474000
demand_83 6 5 469.277000
demand_84 6 7 725.578000
demand_85 6 8 398.120000
demand_86 6 9 1138.120000
demand_87 6 10 851.518000
demand_88 6 11 784.350000
demand_89 6 12 1335.920000
demand_90 6 13 1170.260000
demand_91 7 0 445.668000
demand_92 7 1 754.684000
demand_93 7 2 1114.680000
demand_94 7 3 725.192000
demand_95 7 4 1127.350000
demand_96 7 5 1360.300000
demand_97 7 6 976.703000
demand_98 7 8 238.646000
demand_99 7 9 1169.610000
demand_100 7 10 618.347000
demand_101 7 11 386.757000
demand_102 7 12 1229.570000
demand_103 7 13 1207.490000
demand_104 8 0 725.733000
demand_105 8 1 151.996000
demand_106 8 2 551.570000
demand_107 8 3 578.086000
demand_108 8 4 682.581000
demand_109 8 5 447.478000
demand_110 8 6 1060.390000
demand_111 8 7 560.239000
demand_112 8 9 690.214000
demand_113 8 10 267.482000
demand_114 8 11 478.278000
demand_115 8 12 1500.310000
demand_116 8 13 1046.210000
demand_117 9 0 1433.070000
demand_118 9 1 1295.950000
demand_119 9 2 427.298000
demand_120 9 3 1072.700000
demand_121 9 4 1383.650000
demand_122 9 5 1262.080000
demand_123 9 6 1192.120000
demand_124 9 7 1258.160000
demand_125 9 8 158.013000
demand_126 9 10 1462.570000
demand_127 9 11 203.480000
demand_128 9 12 1243.330000
demand_129 9 13 393.083000
demand_130 10 0 700.686000
demand_131 10 1 527.635000
demand_132 10 2 546.176000
demand_133 10 3 1302.110000
demand_134 10 4 701.907000
demand_135 10 5 171.731000
demand_136 10 6 318.187000
demand_137 10 7 163.946000
demand_138 10 8 749.858000
demand_139 10 9 896.951000
demand_140 10 11 535.025000
demand_141 10 12 506.329000
demand_142 10 13 1062.630000
demand_143 11 0 194.889000
demand_144 11 1 938.644000
demand_145 11 2 850.659000
demand_146 11 3 1393.540000
demand_147 11 4 295.976000
demand_148 11 5 880.247000
demand_149 11 6 1230.510000
demand_150 11 7 1278.980000
demand_151 11 8 1411.150000
demand_152 11 9 319.618000
demand_153 11 10 273.002000
demand_154 11 12 393.767000
demand_155 11 13 1260.250000
demand_156 12 0 1002.230000
demand_157 12 1 1420.440000
demand_158 12 2 952.153000
demand_159 12 3 1393.230000
demand_160 12 4 867.643000
demand_161 12 5 476.513000
demand_162 12 6 1000.230000
demand_163 12 7 782.554000
demand_164 12 8 1454.050000
demand_165 12 9 211.008000
demand_166 12 10 1091.650000
demand_167 12 11 589.583000
demand_168 12 13 420.141000
demand_169 13 0 1200.870000
demand_170 13 1 509.654000
demand_171 13 2 1359.110000
demand_172 13 3 1352.940000
demand_173 13 4 1395.990000
demand_174 13 5 746.011000
demand_175 13 6 417.854000
demand_176 13 7 221.430000
demand_177 13 8 1216.020000
demand_178 13 9 594.742000
demand_179 13 10 1003.620000
demand_180 13 11 1273.410000
demand_181 13 12 772.101000
