DEMANDS 182
label src dest bw
demand_0 0 1 331.515000
demand_1 0 2 1092.800000
demand_2 0 3 648.470000
demand_3 0 4 570.236000
demand_4 0 5 1337.690000
demand_5 0 6 1315.250000
demand_6 0 7 1188.550000
demand_7 0 8 1258.090000
demand_8 0 9 1016.310000
demand_9 0 10 1407.710000
demand_10 0 11 248.421000
demand_11 0 12 428.778000
demand_12 0 13 305.942000
demand_13 1 0 887.459000
demand_14 1 2 1192.370000
demand_15 1 3 276.294000
demand_16 1 4 778.970000
demand_17 1 5 1004.350000
demand_18 1 6 861.691000
demand_19 1 7 1290.350000
demand_20 1 8 339.359000
demand_21 1 9 800.782000
demand_22 1 10 1427.960000
demand_23 1 11 619.059000
demand_24 1 12 1238.580000
demand_25 1 13 814.031000
demand_26 2 0 476.933000
demand_27 2 1 1391.790000
demand_28 2 3 1148.610000
demand_29 2 4 949.319000
demand_30 2 5 872.515000
demand_31 2 6 1303.370000
demand_32 2 7 1106.360000
demand_33 2 8 217.931000
demand_34 2 9 834.852000
demand_35 2 10 611.596000
demand_36 2 11 694.115000
demand_37 2 12 824.550000
demand_38 2 13 690.763000
demand_39 3 0 673.484000
demand_40 3 1 1211.600000
demand_41 3 2 634.182000
demand_42 3 4 249.773000
demand_43 3 5 745.945000
demand_44 3 6 937.447000
demand_45 3 7 1280.710000
demand_46 3 8 668.635000
demand_47 3 9 999.091000
demand_48 3 10 312.438000
demand_49 3 11 1462.280000
demand_50 3 12 1255.220000
demand_51 3 13 984.800000
demand_52 4 0 472.810000
demand_53 4 1 336.908000
demand_54 4 2 1233.110000
demand_55 4 3 1152.140000
demand_56 4 5 877.817000
demand_57 4 6 1142.550000
demand_58 4 7 373.310000
demand_59 4 8 1124.740000
demand_60 4 9 514.589000
demand_61 4 10 215.371000
demand_62 4 11 764.505000
demand_63 4 12 1003.380000
demand_64 4 13 859.129000
demand_65 5 0 836.528000
demand_66 5 1 1085.270000
demand_67 5 2 463.938000
demand_68 5 3 807.089000
demand_69 5 4 317.517000
demand_70 5 6 1448.590000
demand_71 5 7 1419.280000
demand_72 5 8 1265.060000
demand_73 5 9 357.042000
demand_74 5 10 292.491000
demand_75 5 11 397.738000
demand_76 5 12 947.563000
demand_77 5 13 965.870000
demand_78 6 0 993.643000
demand_79 6 1 1227.910000
demand_80 6 2 795.605000
demand_81 6 3 190.352000
demand_82 6 4 1166.230000
demand_83 6 5 352.698000
demand_84 6 7 690.470000
demand_85 6 8 571.650000
demand_86 6 9 819.112000
demand_87 6 10 372.100000
demand_88 6 11 301.517000
demand_89 6 12 1471.450000
demand_90 6 13 1008.090000
demand_91 7 0 386.407000
demand_92 7 1 676.740000
demand_93 7 2 453.924000
demand_94 7 3 583.622000
demand_95 7 4 615.715000
demand_96 7 5 975.554000
demand_97 7 6 382.224000
demand_98 7 8 543.636000
demand_99 7 9 745.364000
demand_100 7 10 480.457000
demand_101 7 11 339.859000
demand_102 7 12 474.898000
demand_103 7 13 1284.260000
demand_104 8 0 838.115000
demand_105 8 1 581.968000
demand_106 8 2 963.201000
demand_107 8 3 717.800000
demand_108 8 4 864.749000
demand_109 8 5 1004.150000
demand_110 8 6 689.210000
demand_111 8 7 543.121000
demand_112 8 9 566.214000
demand_113 8 10 296.738000
demand_114 8 11 1094.980000
demand_115 8 12 1187.210000
demand_116 8 13 647.901000
demand_117 9 0 1212.060000
demand_118 9 1 1415.540000
demand_119 9 2 964.866000
demand_120 9 3 389.638000
demand_121 9 4 197.554000
demand_122 9 5 753.177000
demand_123 9 6 166.926000
demand_124 9 7 1223.180000
demand_125 9 8 1187.890000
demand_126 9 10 1446.360000
demand_127 9 11 718.429000
demand_128 9 12 461.964000
demand_129 9 13 524.236000
demand_130 10 0 1265.240000
demand_131 10 1 1200.170000
demand_132 10 2 1018.540000
demand_133 10 3 247.207000
demand_134 10 4 665.236000
demand_135 10 5 424.964000
demand_136 10 6 1214.870000
demand_137 10 7 350.652000
demand_138 10 8 204.307000
demand_139 10 9 771.442000
demand_140 10 11 590.215000
demand_141 10 12 288.498000
demand_142 10 13 1471.250000
demand_143 11 0 995.114000
demand_144 11 1 947.052000
demand_145 11 2 422.112000
demand_146 11 3 476.268000
demand_147 11 4 690.807000
demand_148 11 5 810.512000
demand_149 11 6 410.610000
demand_150 11 7 889.380000
demand_151 11 8 1325.490000
demand_152 11 9 211.668000
demand_153 11 10 1041.060000
demand_154 11 12 1092.950000
demand_155 11 13 1424.330000
demand_156 12 0 969.647000
demand_157 12 1 1077.230000
demand_158 12 2 211.971000
demand_159 12 3 554.691000
demand_160 12 4 1154.260000
demand_161 12 5 1160.140000
demand_162 12 6 246.389000
demand_163 12 7 999.763000
demand_164 12 8 1447.170000
demand_165 12 9 487.354000
demand_166 12 10 211.854000
demand_167 12 11 1329.860000
demand_168 12 13 199.998000
demand_169 13 0 369.352000
demand_170 13 1 960.628000
demand_171 13 2 477.073000
demand_172 13 3 1255.060000
demand_173 13 4 1456.500000
demand_174 13 5 855.956000
demand_175 13 6 1451.800000
demand_176 13 7 1200.150000
demand_177 13 8 959.164000
demand_178 13 9 852.245000
demand_179 13 10 293.561000
demand_180 13 11 427.080000
demand_181 13 12 201.424000
