DEMANDS 182
label src dest bw
demand_0 0 1 996.166000
demand_1 0 2 1385.290000
demand_2 0 3 687.079000
demand_3 0 4 487.756000
demand_4 0 5 865.218000
demand_5 0 6 1416.510000
demand_6 0 7 698.106000
demand_7 0 8 298.549000
demand_8 0 9 492.510000
demand_9 0 10 1516.470000
demand_10 0 11 939.139000
demand_11 0 12 196.899000
demand_12 0 13 1497.820000
demand_13 1 0 1569.180000
demand_14 1 2 1231.730000
demand_15 1 3 1493.430000
demand_16 1 4 784.690000
demand_17 1 5 770.534000
demand_18 1 6 1335.110000
demand_19 1 7 1423.790000
demand_20 1 8 1501.170000
demand_21 1 9 1071.600000
demand_22 1 10 208.609000
demand_23 1 11 568.239000
demand_24 1 12 830.844000
demand_25 1 13 435.439000
demand_26 2 0 207.901000
demand_27 2 1 1079.190000
demand_28 2 3 494.662000
demand_29 2 4 181.644000
demand_30 2 5 1539.460000
demand_31 2 6 1383.750000
demand_32 2 7 798.673000
demand_33 2 8 1350.840000
demand_34 2 9 1133.780000
demand_35 2 10 436.653000
demand_36 2 11 380.708000
demand_37 2 12 835.097000
demand_38 2 13 1200.040000
demand_39 3 0 1142.080000
demand_40 3 1 481.734000
demand_41 3 2 1428.150000
demand_42 3 4 583.686000
demand_43 3 5 906.495000
demand_44 3 6 440.557000
demand_45 3 7 1153.540000
demand_46 3 8 789.810000
demand_47 3 9 816.489000
demand_48 3 10 1187.580000
demand_49 3 11 1222.310000
demand_50 3 12 1354.450000
demand_51 3 13 161.878000
demand_52 4 0 508.354000
demand_53 4 1 164.379000
demand_54 4 2 1444.310000
demand_55 4 3 898.444000
demand_56 4 5 695.433000
demand_57 4 6 271.213000
demand_58 4 7 840.785000
demand_59 4 8 1190.200000
demand_60 4 9 752.231000
demand_61 4 10 1270.260000
demand_62 4 11 170.394000
demand_63 4 12 1042.230000
demand_64 4 13 754.313000
demand_65 5 0 729.274000
demand_66 5 1 1379.160000
demand_67 5 2 1429.980000
demand_68 5 3 407.551000
demand_69 5 4 879.462000
demand_70 5 6 400.981000
demand_71 5 7 1079.210000
demand_72 5 8 1085.960000
demand_73 5 9 463.177000
demand_74 5 10 1417.440000
demand_75 5 11 882.976000
demand_76 5 12 1462.700000
demand_77 5 13 813.804000
demand_78 6 0 1066.520000
demand_79 6 1 593.364000
demand_80 6 2 187.527000
demand_81 6 3 1452.960000
demand_82 6 4 312.896000
demand_83 6 5 1471.590000
demand_84 6 7 636.320000
demand_85 6 8 170.514000
demand_86 6 9 654.131000
demand_87 6 10 1357.040000
demand_88 6 11 1151.260000
demand_89 6 12 343.016000
demand_90 6 13 264.347000
demand_91 7 0 1121.940000
demand_92 7 1 1226.290000
demand_93 7 2 1116.940000
demand_94 7 3 569.173000
demand_95 7 4 1519.250000
demand_96 7 5 665.987000
demand_97 7 6 633.438000
demand_98 7 8 1276.380000
demand_99 7 9 1558.240000
demand_100 7 10 1189.890000
demand_101 7 11 1111.210000
demand_102 7 12 869.203000
demand_103 7 13 1162.830000
demand_104 8 0 854.534000
demand_105 8 1 348.284000
demand_106 8 2 300.429000
demand_107 8 3 923.349000
demand_108 8 4 855.674000
demand_109 8 5 1295.360000
demand_110 8 6 1291.590000
demand_111 8 7 314.507000
demand_112 8 9 751.615000
demand_113 8 10 517.296000
demand_114 8 11 533.593000
demand_115 8 12 1056.640000
demand_116 8 13 839.805000
demand_117 9 0 1075.500000
demand_118 9 1 1145.810000
demand_119 9 2 685.484000
demand_120 9 3 819.756000
demand_121 9 4 892.535000
demand_122 9 5 756.583000
demand_123 9 6 654.056000
demand_124 9 7 845.570000
demand_125 9 8 461.760000
demand_126 9 10 502.875000
demand_127 9 11 1026.930000
demand_128 9 12 729.146000
demand_129 9 13 293.428000
demand_130 10 0 1430.140000
demand_131 10 1 255.457000
demand_132 10 2 316.748000
demand_133 10 3 1143.400000
demand_134 10 4 1288.490000
demand_135 10 5 276.657000
demand_136 10 6 1236.740000
demand_137 10 7 172.832000
demand_138 10 8 955.839000
demand_139 10 9 1513.440000
demand_140 10 11 1141.410000
demand_141 10 12 1522.710000
demand_142 10 13 1160.700000
demand_143 11 0 1111.140000
demand_144 11 1 967.574000
demand_145 11 2 187.381000
demand_146 11 3 550.308000
demand_147 11 4 627.745000
demand_148 11 5 527.635000
demand_149 11 6 1111.050000
demand_150 11 7 542.744000
demand_151 11 8 660.771000
demand_152 11 9 568.755000
demand_153 11 10 1189.790000
demand_154 11 12 1337.870000
demand_155 11 13 670.892000
demand_156 12 0 224.079000
demand_157 12 1 1524.200000
demand_158 12 2 659.398000
demand_159 12 3 1027.250000
demand_160 12 4 596.330000
demand_161 12 5 518.215000
demand_162 12 6 1230.050000
demand_163 12 7 980.806000
demand_164 12 8 1249.780000
demand_165 12 9 1527.870000
demand_166 12 10 1058.640000
demand_167 12 11 1489.480000
demand_168 12 13 481.997000
demand_169 13 0 887.247000
demand_170 13 1 828.052000
demand_171 13 2 1110.350000
demand_172 13 3 426.958000
demand_173 13 4 630.968000
demand_174 13 5 1365.500000
demand_175 13 6 1385.930000
demand_176 13 7 983.943000
demand_177 13 8 182.046000
demand_178 13 9 634.411000
demand_179 13 10 199.324000
demand_180 13 11 1102.520000
demand_181 13 12 265.573000
