DEMANDS 182
label src dest bw
demand_0 0 1 566.475000
demand_1 0 2 836.699000
demand_2 0 3 1498.380000
demand_3 0 4 505.721000
demand_4 0 5 1246.200000
demand_5 0 6 675.643000
demand_6 0 7 1108.430000
demand_7 0 8 691.378000
demand_8 0 9 530.919000
demand_9 0 10 1111.560000
demand_10 0 11 574.188000
demand_11 0 12 1525.960000
demand_12 0 13 423.129000
demand_13 1 0 803.125000
demand_14 1 2 671.914000
demand_15 1 3 1581.950000
demand_16 1 4 1388.980000
demand_17 1 5 1025.480000
demand_18 1 6 960.481000
demand_19 1 7 1565.410000
demand_20 1 8 1522.880000
demand_21 1 9 1015.420000
demand_22 1 10 270.821000
demand_23 1 11 884.447000
demand_24 1 12 1109.180000
demand_25 1 13 1179.610000
demand_26 2 0 1532.010000
demand_27 2 1 1532.080000
demand_28 2 3 334.120000
demand_29 2 4 1368.850000
demand_30 2 5 832.728000
demand_31 2 6 507.791000
demand_32 2 7 326.097000
demand_33 2 8 1135.850000
demand_34 2 9 511.413000
demand_35 2 10 245.865000
demand_36 2 11 1265.120000
demand_37 2 12 1531.820000
demand_38 2 13 1157.100000
demand_39 3 0 915.141000
demand_40 3 1 585.022000
demand_41 3 2 370.995000
demand_42 3 4 1032.970000
demand_43 3 5 211.049000
demand_44 3 6 902.389000
demand_45 3 7 878.973000
demand_46 3 8 699.968000
demand_47 3 9 1505.550000
demand_48 3 10 585.411000
demand_49 3 11 694.597000
demand_50 3 12 1387.260000
demand_51 3 13 857.953000
demand_52 4 0 321.242000
demand_53 4 1 1171.370000
demand_54 4 2 1040.380000
demand_55 4 3 781.332000
demand_56 4 5 554.146000
demand_57 4 6 1560.640000
demand_58 4 7 1473.690000
demand_59 4 8 616.634000
demand_60 4 9 236.771000
demand_61 4 10 1364.260000
demand_62 4 11 1318.290000
demand_63 4 12 1507.200000
demand_64 4 13 759.217000
demand_65 5 0 285.078000
demand_66 5 1 901.511000
demand_67 5 2 193.980000
demand_68 5 3 603.333000
demand_69 5 4 744.852000
demand_70 5 6 665.191000
demand_71 5 7 1182.740000
demand_72 5 8 558.611000
demand_73 5 9 286.290000
demand_74 5 10 660.202000
demand_75 5 11 1522.800000
demand_76 5 12 1216.520000
demand_77 5 13 1252.730000
demand_78 6 0 1506.810000
demand_79 6 1 1098.410000
demand_80 6 2 1080.820000
demand_81 6 3 680.064000
demand_82 6 4 1201.280000
demand_83 6 5 783.275000
demand_84 6 7 1091.040000
demand_85 6 8 1235.070000
demand_86 6 9 454.775000
demand_87 6 10 762.588000
demand_88 6 11 833.332000
demand_89 6 12 1558.850000
demand_90 6 13 1114.900000
demand_91 7 0 1122.240000
demand_92 7 1 791.205000
demand_93 7 2 629.409000
demand_94 7 3 821.904000
demand_95 7 4 520.225000
demand_96 7 5 1532.750000
demand_97 7 6 1187.000000
demand_98 7 8 922.788000
demand_99 7 9 346.159000
demand_100 7 10 171.511000
demand_101 7 11 1580.110000
demand_102 7 12 412.940000
demand_103 7 13 1091.680000
demand_104 8 0 188.074000
demand_105 8 1 1539.130000
demand_106 8 2 1124.220000
demand_107 8 3 1431.580000
demand_108 8 4 393.207000
demand_109 8 5 1223.280000
demand_110 8 6 431.633000
demand_111 8 7 574.958000
demand_112 8 9 324.687000
demand_113 8 10 1204.610000
demand_114 8 11 1129.730000
demand_115 8 12 601.400000
demand_116 8 13 1174.140000
demand_117 9 0 1495.180000
demand_118 9 1 389.271000
demand_119 9 2 1204.560000
demand_120 9 3 1122.770000
demand_121 9 4 177.135000
demand_122 9 5 639.349000
demand_123 9 6 1066.050000
demand_124 9 7 1076.170000
demand_125 9 8 703.626000
demand_126 9 10 1263.910000
demand_127 9 11 817.314000
demand_128 9 12 679.341000
demand_129 9 13 1155.640000
demand_130 10 0 1244.210000
demand_131 10 1 632.687000
demand_132 10 2 959.943000
demand_133 10 3 847.777000
demand_134 10 4 658.397000
demand_135 10 5 1175.130000
demand_136 10 6 756.013000
demand_137 10 7 721.495000
demand_138 10 8 578.556000
demand_139 10 9 524.667000
demand_140 10 11 1532.680000
demand_141 10 12 1547.220000
demand_142 10 13 1558.300000
demand_143 11 0 309.273000
demand_144 11 1 1499.280000
demand_145 11 2 1315.340000
demand_146 11 3 1564.060000
demand_147 11 4 834.496000
demand_148 11 5 379.221000
demand_149 11 6 817.215000
demand_150 11 7 1256.510000
demand_151 11 8 180.580000
demand_152 11 9 1110.490000
demand_153 11 10 928.037000
demand_154 11 12 698.835000
demand_155 11 13 1419.340000
demand_156 12 0 265.102000
demand_157 12 1 812.919000
demand_158 12 2 442.535000
demand_159 12 3 1367.270000
demand_160 12 4 1493.530000
demand_161 12 5 428.979000
demand_162 12 6 1229.530000
demand_163 12 7 611.830000
demand_164 12 8 308.068000
demand_165 12 9 742.605000
demand_166 12 10 1060.770000
demand_167 12 11 574.708000
demand_168 12 13 761.355000
demand_169 13 0 617.413000
demand_170 13 1 771.094000
demand_171 13 2 1143.820000
demand_172 13 3 1064.050000
demand_173 13 4 919.972000
demand_174 13 5 1190.830000
demand_175 13 6 1212.580000
demand_176 13 7 1216.690000
demand_177 13 8 1565.130000
demand_178 13 9 493.739000
demand_179 13 10 943.221000
demand_180 13 11 664.654000
demand_181 13 12 902.471000
