DEMANDS 182
label src dest bw
demand_0 0 1 1363.190000
demand_1 0 2 625.232000
demand_2 0 3 1412.630000
demand_3 0 4 415.093000
demand_4 0 5 220.119000
demand_5 0 6 553.617000
demand_6 0 7 1087.250000
demand_7 0 8 1233.910000
demand_8 0 9 542.967000
demand_9 0 10 1129.890000
demand_10 0 11 924.484000
demand_11 0 12 1258.640000
demand_12 0 13 794.306000
demand_13 1 0 1378.260000
demand_14 1 2 261.276000
demand_15 1 3 531.534000
demand_16 1 4 1242.320000
demand_17 1 5 1313.290000
demand_18 1 6 598.197000
demand_19 1 7 1030.230000
demand_20 1 8 1325.240000
demand_21 1 9 142.926000
demand_22 1 10 795.780000
demand_23 1 11 319.913000
demand_24 1 12 836.665000
demand_25 1 13 993.867000
demand_26 2 0 994.767000
demand_27 2 1 996.060000
demand_28 2 3 1282.430000
demand_29 2 4 209.815000
demand_30 2 5 299.102000
demand_31 2 6 1294.210000
demand_32 2 7 371.893000
demand_33 2 8 1107.600000
demand_34 2 9 851.323000
demand_35 2 10 453.026000
demand_36 2 11 391.476000
demand_37 2 12 1270.910000
demand_38 2 13 554.960000
demand_39 3 0 409.954000
demand_40 3 1 897.328000
demand_41 3 2 465.236000
demand_42 3 4 555.665000
demand_43 3 5 1135.380000
demand_44 3 6 1139.360000
demand_45 3 7 547.528000
demand_46 3 8 614.904000
demand_47 3 9 1027.490000
demand_48 3 10 676.708000
demand_49 3 11 748.732000
demand_50 3 12 1397.110000
demand_51 3 13 576.389000
demand_52 4 0 565.967000
demand_53 4 1 801.291000
demand_54 4 2 1031.680000
demand_55 4 3 1298.480000
demand_56 4 5 496.504000
demand_57 4 6 371.778000
demand_58 4 7 1072.680000
demand_59 4 8 900.873000
demand_60 4 9 266.371000
demand_61 4 10 699.808000
demand_62 4 11 1101.380000
demand_63 4 12 265.960000
demand_64 4 13 607.317000
demand_65 5 0 774.397000
demand_66 5 1 740.156000
demand_67 5 2 194.430000
demand_68 5 3 1016.740000
demand_69 5 4 1226.970000
demand_70 5 6 678.228000
demand_71 5 7 926.671000
demand_72 5 8 1144.970000
demand_73 5 9 1124.620000
demand_74 5 10 1144.630000
demand_75 5 11 1131.730000
demand_76 5 12 355.576000
demand_77 5 13 424.595000
demand_78 6 0 1054.060000
demand_79 6 1 1112.840000
demand_80 6 2 1218.180000
demand_81 6 3 380.695000
demand_82 6 4 1182.880000
demand_83 6 5 237.117000
demand_84 6 7 1051.770000
demand_85 6 8 906.158000
demand_86 6 9 865.241000
demand_87 6 10 543.793000
demand_88 6 11 1034.970000
demand_89 6 12 1274.870000
demand_90 6 13 156.352000
demand_91 7 0 1310.250000
demand_92 7 1 1243.560000
demand_93 7 2 658.821000
demand_94 7 3 329.171000
demand_95 7 4 1125.180000
demand_96 7 5 434.567000
demand_97 7 6 1381.240000
demand_98 7 8 353.950000
demand_99 7 9 460.263000
demand_100 7 10 347.182000
demand_101 7 11 1246.170000
demand_102 7 12 209.056000
demand_103 7 13 1122.420000
demand_104 8 0 485.821000
demand_105 8 1 614.291000
demand_106 8 2 448.080000
demand_107 8 3 962.171000
demand_108 8 4 735.232000
demand_109 8 5 1041.460000
demand_110 8 6 668.263000
demand_111 8 7 682.204000
demand_112 8 9 306.484000
demand_113 8 10 1117.220000
demand_114 8 11 973.432000
demand_115 8 12 264.430000
demand_116 8 13 1035.630000
demand_117 9 0 1356.360000
demand_118 9 1 671.984000
demand_119 9 2 280.658000
demand_120 9 3 380.352000
demand_121 9 4 569.265000
demand_122 9 5 916.352000
demand_123 9 6 666.463000
demand_124 9 7 1189.890000
demand_125 9 8 1210.770000
demand_126 9 10 312.658000
demand_127 9 11 976.667000
demand_128 9 12 462.586000
demand_129 9 13 270.695000
demand_130 10 0 1144.310000
demand_131 10 1 233.330000
demand_132 10 2 855.163000
demand_133 10 3 1270.490000
demand_134 10 4 312.739000
demand_135 10 5 1160.510000
demand_136 10 6 460.356000
demand_137 10 7 878.097000
demand_138 10 8 984.580000
demand_139 10 9 1059.260000
demand_140 10 11 1383.350000
demand_141 10 12 403.289000
demand_142 10 13 999.393000
demand_143 11 0 1272.580000
demand_144 11 1 935.452000
demand_145 11 2 1130.880000
demand_146 11 3 1091.250000
demand_147 11 4 300.156000
demand_148 11 5 766.667000
demand_149 11 6 1373.180000
demand_150 11 7 310.700000
demand_151 11 8 768.891000
demand_152 11 9 1133.330000
demand_153 11 10 1170.970000
demand_154 11 12 827.052000
demand_155 11 13 931.169000
demand_156 12 0 1303.050000
demand_157 12 1 1159.790000
demand_158 12 2 830.593000
demand_159 12 3 522.682000
demand_160 12 4 843.352000
demand_161 12 5 1034.090000
demand_162 12 6 896.547000
demand_163 12 7 1327.510000
demand_164 12 8 1125.990000
demand_165 12 9 1314.960000
demand_166 12 10 997.269000
demand_167 12 11 1278.690000
demand_168 12 13 1391.210000
demand_169 13 0 385.599000
demand_170 13 1 838.860000
demand_171 13 2 1265.560000
demand_172 13 3 1345.650000
demand_173 13 4 472.147000
demand_174 13 5 1050.480000
demand_175 13 6 867.419000
demand_176 13 7 1249.610000
demand_177 13 8 815.113000
demand_178 13 9 895.486000
demand_179 13 10 538.752000
demand_180 13 11 618.917000
demand_181 13 12 223.397000
