DEMANDS 182
label src dest bw
demand_0 0 1 1244.320000
demand_1 0 2 618.834000
demand_2 0 3 706.987000
demand_3 0 4 707.704000
demand_4 0 5 1340.610000
demand_5 0 6 1263.360000
demand_6 0 7 750.036000
demand_7 0 8 1139.350000
demand_8 0 9 657.284000
demand_9 0 10 159.493000
demand_10 0 11 760.154000
demand_11 0 12 1249.640000
demand_12 0 13 1414.630000
demand_13 1 0 1442.750000
demand_14 1 2 1033.130000
demand_15 1 3 1393.740000
demand_16 1 4 369.937000
demand_17 1 5 380.651000
demand_18 1 6 478.768000
demand_19 1 7 506.299000
demand_20 1 8 763.370000
demand_21 1 9 848.864000
demand_22 1 10 1057.970000
demand_23 1 11 1440.890000
demand_24 1 12 943.427000
demand_25 1 13 1009.310000
demand_26 2 0 269.462000
demand_27 2 1 1122.300000
demand_28 2 3 1349.420000
demand_29 2 4 1050.750000
demand_30 2 5 1249.610000
demand_31 2 6 279.561000
demand_32 2 7 979.360000
demand_33 2 8 653.586000
demand_34 2 9 353.345000
demand_35 2 10 907.495000
demand_36 2 11 554.764000
demand_37 2 12 320.699000
demand_38 2 13 754.075000
demand_39 3 0 945.433000
demand_40 3 1 1069.760000
demand_41 3 2 1409.200000
demand_42 3 4 1117.050000
demand_43 3 5 935.235000
demand_44 3 6 1204.910000
demand_45 3 7 1285.450000
demand_46 3 8 1120.050000
demand_47 3 9 973.384000
demand_48 3 10 1279.620000
demand_49 3 11 989.796000
demand_50 3 12 1053.320000
demand_51 3 13 1039.580000
demand_52 4 0 1294.700000
demand_53 4 1 490.210000
demand_54 4 2 791.707000
demand_55 4 3 1062.120000
demand_56 4 5 214.182000
demand_57 4 6 546.201000
demand_58 4 7 1435.520000
demand_59 4 8 1134.340000
demand_60 4 9 170.774000
demand_61 4 10 1074.480000
demand_62 4 11 500.064000
demand_63 4 12 211.928000
demand_64 4 13 1397.000000
demand_65 5 0 1021.720000
demand_66 5 1 628.037000
demand_67 5 2 1266.250000
demand_68 5 3 1023.160000
demand_69 5 4 1457.340000
demand_70 5 6 183.691000
demand_71 5 7 202.765000
demand_72 5 8 1158.220000
demand_73 5 9 428.420000
demand_74 5 10 163.195000
demand_75 5 11 861.126000
demand_76 5 12 349.624000
demand_77 5 13 663.658000
demand_78 6 0 958.978000
demand_79 6 1 962.730000
demand_80 6 2 531.351000
demand_81 6 3 907.607000
demand_82 6 4 686.894000
demand_83 6 5 811.722000
demand_84 6 7 1378.530000
demand_85 6 8 389.124000
demand_86 6 9 779.541000
demand_87 6 10 1083.530000
demand_88 6 11 702.691000
demand_89 6 12 205.101000
demand_90 6 13 1187.580000
demand_91 7 0 238.761000
demand_92 7 1 1092.630000
demand_93 7 2 446.081000
demand_94 7 3 1312.250000
demand_95 7 4 736.891000
demand_96 7 5 337.551000
demand_97 7 6 669.767000
demand_98 7 8 1147.040000
demand_99 7 9 743.417000
demand_100 7 10 749.906000
demand_101 7 11 1212.100000
demand_102 7 12 673.811000
demand_103 7 13 831.628000
demand_104 8 0 828.666000
demand_105 8 1 471.969000
demand_106 8 2 555.008000
demand_107 8 3 924.967000
demand_108 8 4 530.790000
demand_109 8 5 693.560000
demand_110 8 6 788.924000
demand_111 8 7 1328.880000
demand_112 8 9 701.307000
demand_113 8 10 652.175000
demand_114 8 11 325.849000
demand_115 8 12 1073.860000
demand_116 8 13 428.531000
demand_117 9 0 582.794000
demand_118 9 1 642.758000
demand_119 9 2 1458.800000
demand_120 9 3 412.071000
demand_121 9 4 1445.030000
demand_122 9 5 405.620000
demand_123 9 6 186.273000
demand_124 9 7 1370.350000
demand_125 9 8 630.222000
demand_126 9 10 422.357000
demand_127 9 11 1271.250000
demand_128 9 12 1364.780000
demand_129 9 13 1427.010000
demand_130 10 0 767.611000
demand_131 10 1 157.773000
demand_132 10 2 1035.420000
demand_133 10 3 1154.990000
demand_134 10 4 353.529000
demand_135 10 5 173.065000
demand_136 10 6 858.664000
demand_137 10 7 777.615000
demand_138 10 8 856.464000
demand_139 10 9 223.073000
demand_140 10 11 678.771000
demand_141 10 12 401.263000
demand_142 10 13 315.206000
demand_143 11 0 321.681000
demand_144 11 1 808.401000
demand_145 11 2 581.279000
demand_146 11 3 288.204000
demand_147 11 4 1445.430000
demand_148 11 5 988.002000
demand_149 11 6 961.839000
demand_150 11 7 948.853000
demand_151 11 8 604.438000
demand_152 11 9 428.105000
demand_153 11 10 300.293000
demand_154 11 12 836.303000
demand_155 11 13 985.646000
demand_156 12 0 1124.000000
demand_157 12 1 532.524000
demand_158 12 2 358.224000
demand_159 12 3 453.462000
demand_160 12 4 1128.330000
demand_161 12 5 1216.120000
demand_162 12 6 440.616000
demand_163 12 7 748.837000
demand_164 12 8 840.923000
demand_165 12 9 268.251000
demand_166 12 10 577.850000
demand_167 12 11 471.455000
demand_168 12 13 616.726000
demand_169 13 0 644.829000
demand_170 13 1 1108.750000
demand_171 13 2 818.892000
demand_172 13 3 524.265000
demand_173 13 4 243.057000
demand_174 13 5 469.329000
demand_175 13 6 840.708000
demand_176 13 7 524.243000
demand_177 13 8 252.672000
demand_178 13 9 154.222000
demand_179 13 10 1375.180000
demand_180 13 11 700.933000
demand_181 13 12 604.661000
