DEMANDS 182
label src dest bw
demand_0 0 1 1262.450000
demand_1 0 2 391.957000
demand_2 0 3 627.804000
demand_3 0 4 1005.730000
demand_4 0 5 681.152000
demand_5 0 6 996.509000
demand_6 0 7 1134.230000
demand_7 0 8 381.323000
demand_8 0 9 325.606000
demand_9 0 10 690.740000
demand_10 0 11 440.393000
demand_11 0 12 183.460000
demand_12 0 13 1314.180000
demand_13 1 0 1371.960000
demand_14 1 2 1422.100000
demand_15 1 3 1057.580000
demand_16 1 4 1439.100000
demand_17 1 5 441.381000
demand_18 1 6 507.996000
demand_19 1 7 684.341000
demand_20 1 8 409.585000
demand_21 1 9 1062.220000
demand_22 1 10 876.250000
demand_23 1 11 1087.550000
demand_24 1 12 749.591000
demand_25 1 13 947.155000
demand_26 2 0 789.746000
demand_27 2 1 1349.640000
demand_28 2 3 1337.770000
demand_29 2 4 703.756000
demand_30 2 5 313.981000
demand_31 2 6 1504.260000
demand_32 2 7 1528.770000
demand_33 2 8 1451.230000
demand_34 2 9 801.137000
demand_35 2 10 993.817000
demand_36 2 11 1247.170000
demand_37 2 12 925.893000
demand_38 2 13 957.551000
demand_39 3 0 851.716000
demand_40 3 1 306.853000
demand_41 3 2 406.914000
demand_42 3 4 922.140000
demand_43 3 5 612.125000
demand_44 3 6 895.698000
demand_45 3 7 571.911000
demand_46 3 8 640.402000
demand_47 3 9 1290.200000
demand_48 3 10 1015.730000
demand_49 3 11 1220.000000
demand_50 3 12 171.753000
demand_51 3 13 1495.890000
demand_52 4 0 1446.440000
demand_53 4 1 407.000000
demand_54 4 2 1065.270000
demand_55 4 3 808.609000
demand_56 4 5 831.353000
demand_57 4 6 1249.770000
demand_58 4 7 376.649000
demand_59 4 8 436.381000
demand_60 4 9 1258.440000
demand_61 4 10 825.006000
demand_62 4 11 479.362000
demand_63 4 12 347.213000
demand_64 4 13 1014.130000
demand_65 5 0 1472.650000
demand_66 5 1 166.597000
demand_67 5 2 467.634000
demand_68 5 3 937.911000
demand_69 5 4 900.060000
demand_70 5 6 201.085000
demand_71 5 7 553.606000
demand_72 5 8 553.475000
demand_73 5 9 621.246000
demand_74 5 10 511.874000
demand_75 5 11 1391.790000
demand_76 5 12 884.841000
demand_77 5 13 1359.960000
demand_78 6 0 453.015000
demand_79 6 1 1226.130000
demand_80 6 2 1364.020000
demand_81 6 3 595.615000
demand_82 6 4 242.658000
demand_83 6 5 825.070000
demand_84 6 7 799.679000
demand_85 6 8 594.759000
demand_86 6 9 695.817000
demand_87 6 10 1381.040000
demand_88 6 11 441.621000
demand_89 6 12 1441.020000
demand_90 6 13 405.838000
demand_91 7 0 389.746000
demand_92 7 1 617.289000
demand_93 7 2 274.612000
demand_94 7 3 383.179000
demand_95 7 4 893.064000
demand_96 7 5 240.996000
demand_97 7 6 442.850000
demand_98 7 8 1384.860000
demand_99 7 9 594.948000
demand_100 7 10 540.908000
demand_101 7 11 1554.170000
demand_102 7 12 947.439000
demand_103 7 13 491.560000
demand_104 8 0 485.012000
demand_105 8 1 446.783000
demand_106 8 2 1170.270000
demand_107 8 3 1336.550000
demand_108 8 4 728.899000
demand_109 8 5 1225.130000
demand_110 8 6 202.774000
demand_111 8 7 470.356000
demand_112 8 9 327.128000
demand_113 8 10 311.131000
demand_114 8 11 555.868000
demand_115 8 12 388.243000
demand_116 8 13 1509.050000
demand_117 9 0 1060.360000
demand_118 9 1 1186.960000
demand_119 9 2 320.942000
demand_120 9 3 1029.180000
demand_121 9 4 585.887000
demand_122 9 5 1445.690000
demand_123 9 6 1386.010000
demand_124 9 7 1432.620000
demand_125 9 8 1279.020000
demand_126 9 10 1231.460000
demand_127 9 11 784.972000
demand_128 9 12 555.143000
demand_129 9 13 1047.540000
demand_130 10 0 1006.780000
demand_131 10 1 863.905000
demand_132 10 2 520.631000
demand_133 10 3 1104.690000
demand_134 10 4 1473.850000
demand_135 10 5 1415.310000
demand_136 10 6 861.917000
demand_137 10 7 606.463000
demand_138 10 8 750.993000
demand_139 10 9 1045.110000
demand_140 10 11 617.750000
demand_141 10 12 870.240000
demand_142 10 13 259.795000
demand_143 11 0 1218.860000
demand_144 11 1 1345.540000
demand_145 11 2 187.420000
demand_146 11 3 1446.090000
demand_147 11 4 322.469000
demand_148 11 5 1421.000000
demand_149 11 6 957.719000
demand_150 11 7 466.756000
demand_151 11 8 829.692000
demand_152 11 9 1190.840000
demand_153 11 10 198.045000
demand_154 11 12 219.853000
demand_155 11 13 1019.940000
demand_156 12 0 654.786000
demand_157 12 1 842.003000
demand_158 12 2 1075.770000
demand_159 12 3 1306.840000
demand_160 12 4 794.448000
demand_161 12 5 173.506000
demand_162 12 6 1193.020000
demand_163 12 7 1068.910000
demand_164 12 8 881.628000
demand_165 12 9 723.621000
demand_166 12 10 1319.890000
demand_167 12 11 353.661000
demand_168 12 13 1303.470000
demand_169 13 0 630.560000
demand_170 13 1 834.024000
demand_171 13 2 753.131000
demand_172 13 3 249.570000
demand_173 13 4 1145.630000
demand_174 13 5 1057.580000
demand_175 13 6 823.277000
demand_176 13 7 1162.550000
demand_177 13 8 1412.640000
demand_178 13 9 157.003000
demand_179 13 10 154.402000
demand_180 13 11 836.521000
demand_181 13 12 1477.180000
