DEMANDS 182
label src dest bw
demand_0 0 1 913.630000
demand_1 0 2 185.908000
demand_2 0 3 345.094000
demand_3 0 4 1464.800000
demand_4 0 5 465.970000
demand_5 0 6 732.208000
demand_6 0 7 714.775000
demand_7 0 8 1350.480000
demand_8 0 9 781.814000
demand_9 0 10 484.488000
demand_10 0 11 1222.220000
demand_11 0 12 558.425000
demand_12 0 13 507.109000
demand_13 1 0 1018.890000
demand_14 1 2 1479.510000
demand_15 1 3 1249.080000
demand_16 1 4 1503.530000
demand_17 1 5 848.751000
demand_18 1 6 1042.810000
demand_19 1 7 1295.240000
demand_20 1 8 1343.640000
demand_21 1 9 854.639000
demand_22 1 10 600.788000
demand_23 1 11 1518.180000
demand_24 1 12 891.105000
demand_25 1 13 1089.490000
demand_26 2 0 876.376000
demand_27 2 1 522.592000
demand_28 2 3 802.358000
demand_29 2 4 1343.840000
demand_30 2 5 952.565000
demand_31 2 6 713.462000
demand_32 2 7 165.912000
demand_33 2 8 644.152000
demand_34 2 9 712.093000
demand_35 2 10 644.400000
demand_36 2 11 476.215000
demand_37 2 12 1063.760000
demand_38 2 13 1162.160000
demand_39 3 0 1435.520000
demand_40 3 1 320.513000
demand_41 3 2 969.653000
demand_42 3 4 476.968000
demand_43 3 5 164.882000
demand_44 3 6 1171.400000
demand_45 3 7 513.964000
demand_46 3 8 469.081000
demand_47 3 9 578.239000
demand_48 3 10 1235.580000
demand_49 3 11 1068.140000
demand_50 3 12 1047.530000
demand_51 3 13 1332.890000
demand_52 4 0 552.375000
demand_53 4 1 1122.920000
demand_54 4 2 1435.200000
demand_55 4 3 536.993000
demand_56 4 5 719.341000
demand_57 4 6 244.891000
demand_58 4 7 1030.060000
demand_59 4 8 1101.260000
demand_60 4 9 1124.620000
demand_61 4 10 850.122000
demand_62 4 11 292.101000
demand_63 4 12 1502.120000
demand_64 4 13 670.828000
demand_65 5 0 1002.410000
demand_66 5 1 511.936000
demand_67 5 2 1293.500000
demand_68 5 3 1292.290000
demand_69 5 4 688.185000
demand_70 5 6 891.128000
demand_71 5 7 597.859000
demand_72 5 8 1222.850000
demand_73 5 9 324.585000
demand_74 5 10 332.924000
demand_75 5 11 226.176000
demand_76 5 12 789.607000
demand_77 5 13 173.600000
demand_78 6 0 975.262000
demand_79 6 1 1090.130000
demand_80 6 2 440.047000
demand_81 6 3 1167.190000
demand_82 6 4 403.695000
demand_83 6 5 451.918000
demand_84 6 7 1469.360000
demand_85 6 8 819.542000
demand_86 6 9 893.936000
demand_87 6 10 876.539000
demand_88 6 11 566.855000
demand_89 6 12 165.785000
demand_90 6 13 1391.000000
demand_91 7 0 688.923000
demand_92 7 1 605.371000
demand_93 7 2 1022.280000
demand_94 7 3 398.219000
demand_95 7 4 216.803000
demand_96 7 5 1197.670000
demand_97 7 6 1168.800000
demand_98 7 8 194.650000
demand_99 7 9 619.023000
demand_100 7 10 914.888000
demand_101 7 11 885.970000
demand_102 7 12 1078.500000
demand_103 7 13 1508.160000
demand_104 8 0 760.304000
demand_105 8 1 1495.930000
demand_106 8 2 1086.560000
demand_107 8 3 548.578000
demand_108 8 4 1409.160000
demand_109 8 5 658.729000
demand_110 8 6 959.629000
demand_111 8 7 1281.560000
demand_112 8 9 1008.780000
demand_113 8 10 705.981000
demand_114 8 11 1238.910000
demand_115 8 12 1131.850000
demand_116 8 13 191.735000
demand_117 9 0 1340.720000
demand_118 9 1 1276.350000
demand_119 9 2 1480.490000
demand_120 9 3 566.962000
demand_121 9 4 196.850000
demand_122 9 5 389.203000
demand_123 9 6 951.224000
demand_124 9 7 786.157000
demand_125 9 8 1040.630000
demand_126 9 10 895.897000
demand_127 9 11 589.997000
demand_128 9 12 557.413000
demand_129 9 13 598.165000
demand_130 10 0 234.016000
demand_131 10 1 630.983000
demand_132 10 2 774.567000
demand_133 10 3 1009.490000
demand_134 10 4 1024.280000
demand_135 10 5 1269.040000
demand_136 10 6 1090.770000
demand_137 10 7 818.781000
demand_138 10 8 986.634000
demand_139 10 9 268.489000
demand_140 10 11 507.179000
demand_141 10 12 1475.360000
demand_142 10 13 395.806000
demand_143 11 0 1354.060000
demand_144 11 1 616.649000
demand_145 11 2 1038.850000
demand_146 11 3 657.576000
demand_147 11 4 1491.650000
demand_148 11 5 925.804000
demand_149 11 6 175.103000
demand_150 11 7 847.420000
demand_151 11 8 752.802000
demand_152 11 9 1269.120000
demand_153 11 10 312.630000
demand_154 11 12 254.291000
demand_155 11 13 1488.740000
demand_156 12 0 788.156000
demand_157 12 1 603.634000
demand_158 12 2 1168.600000
demand_159 12 3 158.847000
demand_160 12 4 652.164000
demand_161 12 5 366.025000
demand_162 12 6 1384.920000
demand_163 12 7 278.208000
demand_164 12 8 1473.260000
demand_165 12 9 222.768000
demand_166 12 10 266.388000
demand_167 12 11 625.107000
demand_168 12 13 1476.350000
demand_169 13 0 220.554000
demand_170 13 1 1024.490000
demand_171 13 2 967.255000
demand_172 13 3 1100.990000
demand_173 13 4 1459.490000
demand_174 13 5 996.875000
demand_175 13 6 425.424000
demand_176 13 7 333.764000
demand_177 13 8 201.210000
demand_178 13 9 888.897000
demand_179 13 10 912.152000
demand_180 13 11 358.438000
demand_181 13 12 1262.580000
