DEMANDS 272
label src dest bw
demand_0 0 1 93.756407
demand_1 0 2 25.149205
demand_2 0 3 207.141330
demand_3 0 4 0.103588
demand_4 0 5 1893.340486
demand_5 0 6 186.665079
demand_6 0 7 136.998382
demand_7 0 8 457.756621
demand_8 0 9 489.126539
demand_9 0 10 2868.568567
demand_10 0 11 168.561981
demand_11 0 12 143.733312
demand_12 0 13 340.554554
demand_13 0 14 492.068342
demand_14 0 15 1460.944670
demand_15 0 16 80.492611
demand_16 1 0 455.096270
demand_17 1 2 23.420526
demand_18 1 3 192.903074
demand_19 1 4 0.096468
demand_20 1 5 1763.198099
demand_21 1 6 173.834297
demand_22 1 7 127.581536
demand_23 1 8 426.291842
demand_24 1 9 455.505489
demand_25 1 10 2671.392008
demand_26 1 11 156.975550
demand_27 1 12 133.853528
demand_28 1 13 317.145884
demand_29 1 14 458.245082
demand_30 1 15 1360.523837
demand_31 1 16 74.959797
demand_32 2 0 2061.206000
demand_33 2 1 395.449894
demand_34 2 3 873.689809
demand_35 2 4 0.436918
demand_36 2 5 7985.814738
demand_37 2 6 787.324174
demand_38 2 7 577.837799
demand_39 2 8 1930.745999
demand_40 2 9 2063.059419
demand_41 2 10 12099.174609
demand_42 2 11 710.968133
demand_43 2 12 606.244683
demand_44 2 13 1436.405968
demand_45 2 14 2075.467486
demand_46 2 15 6162.036653
demand_47 2 16 339.505273
demand_48 3 0 253.288498
demand_49 3 1 48.594323
demand_50 3 2 13.034934
demand_51 3 4 0.053690
demand_52 3 5 981.325991
demand_53 3 6 96.749261
demand_54 3 7 71.006813
demand_55 3 8 237.257098
demand_56 3 9 253.516253
demand_57 3 10 1486.790629
demand_58 3 11 87.366353
demand_59 3 12 74.497554
demand_60 3 13 176.510795
demand_61 3 14 255.041001
demand_62 3 15 757.213500
demand_63 3 16 41.719644
demand_64 4 0 761.177295
demand_65 4 1 146.034642
demand_66 4 2 39.172311
demand_67 4 3 322.642592
demand_68 4 5 2949.060339
demand_69 4 6 290.748856
demand_70 4 7 213.388188
demand_71 4 8 713.000068
demand_72 4 9 761.861740
demand_73 4 10 4468.072093
demand_74 4 11 262.551536
demand_75 4 12 223.878491
demand_76 4 13 530.446549
demand_77 4 14 766.443882
demand_78 4 15 2275.562168
demand_79 4 16 125.375002
demand_80 5 0 462.372602
demand_81 5 1 88.707871
demand_82 5 2 23.794987
demand_83 5 3 195.987315
demand_84 5 4 0.098010
demand_85 5 6 176.613656
demand_86 5 7 129.621380
demand_87 5 8 433.107633
demand_88 5 9 462.788363
demand_89 5 10 2714.103706
demand_90 5 11 159.485362
demand_91 5 12 135.993652
demand_92 5 13 322.216588
demand_93 5 14 465.571758
demand_94 5 15 1382.276648
demand_95 5 16 76.158296
demand_96 6 0 1257.370724
demand_97 6 1 241.231162
demand_98 6 2 64.707812
demand_99 6 3 532.965646
demand_100 6 4 0.266527
demand_101 6 5 4871.482840
demand_102 6 7 352.490887
demand_103 6 8 1177.787904
demand_104 6 9 1258.501341
demand_105 6 10 7380.702336
demand_106 6 11 433.702656
demand_107 6 12 369.819570
demand_108 6 13 876.232076
demand_109 6 14 1266.070473
demand_110 6 15 3758.947183
demand_111 6 16 207.103992
demand_112 7 0 690.536028
demand_113 7 1 132.481857
demand_114 7 2 35.536914
demand_115 7 3 292.699658
demand_116 7 4 0.146374
demand_117 7 5 2675.371986
demand_118 7 6 263.765828
demand_119 7 8 646.829901
demand_120 7 9 691.156952
demand_121 7 10 4053.411438
demand_122 7 11 238.185368
demand_123 7 12 203.101386
demand_124 7 13 481.218312
demand_125 7 14 695.313847
demand_126 7 15 2064.377997
demand_127 7 16 113.739540
demand_128 8 0 57.879556
demand_129 8 1 11.104404
demand_130 8 2 2.978644
demand_131 8 3 24.533588
demand_132 8 4 0.012269
demand_133 8 5 224.245130
demand_134 8 6 22.108403
demand_135 8 7 16.225935
demand_136 8 9 57.931600
demand_137 8 10 339.750054
demand_138 8 11 19.964293
demand_139 8 12 17.023613
demand_140 8 13 40.334901
demand_141 8 14 58.280024
demand_142 8 15 173.032653
demand_143 8 16 9.533455
demand_144 9 0 326.568338
demand_145 9 1 62.653328
demand_146 9 2 16.806120
demand_147 9 3 138.423539
demand_148 9 4 0.069223
demand_149 9 5 1265.237075
demand_150 9 6 124.740151
demand_151 9 7 91.550059
demand_152 9 8 305.898834
demand_153 9 10 1916.939573
demand_154 9 11 112.642638
demand_155 9 12 96.050719
demand_156 9 13 227.577792
demand_157 9 14 328.827865
demand_158 9 15 976.285763
demand_159 9 16 53.789710
demand_160 10 0 1257.493603
demand_161 10 1 241.254737
demand_162 10 2 64.714136
demand_163 10 3 533.017732
demand_164 10 4 0.266554
demand_165 10 5 4871.958918
demand_166 10 6 480.328077
demand_167 10 7 352.525335
demand_168 10 8 1177.903006
demand_169 10 9 1258.624331
demand_170 10 11 433.745040
demand_171 10 12 369.855711
demand_172 10 13 876.317708
demand_173 10 14 1266.194203
demand_174 10 15 3759.314536
demand_175 10 16 207.124232
demand_176 11 0 131.892501
demand_177 11 1 25.304058
demand_178 11 2 6.787557
demand_179 11 3 55.905685
demand_180 11 4 0.027958
demand_181 11 5 510.996511
demand_182 11 6 50.379319
demand_183 11 7 36.974699
demand_184 11 8 123.544623
demand_185 11 9 132.011097
demand_186 11 10 774.202284
demand_187 11 12 38.792400
demand_188 11 13 91.912781
demand_189 11 14 132.805065
demand_190 11 15 394.296554
demand_191 11 16 21.724272
demand_192 12 0 215.075821
demand_193 12 1 41.263081
demand_194 12 2 11.068403
demand_195 12 3 91.164858
demand_196 12 4 0.045590
demand_197 12 5 833.277054
demand_198 12 6 82.153066
demand_199 12 7 60.294284
demand_200 12 8 201.463018
demand_201 12 9 215.269216
demand_202 12 10 1262.484155
demand_203 12 11 74.185722
demand_204 12 13 149.881280
demand_205 12 14 216.563931
demand_206 12 15 642.975565
demand_207 12 16 35.425559
demand_208 13 0 1344.209633
demand_209 13 1 257.891524
demand_210 13 2 69.176785
demand_211 13 3 569.774325
demand_212 13 4 0.284935
demand_213 13 5 5207.926378
demand_214 13 6 513.451222
demand_215 13 7 376.835278
demand_216 13 8 1259.130514
demand_217 13 9 1345.418335
demand_218 13 10 7890.442324
demand_219 13 11 463.655847
demand_220 13 12 395.360747
demand_221 13 14 1353.510221
demand_222 13 15 4018.554685
demand_223 13 16 221.407399
demand_224 14 0 23.799613
demand_225 14 1 4.566043
demand_226 14 2 1.224795
demand_227 14 3 10.088016
demand_228 14 4 0.005045
demand_229 14 5 92.207816
demand_230 14 6 9.090800
demand_231 14 7 6.671976
demand_232 14 8 22.293263
demand_233 14 9 23.821014
demand_234 14 10 139.702522
demand_235 14 11 8.209158
demand_236 14 12 6.999974
demand_237 14 13 16.585391
demand_238 14 15 71.149652
demand_239 14 16 3.920081
demand_240 15 0 663.174942
demand_241 15 1 127.232533
demand_242 15 2 34.128836
demand_243 15 3 281.102029
demand_244 15 4 0.140575
demand_245 15 5 2569.365811
demand_246 15 6 253.314644
demand_247 15 7 185.914241
demand_248 15 8 621.200582
demand_249 15 9 663.771263
demand_250 15 10 3892.803252
demand_251 15 11 228.747758
demand_252 15 12 195.053907
demand_253 15 13 462.151015
demand_254 15 14 667.763450
demand_255 15 16 109.232842
demand_256 16 0 704.171226
demand_257 16 1 135.097820
demand_258 16 2 36.238620
demand_259 16 3 298.479251
demand_260 16 4 0.149265
demand_261 16 5 2728.199390
demand_262 16 6 268.974100
demand_263 16 7 197.407125
demand_264 16 8 659.602086
demand_265 16 9 704.804411
demand_266 16 10 4133.449357
demand_267 16 11 242.888533
demand_268 16 12 207.111789
demand_269 16 13 490.720360
demand_270 16 14 709.043387
demand_271 16 15 2105.140827
