DEMANDS 272
label src dest bw
demand_0 0 1 397.658381
demand_1 0 2 104.601785
demand_2 0 3 618.999364
demand_3 0 4 43.243673
demand_4 0 5 1702.425088
demand_5 0 6 587.803883
demand_6 0 7 421.244181
demand_7 0 8 817.090445
demand_8 0 9 1154.414435
demand_9 0 10 2901.933312
demand_10 0 11 451.790807
demand_11 0 12 425.998447
demand_12 0 13 769.584825
demand_13 0 14 1486.829345
demand_14 0 15 1487.573663
demand_15 0 16 202.159663
demand_16 1 0 609.155575
demand_17 1 2 69.866946
demand_18 1 3 413.449878
demand_19 1 4 28.883861
demand_20 1 5 1137.105279
demand_21 1 6 392.613398
demand_22 1 7 281.362737
demand_23 1 8 545.761376
demand_24 1 9 771.071078
demand_25 1 10 1938.295971
demand_26 1 11 301.765825
demand_27 1 12 284.538267
demand_28 1 13 514.030822
demand_29 1 14 993.101846
demand_30 1 15 993.599000
demand_31 1 16 135.029037
demand_32 2 0 1785.951067
demand_33 2 1 778.725036
demand_34 2 3 1212.171865
demand_35 2 4 84.683066
demand_36 2 5 3333.818927
demand_37 2 6 1151.082491
demand_38 2 7 824.912551
demand_39 2 8 1600.088960
demand_40 2 9 2260.662581
demand_41 2 10 5682.787612
demand_42 2 11 884.731289
demand_43 2 12 834.222720
demand_44 2 13 1507.059825
demand_45 2 14 2911.622865
demand_46 2 15 2913.080445
demand_47 2 16 395.884504
demand_48 3 0 248.872891
demand_49 3 1 108.515600
demand_50 3 2 28.544414
demand_51 3 4 11.800614
demand_52 3 5 464.568806
demand_53 3 6 160.403738
demand_54 3 7 114.951846
demand_55 3 8 222.972943
demand_56 3 9 315.024102
demand_57 3 10 791.898394
demand_58 3 11 123.287607
demand_59 3 12 116.249221
demand_60 3 13 210.009301
demand_61 3 14 405.735640
demand_62 3 15 405.938754
demand_63 3 16 55.166641
demand_64 4 0 1095.595622
demand_65 4 1 477.710591
demand_66 4 2 125.659065
demand_67 4 3 743.609505
demand_68 4 5 2045.138576
demand_69 4 6 706.134093
demand_70 4 7 506.044424
demand_71 4 8 981.578103
demand_72 4 9 1386.808448
demand_73 4 10 3486.118598
demand_74 4 11 542.740361
demand_75 4 12 511.755768
demand_76 4 13 924.509175
demand_77 4 14 1786.141470
demand_78 4 15 1787.035626
demand_79 4 16 242.856222
demand_80 5 0 843.018381
demand_81 5 1 367.579790
demand_82 5 2 96.689782
demand_83 5 3 572.178702
demand_84 5 4 39.972753
demand_85 5 6 543.342825
demand_86 5 7 389.381577
demand_87 5 8 755.286317
demand_88 5 9 1067.095366
demand_89 5 10 2682.433186
demand_90 5 11 417.617678
demand_91 5 12 393.776235
demand_92 5 13 711.373988
demand_93 5 14 1374.366654
demand_94 5 15 1375.054672
demand_95 5 16 186.868453
demand_96 6 0 1245.078505
demand_97 6 1 542.889344
demand_98 6 2 142.803967
demand_99 6 3 845.067461
demand_100 6 4 59.036928
demand_101 6 5 2324.176939
demand_102 6 7 575.089040
demand_103 6 8 1115.504454
demand_104 6 9 1576.024359
demand_105 6 10 3961.764033
demand_106 6 11 616.791764
demand_107 6 12 581.579639
demand_108 6 13 1050.649051
demand_109 6 14 2029.842312
demand_110 6 15 2030.858466
demand_111 6 16 275.991484
demand_112 7 0 1033.848545
demand_113 7 1 450.787124
demand_114 7 2 118.577000
demand_115 7 3 701.700143
demand_116 7 4 49.021200
demand_117 7 5 1929.875858
demand_118 7 6 666.336822
demand_119 7 8 926.256981
demand_120 7 9 1308.648800
demand_121 7 10 3289.643156
demand_122 7 11 512.151857
demand_123 7 12 482.913536
demand_124 7 13 872.404421
demand_125 7 14 1685.475665
demand_126 7 15 1686.319427
demand_127 7 16 229.168999
demand_128 8 0 20.713321
demand_129 8 1 9.031592
demand_130 8 2 2.375709
demand_131 8 3 14.058674
demand_132 8 4 0.982148
demand_133 8 5 38.665371
demand_134 8 6 13.350165
demand_135 8 7 9.567271
demand_136 8 9 26.218988
demand_137 8 10 65.908526
demand_138 8 11 10.261044
demand_139 8 12 9.675250
demand_140 8 13 17.478762
demand_141 8 14 33.768774
demand_142 8 15 33.785679
demand_143 8 16 4.591437
demand_144 9 0 261.241027
demand_145 9 1 113.908456
demand_146 9 2 29.962974
demand_147 9 3 177.311142
demand_148 9 4 12.387065
demand_149 9 5 487.656296
demand_150 9 6 168.375258
demand_151 9 7 120.664561
demand_152 9 8 234.053940
demand_153 9 10 831.253052
demand_154 9 11 129.414582
demand_155 9 12 122.026412
demand_156 9 13 220.446049
demand_157 9 14 425.899322
demand_158 9 15 426.112530
demand_159 9 16 57.908235
demand_160 10 0 1526.402829
demand_161 10 1 665.554684
demand_162 10 2 175.070390
demand_163 10 3 1036.009664
demand_164 10 4 72.376267
demand_165 10 5 2849.322547
demand_166 10 6 983.798270
demand_167 10 7 705.029872
demand_168 10 8 1367.551643
demand_169 10 9 1932.125590
demand_170 10 11 756.155287
demand_171 10 12 712.987015
demand_172 10 13 1288.042222
demand_173 10 14 2488.483285
demand_174 10 15 2489.729038
demand_175 10 16 338.351502
demand_176 11 0 134.261600
demand_177 11 1 58.541844
demand_178 11 2 15.399101
demand_179 11 3 91.126872
demand_180 11 4 6.366179
demand_181 11 5 250.624931
demand_182 11 6 86.534385
demand_183 11 7 62.014061
demand_184 11 8 120.289132
demand_185 11 9 169.948763
demand_186 11 10 427.212240
demand_187 11 12 62.713967
demand_188 11 13 113.295525
demand_189 11 14 218.885697
demand_190 11 15 218.995272
demand_191 11 16 29.761222
demand_192 12 0 223.669340
demand_193 12 1 97.526141
demand_194 12 2 25.653699
demand_195 12 3 151.810252
demand_196 12 4 10.605557
demand_197 12 5 417.521562
demand_198 12 6 144.159527
demand_199 12 7 103.310583
demand_200 12 8 200.392300
demand_201 12 9 283.121367
demand_202 12 10 711.702229
demand_203 12 11 110.802176
demand_204 12 13 188.741496
demand_205 12 14 364.646477
demand_206 12 15 364.829022
demand_207 12 16 49.579872
demand_208 13 0 1743.080467
demand_209 13 1 760.032245
demand_210 13 2 199.922177
demand_211 13 3 1183.074464
demand_212 13 4 82.650304
demand_213 13 5 3253.792760
demand_214 13 6 1123.451500
demand_215 13 7 805.111059
demand_216 13 8 1561.679860
demand_217 13 9 2206.396838
demand_218 13 10 5546.375972
demand_219 13 11 863.493886
demand_220 13 12 814.197743
demand_221 13 14 2841.731241
demand_222 13 15 2843.153833
demand_223 13 16 386.381552
demand_224 14 0 19.756656
demand_225 14 1 8.614459
demand_226 14 2 2.265985
demand_227 14 3 13.409361
demand_228 14 4 0.936786
demand_229 14 5 36.879574
demand_230 14 6 12.733575
demand_231 14 7 9.125398
demand_232 14 8 17.700601
demand_233 14 9 25.008039
demand_234 14 10 62.864478
demand_235 14 11 9.787128
demand_236 14 12 9.228389
demand_237 14 13 16.671489
demand_238 14 15 32.225255
demand_239 14 16 4.379378
demand_240 15 0 943.913604
demand_241 15 1 411.572953
demand_242 15 2 108.261934
demand_243 15 3 640.658938
demand_244 15 4 44.756824
demand_245 15 5 1761.995105
demand_246 15 6 608.371888
demand_247 15 7 435.984050
demand_248 15 8 845.681477
demand_249 15 9 1194.808863
demand_250 15 10 3003.475646
demand_251 15 11 467.599541
demand_252 15 12 440.904674
demand_253 15 13 796.513576
demand_254 15 14 1538.855393
demand_255 15 16 209.233487
demand_256 16 0 1053.590629
demand_257 16 1 459.395229
demand_258 16 2 120.841313
demand_259 16 3 715.099613
demand_260 16 4 49.957295
demand_261 16 5 1966.728229
demand_262 16 6 679.061004
demand_263 16 7 486.642747
demand_264 16 8 943.944526
demand_265 16 9 1333.638392
demand_266 16 10 3352.461265
demand_267 16 11 521.931766
demand_268 16 12 492.135118
demand_269 16 13 889.063613
demand_270 16 14 1717.661039
demand_271 16 15 1718.520912
