DEMANDS 272
label src dest bw
demand_0 0 1 158.377960
demand_1 0 2 84.664278
demand_2 0 3 655.365263
demand_3 0 4 42.108863
demand_4 0 5 1201.185731
demand_5 0 6 250.295697
demand_6 0 7 168.479007
demand_7 0 8 889.999919
demand_8 0 9 987.583032
demand_9 0 10 1276.593012
demand_10 0 11 220.300512
demand_11 0 12 182.190982
demand_12 0 13 843.340130
demand_13 0 14 1010.730000
demand_14 0 15 1049.182669
demand_15 0 16 103.289606
demand_16 1 0 563.597135
demand_17 1 2 51.094652
demand_18 1 3 395.511084
demand_19 1 4 25.412580
demand_20 1 5 724.912193
demand_21 1 6 151.052746
demand_22 1 7 101.676604
demand_23 1 8 537.112436
demand_24 1 9 596.003569
demand_25 1 10 770.420274
demand_26 1 11 132.950736
demand_27 1 12 109.951743
demand_28 1 13 508.953385
demand_29 1 14 609.972698
demand_30 1 15 633.178775
demand_31 1 16 62.334985
demand_32 2 0 4289.624390
demand_33 2 1 727.479025
demand_34 2 3 3010.295633
demand_35 2 4 193.419052
demand_36 2 5 5517.418089
demand_37 2 6 1149.685659
demand_38 2 7 773.876260
demand_39 2 8 4088.045277
demand_40 2 9 4536.274740
demand_41 2 10 5863.787087
demand_42 2 11 1011.908482
demand_43 2 12 836.859610
demand_44 2 13 3873.722415
demand_45 2 14 4642.595933
demand_46 2 15 4819.220948
demand_47 2 16 474.441149
demand_48 3 0 395.347403
demand_49 3 1 67.047116
demand_50 3 2 35.841449
demand_51 3 4 17.826204
demand_52 3 5 508.505342
demand_53 3 6 105.959217
demand_54 3 7 71.323254
demand_55 3 8 376.769138
demand_56 3 9 418.079598
demand_57 3 10 540.427970
demand_58 3 11 93.261170
demand_59 3 12 77.128029
demand_60 3 13 357.016363
demand_61 3 14 427.878546
demand_62 3 15 444.156951
demand_63 3 16 43.726224
demand_64 4 0 1610.409494
demand_65 4 1 273.109956
demand_66 4 2 145.996684
demand_67 4 3 1130.124278
demand_68 4 5 2071.347434
demand_69 4 6 431.614643
demand_70 4 7 290.528392
demand_71 4 8 1534.732724
demand_72 4 9 1703.006894
demand_73 4 10 2201.381178
demand_74 4 11 379.890377
demand_75 4 12 314.173582
demand_76 4 13 1454.271700
demand_77 4 14 1742.921964
demand_78 4 15 1809.230474
demand_79 4 16 178.114553
demand_80 5 0 718.399853
demand_81 5 1 121.833703
demand_82 5 2 65.128774
demand_83 5 3 504.145758
demand_84 5 4 32.392631
demand_85 5 6 192.542268
demand_86 5 7 129.604026
demand_87 5 8 684.640625
demand_88 5 9 759.707333
demand_89 5 10 982.030919
demand_90 5 11 169.468196
demand_91 5 12 140.152089
demand_92 5 13 648.747154
demand_93 5 14 777.513351
demand_94 5 15 807.093420
demand_95 5 16 79.456479
demand_96 6 0 1701.983551
demand_97 6 1 288.640035
demand_98 6 2 154.298616
demand_99 6 3 1194.387477
demand_100 6 4 76.742394
demand_101 6 5 2189.132189
demand_102 6 7 307.048950
demand_103 6 8 1622.003510
demand_104 6 9 1799.846394
demand_105 6 10 2326.560151
demand_106 6 11 401.492400
demand_107 6 12 332.038696
demand_108 6 13 1536.967163
demand_109 6 14 1842.031188
demand_110 6 15 1912.110254
demand_111 6 16 188.242829
demand_112 7 0 1320.975981
demand_113 7 1 224.024817
demand_114 7 2 119.757188
demand_115 7 3 927.010821
demand_116 7 4 59.562772
demand_117 7 5 1699.071086
demand_118 7 6 354.041987
demand_119 7 8 1258.900343
demand_120 7 9 1396.931159
demand_121 7 10 1805.734300
demand_122 7 11 311.613950
demand_123 7 12 257.708215
demand_124 7 13 1192.900310
demand_125 7 14 1429.672427
demand_126 7 15 1484.063530
demand_127 7 16 146.102620
demand_128 8 0 211.912808
demand_129 8 1 35.938373
demand_130 8 2 19.211615
demand_131 8 3 148.712368
demand_132 8 4 9.555143
demand_133 8 5 272.567351
demand_134 8 6 56.795909
demand_135 8 7 38.230455
demand_136 8 9 224.097643
demand_137 8 10 289.678413
demand_138 8 11 49.989544
demand_139 8 12 41.341911
demand_140 8 13 191.366730
demand_141 8 14 229.350043
demand_142 8 15 238.075540
demand_143 8 16 23.437986
demand_144 9 0 404.937378
demand_145 9 1 68.673483
demand_146 9 2 36.710858
demand_147 9 3 284.169687
demand_148 9 4 18.258616
demand_149 9 5 520.840197
demand_150 9 6 108.529478
demand_151 9 7 73.053348
demand_152 9 8 385.908458
demand_153 9 10 553.537175
demand_154 9 11 95.523414
demand_155 9 12 78.998930
demand_156 9 13 365.676538
demand_157 9 14 438.257631
demand_158 9 15 454.930902
demand_159 9 16 44.786894
demand_160 10 0 1928.069667
demand_161 10 1 326.982065
demand_162 10 2 174.795156
demand_163 10 3 1353.046134
demand_164 10 4 86.936611
demand_165 10 5 2479.929590
demand_166 10 6 516.752481
demand_167 10 7 347.836362
demand_168 10 8 1837.465330
demand_169 10 9 2038.932300
demand_170 10 11 454.825382
demand_171 10 12 376.145668
demand_172 10 13 1741.133024
demand_173 10 14 2086.720789
demand_174 10 15 2166.108937
demand_175 10 16 213.248412
demand_176 11 0 309.145282
demand_177 11 1 52.428065
demand_178 11 2 28.026528
demand_179 11 3 216.946429
demand_180 11 4 13.939353
demand_181 11 5 397.630098
demand_182 11 6 82.855715
demand_183 11 7 55.771828
demand_184 11 8 294.617848
demand_185 11 9 326.920915
demand_186 11 10 422.592270
demand_187 11 12 60.310921
demand_188 11 13 279.171997
demand_189 11 14 334.583287
demand_190 11 15 347.312324
demand_191 11 16 34.192095
demand_192 12 0 386.786534
demand_193 12 1 65.595275
demand_194 12 2 35.065337
demand_195 12 3 271.432114
demand_196 12 4 17.440195
demand_197 12 5 497.494145
demand_198 12 6 103.664771
demand_199 12 7 69.778817
demand_200 12 8 368.610564
demand_201 12 9 409.026485
demand_202 12 10 528.725520
demand_203 12 11 91.241689
demand_204 12 13 349.285516
demand_205 12 14 418.613246
demand_206 12 15 434.539157
demand_207 12 16 42.779374
demand_208 13 0 2644.422241
demand_209 13 1 448.468569
demand_210 13 2 239.738328
demand_211 13 3 1855.755190
demand_212 13 4 119.236930
demand_213 13 5 3401.319505
demand_214 13 6 708.746046
demand_215 13 7 477.071046
demand_216 13 8 2520.154883
demand_217 13 9 2796.474638
demand_218 13 10 3614.845399
demand_219 13 11 623.810631
demand_220 13 12 515.898355
demand_221 13 14 2862.018402
demand_222 13 15 2970.902321
demand_223 13 16 292.478458
demand_224 14 0 181.224973
demand_225 14 1 30.734012
demand_226 14 2 16.429514
demand_227 14 3 127.176809
demand_228 14 4 8.171429
demand_229 14 5 233.095920
demand_230 14 6 48.571095
demand_231 14 7 32.694169
demand_232 14 8 172.708803
demand_233 14 9 191.645280
demand_234 14 10 247.729068
demand_235 14 11 42.750383
demand_236 14 12 35.355044
demand_237 14 13 163.654244
demand_238 14 15 203.598988
demand_239 14 16 20.043849
demand_240 15 0 1030.358978
demand_241 15 1 174.738969
demand_242 15 2 93.410400
demand_243 15 3 723.066835
demand_244 15 4 46.458859
demand_245 15 5 1325.272505
demand_246 15 6 276.152137
demand_247 15 7 185.883490
demand_248 15 8 981.940088
demand_249 15 9 1089.603886
demand_250 15 10 1408.469628
demand_251 15 11 243.058341
demand_252 15 12 201.011961
demand_253 15 13 930.460177
demand_254 15 14 1115.142018
demand_255 15 16 113.959791
demand_256 16 0 1573.938762
demand_257 16 1 266.924871
demand_258 16 2 142.690317
demand_259 16 3 1104.530502
demand_260 16 4 70.968858
demand_261 16 5 2024.437901
demand_262 16 6 421.839923
demand_263 16 7 283.948834
demand_264 16 8 1499.975834
demand_265 16 9 1664.439121
demand_266 16 10 2151.526789
demand_267 16 11 371.287050
demand_268 16 12 307.058534
demand_269 16 13 1421.337000
demand_270 16 14 1703.450240
demand_271 16 15 1768.257069
