DEMANDS 272
label src dest bw
demand_0 0 1 250.615108
demand_1 0 2 96.585063
demand_2 0 3 613.442631
demand_3 0 4 8.427223
demand_4 0 5 1622.750241
demand_5 0 6 405.133650
demand_6 0 7 286.042442
demand_7 0 8 1074.038841
demand_8 0 9 1174.520729
demand_9 0 10 1957.802315
demand_10 0 11 344.264073
demand_11 0 12 303.931513
demand_12 0 13 1014.850405
demand_13 0 14 1346.309005
demand_14 0 15 1503.854268
demand_15 0 16 212.290288
demand_16 1 0 355.850617
demand_17 1 2 31.918760
demand_18 1 3 202.726253
demand_19 1 4 2.784970
demand_20 1 5 536.275209
demand_21 1 6 133.885750
demand_22 1 7 94.529316
demand_23 1 8 354.940883
demand_24 1 9 388.147438
demand_25 1 10 647.000887
demand_26 1 11 113.769995
demand_27 1 12 100.441172
demand_28 1 13 335.380701
demand_29 1 14 444.918833
demand_30 1 15 496.983295
demand_31 1 16 70.156217
demand_32 2 0 3197.493689
demand_33 2 1 744.192450
demand_34 2 3 1821.595586
demand_35 2 4 25.024332
demand_36 2 5 4818.697832
demand_37 2 6 1203.029642
demand_38 2 7 849.392629
demand_39 2 8 3189.319283
demand_40 2 9 3487.696594
demand_41 2 10 5813.622781
demand_42 2 11 1022.279645
demand_43 2 12 902.513577
demand_44 2 13 3013.561374
demand_45 2 14 3997.815635
demand_46 2 15 4465.640562
demand_47 2 16 630.388292
demand_48 3 0 216.817547
demand_49 3 1 50.462643
demand_50 3 2 19.447900
demand_51 3 4 1.696865
demand_52 3 5 326.749119
demand_53 3 6 81.575747
demand_54 3 7 57.596119
demand_55 3 8 216.263252
demand_56 3 9 236.495798
demand_57 3 10 394.213579
demand_58 3 11 69.319344
demand_59 3 12 61.198176
demand_60 3 13 204.345356
demand_61 3 14 271.086252
demand_62 3 15 302.808802
demand_63 3 16 42.745743
demand_64 4 0 1504.786064
demand_65 4 1 350.227565
demand_66 4 2 134.974909
demand_67 4 3 857.268823
demand_68 4 5 2267.747820
demand_69 4 6 566.162881
demand_70 4 7 399.736267
demand_71 4 8 1500.939072
demand_72 4 9 1641.359683
demand_73 4 10 2735.973669
demand_74 4 11 481.099359
demand_75 4 12 424.735741
demand_76 4 13 1418.224897
demand_77 4 14 1881.428968
demand_78 4 15 2101.594041
demand_79 4 16 296.669707
demand_80 5 0 951.618825
demand_81 5 1 221.482078
demand_82 5 2 85.357426
demand_83 5 3 542.132314
demand_84 5 4 7.447591
demand_85 5 6 358.038441
demand_86 5 7 252.791122
demand_87 5 8 949.186008
demand_88 5 9 1037.987267
demand_89 5 10 1730.215419
demand_90 5 11 304.244715
demand_91 5 12 268.600658
demand_92 5 13 896.877997
demand_93 5 14 1189.805826
demand_94 5 15 1329.037064
demand_95 5 16 187.612369
demand_96 6 0 1542.556936
demand_97 6 1 359.018449
demand_98 6 2 138.362846
demand_99 6 3 878.786693
demand_100 6 4 12.072410
demand_101 6 5 2324.669408
demand_102 6 7 409.769844
demand_103 6 8 1538.613382
demand_104 6 9 1682.558620
demand_105 6 10 2804.647957
demand_106 6 11 493.175190
demand_107 6 12 435.396818
demand_108 6 13 1453.823041
demand_109 6 14 1928.653763
demand_110 6 15 2154.345087
demand_111 6 16 304.116263
demand_112 7 0 1143.065002
demand_113 7 1 266.039726
demand_114 7 2 102.529588
demand_115 7 3 651.198209
demand_116 7 4 8.945893
demand_117 7 5 1722.625713
demand_118 7 6 430.068427
demand_119 7 8 1140.142751
demand_120 7 9 1246.809001
demand_121 7 10 2078.299250
demand_122 7 11 365.452507
demand_123 7 12 322.637598
demand_124 7 13 1077.311442
demand_125 7 14 1429.170338
demand_126 7 15 1596.412044
demand_127 7 16 225.356127
demand_128 8 0 119.134117
demand_129 8 1 27.727564
demand_130 8 2 10.685982
demand_131 8 3 67.870089
demand_132 8 4 0.932371
demand_133 8 5 179.537903
demand_134 8 6 44.823192
demand_135 8 7 31.647175
demand_136 8 9 129.946669
demand_137 8 10 216.607407
demand_138 8 11 38.088702
demand_139 8 12 33.626386
demand_140 8 13 112.281058
demand_141 8 14 148.952987
demand_142 8 15 166.383486
demand_143 8 16 23.487381
demand_144 9 0 341.645374
demand_145 9 1 79.515375
demand_146 9 2 30.644591
demand_147 9 3 194.633600
demand_148 9 4 2.673796
demand_149 9 5 514.867576
demand_150 9 6 128.541149
demand_151 9 7 90.755789
demand_152 9 8 340.771957
demand_153 9 10 621.173183
demand_154 9 11 109.228398
demand_155 9 12 96.431649
demand_156 9 13 321.992599
demand_157 9 14 427.158066
demand_158 9 15 477.144160
demand_159 9 16 67.355643
demand_160 10 0 1660.843715
demand_161 10 1 386.548802
demand_162 10 2 148.972824
demand_163 10 3 946.174059
demand_164 10 4 12.998150
demand_165 10 5 2502.930354
demand_166 10 6 624.878237
demand_167 10 7 441.191929
demand_168 10 8 1656.597761
demand_169 10 9 1811.581048
demand_170 10 11 530.992987
demand_171 10 12 468.784038
demand_172 10 13 1565.305503
demand_173 10 14 2076.547327
demand_174 10 15 2319.545176
demand_175 10 16 327.436591
demand_176 11 0 128.415265
demand_177 11 1 29.887681
demand_178 11 2 11.518474
demand_179 11 3 73.157511
demand_180 11 4 1.005008
demand_181 11 5 193.524809
demand_182 11 6 48.315145
demand_183 11 7 34.112649
demand_184 11 8 128.086970
demand_185 11 9 140.070169
demand_186 11 10 233.482215
demand_187 11 12 36.246051
demand_188 11 13 121.028317
demand_189 11 14 160.557175
demand_190 11 15 179.345597
demand_191 11 16 25.317166
demand_192 12 0 187.712149
demand_193 12 1 43.688582
demand_194 12 2 16.837231
demand_195 12 3 106.938639
demand_196 12 4 1.469079
demand_197 12 5 282.886603
demand_198 12 6 70.625090
demand_199 12 7 49.864466
demand_200 12 8 187.232262
demand_201 12 9 204.748809
demand_202 12 10 341.294693
demand_203 12 11 60.013976
demand_204 12 13 176.914214
demand_205 12 14 234.695871
demand_206 12 15 262.160013
demand_207 12 16 37.007592
demand_208 13 0 2874.991885
demand_209 13 1 669.132597
demand_210 13 2 257.878364
demand_211 13 3 1637.867980
demand_212 13 4 22.500357
demand_213 13 5 4332.680065
demand_214 13 6 1081.691098
demand_215 13 7 763.722200
demand_216 13 8 2867.641956
demand_217 13 9 3135.924690
demand_218 13 10 5227.256078
demand_219 13 11 919.171692
demand_220 13 12 811.485326
demand_221 13 14 3594.592711
demand_222 13 15 4015.232437
demand_223 13 16 566.806818
demand_224 14 0 37.575420
demand_225 14 1 8.745395
demand_226 14 2 3.370405
demand_227 14 3 21.406522
demand_228 14 4 0.294074
demand_229 14 5 56.627038
demand_230 14 6 14.137430
demand_231 14 7 9.981657
demand_232 14 8 37.479358
demand_233 14 9 40.985746
demand_234 14 10 68.318921
demand_235 14 11 12.013343
demand_236 14 12 10.605909
demand_237 14 13 35.413935
demand_238 14 15 52.478077
demand_239 14 16 7.408022
demand_240 15 0 1090.524499
demand_241 15 1 253.811322
demand_242 15 2 97.816858
demand_243 15 3 621.266156
demand_244 15 4 8.534699
demand_245 15 5 1643.445945
demand_246 15 6 410.300512
demand_247 15 7 289.690477
demand_248 15 8 1087.736568
demand_249 15 9 1189.499949
demand_250 15 10 1982.771097
demand_251 15 11 348.654636
demand_252 15 12 307.807696
demand_253 15 13 1027.793274
demand_254 15 14 1363.479123
demand_255 15 16 214.997727
demand_256 16 0 1198.528531
demand_257 16 1 278.948442
demand_258 16 2 107.504504
demand_259 16 3 682.795494
demand_260 16 4 9.379964
demand_261 16 5 1806.210550
demand_262 16 6 450.936105
demand_263 16 7 318.381019
demand_264 16 8 1195.464488
demand_265 16 9 1307.306372
demand_266 16 10 2179.141993
demand_267 16 11 383.184907
demand_268 16 12 338.292543
demand_269 16 13 1129.584493
demand_270 16 14 1498.516202
demand_271 16 15 1673.872771
