DEMANDS 272
label src dest bw
demand_0 0 1 151.426075
demand_1 0 2 64.796866
demand_2 0 3 206.054548
demand_3 0 4 49.442385
demand_4 0 5 462.571782
demand_5 0 6 179.045031
demand_6 0 7 160.055341
demand_7 0 8 250.595873
demand_8 0 9 404.218635
demand_9 0 10 819.358525
demand_10 0 11 172.290769
demand_11 0 12 165.626344
demand_12 0 13 245.082381
demand_13 0 14 437.046503
demand_14 0 15 449.153668
demand_15 0 16 144.021458
demand_16 1 0 175.226108
demand_17 1 2 44.924244
demand_18 1 3 142.859452
demand_19 1 4 34.278846
demand_20 1 5 320.705134
demand_21 1 6 124.133514
demand_22 1 7 110.967792
demand_23 1 8 173.740349
demand_24 1 9 280.248377
demand_25 1 10 568.068558
demand_26 1 11 119.450724
demand_27 1 12 114.830218
demand_28 1 13 169.917796
demand_29 1 14 303.008230
demand_30 1 15 311.402235
demand_31 1 16 99.851359
demand_32 2 0 2949.532995
demand_33 2 1 1767.184466
demand_34 2 3 2404.713968
demand_35 2 4 577.006408
demand_36 2 5 5398.341526
demand_37 2 6 2089.505378
demand_38 2 7 1867.890400
demand_39 2 8 2924.523626
demand_40 2 9 4717.344045
demand_41 2 10 9562.142176
demand_42 2 11 2010.681256
demand_43 2 12 1932.905563
demand_44 2 13 2860.179642
demand_45 2 14 5100.454404
demand_46 2 15 5241.748392
demand_47 2 16 1680.770526
demand_48 3 0 129.037898
demand_49 3 1 77.311822
demand_50 3 2 33.082570
demand_51 3 4 25.243215
demand_52 3 5 236.169809
demand_53 3 6 91.412906
demand_54 3 7 81.717564
demand_55 3 8 127.943774
demand_56 3 9 206.377132
demand_57 3 10 418.330200
demand_58 3 11 87.964462
demand_59 3 12 84.561885
demand_60 3 13 125.128815
demand_61 3 14 223.137669
demand_62 3 15 229.319081
demand_63 3 16 73.531334
demand_64 4 0 999.649254
demand_65 4 1 598.930284
demand_66 4 2 256.288788
demand_67 4 3 815.000384
demand_68 4 5 1829.594071
demand_69 4 6 708.170580
demand_70 4 7 633.061318
demand_71 4 8 991.173134
demand_72 4 9 1598.791899
demand_73 4 10 3240.780256
demand_74 4 11 681.455682
demand_75 4 12 655.096114
demand_76 4 13 969.365812
demand_77 4 14 1728.634821
demand_78 4 15 1776.521870
demand_79 4 16 569.643061
demand_80 5 0 243.222884
demand_81 5 1 145.724663
demand_82 5 2 62.357170
demand_83 5 3 198.296296
demand_84 5 4 47.580808
demand_85 5 6 172.303726
demand_86 5 7 154.029025
demand_87 5 8 241.160575
demand_88 5 9 388.999217
demand_89 5 10 788.508487
demand_90 5 11 165.803771
demand_91 5 12 159.390272
demand_92 5 13 235.854674
demand_93 5 14 420.591068
demand_94 5 15 432.242380
demand_95 5 16 138.598841
demand_96 6 0 1261.839861
demand_97 6 1 756.019277
demand_98 6 2 323.508878
demand_99 6 3 1028.760806
demand_100 6 4 246.849141
demand_101 6 5 2309.464765
demand_102 6 7 799.102288
demand_103 6 8 1251.140602
demand_104 6 9 2018.127197
demand_105 6 10 4090.780534
demand_106 6 11 860.189651
demand_107 6 12 826.916428
demand_108 6 13 1223.613599
demand_109 6 14 2182.025660
demand_110 6 15 2242.472648
demand_111 6 16 719.050525
demand_112 7 0 845.807904
demand_113 7 1 506.757711
demand_114 7 2 216.847140
demand_115 7 3 689.575632
demand_116 7 4 165.462323
demand_117 7 5 1548.028090
demand_118 7 6 599.186436
demand_119 7 8 838.636219
demand_120 7 9 1352.745294
demand_121 7 10 2742.039313
demand_122 7 11 576.582836
demand_123 7 12 554.279883
demand_124 7 13 820.184942
demand_125 7 14 1462.605997
demand_126 7 15 1503.123453
demand_127 7 16 481.977655
demand_128 8 0 56.911865
demand_129 8 1 34.098199
demand_130 8 2 14.590991
demand_131 8 3 46.399466
demand_132 8 4 11.133461
demand_133 8 5 104.162145
demand_134 8 6 40.317449
demand_135 8 7 36.041341
demand_136 8 9 91.022154
demand_137 8 10 184.503561
demand_138 8 11 38.796521
demand_139 8 12 37.295823
demand_140 8 13 55.187773
demand_141 8 14 98.414349
demand_142 8 15 101.140647
demand_143 8 16 32.430824
demand_144 9 0 136.557377
demand_145 9 1 81.817046
demand_146 9 2 35.010404
demand_147 9 3 111.333365
demand_148 9 4 26.714223
demand_149 9 5 249.932231
demand_150 9 6 96.739848
demand_151 9 7 86.479526
demand_152 9 8 135.399494
demand_153 9 10 442.707730
demand_154 9 11 93.090452
demand_155 9 12 89.489595
demand_156 9 13 132.420499
demand_157 9 14 236.140663
demand_158 9 15 242.682287
demand_159 9 16 77.816256
demand_160 10 0 1319.694931
demand_161 10 1 790.682588
demand_162 10 2 338.341686
demand_163 10 3 1075.929254
demand_164 10 4 258.167118
demand_165 10 5 2415.353197
demand_166 10 6 934.897037
demand_167 10 7 835.740945
demand_168 10 8 1308.505114
demand_169 10 9 2110.657869
demand_170 10 11 899.629150
demand_171 10 12 864.830357
demand_172 10 13 1279.716003
demand_173 10 14 2282.071038
demand_174 10 15 2345.289507
demand_175 10 16 752.018827
demand_176 11 0 65.212909
demand_177 11 1 39.071690
demand_178 11 2 16.719202
demand_179 11 3 53.167194
demand_180 11 4 12.757364
demand_181 11 5 119.355015
demand_182 11 6 46.198067
demand_183 11 7 41.298255
demand_184 11 8 64.659963
demand_185 11 9 104.298453
demand_186 11 10 211.414861
demand_187 11 12 42.735713
demand_188 11 13 63.237345
demand_189 11 14 112.768858
demand_190 11 15 115.892808
demand_191 11 16 37.161115
demand_192 12 0 119.261131
demand_193 12 1 71.454165
demand_194 12 2 30.576015
demand_195 12 3 97.231971
demand_196 12 4 23.330621
demand_197 12 5 218.276017
demand_198 12 6 84.486858
demand_199 12 7 75.526099
demand_200 12 8 118.249904
demand_201 12 9 190.740631
demand_202 12 10 386.634728
demand_203 12 11 81.299691
demand_204 12 13 115.648226
demand_205 12 14 206.231278
demand_206 12 15 211.944345
demand_207 12 16 67.960112
demand_208 13 0 1694.410570
demand_209 13 1 1015.189877
demand_210 13 2 434.410799
demand_211 13 3 1381.429797
demand_212 13 4 331.471375
demand_213 13 5 3101.171257
demand_214 13 6 1200.352736
demand_215 13 7 1073.042154
demand_216 13 8 1680.043503
demand_217 13 9 2709.960400
demand_218 13 10 5493.139018
demand_219 13 11 1155.070847
demand_220 13 12 1110.391246
demand_221 13 14 2930.044814
demand_222 13 15 3011.213605
demand_223 13 16 965.547886
demand_224 14 0 5.028441
demand_225 14 1 3.012742
demand_226 14 2 1.289185
demand_227 14 3 4.099619
demand_228 14 4 0.983696
demand_229 14 5 9.203234
demand_230 14 6 3.562244
demand_231 14 7 3.184429
demand_232 14 8 4.985805
demand_233 14 9 8.042252
demand_234 14 10 16.301791
demand_235 14 11 3.427862
demand_236 14 12 3.295268
demand_237 14 13 4.876109
demand_238 14 15 8.936270
demand_239 14 16 2.865422
demand_240 15 0 702.904660
demand_241 15 1 421.138600
demand_242 15 2 180.209791
demand_243 15 3 573.068570
demand_244 15 4 137.506681
demand_245 15 5 1286.481427
demand_246 15 6 497.951055
demand_247 15 7 445.137881
demand_248 15 8 696.944665
demand_249 15 9 1124.192582
demand_250 15 10 2278.758810
demand_251 15 11 479.166440
demand_252 15 12 460.631676
demand_253 15 13 681.610819
demand_254 15 14 1215.491800
demand_255 15 16 400.545252
demand_256 16 0 963.560445
demand_257 16 1 577.308019
demand_258 16 2 247.036385
demand_259 16 3 785.577671
demand_260 16 4 188.497824
demand_261 16 5 1763.543033
demand_262 16 6 682.604580
demand_263 16 7 610.206873
demand_264 16 8 955.390325
demand_265 16 9 1541.073158
demand_266 16 10 3123.783320
demand_267 16 11 656.854129
demand_268 16 12 631.446181
demand_269 16 13 934.370280
demand_270 16 14 1666.228561
demand_271 16 15 1712.386816
