DEMANDS 272
label src dest bw
demand_0 0 1 141.016286
demand_1 0 2 96.173996
demand_2 0 3 526.704036
demand_3 0 4 67.828536
demand_4 0 5 1645.749956
demand_5 0 6 356.004232
demand_6 0 7 237.383220
demand_7 0 8 657.435946
demand_8 0 9 997.469904
demand_9 0 10 1830.240115
demand_10 0 11 307.927152
demand_11 0 12 281.806355
demand_12 0 13 561.209726
demand_13 0 14 1341.002715
demand_14 0 15 1618.284520
demand_15 0 16 111.445277
demand_16 1 0 694.693414
demand_17 1 2 84.669590
demand_18 1 3 463.699303
demand_19 1 4 59.714836
demand_20 1 5 1448.884107
demand_21 1 6 313.418738
demand_22 1 7 208.987260
demand_23 1 8 578.792964
demand_24 1 9 878.151804
demand_25 1 10 1611.305415
demand_26 1 11 271.092674
demand_27 1 12 248.096467
demand_28 1 13 494.077396
demand_29 1 14 1180.590960
demand_30 1 15 1424.704107
demand_31 1 16 98.114109
demand_32 2 0 2048.578654
demand_33 2 1 366.098990
demand_34 2 3 1367.401035
demand_35 2 4 176.092843
demand_36 2 5 4272.608595
demand_37 2 6 924.239273
demand_38 2 7 616.281702
demand_39 2 8 1706.800274
demand_40 2 9 2589.578370
demand_41 2 10 4751.572144
demand_42 2 11 799.424111
demand_43 2 12 731.610687
demand_44 2 13 1456.982874
demand_45 2 14 3481.439999
demand_46 2 15 4201.304290
demand_47 2 16 289.328307
demand_48 3 0 368.915976
demand_49 3 1 65.928524
demand_50 3 2 44.963668
demand_51 3 4 31.711481
demand_52 3 5 769.427900
demand_53 3 6 166.440587
demand_54 3 7 110.982395
demand_55 3 8 307.367202
demand_56 3 9 466.341300
demand_57 3 10 855.681510
demand_58 3 11 143.963389
demand_59 3 12 131.751285
demand_60 3 13 262.379117
demand_61 3 14 626.951195
demand_62 3 15 756.587144
demand_63 3 16 52.103362
demand_64 4 0 1307.690937
demand_65 4 1 233.695851
demand_66 4 2 159.382042
demand_67 4 3 872.867604
demand_68 4 5 2727.379555
demand_69 4 6 589.979456
demand_70 4 7 393.397635
demand_71 4 8 1089.519919
demand_72 4 9 1653.033023
demand_73 4 10 3033.121437
demand_74 4 11 510.304871
demand_75 4 12 467.016809
demand_76 4 13 930.051329
demand_77 4 14 2222.344515
demand_78 4 15 2681.863122
demand_79 4 16 184.690006
demand_80 5 0 714.938460
demand_81 5 1 127.765779
demand_82 5 2 87.137066
demand_83 5 3 477.212622
demand_84 5 4 61.455071
demand_85 5 6 322.552518
demand_86 5 7 215.077654
demand_87 5 8 595.660390
demand_88 5 9 903.743270
demand_89 5 10 1658.262749
demand_90 5 11 278.992970
demand_91 5 12 255.326598
demand_92 5 13 508.476006
demand_93 5 14 1214.996235
demand_94 5 15 1466.223429
demand_95 5 16 100.973391
demand_96 6 0 1440.048679
demand_97 6 1 257.349341
demand_98 6 2 175.513872
demand_99 6 3 961.214768
demand_100 6 4 123.784491
demand_101 6 5 3003.430868
demand_102 6 7 433.215317
demand_103 6 8 1199.795515
demand_104 6 9 1820.344513
demand_105 6 10 3340.118369
demand_106 6 11 561.955302
demand_107 6 12 514.285845
demand_108 6 13 1024.186335
demand_109 6 14 2447.278782
demand_110 6 15 2953.307496
demand_111 6 16 203.383378
demand_112 7 0 1163.335160
demand_113 7 1 207.898206
demand_114 7 2 141.787886
demand_115 7 3 776.511900
demand_116 7 4 99.998599
demand_117 7 5 2426.304597
demand_118 7 6 524.851726
demand_119 7 8 969.248004
demand_120 7 9 1470.554993
demand_121 7 10 2698.295686
demand_122 7 11 453.972404
demand_123 7 12 415.462904
demand_124 7 13 827.383123
demand_125 7 14 1977.020288
demand_126 7 15 2385.812715
demand_127 7 16 164.302108
demand_128 8 0 73.009151
demand_129 8 1 13.047376
demand_130 8 2 8.898393
demand_131 8 3 48.732710
demand_132 8 4 6.275760
demand_133 8 5 152.271199
demand_134 8 6 32.938899
demand_135 8 7 21.963620
demand_136 8 9 92.289802
demand_137 8 10 169.340947
demand_138 8 11 28.490620
demand_139 8 12 26.073822
demand_140 8 13 51.925311
demand_141 8 14 124.074797
demand_142 8 15 149.729990
demand_143 8 16 10.311351
demand_144 9 0 414.094888
demand_145 9 1 74.002392
demand_146 9 2 50.470097
demand_147 9 3 276.403241
demand_148 9 4 35.594995
demand_149 9 5 863.655088
demand_150 9 6 186.823561
demand_151 9 7 124.573739
demand_152 9 8 345.008607
demand_153 9 10 960.471658
demand_154 9 11 161.593716
demand_155 9 12 147.886070
demand_156 9 13 294.511104
demand_157 9 14 703.730122
demand_158 9 15 849.241803
demand_159 9 16 58.484146
demand_160 10 0 1516.282009
demand_161 10 1 270.972907
demand_162 10 2 184.805229
demand_163 10 3 1012.099577
demand_164 10 4 130.337397
demand_165 10 5 3162.426561
demand_166 10 6 684.087662
demand_167 10 7 456.148880
demand_168 10 8 1263.310317
demand_169 10 9 1916.709953
demand_170 10 11 591.704104
demand_171 10 12 541.511121
demand_172 10 13 1078.404735
demand_173 10 14 2576.832883
demand_174 10 15 3109.649756
demand_175 10 16 214.150092
demand_176 11 0 167.651710
demand_177 11 1 29.960833
demand_178 11 2 20.433476
demand_179 11 3 111.905453
demand_180 11 4 14.411097
demand_181 11 5 349.662015
demand_182 11 6 75.637953
demand_183 11 7 50.435301
demand_184 11 8 139.681230
demand_185 11 9 211.926080
demand_186 11 10 388.859464
demand_187 11 12 59.873602
demand_188 11 13 119.236657
demand_189 11 14 284.914309
demand_190 11 15 343.826608
demand_191 11 16 23.678068
demand_192 12 0 283.104231
demand_193 12 1 50.593211
demand_194 12 2 34.504889
demand_195 12 3 188.968589
demand_196 12 4 24.335228
demand_197 12 5 590.455029
demand_198 12 6 127.725654
demand_199 12 7 85.167322
demand_200 12 8 235.872017
demand_201 12 9 357.867925
demand_202 12 10 656.645608
demand_203 12 11 110.476768
demand_204 12 13 201.348391
demand_205 12 14 481.119136
demand_206 12 15 580.601100
demand_207 12 16 39.983853
demand_208 13 0 1734.978859
demand_209 13 1 310.055954
demand_210 13 2 211.460114
demand_211 13 3 1158.077033
demand_212 13 4 149.136260
demand_213 13 5 3618.550634
demand_214 13 6 782.755203
demand_215 13 7 521.940284
demand_216 13 8 1445.520477
demand_217 13 9 2193.161448
demand_218 13 10 4024.193655
demand_219 13 11 677.046952
demand_220 13 12 619.614518
demand_221 13 14 2948.495430
demand_222 13 15 3558.161710
demand_223 13 16 245.037453
demand_224 14 0 4.694541
demand_225 14 1 0.838956
demand_226 14 2 0.572173
demand_227 14 3 3.133549
demand_228 14 4 0.403536
demand_229 14 5 9.791148
demand_230 14 6 2.117995
demand_231 14 7 1.412277
demand_232 14 8 3.911319
demand_233 14 9 5.934301
demand_234 14 10 10.888745
demand_235 14 11 1.831967
demand_236 14 12 1.676566
demand_237 14 13 3.338835
demand_238 14 15 9.627747
demand_239 14 16 0.663027
demand_240 15 0 851.942670
demand_241 15 1 152.249634
demand_242 15 2 103.835210
demand_243 15 3 568.661246
demand_244 15 4 73.231753
demand_245 15 5 1776.850290
demand_246 15 6 384.363506
demand_247 15 7 256.293151
demand_248 15 8 709.807251
demand_249 15 9 1076.928292
demand_250 15 10 1976.036923
demand_251 15 11 332.456609
demand_252 15 12 304.255031
demand_253 15 13 605.915656
demand_254 15 14 1447.826903
demand_255 15 16 120.323000
demand_256 16 0 1271.618526
demand_257 16 1 227.249394
demand_258 16 2 154.985518
demand_259 16 3 848.789714
demand_260 16 4 109.306480
demand_261 16 5 2652.145298
demand_262 16 6 573.704983
demand_263 16 7 382.545834
demand_264 16 8 1059.465715
demand_265 16 9 1607.434415
demand_266 16 10 2949.453347
demand_267 16 11 496.228206
demand_268 16 12 454.134237
demand_269 16 13 904.396036
demand_270 16 14 2161.041555
demand_271 16 15 2607.884427
