DEMANDS 272
label src dest bw
demand_0 0 1 82.315808
demand_1 0 2 50.318166
demand_2 0 3 421.540422
demand_3 0 4 11.569172
demand_4 0 5 1488.181373
demand_5 0 6 273.903963
demand_6 0 7 111.012760
demand_7 0 8 598.828148
demand_8 0 9 899.800050
demand_9 0 10 1764.419632
demand_10 0 11 146.369522
demand_11 0 12 127.485914
demand_12 0 13 535.396418
demand_13 0 14 1344.971288
demand_14 0 15 1349.797450
demand_15 0 16 77.912194
demand_16 1 0 448.574326
demand_17 1 2 33.520822
demand_18 1 3 280.820680
demand_19 1 4 7.707121
demand_20 1 5 991.392719
demand_21 1 6 182.468616
demand_22 1 7 73.954186
demand_23 1 8 398.925747
demand_24 1 9 599.426410
demand_25 1 10 1175.416390
demand_26 1 11 97.508060
demand_27 1 12 84.928228
demand_28 1 13 356.668965
demand_29 1 14 895.989405
demand_30 1 15 899.204485
demand_31 1 16 51.903339
demand_32 2 0 3096.588103
demand_33 2 1 378.549029
demand_34 2 3 1938.554945
demand_35 2 4 53.203620
demand_36 2 5 6843.759716
demand_37 2 6 1259.613206
demand_38 2 7 510.518858
demand_39 2 8 2753.855162
demand_40 2 9 4137.946789
demand_41 2 10 8114.107744
demand_42 2 11 673.115424
demand_43 2 12 586.274616
demand_44 2 13 2462.149104
demand_45 2 14 6185.173719
demand_46 2 15 6207.367989
demand_47 2 16 358.297950
demand_48 3 0 398.606842
demand_49 3 1 48.728545
demand_50 3 2 29.786879
demand_51 3 4 6.848611
demand_52 3 5 880.959739
demand_53 3 6 162.143115
demand_54 3 7 65.716299
demand_55 3 8 354.488706
demand_56 3 9 532.655247
demand_57 3 10 1044.484689
demand_58 3 11 86.646465
demand_59 3 12 75.467923
demand_60 3 13 316.938981
demand_61 3 14 796.183567
demand_62 3 15 799.040514
demand_63 3 16 46.121735
demand_64 4 0 1125.384963
demand_65 4 1 137.575089
demand_66 4 2 84.097166
demand_67 4 3 704.523983
demand_68 4 5 2487.209800
demand_69 4 6 457.777952
demand_70 4 7 185.536541
demand_71 4 8 1000.826421
demand_72 4 9 1503.843243
demand_73 4 10 2948.889080
demand_74 4 11 244.628588
demand_75 4 12 213.068259
demand_76 4 13 894.812447
demand_77 4 14 2247.861603
demand_78 4 15 2255.927609
demand_79 4 16 130.215292
demand_80 5 0 584.393775
demand_81 5 1 71.440466
demand_82 5 2 43.670266
demand_83 5 3 365.847638
demand_84 5 4 10.040685
demand_85 5 6 237.716510
demand_86 5 7 96.346053
demand_87 5 8 519.712587
demand_88 5 9 780.920893
demand_89 5 10 1531.309267
demand_90 5 11 127.031575
demand_91 5 12 110.642819
demand_92 5 13 464.661286
demand_93 5 14 1167.277307
demand_94 5 15 1171.465850
demand_95 5 16 67.618645
demand_96 6 0 1164.861107
demand_97 6 1 142.400935
demand_98 6 2 87.047118
demand_99 6 3 729.237207
demand_100 6 4 20.013907
demand_101 6 5 2574.455902
demand_102 6 7 192.044774
demand_103 6 8 1035.933313
demand_104 6 9 1556.594909
demand_105 6 10 3052.329924
demand_106 6 11 253.209646
demand_107 6 12 220.542247
demand_108 6 13 926.200591
demand_109 6 14 2326.711873
demand_110 6 15 2335.060817
demand_111 6 16 134.782972
demand_112 7 0 843.206424
demand_113 7 1 103.079571
demand_114 7 2 63.010679
demand_115 7 3 527.871944
demand_116 7 4 14.487440
demand_117 7 5 1863.567890
demand_118 7 6 342.994907
demand_119 7 8 749.879637
demand_120 7 9 1126.770238
demand_121 7 10 2209.485907
demand_122 7 11 183.290522
demand_123 7 12 159.643616
demand_124 7 13 670.447561
demand_125 7 14 1684.233757
demand_126 7 15 1690.277295
demand_127 7 16 97.565166
demand_128 8 0 179.379822
demand_129 8 1 21.928670
demand_130 8 2 13.404599
demand_131 8 3 112.297028
demand_132 8 4 3.081991
demand_133 8 5 396.446786
demand_134 8 6 72.967145
demand_135 8 7 29.573446
demand_136 8 9 239.703872
demand_137 8 10 470.035780
demand_138 8 11 38.992375
demand_139 8 12 33.961842
demand_140 8 13 142.627903
demand_141 8 14 358.296074
demand_142 8 15 359.581749
demand_143 8 16 20.755561
demand_144 9 0 442.125278
demand_145 9 1 54.048549
demand_146 9 2 33.038901
demand_147 9 3 276.783387
demand_148 9 4 7.596317
demand_149 9 5 977.139700
demand_150 9 6 179.845307
demand_151 9 7 72.890964
demand_152 9 8 393.190486
demand_153 9 10 1158.517705
demand_154 9 11 96.106209
demand_155 9 12 83.707235
demand_156 9 13 351.541219
demand_157 9 14 883.107976
demand_158 9 15 886.276834
demand_159 9 16 51.157137
demand_160 10 0 1407.237100
demand_161 10 1 172.030706
demand_162 10 2 105.159261
demand_163 10 3 880.971685
demand_164 10 4 24.178258
demand_165 10 5 3110.130328
demand_166 10 6 572.428226
demand_167 10 7 232.004081
demand_168 10 8 1251.482930
demand_169 10 9 1880.480078
demand_170 10 11 305.895704
demand_171 10 12 266.431105
demand_172 10 13 1118.917805
demand_173 10 14 2810.837488
demand_174 10 15 2820.923621
demand_175 10 16 162.827651
demand_176 11 0 292.875284
demand_177 11 1 35.803165
demand_178 11 2 21.885828
demand_179 11 3 183.348515
demand_180 11 4 5.031998
demand_181 11 5 647.282753
demand_182 11 6 119.134209
demand_183 11 7 48.284871
demand_184 11 8 260.459605
demand_185 11 9 391.366982
demand_186 11 10 767.432261
demand_187 11 12 55.449850
demand_188 11 13 232.870047
demand_189 11 14 584.993693
demand_190 11 15 587.092827
demand_191 11 16 33.887818
demand_192 12 0 308.541502
demand_193 12 1 37.718315
demand_194 12 2 23.056524
demand_195 12 3 193.156027
demand_196 12 4 5.301165
demand_197 12 5 681.906612
demand_198 12 6 125.506828
demand_199 12 7 50.867681
demand_200 12 8 274.391873
demand_201 12 9 412.301629
demand_202 12 10 808.483049
demand_203 12 11 67.068669
demand_204 12 13 245.326520
demand_205 12 14 616.285643
demand_206 12 15 618.497062
demand_207 12 16 35.700514
demand_208 13 0 1959.476678
demand_209 13 1 239.540413
demand_210 13 2 146.426725
demand_211 13 3 1226.689853
demand_212 13 4 33.666490
demand_213 13 5 4330.633300
demand_214 13 6 797.065227
demand_215 13 7 323.049034
demand_216 13 8 1742.600173
demand_217 13 9 2618.433566
demand_218 13 10 5134.491368
demand_219 13 11 425.937816
demand_220 13 12 370.986195
demand_221 13 14 3913.889497
demand_222 13 15 3927.933713
demand_223 13 16 226.725820
demand_224 14 0 65.826928
demand_225 14 1 8.047153
demand_226 14 2 4.919079
demand_227 14 3 41.209587
demand_228 14 4 1.130997
demand_229 14 5 145.483888
demand_230 14 6 26.776718
demand_231 14 7 10.852553
demand_232 14 8 58.541149
demand_233 14 9 87.964016
demand_234 14 10 172.488806
demand_235 14 11 14.309013
demand_236 14 12 12.462961
demand_237 14 13 52.340094
demand_238 14 15 131.955543
demand_239 14 16 7.616658
demand_240 15 0 829.451851
demand_241 15 1 101.398114
demand_242 15 2 61.982834
demand_243 15 3 519.261178
demand_244 15 4 14.251118
demand_245 15 5 1833.168951
demand_246 15 6 337.399896
demand_247 15 7 136.747542
demand_248 15 8 737.647432
demand_249 15 9 1108.390108
demand_250 15 10 2173.444276
demand_251 15 11 180.300646
demand_252 15 12 157.039473
demand_253 15 13 659.511070
demand_254 15 14 1656.760156
demand_255 15 16 95.973661
demand_256 16 0 895.348292
demand_257 16 1 109.453765
demand_258 16 2 66.907108
demand_259 16 3 560.514282
demand_260 16 4 15.383309
demand_261 16 5 1978.806469
demand_262 16 6 364.204891
demand_263 16 7 147.611556
demand_264 16 8 796.250400
demand_265 16 9 1196.447014
demand_266 16 10 2346.115229
demand_267 16 11 194.624769
demand_268 16 12 169.515595
demand_269 16 13 711.906434
demand_270 16 14 1788.382742
demand_271 16 15 1794.799999
