DEMANDS 272
label src dest bw
demand_0 0 1 157.476603
demand_1 0 2 92.573237
demand_2 0 3 480.665924
demand_3 0 4 40.406245
demand_4 0 5 1859.868225
demand_5 0 6 447.728985
demand_6 0 7 169.737118
demand_7 0 8 618.207647
demand_8 0 9 836.725877
demand_9 0 10 2006.035555
demand_10 0 11 294.879937
demand_11 0 12 229.184305
demand_12 0 13 494.097510
demand_13 0 14 1189.051603
demand_14 0 15 1513.574134
demand_15 0 16 139.239731
demand_16 1 0 574.657920
demand_17 1 2 71.300059
demand_18 1 3 370.209682
demand_19 1 4 31.120956
demand_20 1 5 1432.473553
demand_21 1 6 344.841598
demand_22 1 7 130.731807
demand_23 1 8 476.144542
demand_24 1 9 644.447641
demand_25 1 10 1545.051870
demand_26 1 11 227.117010
demand_27 1 12 176.518127
demand_28 1 13 380.554712
demand_29 1 14 915.809492
demand_30 1 15 1165.757277
demand_31 1 16 107.242669
demand_32 2 0 3391.355932
demand_33 2 1 715.788062
demand_34 2 3 2184.800309
demand_35 2 4 183.660983
demand_36 2 5 8453.773125
demand_37 2 6 2035.090020
demand_38 2 7 771.516536
demand_39 2 8 2809.977136
demand_40 2 9 3803.221454
demand_41 2 10 9118.156456
demand_42 2 11 1340.335864
demand_43 2 12 1041.725481
demand_44 2 13 2245.851721
demand_45 2 14 5404.669185
demand_46 2 15 6879.741354
demand_47 2 16 632.894891
demand_48 3 0 397.726464
demand_49 3 1 83.945142
demand_50 3 2 49.347480
demand_51 3 4 21.539123
demand_52 3 5 991.429197
demand_53 3 6 238.668301
demand_54 3 7 90.480784
demand_55 3 8 329.544375
demand_56 3 9 446.028624
demand_57 3 10 1069.345771
demand_58 3 11 157.189942
demand_59 3 12 122.169952
demand_60 3 13 263.385702
demand_61 3 14 633.840860
demand_62 3 15 806.832210
demand_63 3 16 74.223718
demand_64 4 0 892.674784
demand_65 4 1 188.410172
demand_66 4 2 110.757656
demand_67 4 3 575.084474
demand_68 4 5 2225.207335
demand_69 4 6 535.677640
demand_70 4 7 203.079055
demand_71 4 8 739.643901
demand_72 4 9 1001.086278
demand_73 4 10 2400.086722
demand_74 4 11 352.804026
demand_75 4 12 274.203619
demand_76 4 13 591.154464
demand_77 4 14 1422.620330
demand_78 4 15 1810.889729
demand_79 4 16 166.590980
demand_80 5 0 620.403285
demand_81 5 1 130.943868
demand_82 5 2 76.975865
demand_83 5 3 399.680044
demand_84 5 4 33.598324
demand_85 5 6 372.292546
demand_86 5 7 141.138649
demand_87 5 8 514.047797
demand_88 5 9 695.748582
demand_89 5 10 1668.044973
demand_90 5 11 245.196549
demand_91 5 12 190.569767
demand_92 5 13 410.848585
demand_93 5 14 988.712061
demand_94 5 15 1258.556819
demand_95 5 16 115.779670
demand_96 6 0 1325.217007
demand_97 6 1 279.703615
demand_98 6 2 164.424864
demand_99 6 3 853.739503
demand_100 6 4 71.767948
demand_101 6 5 3303.423216
demand_102 6 7 301.480250
demand_103 6 8 1098.035584
demand_104 6 9 1486.158886
demand_105 6 10 3563.039755
demand_106 6 11 523.753896
demand_107 6 12 407.067955
demand_108 6 13 877.596146
demand_109 6 14 2111.945684
demand_110 6 15 2688.349566
demand_111 6 16 247.312016
demand_112 7 0 789.895032
demand_113 7 1 166.717220
demand_114 7 2 98.005370
demand_115 7 3 508.871066
demand_116 7 4 42.777255
demand_117 7 5 1969.003998
demand_118 7 6 474.001411
demand_119 7 8 654.483641
demand_120 7 9 885.824370
demand_121 7 10 2123.748325
demand_122 7 11 312.183286
demand_123 7 12 242.632681
demand_124 7 13 523.090808
demand_125 7 14 1258.824323
demand_126 7 15 1602.389612
demand_127 7 16 147.410222
demand_128 8 0 9.179581
demand_129 8 1 1.937465
demand_130 8 2 1.138947
demand_131 8 3 5.913726
demand_132 8 4 0.497126
demand_133 8 5 22.882321
demand_134 8 6 5.508497
demand_135 8 7 2.088309
demand_136 8 9 10.294401
demand_137 8 10 24.680646
demand_138 8 11 3.627965
demand_139 8 12 2.819699
demand_140 8 13 6.078978
demand_141 8 14 14.629133
demand_142 8 15 18.621797
demand_143 8 16 1.713093
demand_144 9 0 423.215663
demand_145 9 1 89.324956
demand_146 9 2 52.510025
demand_147 9 3 272.646614
demand_148 9 4 22.919507
demand_149 9 5 1054.967178
demand_150 9 6 253.963898
demand_151 9 7 96.279450
demand_152 9 8 350.663971
demand_153 9 10 1137.877211
demand_154 9 11 167.263815
demand_155 9 12 129.999490
demand_156 9 13 280.265370
demand_157 9 14 674.461985
demand_158 9 15 858.539875
demand_159 9 16 78.980513
demand_160 10 0 1609.858310
demand_161 10 1 339.780720
demand_162 10 2 199.741425
demand_163 10 3 1037.112884
demand_164 10 4 87.182875
demand_165 10 5 4012.960358
demand_166 10 6 966.046220
demand_167 10 7 366.234725
demand_168 10 8 1333.880941
demand_169 10 9 1805.368644
demand_170 10 11 636.250182
demand_171 10 12 494.501449
demand_172 10 13 1066.093659
demand_173 10 14 2565.567216
demand_174 10 15 3265.775994
demand_175 10 16 300.431780
demand_176 11 0 26.194759
demand_177 11 1 5.528731
demand_178 11 2 3.250086
demand_179 11 3 16.875350
demand_180 11 4 1.418593
demand_181 11 5 65.296759
demand_182 11 6 15.718991
demand_183 11 7 5.959177
demand_184 11 8 21.704202
demand_185 11 9 29.375999
demand_186 11 10 70.428441
demand_187 11 12 8.046265
demand_188 11 13 17.346910
demand_189 11 14 41.745546
demand_190 11 15 53.138972
demand_191 11 16 4.888466
demand_192 12 0 157.465319
demand_193 12 1 33.235024
demand_194 12 2 19.537339
demand_195 12 3 101.443282
demand_196 12 4 8.527632
demand_197 12 5 392.520310
demand_198 12 6 94.492028
demand_199 12 7 35.822574
demand_200 12 8 130.471102
demand_201 12 9 176.588801
demand_202 12 10 423.368541
demand_203 12 11 62.233637
demand_204 12 13 104.277983
demand_205 12 14 250.946222
demand_206 12 15 319.435851
demand_207 12 16 29.386180
demand_208 13 0 1814.401083
demand_209 13 1 382.952029
demand_210 13 2 225.119848
demand_211 13 3 1168.884696
demand_212 13 4 98.260015
demand_213 13 5 4522.832584
demand_214 13 6 1088.788558
demand_215 13 7 412.767184
demand_216 13 8 1503.359028
demand_217 13 9 2034.752254
demand_218 13 10 4878.282693
demand_219 13 11 717.089828
demand_220 13 12 557.331014
demand_221 13 14 2891.538906
demand_222 13 15 3680.713678
demand_223 13 16 338.603555
demand_224 14 0 1.824055
demand_225 14 1 0.384990
demand_226 14 2 0.226318
demand_227 14 3 1.175104
demand_228 14 4 0.098783
demand_229 14 5 4.546896
demand_230 14 6 1.094581
demand_231 14 7 0.414963
demand_232 14 8 1.511358
demand_233 14 9 2.045578
demand_234 14 10 4.904237
demand_235 14 11 0.720905
demand_236 14 12 0.560296
demand_237 14 13 1.207940
demand_238 14 15 3.700297
demand_239 14 16 0.340405
demand_240 15 0 754.493389
demand_241 15 1 159.245261
demand_242 15 2 93.612950
demand_243 15 3 486.064401
demand_244 15 4 40.860057
demand_245 15 5 1880.756861
demand_246 15 6 452.757539
demand_247 15 7 171.643478
demand_248 15 8 625.150888
demand_249 15 9 846.123351
demand_250 15 10 2028.565832
demand_251 15 11 298.191806
demand_252 15 12 231.758331
demand_253 15 13 499.646841
demand_254 15 14 1202.406133
demand_255 15 16 140.803567
demand_256 16 0 813.197961
demand_257 16 1 171.635595
demand_258 16 2 100.896656
demand_259 16 3 523.883424
demand_260 16 4 44.039240
demand_261 16 5 2027.092173
demand_262 16 6 487.985068
demand_263 16 7 184.998475
demand_264 16 8 673.791758
demand_265 16 9 911.957339
demand_266 16 10 2186.401659
demand_267 16 11 321.393099
demand_268 16 12 249.790660
demand_269 16 13 538.522667
demand_270 16 14 1295.961276
demand_271 16 15 1649.662186
