DEMANDS 272
label src dest bw
demand_0 0 1 34.267644
demand_1 0 2 8.428929
demand_2 0 3 285.449241
demand_3 0 4 0.591070
demand_4 0 5 1498.679620
demand_5 0 6 178.040462
demand_6 0 7 49.980542
demand_7 0 8 412.543442
demand_8 0 9 927.584662
demand_9 0 10 2959.225960
demand_10 0 11 76.496790
demand_11 0 12 72.940519
demand_12 0 13 369.821478
demand_13 0 14 1052.141418
demand_14 0 15 1244.205502
demand_15 0 16 17.733959
demand_16 1 0 377.389728
demand_17 1 2 4.735039
demand_18 1 3 160.354092
demand_19 1 4 0.332040
demand_20 1 5 841.898924
demand_21 1 6 100.016088
demand_22 1 7 28.077092
demand_23 1 8 231.750586
demand_24 1 9 521.080368
demand_25 1 10 1662.376080
demand_26 1 11 42.972871
demand_27 1 12 40.975098
demand_28 1 13 207.751076
demand_29 1 14 591.051427
demand_30 1 15 698.945431
demand_31 1 16 9.962236
demand_32 2 0 3401.599021
demand_33 2 1 173.511569
demand_34 2 3 1445.350207
demand_35 2 4 2.992838
demand_36 2 5 7588.448613
demand_37 2 6 901.494140
demand_38 2 7 253.072620
demand_39 2 8 2088.881887
demand_40 2 9 4696.753359
demand_41 2 10 14983.812304
demand_42 2 11 387.335595
demand_43 2 12 369.328688
demand_44 2 13 1872.562517
demand_45 2 14 5327.436881
demand_46 2 15 6299.938553
demand_47 2 16 89.794531
demand_48 3 0 262.516934
demand_49 3 1 13.390680
demand_50 3 2 3.293751
demand_51 3 4 0.230971
demand_52 3 5 585.635242
demand_53 3 6 69.572421
demand_54 3 7 19.530770
demand_55 3 8 161.208557
demand_56 3 9 362.469910
demand_57 3 10 1156.369238
demand_58 3 11 29.892457
demand_59 3 12 28.502782
demand_60 3 13 144.514203
demand_61 3 14 411.142639
demand_62 3 15 486.195035
demand_63 3 16 6.929854
demand_64 4 0 1078.264868
demand_65 4 1 55.001024
demand_66 4 2 13.528789
demand_67 4 3 458.158160
demand_68 4 5 2405.444466
demand_69 4 6 285.762506
demand_70 4 7 80.220894
demand_71 4 8 662.149753
demand_72 4 9 1488.812793
demand_73 4 10 4749.683397
demand_74 4 11 122.780599
demand_75 4 12 117.072632
demand_76 4 13 593.579185
demand_77 4 14 1688.731679
demand_78 4 15 1997.002695
demand_79 4 16 28.463757
demand_80 5 0 507.772316
demand_81 5 1 25.900869
demand_82 5 2 6.370925
demand_83 5 3 215.754067
demand_84 5 4 0.446755
demand_85 5 6 134.570173
demand_86 5 7 37.777313
demand_87 5 8 311.816998
demand_88 5 9 701.105956
demand_89 5 10 2236.702514
demand_90 5 11 57.819364
demand_91 5 12 55.131390
demand_92 5 13 279.526011
demand_93 5 14 795.250983
demand_94 5 15 940.420777
demand_95 5 16 13.404042
demand_96 6 0 1170.686088
demand_97 6 1 59.715322
demand_98 6 2 14.688381
demand_99 6 3 497.428230
demand_100 6 4 1.030008
demand_101 6 5 2611.622112
demand_102 6 7 87.096861
demand_103 6 8 718.904536
demand_104 6 9 1616.423271
demand_105 6 10 5156.792584
demand_106 6 11 133.304481
demand_107 6 12 127.107268
demand_108 6 13 644.456584
demand_109 6 14 1833.477785
demand_110 6 15 2168.171608
demand_111 6 16 30.903468
demand_112 7 0 982.417695
demand_113 7 1 50.111972
demand_114 7 2 12.326213
demand_115 7 3 417.432393
demand_116 7 4 0.864363
demand_117 7 5 2191.624042
demand_118 7 6 260.361021
demand_119 7 8 603.291133
demand_120 7 9 1356.471936
demand_121 7 10 4327.483120
demand_122 7 11 111.866607
demand_123 7 12 106.666023
demand_124 7 13 540.815816
demand_125 7 14 1538.619993
demand_126 7 15 1819.488739
demand_127 7 16 25.933608
demand_128 8 0 113.335447
demand_129 8 1 5.781108
demand_130 8 2 1.421999
demand_131 8 3 48.156591
demand_132 8 4 0.099716
demand_133 8 5 252.834096
demand_134 8 6 30.036239
demand_135 8 7 8.431946
demand_136 8 9 156.487768
demand_137 8 10 499.234933
demand_138 8 11 12.905358
demand_139 8 12 12.305399
demand_140 8 13 62.390572
demand_141 8 14 177.501062
demand_142 8 15 209.903150
demand_143 8 16 2.991800
demand_144 9 0 347.697834
demand_145 9 1 17.735658
demand_146 9 2 4.362500
demand_147 9 3 147.737912
demand_148 9 4 0.305916
demand_149 9 5 775.660837
demand_150 9 6 92.147122
demand_151 9 7 25.868070
demand_152 9 8 213.517144
demand_153 9 10 1531.585306
demand_154 9 11 39.591894
demand_155 9 12 37.751300
demand_156 9 13 191.405844
demand_157 9 14 544.549269
demand_158 9 15 643.954497
demand_159 9 16 9.178437
demand_160 10 0 1890.060355
demand_161 10 1 96.409758
demand_162 10 2 23.714237
demand_163 10 3 803.092636
demand_164 10 4 1.662937
demand_165 10 5 4216.436386
demand_166 10 6 500.905111
demand_167 10 7 140.616964
demand_168 10 8 1160.663799
demand_169 10 9 2609.698341
demand_170 10 11 215.218680
demand_171 10 12 205.213344
demand_172 10 13 1040.468366
demand_173 10 14 2960.130569
demand_174 10 15 3500.490219
demand_175 10 16 49.893324
demand_176 11 0 131.040368
demand_177 11 1 6.684215
demand_178 11 2 1.644139
demand_179 11 3 55.679468
demand_180 11 4 0.115294
demand_181 11 5 292.331075
demand_182 11 6 34.728410
demand_183 11 7 9.749159
demand_184 11 8 80.470346
demand_185 11 9 180.933815
demand_186 11 10 577.223908
demand_187 11 12 14.227711
demand_188 11 13 72.137039
demand_189 11 14 205.229742
demand_190 11 15 242.693587
demand_191 11 16 3.459170
demand_192 12 0 149.793071
demand_193 12 1 7.640769
demand_194 12 2 1.879426
demand_195 12 3 63.647551
demand_196 12 4 0.131793
demand_197 12 5 334.165494
demand_198 12 6 39.698264
demand_199 12 7 11.144325
demand_200 12 8 91.986160
demand_201 12 9 206.826584
demand_202 12 10 659.828287
demand_203 12 11 17.056739
demand_204 12 13 82.460304
demand_205 12 14 234.599412
demand_206 12 15 277.424568
demand_207 12 16 3.954199
demand_208 13 0 1904.442945
demand_209 13 1 97.143397
demand_210 13 2 23.894692
demand_211 13 3 809.203845
demand_212 13 4 1.675591
demand_213 13 5 4248.521751
demand_214 13 6 504.716795
demand_215 13 7 141.687002
demand_216 13 8 1169.495978
demand_217 13 9 2629.557084
demand_218 13 10 8388.941632
demand_219 13 11 216.856407
demand_220 13 12 206.774934
demand_221 13 14 2982.655958
demand_222 13 15 3527.127525
demand_223 13 16 50.272992
demand_224 14 0 57.217840
demand_225 14 1 2.918615
demand_226 14 2 0.717902
demand_227 14 3 24.312042
demand_228 14 4 0.050342
demand_229 14 5 127.644275
demand_230 14 6 15.163912
demand_231 14 7 4.256901
demand_232 14 8 35.136802
demand_233 14 9 79.003458
demand_234 14 10 252.040695
demand_235 14 11 6.515320
demand_236 14 12 6.212428
demand_237 14 13 31.498123
demand_238 14 15 105.970421
demand_239 14 16 1.510422
demand_240 15 0 713.943450
demand_241 15 1 36.417417
demand_242 15 2 8.957716
demand_243 15 3 303.356835
demand_244 15 4 0.628151
demand_245 15 5 1592.698948
demand_246 15 6 189.209790
demand_247 15 7 53.116061
demand_248 15 8 438.424262
demand_249 15 9 985.776476
demand_250 15 10 3144.872333
demand_251 15 11 81.295799
demand_252 15 12 77.516426
demand_253 15 13 393.022145
demand_254 15 14 1118.147272
demand_255 15 16 18.846494
demand_256 16 0 1066.023854
demand_257 16 1 54.376624
demand_258 16 2 13.375204
demand_259 16 3 452.956915
demand_260 16 4 0.937923
demand_261 16 5 2378.136631
demand_262 16 6 282.518384
demand_263 16 7 79.310186
demand_264 16 8 654.632691
demand_265 16 9 1471.911030
demand_266 16 10 4695.762565
demand_267 16 11 121.386730
demand_268 16 12 115.743563
demand_269 16 13 586.840571
demand_270 16 14 1669.560334
demand_271 16 15 1974.331700
