DEMANDS 272
label src dest bw
demand_0 0 1 139.286249
demand_1 0 2 55.730169
demand_2 0 3 365.922103
demand_3 0 4 17.057019
demand_4 0 5 1249.752394
demand_5 0 6 314.912083
demand_6 0 7 231.185602
demand_7 0 8 473.000910
demand_8 0 9 745.990357
demand_9 0 10 1413.691452
demand_10 0 11 278.739059
demand_11 0 12 276.942126
demand_12 0 13 417.774568
demand_13 0 14 807.965737
demand_14 0 15 1016.469291
demand_15 0 16 78.652750
demand_16 1 0 233.196704
demand_17 1 2 26.268862
demand_18 1 3 172.480319
demand_19 1 4 8.039963
demand_20 1 5 589.080817
demand_21 1 6 148.436337
demand_22 1 7 108.971188
demand_23 1 8 222.952774
demand_24 1 9 351.628540
demand_25 1 10 666.354807
demand_26 1 11 131.385892
demand_27 1 12 130.538893
demand_28 1 13 196.921394
demand_29 1 14 380.841132
demand_30 1 15 479.120955
demand_31 1 16 37.073605
demand_32 2 0 2172.241806
demand_33 2 1 611.568214
demand_34 2 3 1606.664901
demand_35 2 4 74.892753
demand_36 2 5 5487.324459
demand_37 2 6 1382.693713
demand_38 2 7 1015.073396
demand_39 2 8 2076.818955
demand_40 2 9 3275.441721
demand_41 2 10 6207.136484
demand_42 2 11 1223.867756
demand_43 2 12 1215.977910
demand_44 2 13 1834.335039
demand_45 2 14 3547.558837
demand_46 2 15 4463.041502
demand_47 2 16 345.342936
demand_48 3 0 178.791049
demand_49 3 1 50.336441
demand_50 3 2 20.140239
demand_51 3 4 6.164210
demand_52 3 5 451.646080
demand_53 3 6 113.805590
demand_54 3 7 83.547806
demand_55 3 8 170.937066
demand_56 3 9 269.592299
demand_57 3 10 510.891762
demand_58 3 11 100.733077
demand_59 3 12 100.083686
demand_60 3 13 150.978904
demand_61 3 14 291.989485
demand_62 3 15 367.340261
demand_63 3 16 28.424196
demand_64 4 0 1139.381115
demand_65 4 1 320.778870
demand_66 4 2 128.347635
demand_67 4 3 842.725539
demand_68 4 5 2878.203450
demand_69 4 6 725.248497
demand_70 4 7 532.424822
demand_71 4 8 1089.330060
demand_72 4 9 1718.029931
demand_73 4 10 3255.758207
demand_74 4 11 641.941337
demand_75 4 12 637.802966
demand_76 4 13 962.142749
demand_77 4 14 1860.760405
demand_78 4 15 2340.948042
demand_79 4 16 181.138775
demand_80 5 0 260.628830
demand_81 5 1 73.376872
demand_82 5 2 29.359003
demand_83 5 3 192.770065
demand_84 5 4 8.985745
demand_85 5 6 165.897666
demand_86 5 7 121.790029
demand_87 5 8 249.179854
demand_88 5 9 392.992411
demand_89 5 10 744.741547
demand_90 5 11 146.841489
demand_91 5 12 145.894854
demand_92 5 13 220.086270
demand_93 5 14 425.641431
demand_94 5 15 535.482414
demand_95 5 16 41.434763
demand_96 6 0 1182.561085
demand_97 6 1 332.935665
demand_98 6 2 133.211720
demand_99 6 3 874.662933
demand_100 6 4 40.771361
demand_101 6 5 2987.280858
demand_102 6 7 552.602520
demand_103 6 8 1130.613208
demand_104 6 9 1783.139384
demand_105 6 10 3379.144088
demand_106 6 11 666.269463
demand_107 6 12 661.974257
demand_108 6 13 998.605785
demand_109 6 14 1931.279021
demand_110 6 15 2429.664684
demand_111 6 16 188.003525
demand_112 7 0 984.901087
demand_113 7 1 277.286901
demand_114 7 2 110.945954
demand_115 7 3 728.466786
demand_116 7 4 33.956603
demand_117 7 5 2487.969714
demand_118 7 6 626.917564
demand_119 7 8 941.636074
demand_120 7 9 1485.095307
demand_121 7 10 2814.334690
demand_122 7 11 554.905389
demand_123 7 12 551.328108
demand_124 7 13 831.693124
demand_125 7 14 1608.474040
demand_126 7 15 2023.556684
demand_127 7 16 156.579545
demand_128 8 0 131.349001
demand_129 8 1 36.979711
demand_130 8 2 14.796044
demand_131 8 3 97.150248
demand_132 8 4 4.528542
demand_133 8 5 331.802189
demand_134 8 6 83.607376
demand_135 8 7 61.378469
demand_136 8 9 198.056219
demand_137 8 10 375.327081
demand_138 8 11 74.003643
demand_139 8 12 73.526568
demand_140 8 13 110.916784
demand_141 8 14 214.510331
demand_142 8 15 269.866845
demand_143 8 16 20.881860
demand_144 9 0 204.406873
demand_145 9 1 57.548265
demand_146 9 2 23.025780
demand_147 9 3 151.186368
demand_148 9 4 7.047371
demand_149 9 5 516.354501
demand_150 9 6 130.110790
demand_151 9 7 95.517901
demand_152 9 8 195.427630
demand_153 9 10 584.088454
demand_154 9 11 115.165347
demand_155 9 12 114.422916
demand_156 9 13 172.610014
demand_157 9 14 333.823521
demand_158 9 15 419.969984
demand_159 9 16 32.496598
demand_160 10 0 1502.139571
demand_161 10 1 422.909094
demand_162 10 2 169.211213
demand_163 10 3 1111.034195
demand_164 10 4 51.789523
demand_165 10 5 3794.571666
demand_166 10 6 956.154575
demand_167 10 7 701.939310
demand_168 10 8 1436.153160
demand_169 10 9 2265.019764
demand_170 10 11 846.323914
demand_171 10 12 840.867960
demand_172 10 13 1268.471697
demand_173 10 14 2453.193054
demand_174 10 15 3086.263798
demand_175 10 16 238.810103
demand_176 11 0 142.305535
demand_177 11 1 40.064390
demand_178 11 2 16.030263
demand_179 11 3 105.254078
demand_180 11 4 4.906292
demand_181 11 5 359.479613
demand_182 11 6 90.581522
demand_183 11 7 66.498381
demand_184 11 8 136.054297
demand_185 11 9 214.577164
demand_186 11 10 406.635153
demand_187 11 12 79.659818
demand_188 11 13 120.168956
demand_189 11 14 232.403804
demand_190 11 15 292.377905
demand_191 11 16 22.623730
demand_192 12 0 160.012158
demand_193 12 1 45.049473
demand_194 12 2 18.024857
demand_195 12 3 118.350506
demand_196 12 4 5.516767
demand_197 12 5 404.208511
demand_198 12 6 101.852291
demand_199 12 7 74.772562
demand_200 12 8 152.983098
demand_201 12 9 241.276314
demand_202 12 10 457.231464
demand_203 12 11 90.152818
demand_204 12 13 135.121194
demand_205 12 14 261.321066
demand_206 12 15 328.757553
demand_207 12 16 25.438728
demand_208 13 0 2128.634240
demand_209 13 1 599.291035
demand_210 13 2 239.783832
demand_211 13 3 1574.411243
demand_212 13 4 73.389287
demand_213 13 5 5377.166896
demand_214 13 6 1354.936257
demand_215 13 7 994.695885
demand_216 13 8 2035.126994
demand_217 13 9 3209.687513
demand_218 13 10 6082.528757
demand_219 13 11 1199.298717
demand_220 13 12 1191.567259
demand_221 13 14 3476.341901
demand_222 13 15 4373.446331
demand_223 13 16 338.410206
demand_224 14 0 97.441909
demand_225 14 1 27.433582
demand_226 14 2 10.976519
demand_227 14 3 72.071394
demand_228 14 4 3.359521
demand_229 14 5 246.149103
demand_230 14 6 62.024548
demand_231 14 7 45.533922
demand_232 14 8 93.161453
demand_233 14 9 146.928990
demand_234 14 10 278.438260
demand_235 14 11 54.899970
demand_236 14 12 54.546049
demand_237 14 13 82.284167
demand_238 14 15 200.202060
demand_239 14 16 15.491312
demand_240 15 0 700.605107
demand_241 15 1 197.246832
demand_242 15 2 78.920922
demand_243 15 3 518.191682
demand_244 15 4 24.154882
demand_245 15 5 1769.806441
demand_246 15 6 445.955084
demand_247 15 7 327.387864
demand_248 15 8 669.828728
demand_249 15 9 1056.416091
demand_250 15 10 2001.964748
demand_251 15 11 394.729536
demand_252 15 12 392.184853
demand_253 15 13 591.621289
demand_254 15 14 1144.181017
demand_255 15 16 111.382178
demand_256 16 0 1136.581169
demand_257 16 1 319.990580
demand_258 16 2 128.032230
demand_259 16 3 840.654603
demand_260 16 4 39.186104
demand_261 16 5 2871.130476
demand_262 16 6 723.466252
demand_263 16 7 531.116427
demand_264 16 8 1086.653111
demand_265 16 9 1713.807998
demand_266 16 10 3247.757420
demand_267 16 11 640.363813
demand_268 16 12 636.235612
demand_269 16 13 959.778353
demand_270 16 14 1856.187723
demand_271 16 15 2335.195333
