DEMANDS 272
label src dest bw
demand_0 0 1 68.831566
demand_1 0 2 10.529806
demand_2 0 3 214.348162
demand_3 0 4 6.457884
demand_4 0 5 1065.551904
demand_5 0 6 211.194374
demand_6 0 7 70.433006
demand_7 0 8 458.385430
demand_8 0 9 600.713875
demand_9 0 10 3452.717288
demand_10 0 11 143.488461
demand_11 0 12 116.262181
demand_12 0 13 237.347315
demand_13 0 14 803.321090
demand_14 0 15 816.181592
demand_15 0 16 23.544434
demand_16 1 0 465.409138
demand_17 1 2 8.823377
demand_18 1 3 179.611531
demand_19 1 4 5.411338
demand_20 1 5 892.871704
demand_21 1 6 176.968837
demand_22 1 7 59.018841
demand_23 1 8 384.100839
demand_24 1 9 503.363956
demand_25 1 10 2893.180105
demand_26 1 11 120.235144
demand_27 1 12 97.421075
demand_28 1 13 198.883509
demand_29 1 14 673.137243
demand_30 1 15 683.913609
demand_31 1 16 19.728892
demand_32 2 0 2654.080246
demand_33 2 1 328.913157
demand_34 2 3 1024.267420
demand_35 2 4 30.859140
demand_36 2 5 5091.763262
demand_37 2 6 1009.196972
demand_38 2 7 336.565674
demand_39 2 8 2190.404882
demand_40 2 9 2870.524493
demand_41 2 10 16498.885674
demand_42 2 11 685.662774
demand_43 2 12 555.561394
demand_44 2 13 1134.169377
demand_45 2 14 3838.687539
demand_46 2 15 3900.141727
demand_47 2 16 112.507596
demand_48 3 0 214.737563
demand_49 3 1 26.611859
demand_50 3 2 4.071064
demand_51 3 4 2.496766
demand_52 3 5 411.966757
demand_53 3 6 81.652579
demand_54 3 7 27.231013
demand_55 3 8 177.222300
demand_56 3 9 232.249735
demand_57 3 10 1334.899539
demand_58 3 11 55.475924
demand_59 3 12 44.949620
demand_60 3 13 91.763905
demand_61 3 14 310.582322
demand_62 3 15 315.554486
demand_63 3 16 9.102817
demand_64 4 0 880.203241
demand_65 4 1 109.081264
demand_66 4 2 16.687178
demand_67 4 3 339.689617
demand_68 4 5 1688.640173
demand_69 4 6 334.691631
demand_70 4 7 111.619156
demand_71 4 8 726.429233
demand_72 4 9 951.985143
demand_73 4 10 5471.715735
demand_74 4 11 227.394253
demand_75 4 12 184.247232
demand_76 4 13 376.137671
demand_77 4 14 1273.068220
demand_78 4 15 1293.448981
demand_79 4 16 37.312192
demand_80 5 0 472.656262
demand_81 5 1 58.575042
demand_82 5 2 8.960770
demand_83 5 3 182.408354
demand_84 5 4 5.495601
demand_85 5 6 179.724509
demand_86 5 7 59.937854
demand_87 5 8 390.081869
demand_88 5 9 511.202093
demand_89 5 10 2938.231290
demand_90 5 11 122.107387
demand_91 5 12 98.938068
demand_92 5 13 201.980426
demand_93 5 14 683.619007
demand_94 5 15 694.563178
demand_95 5 16 20.036101
demand_96 6 0 925.785281
demand_97 6 1 114.730125
demand_98 6 2 17.551337
demand_99 6 3 357.280720
demand_100 6 4 10.764158
demand_101 6 5 1776.087776
demand_102 6 7 117.399445
demand_103 6 8 764.047961
demand_104 6 9 1001.284467
demand_105 6 10 5755.072980
demand_106 6 11 239.170049
demand_107 6 12 193.788625
demand_108 6 13 395.616266
demand_109 6 14 1338.995092
demand_110 6 15 1360.431287
demand_111 6 16 39.244434
demand_112 7 0 580.054973
demand_113 7 1 71.884681
demand_114 7 2 10.996870
demand_115 7 3 223.855858
demand_116 7 4 6.744332
demand_117 7 5 1112.815864
demand_118 7 6 220.562179
demand_119 7 8 478.717720
demand_120 7 9 627.359331
demand_121 7 10 3605.867117
demand_122 7 11 149.853081
demand_123 7 12 121.419143
demand_124 7 13 247.875168
demand_125 7 14 838.953457
demand_126 7 15 852.384402
demand_127 7 16 24.588778
demand_128 8 0 27.310224
demand_129 8 1 3.384484
demand_130 8 2 0.517756
demand_131 8 3 10.539611
demand_132 8 4 0.317538
demand_133 8 5 52.393742
demand_134 8 6 10.384537
demand_135 8 7 3.463228
demand_136 8 9 29.537414
demand_137 8 10 169.771906
demand_138 8 11 7.055402
demand_139 8 12 5.716672
demand_140 8 13 11.670491
demand_141 8 14 39.499716
demand_142 8 15 40.132074
demand_143 8 16 1.157692
demand_144 9 0 448.167744
demand_145 9 1 55.540245
demand_146 9 2 8.496509
demand_147 9 3 172.957701
demand_148 9 4 5.210872
demand_149 9 5 859.794671
demand_150 9 6 170.412907
demand_151 9 7 56.832448
demand_152 9 8 369.871565
demand_153 9 10 2786.000302
demand_154 9 11 115.780952
demand_155 9 12 93.812045
demand_156 9 13 191.515736
demand_157 9 14 648.200421
demand_158 9 15 658.577570
demand_159 9 16 18.998022
demand_160 10 0 2179.000150
demand_161 10 1 270.037735
demand_162 10 2 41.310190
demand_163 10 3 840.923655
demand_164 10 4 25.335357
demand_165 10 5 4180.338153
demand_166 10 6 828.550816
demand_167 10 7 276.320452
demand_168 10 8 1798.322630
demand_169 10 9 2356.700899
demand_170 10 11 562.929206
demand_171 10 12 456.115960
demand_172 10 13 931.153174
demand_173 10 14 3151.562857
demand_174 10 15 3202.016752
demand_175 10 16 92.368748
demand_176 11 0 175.521793
demand_177 11 1 21.751952
demand_178 11 2 3.327599
demand_179 11 3 67.737686
demand_180 11 4 2.040802
demand_181 11 5 336.732628
demand_182 11 6 66.741035
demand_183 11 7 22.258035
demand_184 11 8 144.857637
demand_185 11 9 189.835860
demand_186 11 10 1091.117723
demand_187 11 12 36.740838
demand_188 11 13 75.005812
demand_189 11 14 253.863206
demand_190 11 15 257.927344
demand_191 11 16 7.440444
demand_192 12 0 179.763903
demand_193 12 1 22.277666
demand_194 12 2 3.408022
demand_195 12 3 69.374809
demand_196 12 4 2.090125
demand_197 12 5 344.870974
demand_198 12 6 68.354070
demand_199 12 7 22.795980
demand_200 12 8 148.358638
demand_201 12 9 194.423921
demand_202 12 10 1117.488476
demand_203 12 11 46.440727
demand_204 12 13 76.818595
demand_205 12 14 259.998716
demand_206 12 15 264.161079
demand_207 12 16 7.620269
demand_208 13 0 2456.760052
demand_209 13 1 304.459786
demand_210 13 2 46.576052
demand_211 13 3 948.117256
demand_212 13 4 28.564887
demand_213 13 5 4713.211138
demand_214 13 6 934.167235
demand_215 13 7 311.543369
demand_216 13 8 2027.557087
demand_217 13 9 2657.112540
demand_218 13 10 15272.259866
demand_219 13 11 634.686503
demand_220 13 12 514.257638
demand_221 13 14 3553.296556
demand_222 13 15 3610.181873
demand_223 13 16 104.143109
demand_224 14 0 26.155936
demand_225 14 1 3.241436
demand_226 14 2 0.495873
demand_227 14 3 10.094146
demand_228 14 4 0.304117
demand_229 14 5 50.179278
demand_230 14 6 9.945627
demand_231 14 7 3.316852
demand_232 14 8 21.586419
demand_233 14 9 28.288992
demand_234 14 10 162.596361
demand_235 14 11 6.757200
demand_236 14 12 5.475052
demand_237 14 13 11.177228
demand_238 14 15 38.435860
demand_239 14 16 1.108761
demand_240 15 0 561.044324
demand_241 15 1 69.528742
demand_242 15 2 10.636460
demand_243 15 3 216.519234
demand_244 15 4 6.523294
demand_245 15 5 1076.344576
demand_246 15 6 213.333502
demand_247 15 7 71.146402
demand_248 15 8 463.028286
demand_249 15 9 606.798335
demand_250 15 10 3487.688879
demand_251 15 11 144.941815
demand_252 15 12 117.439767
demand_253 15 13 239.751339
demand_254 15 14 811.457701
demand_255 15 16 23.782909
demand_256 16 0 847.035377
demand_257 16 1 104.970858
demand_258 16 2 16.058371
demand_259 16 3 326.889415
demand_260 16 4 9.848528
demand_261 16 5 1625.008746
demand_262 16 6 322.079763
demand_263 16 7 107.413117
demand_264 16 8 699.055889
demand_265 16 9 916.112389
demand_266 16 10 5265.530257
demand_267 16 11 218.825571
demand_268 16 12 177.304418
demand_269 16 13 361.964032
demand_270 16 14 1225.096397
demand_271 16 15 1244.709169
