DEMANDS 272
label src dest bw
demand_0 0 1 93.831622
demand_1 0 2 64.280346
demand_2 0 3 282.191653
demand_3 0 4 22.423369
demand_4 0 5 1711.613482
demand_5 0 6 252.818395
demand_6 0 7 96.695242
demand_7 0 8 336.875175
demand_8 0 9 631.711025
demand_9 0 10 2275.511985
demand_10 0 11 228.790747
demand_11 0 12 154.184787
demand_12 0 13 297.139926
demand_13 0 14 766.238590
demand_14 0 15 1219.438134
demand_15 0 16 68.257571
demand_16 1 0 376.923937
demand_17 1 2 59.215897
demand_18 1 3 259.958645
demand_19 1 4 20.656701
demand_20 1 5 1576.760748
demand_21 1 6 232.899615
demand_22 1 7 89.076923
demand_23 1 8 310.333822
demand_24 1 9 581.940466
demand_25 1 10 2096.231431
demand_26 1 11 210.765032
demand_27 1 12 142.037044
demand_28 1 13 273.729190
demand_29 1 14 705.869021
demand_30 1 15 1123.362374
demand_31 1 16 62.879768
demand_32 2 0 2261.815896
demand_33 2 1 518.695953
demand_34 2 3 1559.939652
demand_35 2 4 123.955125
demand_36 2 5 9461.703464
demand_37 2 6 1397.565927
demand_38 2 7 534.525884
demand_39 2 8 1862.227100
demand_40 2 9 3492.063163
demand_41 2 10 12578.902802
demand_42 2 11 1264.742437
demand_43 2 12 852.324866
demand_44 2 13 1642.572870
demand_45 2 14 4235.724012
demand_46 2 15 6740.985704
demand_47 2 16 377.324029
demand_48 3 0 181.836467
demand_49 3 1 41.700052
demand_50 3 2 28.567062
demand_51 3 4 9.965251
demand_52 3 5 760.664356
demand_53 3 6 112.355940
demand_54 3 7 42.972683
demand_55 3 8 149.711919
demand_56 3 9 280.740988
demand_57 3 10 1011.268535
demand_58 3 11 101.677726
demand_59 3 12 68.521820
demand_60 3 13 132.053033
demand_61 3 14 340.526871
demand_62 3 15 541.934925
demand_63 3 16 30.334595
demand_64 4 0 974.573709
demand_65 4 1 223.496280
demand_66 4 2 153.108493
demand_67 4 3 672.148505
demand_68 4 5 4076.869146
demand_69 4 6 602.184736
demand_70 4 7 230.317098
demand_71 4 8 802.398451
demand_72 4 9 1504.663998
demand_73 4 10 5420.011409
demand_74 4 11 544.953606
demand_75 4 12 367.250671
demand_76 4 13 707.753596
demand_77 4 14 1825.093399
demand_78 4 15 2904.563299
demand_79 4 16 162.581791
demand_80 5 0 391.718695
demand_81 5 1 89.831760
demand_82 5 2 61.540198
demand_83 5 3 270.162362
demand_84 5 4 21.467503
demand_85 5 6 242.041230
demand_86 5 7 92.573309
demand_87 5 8 322.514830
demand_88 5 9 604.782391
demand_89 5 10 2178.511257
demand_90 5 11 219.037835
demand_91 5 12 147.612184
demand_92 5 13 284.473419
demand_93 5 14 733.575304
demand_94 5 15 1167.455817
demand_95 5 16 65.347881
demand_96 6 0 1010.256094
demand_97 6 1 231.679222
demand_98 6 2 158.714304
demand_99 6 3 696.758097
demand_100 6 4 55.365435
demand_101 6 5 4226.136885
demand_102 6 7 238.749773
demand_103 6 8 831.776927
demand_104 6 9 1559.754752
demand_105 6 10 5618.456054
demand_106 6 11 564.906170
demand_107 6 12 380.696940
demand_108 6 13 733.666810
demand_109 6 14 1891.916138
demand_110 6 15 3010.909022
demand_111 6 16 168.534451
demand_112 7 0 549.729500
demand_113 7 1 126.067938
demand_114 7 2 86.364176
demand_115 7 3 379.139985
demand_116 7 4 30.127027
demand_117 7 5 2299.646722
demand_118 7 6 339.675399
demand_119 7 8 452.610300
demand_120 7 9 848.738458
demand_121 7 10 3057.275332
demand_122 7 11 307.392935
demand_123 7 12 207.155730
demand_124 7 13 399.223811
demand_125 7 14 1029.483631
demand_126 7 15 1638.382110
demand_127 7 16 91.707796
demand_128 8 0 13.597041
demand_129 8 1 3.118172
demand_130 8 2 2.136136
demand_131 8 3 9.377670
demand_132 8 4 0.745164
demand_133 8 5 56.879594
demand_134 8 6 8.401551
demand_135 8 7 3.213334
demand_136 8 9 20.992746
demand_137 8 10 75.618823
demand_138 8 11 7.603074
demand_139 8 12 5.123802
demand_140 8 13 9.874425
demand_141 8 14 25.463307
demand_142 8 15 40.523837
demand_143 8 16 2.268306
demand_144 9 0 204.804362
demand_145 9 1 46.967215
demand_146 9 2 32.175388
demand_147 9 3 141.250420
demand_148 9 4 11.223968
demand_149 9 5 856.744415
demand_150 9 6 126.547699
demand_151 9 7 48.400594
demand_152 9 8 168.622138
demand_153 9 10 1139.002587
demand_154 9 11 114.520712
demand_155 9 12 77.176861
demand_156 9 13 148.732746
demand_157 9 14 383.539064
demand_158 9 15 610.387112
demand_159 9 16 34.166179
demand_160 10 0 1091.391468
demand_161 10 1 250.285772
demand_162 10 2 171.460918
demand_163 10 3 752.715917
demand_164 10 4 59.811926
demand_165 10 5 4565.545078
demand_166 10 6 674.365907
demand_167 10 7 257.924171
demand_168 10 8 898.578338
demand_169 10 9 1685.021291
demand_170 10 11 610.274739
demand_171 10 12 411.271354
demand_172 10 13 792.588831
demand_173 10 14 2043.859120
demand_174 10 15 3252.720213
demand_175 10 16 182.069737
demand_176 11 0 79.684095
demand_177 11 1 18.273732
demand_178 11 2 12.518614
demand_179 11 3 54.956896
demand_180 11 4 4.366957
demand_181 11 5 333.337158
demand_182 11 6 49.236446
demand_183 11 7 18.831423
demand_184 11 8 65.606525
demand_185 11 9 123.025882
demand_186 11 10 443.156534
demand_187 11 12 30.027526
demand_188 11 13 57.868076
demand_189 11 14 149.225159
demand_190 11 15 237.485884
demand_191 11 16 13.293179
demand_192 12 0 85.378803
demand_193 12 1 19.579684
demand_194 12 2 13.413270
demand_195 12 3 58.884448
demand_196 12 4 4.679046
demand_197 12 5 357.159446
demand_198 12 6 52.755180
demand_199 12 7 20.177230
demand_200 12 8 70.295164
demand_201 12 9 131.818055
demand_202 12 10 474.827179
demand_203 12 11 47.741372
demand_204 12 13 62.003678
demand_205 12 14 159.889691
demand_206 12 15 254.458062
demand_207 12 16 14.243190
demand_208 13 0 1180.491165
demand_209 13 1 270.718758
demand_210 13 2 185.458751
demand_211 13 3 814.166609
demand_212 13 4 64.694890
demand_213 13 5 4938.269896
demand_214 13 6 729.420212
demand_215 13 7 278.980745
demand_216 13 8 971.937036
demand_217 13 9 1822.584111
demand_218 13 10 6565.204381
demand_219 13 11 660.096729
demand_220 13 12 444.846982
demand_221 13 14 2210.716966
demand_222 13 15 3518.267815
demand_223 13 16 196.933660
demand_224 14 0 3.432368
demand_225 14 1 0.787136
demand_226 14 2 0.539236
demand_227 14 3 2.367252
demand_228 14 4 0.188105
demand_229 14 5 14.358398
demand_230 14 6 2.120845
demand_231 14 7 0.811158
demand_232 14 8 2.825981
demand_233 14 9 5.299303
demand_234 14 10 19.088834
demand_235 14 11 1.919282
demand_236 14 12 1.293427
demand_237 14 13 2.492650
demand_238 14 15 10.229633
demand_239 14 16 0.572600
demand_240 15 0 477.803222
demand_241 15 1 109.573285
demand_242 15 2 75.064339
demand_243 15 3 329.533537
demand_244 15 4 26.185225
demand_245 15 5 1998.762327
demand_246 15 6 295.232474
demand_247 15 7 112.917320
demand_248 15 8 393.391041
demand_249 15 9 737.690028
demand_250 15 10 2657.263265
demand_251 15 11 267.173828
demand_252 15 12 180.051599
demand_253 15 13 346.989608
demand_254 15 14 894.786612
demand_255 15 16 79.708803
demand_256 16 0 698.614126
demand_257 16 1 160.211236
demand_258 16 2 109.754403
demand_259 16 3 481.823423
demand_260 16 4 38.286406
demand_261 16 5 2922.465840
demand_262 16 6 431.670544
demand_263 16 7 165.100676
demand_264 16 8 575.191889
demand_265 16 9 1078.604434
demand_266 16 10 3885.284916
demand_267 16 11 390.644939
demand_268 16 12 263.260238
demand_269 16 13 507.346602
demand_270 16 14 1308.301278
demand_271 16 15 2082.109266
