DEMANDS 272
label src dest bw
demand_0 0 1 225.455629
demand_1 0 2 137.509026
demand_2 0 3 316.047561
demand_3 0 4 121.959402
demand_4 0 5 1057.986145
demand_5 0 6 273.873165
demand_6 0 7 253.057976
demand_7 0 8 536.441298
demand_8 0 9 619.529334
demand_9 0 10 1310.695008
demand_10 0 11 267.942341
demand_11 0 12 257.953508
demand_12 0 13 338.674967
demand_13 0 14 646.232610
demand_14 0 15 890.207698
demand_15 0 16 198.804867
demand_16 1 0 381.394371
demand_17 1 2 91.475931
demand_18 1 3 210.246161
demand_19 1 4 81.131764
demand_20 1 5 703.810291
demand_21 1 6 182.190242
demand_22 1 7 168.343232
demand_23 1 8 356.859972
demand_24 1 9 412.133110
demand_25 1 10 871.921280
demand_26 1 11 178.244845
demand_27 1 12 171.599916
demand_28 1 13 225.298722
demand_29 1 14 429.897086
demand_30 1 15 592.198056
demand_31 1 16 132.252120
demand_32 2 0 3993.543420
demand_33 2 1 1570.438185
demand_34 2 3 2201.467140
demand_35 2 4 849.522823
demand_36 2 5 7369.529209
demand_37 2 6 1907.696335
demand_38 2 7 1762.705640
demand_39 2 8 3736.646112
demand_40 2 9 4315.405774
demand_41 2 10 9129.803054
demand_42 2 11 1866.384464
demand_43 2 12 1796.806053
demand_44 2 13 2359.081044
demand_45 2 14 4501.410645
demand_46 2 15 6200.848337
demand_47 2 16 1384.799111
demand_48 3 0 172.677802
demand_49 3 1 67.904561
demand_50 3 2 41.416088
demand_51 3 4 36.732725
demand_52 3 5 318.652878
demand_53 3 6 82.487349
demand_54 3 7 76.218061
demand_55 3 8 161.569756
demand_56 3 9 186.594887
demand_57 3 10 394.765790
demand_58 3 11 80.701055
demand_59 3 12 77.692537
demand_60 3 13 102.004883
demand_61 3 14 194.637597
demand_62 3 15 268.120000
demand_63 3 16 59.877668
demand_64 4 0 1360.612644
demand_65 4 1 535.053166
demand_66 4 2 326.337560
demand_67 4 3 750.046690
demand_68 4 5 2510.821485
demand_69 4 6 649.958065
demand_70 4 7 600.559285
demand_71 4 8 1273.086933
demand_72 4 9 1470.272147
demand_73 4 10 3110.552250
demand_74 4 11 635.882982
demand_75 4 12 612.177402
demand_76 4 13 803.746237
demand_77 4 14 1533.644585
demand_78 4 15 2112.648283
demand_79 4 16 471.805357
demand_80 5 0 565.017120
demand_81 5 1 222.189762
demand_82 5 2 135.517121
demand_83 5 3 311.469413
demand_84 5 4 120.192743
demand_85 5 6 269.905940
demand_86 5 7 249.392271
demand_87 5 8 528.670607
demand_88 5 9 610.555060
demand_89 5 10 1291.708762
demand_90 5 11 264.061027
demand_91 5 12 254.216888
demand_92 5 13 333.769046
demand_93 5 14 636.871523
demand_94 5 15 877.312477
demand_95 5 16 195.925053
demand_96 6 0 1699.341995
demand_97 6 1 668.256553
demand_98 6 2 407.580455
demand_99 6 3 936.773478
demand_100 6 4 361.490951
demand_101 6 5 3135.899413
demand_102 6 7 750.070652
demand_103 6 8 1590.026448
demand_104 6 9 1836.301621
demand_105 6 10 3884.935282
demand_106 6 11 794.188310
demand_107 6 12 764.581141
demand_108 6 13 1003.841718
demand_109 6 14 1915.450852
demand_110 6 15 2638.599578
demand_111 6 16 589.262977
demand_112 7 0 855.002931
demand_113 7 1 336.225029
demand_114 7 2 205.069070
demand_115 7 3 471.326003
demand_116 7 4 181.879706
demand_117 7 5 1577.789048
demand_118 7 6 408.430756
demand_119 7 8 800.002164
demand_120 7 9 923.912475
demand_121 7 10 1954.657192
demand_122 7 11 399.586036
demand_123 7 12 384.689555
demand_124 7 13 505.070559
demand_125 7 14 963.735432
demand_126 7 15 1327.578780
demand_127 7 16 296.480387
demand_128 8 0 103.731222
demand_129 8 1 40.791712
demand_130 8 2 24.879523
demand_131 8 3 57.182520
demand_132 8 4 22.066128
demand_133 8 5 191.421549
demand_134 8 6 49.551902
demand_135 8 7 45.785807
demand_136 8 9 112.091510
demand_137 8 10 237.144191
demand_138 8 11 48.478837
demand_139 8 12 46.671556
demand_140 8 13 61.276499
demand_141 8 14 116.922937
demand_142 8 15 161.065376
demand_143 8 16 35.969786
demand_144 9 0 242.203119
demand_145 9 1 95.244996
demand_146 9 2 58.091460
demand_147 9 3 133.516066
demand_148 9 4 51.522434
demand_149 9 5 446.952185
demand_150 9 6 115.699256
demand_151 9 7 106.905762
demand_152 9 8 226.622637
demand_153 9 10 553.710462
demand_154 9 11 113.193746
demand_155 9 12 108.973907
demand_156 9 13 143.075141
demand_157 9 14 273.004593
demand_158 9 15 376.073238
demand_159 9 16 83.986232
demand_160 10 0 1703.722704
demand_161 10 1 669.979242
demand_162 10 2 408.631150
demand_163 10 3 939.188373
demand_164 10 4 362.422833
demand_165 10 5 3143.983403
demand_166 10 6 813.860078
demand_167 10 7 752.004249
demand_168 10 8 1594.125354
demand_169 10 9 1841.035397
demand_170 10 11 796.235636
demand_171 10 12 766.552143
demand_172 10 13 1006.429507
demand_173 10 14 1920.388665
demand_174 10 15 2645.401586
demand_175 10 16 590.782029
demand_176 11 0 120.505691
demand_177 11 1 47.388176
demand_178 11 2 28.902813
demand_179 11 3 66.429557
demand_180 11 4 25.634461
demand_181 11 5 222.376501
demand_182 11 6 57.564985
demand_183 11 7 53.189872
demand_184 11 8 112.753781
demand_185 11 9 130.217929
demand_186 11 10 275.492992
demand_187 11 12 54.218856
demand_188 11 13 71.185577
demand_189 11 14 135.830651
demand_190 11 15 187.111404
demand_191 11 16 41.786493
demand_192 12 0 145.775621
demand_193 12 1 57.325432
demand_194 12 2 34.963706
demand_195 12 3 80.359772
demand_196 12 4 31.009984
demand_197 12 5 269.008643
demand_198 12 6 69.636308
demand_199 12 7 64.343737
demand_200 12 8 136.398143
demand_201 12 9 157.524507
demand_202 12 10 333.263613
demand_203 12 11 68.128308
demand_204 12 13 86.113125
demand_205 12 14 164.314210
demand_206 12 15 226.348489
demand_207 12 16 50.549081
demand_208 13 0 1881.480026
demand_209 13 1 739.881295
demand_210 13 2 451.265541
demand_211 13 3 1037.178269
demand_212 13 4 400.236095
demand_213 13 5 3472.009829
demand_214 13 6 898.773889
demand_215 13 7 830.464353
demand_216 13 8 1760.447874
demand_217 13 9 2033.119191
demand_218 13 10 4301.328489
demand_219 13 11 879.310607
demand_220 13 12 846.530097
demand_221 13 14 2120.751755
demand_222 13 15 2921.408650
demand_223 13 16 652.421069
demand_224 14 0 56.414622
demand_225 14 1 22.184728
demand_226 14 2 13.530824
demand_227 14 3 31.098932
demand_228 14 4 12.000748
demand_229 14 5 104.105342
demand_230 14 6 26.948991
demand_231 14 7 24.900786
demand_232 14 8 52.785573
demand_233 14 9 60.961397
demand_234 14 10 128.971776
demand_235 14 11 26.365401
demand_236 14 12 25.382505
demand_237 14 13 33.325458
demand_238 14 15 87.596021
demand_239 14 16 19.562306
demand_240 15 0 734.354350
demand_241 15 1 288.780662
demand_242 15 2 176.131986
demand_243 15 3 404.817677
demand_244 15 4 156.214848
demand_245 15 5 1355.148864
demand_246 15 6 350.797513
demand_247 15 7 324.135841
demand_248 15 8 687.114684
demand_249 15 9 793.540139
demand_250 15 10 1678.837534
demand_251 15 11 343.200863
demand_252 15 12 330.406409
demand_253 15 13 433.800574
demand_254 15 14 827.743720
demand_255 15 16 254.644346
demand_256 16 0 955.338028
demand_257 16 1 375.681234
demand_258 16 2 229.134047
demand_259 16 3 526.636387
demand_260 16 4 203.223397
demand_261 16 5 1762.943523
demand_262 16 6 456.360346
demand_263 16 7 421.675578
demand_264 16 8 893.882889
demand_265 16 9 1032.334148
demand_266 16 10 2184.037365
demand_267 16 11 446.477693
demand_268 16 12 429.833101
demand_269 16 13 564.340886
demand_270 16 14 1076.830353
demand_271 16 15 1483.370932
