DEMANDS 272
label src dest bw
demand_0 0 1 190.902896
demand_1 0 2 46.499785
demand_2 0 3 404.698699
demand_3 0 4 33.968726
demand_4 0 5 1226.789779
demand_5 0 6 348.415155
demand_6 0 7 215.151634
demand_7 0 8 469.872887
demand_8 0 9 679.169064
demand_9 0 10 1730.699948
demand_10 0 11 320.529274
demand_11 0 12 230.924769
demand_12 0 13 419.607480
demand_13 0 14 779.391853
demand_14 0 15 1053.892517
demand_15 0 16 47.982176
demand_16 1 0 393.999587
demand_17 1 2 37.061785
demand_18 1 3 322.557538
demand_19 1 4 27.074139
demand_20 1 5 977.789876
demand_21 1 6 277.697791
demand_22 1 7 171.482591
demand_23 1 8 374.503407
demand_24 1 9 541.319015
demand_25 1 10 1379.422064
demand_26 1 11 255.471871
demand_27 1 12 184.054274
demand_28 1 13 334.440303
demand_29 1 14 621.199717
demand_30 1 15 839.985343
demand_31 1 16 38.243297
demand_32 2 0 1996.671802
demand_33 2 1 771.078906
demand_34 2 3 1634.624914
demand_35 2 4 137.203620
demand_36 2 5 4955.145992
demand_37 2 6 1407.289160
demand_38 2 7 869.022366
demand_39 2 8 1897.871007
demand_40 2 9 2743.242505
demand_41 2 10 6990.497525
demand_42 2 11 1294.654860
demand_43 2 12 932.731886
demand_44 2 13 1694.843205
demand_45 2 14 3148.053955
demand_46 2 15 4256.793928
demand_47 2 16 193.805565
demand_48 3 0 263.543414
demand_49 3 1 101.775749
demand_50 3 2 24.790354
demand_51 3 4 18.109692
demand_52 3 5 654.036427
demand_53 3 6 185.750001
demand_54 3 7 114.703438
demand_55 3 8 250.502563
demand_56 3 9 362.084291
demand_57 3 10 922.685231
demand_58 3 11 170.883247
demand_59 3 12 123.112544
demand_60 3 13 223.704649
demand_61 3 14 415.515903
demand_62 3 15 561.859992
demand_63 3 16 25.580659
demand_64 4 0 1018.464701
demand_65 4 1 393.312835
demand_66 4 2 95.802434
demand_67 4 3 833.791399
demand_68 4 5 2527.526695
demand_69 4 6 717.831710
demand_70 4 7 443.271951
demand_71 4 8 968.068276
demand_72 4 9 1399.276363
demand_73 4 10 3565.721199
demand_74 4 11 660.379074
demand_75 4 12 475.768978
demand_76 4 13 864.507615
demand_77 4 14 1605.763064
demand_78 4 15 2171.310453
demand_79 4 16 98.856570
demand_80 5 0 462.456966
demand_81 5 1 178.592602
demand_82 5 2 43.501265
demand_83 5 3 378.601870
demand_84 5 4 31.778267
demand_85 5 6 325.947747
demand_86 5 7 201.277670
demand_87 5 8 439.573328
demand_88 5 9 635.373127
demand_89 5 10 1619.096476
demand_90 5 11 299.860076
demand_91 5 12 216.033681
demand_92 5 13 392.549264
demand_93 5 14 729.133091
demand_94 5 15 985.932693
demand_95 5 16 44.888065
demand_96 6 0 1089.944601
demand_97 6 1 420.917093
demand_98 6 2 102.526230
demand_99 6 3 892.310192
demand_100 6 4 74.896808
demand_101 6 5 2704.918563
demand_102 6 7 474.382538
demand_103 6 8 1036.011154
demand_104 6 9 1497.483139
demand_105 6 10 3815.977683
demand_106 6 11 706.727101
demand_107 6 12 509.160335
demand_108 6 13 925.182195
demand_109 6 14 1718.461897
demand_110 6 15 2323.701649
demand_111 6 16 105.794717
demand_112 7 0 874.133648
demand_113 7 1 337.574766
demand_114 7 2 82.225856
demand_115 7 3 715.631201
demand_116 7 4 60.067108
demand_117 7 5 2169.339917
demand_118 7 6 616.104663
demand_119 7 8 830.879119
demand_120 7 9 1200.978837
demand_121 7 10 3060.407372
demand_122 7 11 566.793889
demand_123 7 12 408.345691
demand_124 7 13 741.994489
demand_125 7 14 1378.203411
demand_126 7 15 1863.604625
demand_127 7 16 84.847177
demand_128 8 0 62.866384
demand_129 8 1 24.277872
demand_130 8 2 5.913560
demand_131 8 3 51.467125
demand_132 8 4 4.319937
demand_133 8 5 156.015680
demand_134 8 6 44.309325
demand_135 8 7 27.361679
demand_136 8 9 86.372601
demand_137 8 10 220.099918
demand_138 8 11 40.762968
demand_139 8 12 29.367611
demand_140 8 13 53.363133
demand_141 8 14 99.118327
demand_142 8 15 134.027656
demand_143 8 16 6.102082
demand_144 9 0 320.026593
demand_145 9 1 123.588541
demand_146 9 2 30.103475
demand_147 9 3 261.997711
demand_148 9 4 21.990999
demand_149 9 5 794.210891
demand_150 9 6 225.560332
demand_151 9 7 139.286921
demand_152 9 8 304.190800
demand_153 9 10 1120.437072
demand_154 9 11 207.507305
demand_155 9 12 149.498284
demand_156 9 13 271.649500
demand_157 9 14 504.570146
demand_158 9 15 682.279009
demand_159 9 16 31.063159
demand_160 10 0 1543.801886
demand_161 10 1 596.188652
demand_162 10 2 145.218562
demand_163 10 3 1263.871721
demand_164 10 4 106.084138
demand_165 10 5 3831.257457
demand_166 10 6 1088.098534
demand_167 10 7 671.917321
demand_168 10 8 1467.410337
demand_169 10 9 2121.041099
demand_170 10 11 1001.011089
demand_171 10 12 721.176732
demand_172 10 13 1310.431757
demand_173 10 14 2434.036295
demand_174 10 15 3291.300297
demand_175 10 16 149.848060
demand_176 11 0 196.129788
demand_177 11 1 75.741813
demand_178 11 2 18.449055
demand_179 11 3 160.566518
demand_180 11 4 13.477286
demand_181 11 5 486.735843
demand_182 11 6 138.235700
demand_183 11 7 85.362638
demand_184 11 8 186.424749
demand_185 11 9 269.464201
demand_186 11 10 686.665078
demand_187 11 12 91.620720
demand_188 11 13 166.481661
demand_189 11 14 309.228164
demand_190 11 15 418.137868
demand_191 11 16 19.037202
demand_192 12 0 232.659581
demand_193 12 1 89.848965
demand_194 12 2 21.885250
demand_195 12 3 190.472539
demand_196 12 4 15.987473
demand_197 12 5 577.391933
demand_198 12 6 163.982537
demand_199 12 7 101.261699
demand_200 12 8 221.146947
demand_201 12 9 319.652760
demand_202 12 10 814.558620
demand_203 12 11 150.857972
demand_204 12 13 197.489397
demand_205 12 14 366.822887
demand_206 12 15 496.017369
demand_207 12 16 22.582941
demand_208 13 0 1892.577286
demand_209 13 1 730.879468
demand_210 13 2 178.026309
demand_211 13 3 1549.405356
demand_212 13 4 130.050645
demand_213 13 5 4696.814342
demand_214 13 6 1333.921528
demand_215 13 7 823.716742
demand_216 13 8 1798.927374
demand_217 13 9 2600.226262
demand_218 13 10 6626.054830
demand_219 13 11 1227.159306
demand_220 13 12 884.104829
demand_221 13 14 2983.933267
demand_222 13 15 4034.870174
demand_223 13 16 183.701703
demand_224 14 0 28.600690
demand_225 14 1 11.045074
demand_226 14 2 2.690339
demand_227 14 3 23.414665
demand_228 14 4 1.965330
demand_229 14 5 70.978412
demand_230 14 6 20.158266
demand_231 14 7 12.448034
demand_232 14 8 27.185450
demand_233 14 9 39.294705
demand_234 14 10 100.133158
demand_235 14 11 18.544872
demand_236 14 12 13.360621
demand_237 14 13 24.277242
demand_238 14 15 60.975090
demand_239 14 16 2.776106
demand_240 15 0 563.095432
demand_241 15 1 217.457376
demand_242 15 2 52.967877
demand_243 15 3 460.992048
demand_244 15 4 38.693756
demand_245 15 5 1397.435509
demand_246 15 6 396.879496
demand_247 15 7 245.079098
demand_248 15 8 535.231927
demand_249 15 9 773.641078
demand_250 15 10 1971.439283
demand_251 15 11 365.114706
demand_252 15 12 263.046267
demand_253 15 13 477.974631
demand_254 15 14 887.804797
demand_255 15 16 54.656468
demand_256 16 0 940.920149
demand_257 16 1 363.366518
demand_258 16 2 88.508164
demand_259 16 3 770.307627
demand_260 16 4 64.656420
demand_261 16 5 2335.084164
demand_262 16 6 663.176955
demand_263 16 7 409.521812
demand_264 16 8 894.360841
demand_265 16 9 1292.737316
demand_266 16 10 3294.231915
demand_267 16 11 610.098687
demand_268 16 12 439.544558
demand_269 16 13 798.685152
demand_270 16 14 1483.502394
demand_271 16 15 2005.989754
