DEMANDS 272
label src dest bw
demand_0 0 1 110.911536
demand_1 0 2 53.699333
demand_2 0 3 330.043193
demand_3 0 4 35.509458
demand_4 0 5 914.230795
demand_5 0 6 287.651331
demand_6 0 7 150.664195
demand_7 0 8 458.327699
demand_8 0 9 490.348039
demand_9 0 10 1022.759349
demand_10 0 11 212.673511
demand_11 0 12 198.693060
demand_12 0 13 369.542468
demand_13 0 14 523.601309
demand_14 0 15 565.770592
demand_15 0 16 109.905742
demand_16 1 0 312.954213
demand_17 1 2 35.168660
demand_18 1 3 216.151230
demand_19 1 4 23.255784
demand_20 1 5 598.746211
demand_21 1 6 188.388037
demand_22 1 7 98.672694
demand_23 1 8 300.167064
demand_24 1 9 321.137761
demand_25 1 10 669.823515
demand_26 1 11 139.283712
demand_27 1 12 130.127663
demand_28 1 13 242.020017
demand_29 1 14 342.915926
demand_30 1 15 370.533349
demand_31 1 16 71.979250
demand_32 2 0 3656.331769
demand_33 2 1 848.649666
demand_34 2 3 2525.355395
demand_35 2 4 271.703838
demand_36 2 5 6995.319768
demand_37 2 6 2200.990224
demand_38 2 7 1152.820739
demand_39 2 8 3506.935922
demand_40 2 9 3751.942452
demand_41 2 10 7825.735832
demand_42 2 11 1627.290640
demand_43 2 12 1520.317952
demand_44 2 13 2827.587678
demand_45 2 14 4006.382864
demand_46 2 15 4329.044951
demand_47 2 16 840.953745
demand_48 3 0 212.188140
demand_49 3 1 49.249741
demand_50 3 2 23.844934
demand_51 3 4 15.767807
demand_52 3 5 405.959848
demand_53 3 6 127.730209
demand_54 3 7 66.901721
demand_55 3 8 203.518241
demand_56 3 9 217.736721
demand_57 3 10 454.151438
demand_58 3 11 94.436664
demand_59 3 12 88.228711
demand_60 3 13 164.093580
demand_61 3 14 232.502678
demand_62 3 15 251.227748
demand_63 3 16 48.803124
demand_64 4 0 1003.321220
demand_65 4 1 232.874988
demand_66 4 2 112.749602
demand_67 4 3 692.973946
demand_68 4 5 1919.561245
demand_69 4 6 603.966034
demand_70 4 7 316.341509
demand_71 4 8 962.326028
demand_72 4 9 1029.557413
demand_73 4 10 2147.432815
demand_74 4 11 446.539136
demand_75 4 12 417.185135
demand_76 4 13 775.908451
demand_77 4 14 1099.377518
demand_78 4 15 1187.918093
demand_79 4 16 230.763178
demand_80 5 0 425.771857
demand_81 5 1 98.823402
demand_82 5 2 47.846698
demand_83 5 3 294.072126
demand_84 5 4 31.639319
demand_85 5 6 256.300510
demand_86 5 7 134.243460
demand_87 5 8 408.375037
demand_88 5 9 436.905513
demand_89 5 10 911.289864
demand_90 5 11 189.494445
demand_91 5 12 177.037708
demand_92 5 13 329.266416
demand_93 5 14 466.534543
demand_94 5 15 504.107840
demand_95 5 16 97.927229
demand_96 6 0 1290.706191
demand_97 6 1 299.578224
demand_98 6 2 145.044884
demand_99 6 3 891.465011
demand_100 6 4 95.913021
demand_101 6 5 2469.388202
demand_102 6 7 406.952366
demand_103 6 8 1237.968596
demand_104 6 9 1324.457313
demand_105 6 10 2762.529859
demand_106 6 11 574.442976
demand_107 6 12 536.681001
demand_108 6 13 998.154750
demand_109 6 14 1414.276245
demand_110 6 15 1528.177822
demand_111 6 16 296.861519
demand_112 7 0 692.600527
demand_113 7 1 160.755436
demand_114 7 2 77.831937
demand_115 7 3 478.365364
demand_116 7 4 51.467491
demand_117 7 5 1325.088222
demand_118 7 6 416.922502
demand_119 7 8 664.301224
demand_120 7 9 710.711578
demand_121 7 10 1482.389758
demand_122 7 11 308.249477
demand_123 7 12 287.986179
demand_124 7 13 535.615705
demand_125 7 14 758.908945
demand_126 7 15 820.029200
demand_127 7 16 159.297636
demand_128 8 0 99.832520
demand_129 8 1 23.171539
demand_130 8 2 11.218817
demand_131 8 3 68.952329
demand_132 8 4 7.418604
demand_133 8 5 191.000282
demand_134 8 6 60.095859
demand_135 8 7 31.476629
demand_136 8 9 102.443075
demand_137 8 10 213.673971
demand_138 8 11 44.431560
demand_139 8 12 41.510777
demand_140 8 13 77.204483
demand_141 8 14 109.390319
demand_142 8 15 118.200287
demand_143 8 16 22.961410
demand_144 9 0 284.111420
demand_145 9 1 65.943431
demand_146 9 2 31.927412
demand_147 9 3 196.230089
demand_148 9 4 21.112461
demand_149 9 5 543.563975
demand_150 9 6 171.025634
demand_151 9 7 89.578725
demand_152 9 8 272.502772
demand_153 9 10 608.090583
demand_154 9 11 126.446910
demand_155 9 12 118.134710
demand_156 9 13 219.714731
demand_157 9 14 311.311772
demand_158 9 15 336.383891
demand_159 9 16 65.345427
demand_160 10 0 2875.314496
demand_161 10 1 667.372340
demand_162 10 2 323.117422
demand_163 10 3 1985.922349
demand_164 10 4 213.666055
demand_165 10 5 5501.072005
demand_166 10 6 1730.843779
demand_167 10 7 906.570408
demand_168 10 8 2757.830616
demand_169 10 9 2950.502089
demand_170 10 11 1279.690319
demand_171 10 12 1195.567722
demand_172 10 13 2223.595766
demand_173 10 14 3150.592303
demand_174 10 15 3404.331579
demand_175 10 16 661.320319
demand_176 11 0 136.983174
demand_177 11 1 31.794359
demand_178 11 2 15.393673
demand_179 11 3 94.611545
demand_180 11 4 10.179288
demand_181 11 5 262.077176
demand_182 11 6 82.459319
demand_183 11 7 43.190020
demand_184 11 8 131.386111
demand_185 11 9 140.565194
demand_186 11 10 293.188419
demand_187 11 12 56.958173
demand_188 11 13 105.934570
demand_189 11 14 150.097714
demand_190 11 15 162.186135
demand_191 11 16 31.506034
demand_192 12 0 205.707502
demand_193 12 1 47.745559
demand_194 12 2 23.116663
demand_195 12 3 142.078067
demand_196 12 4 15.286227
demand_197 12 5 393.561045
demand_198 12 6 123.829080
demand_199 12 7 64.858412
demand_200 12 8 197.302398
demand_201 12 9 211.086618
demand_202 12 10 440.280770
demand_203 12 11 91.552384
demand_204 12 13 159.081843
demand_205 12 14 225.401594
demand_206 12 15 243.554764
demand_207 12 16 47.312581
demand_208 13 0 3166.880797
demand_209 13 1 735.046079
demand_210 13 2 355.882587
demand_211 13 3 2187.301375
demand_212 13 4 235.332492
demand_213 13 5 6058.898712
demand_214 13 6 1906.357004
demand_215 13 7 998.499615
demand_216 13 8 3037.483667
demand_217 13 9 3249.692658
demand_218 13 10 6778.152011
demand_219 13 11 1409.455106
demand_220 13 12 1316.802203
demand_221 13 14 3470.072675
demand_222 13 15 3749.541944
demand_223 13 16 728.380364
demand_224 14 0 53.494944
demand_225 14 1 12.416397
demand_226 14 2 6.011568
demand_227 14 3 36.947890
demand_228 14 4 3.975236
demand_229 14 5 102.346905
demand_230 14 6 32.202179
demand_231 14 7 16.866653
demand_232 14 8 51.309168
demand_233 14 9 54.893802
demand_234 14 10 114.496530
demand_235 14 11 23.808513
demand_236 14 12 22.243420
demand_237 14 13 41.369781
demand_238 14 15 63.337255
demand_239 14 16 12.303800
demand_240 15 0 606.075745
demand_241 15 1 140.672677
demand_242 15 2 68.108596
demand_243 15 3 418.604423
demand_244 15 4 45.037791
demand_245 15 5 1159.548396
demand_246 15 6 364.837458
demand_247 15 7 191.092256
demand_248 15 8 581.311800
demand_249 15 9 621.924229
demand_250 15 10 1297.198660
demand_251 15 11 269.740672
demand_252 15 12 252.008815
demand_253 15 13 468.702628
demand_254 15 14 664.100424
demand_255 15 16 139.396997
demand_256 16 0 972.888325
demand_257 16 1 225.811388
demand_258 16 2 109.329664
demand_259 16 3 671.954553
demand_260 16 4 72.295817
demand_261 16 5 1861.336815
demand_262 16 6 585.646442
demand_263 16 7 306.746190
demand_264 16 8 933.136605
demand_265 16 9 998.328718
demand_266 16 10 2082.296549
demand_267 16 11 432.994642
demand_268 16 12 404.531010
demand_269 16 13 752.373475
demand_270 16 14 1066.031028
demand_271 16 15 1151.885977
