DEMANDS 272
label src dest bw
demand_0 0 1 130.546121
demand_1 0 2 63.923487
demand_2 0 3 537.759266
demand_3 0 4 38.014372
demand_4 0 5 1345.042297
demand_5 0 6 444.538415
demand_6 0 7 160.737082
demand_7 0 8 582.298710
demand_8 0 9 640.259517
demand_9 0 10 1865.375528
demand_10 0 11 365.826604
demand_11 0 12 273.300175
demand_12 0 13 558.231482
demand_13 0 14 736.578938
demand_14 0 15 846.744326
demand_15 0 16 109.948547
demand_16 1 0 439.714321
demand_17 1 2 47.820731
demand_18 1 3 402.294094
demand_19 1 4 28.438296
demand_20 1 5 1006.217105
demand_21 1 6 332.556202
demand_22 1 7 120.246331
demand_23 1 8 435.613752
demand_24 1 9 478.973843
demand_25 1 10 1395.474899
demand_26 1 11 273.672425
demand_27 1 12 204.454025
demand_28 1 13 417.609221
demand_29 1 14 551.029754
demand_30 1 15 633.443741
demand_31 1 16 82.251769
demand_32 2 0 3463.135689
demand_33 2 1 769.163425
demand_34 2 3 3168.418607
demand_35 2 4 223.976507
demand_36 2 5 7924.841666
demand_37 2 6 2619.171579
demand_38 2 7 947.045253
demand_39 2 8 3430.840121
demand_40 2 9 3772.338841
demand_41 2 10 10990.587983
demand_42 2 11 2155.410221
demand_43 2 12 1610.254653
demand_44 2 13 3289.038655
demand_45 2 14 4339.842300
demand_46 2 15 4988.924684
demand_47 2 16 647.804776
demand_48 3 0 221.141067
demand_49 3 1 49.115494
demand_50 3 2 24.049996
demand_51 3 4 14.302184
demand_52 3 5 506.046571
demand_53 3 6 167.249120
demand_54 3 7 60.474268
demand_55 3 8 219.078810
demand_56 3 9 240.885461
demand_57 3 10 701.812048
demand_58 3 11 137.635299
demand_59 3 12 102.823991
demand_60 3 13 210.023973
demand_61 3 14 277.123810
demand_62 3 15 318.571441
demand_63 3 16 41.366049
demand_64 4 0 979.186466
demand_65 4 1 217.477593
demand_66 4 2 106.490534
demand_67 4 3 895.856500
demand_68 4 5 2240.714311
demand_69 4 6 740.559305
demand_70 4 7 267.772902
demand_71 4 8 970.055035
demand_72 4 9 1066.612304
demand_73 4 10 3107.540670
demand_74 4 11 609.432810
demand_75 4 12 455.292458
demand_76 4 13 929.961291
demand_77 4 14 1227.071424
demand_78 4 15 1410.596629
demand_79 4 16 183.163966
demand_80 5 0 580.420263
demand_81 5 1 128.911506
demand_82 5 2 63.123078
demand_83 5 3 531.025788
demand_84 5 4 37.538380
demand_85 5 6 438.972189
demand_86 5 7 158.724435
demand_87 5 8 575.007537
demand_88 5 9 632.242597
demand_89 5 10 1842.018488
demand_90 5 11 361.245957
demand_91 5 12 269.878085
demand_92 5 13 551.241664
demand_93 5 14 727.355967
demand_94 5 15 836.141935
demand_95 5 16 108.571841
demand_96 6 0 1018.805865
demand_97 6 1 226.277073
demand_98 6 2 110.799306
demand_99 6 3 932.104240
demand_100 6 4 65.890742
demand_101 6 5 2331.377079
demand_102 6 7 278.607408
demand_103 6 8 1009.304963
demand_104 6 9 1109.769088
demand_105 6 10 3233.276574
demand_106 6 11 634.091405
demand_107 6 12 473.714296
demand_108 6 13 967.588964
demand_109 6 14 1276.720633
demand_110 6 15 1467.671551
demand_111 6 16 190.575064
demand_112 7 0 753.326878
demand_113 7 1 167.314115
demand_114 7 2 81.927380
demand_115 7 3 689.217839
demand_116 7 4 48.721026
demand_117 7 5 1723.870147
demand_118 7 6 569.741565
demand_119 7 8 746.301707
demand_120 7 9 820.587033
demand_121 7 10 2390.753951
demand_122 7 11 468.860766
demand_123 7 12 350.274497
demand_124 7 13 715.456004
demand_125 7 14 944.034581
demand_126 7 15 1085.227780
demand_127 7 16 140.915284
demand_128 8 0 26.183168
demand_129 8 1 5.815289
demand_130 8 2 2.847527
demand_131 8 3 23.954948
demand_132 8 4 1.693383
demand_133 8 5 59.916063
demand_134 8 6 19.802345
demand_135 8 7 7.160171
demand_136 8 9 28.520910
demand_137 8 10 83.094754
demand_138 8 11 16.296060
demand_139 8 12 12.174391
demand_140 8 13 24.866900
demand_141 8 14 32.811541
demand_142 8 15 37.718953
demand_143 8 16 4.897752
demand_144 9 0 315.224227
demand_145 9 1 70.011391
demand_146 9 2 34.281924
demand_147 9 3 288.398260
demand_148 9 4 20.386964
demand_149 9 5 721.341095
demand_150 9 6 238.404270
demand_151 9 7 86.202689
demand_152 9 8 312.284595
demand_153 9 10 1000.393838
demand_154 9 11 196.191424
demand_155 9 12 146.569850
demand_156 9 13 299.377432
demand_157 9 14 395.024497
demand_158 9 15 454.105778
demand_159 9 16 58.964990
demand_160 10 0 1432.541216
demand_161 10 1 318.167813
demand_162 10 2 155.794719
demand_163 10 3 1310.630207
demand_164 10 4 92.648861
demand_165 10 5 3278.145397
demand_166 10 6 1083.431773
demand_167 10 7 391.749409
demand_168 10 8 1419.182014
demand_169 10 9 1560.444452
demand_170 10 11 891.594860
demand_171 10 12 666.088876
demand_172 10 13 1360.525217
demand_173 10 14 1795.194738
demand_174 10 15 2063.690504
demand_175 10 16 267.967277
demand_176 11 0 108.296499
demand_177 11 1 24.052683
demand_178 11 2 11.777687
demand_179 11 3 99.080335
demand_180 11 4 7.004020
demand_181 11 5 247.819516
demand_182 11 6 81.904707
demand_183 11 7 29.615266
demand_184 11 8 107.286577
demand_185 11 9 117.965661
demand_186 11 10 343.689162
demand_187 11 12 50.354637
demand_188 11 13 102.852272
demand_189 11 14 135.712190
demand_190 11 15 156.009792
demand_191 11 16 20.257650
demand_192 12 0 114.848129
demand_193 12 1 25.507802
demand_194 12 2 12.490204
demand_195 12 3 105.074413
demand_196 12 4 7.427743
demand_197 12 5 262.811891
demand_198 12 6 86.859708
demand_199 12 7 31.406906
demand_200 12 8 113.777110
demand_201 12 9 125.102248
demand_202 12 10 364.481379
demand_203 12 11 71.479969
demand_204 12 13 109.074541
demand_205 12 14 143.922391
demand_206 12 15 165.447941
demand_207 12 16 21.483180
demand_208 13 0 2226.543640
demand_209 13 1 494.515978
demand_210 13 2 242.145731
demand_211 13 3 2037.062053
demand_212 13 4 144.000557
demand_213 13 5 5095.095136
demand_214 13 6 1683.936277
demand_215 13 7 608.881018
demand_216 13 8 2205.779945
demand_217 13 9 2425.338712
demand_218 13 10 7066.146395
demand_219 13 11 1385.771552
demand_220 13 12 1035.276286
demand_221 13 14 2790.202041
demand_222 13 15 3207.514669
demand_223 13 16 416.491219
demand_224 14 0 19.772220
demand_225 14 1 4.391416
demand_226 14 2 2.150310
demand_227 14 3 18.089580
demand_228 14 4 1.278758
demand_229 14 5 45.245618
demand_230 14 6 14.953742
demand_231 14 7 5.407004
demand_232 14 8 19.587834
demand_233 14 9 21.537566
demand_234 14 10 62.749007
demand_235 14 11 12.305970
demand_236 14 12 9.193492
demand_237 14 13 18.778241
demand_238 14 15 28.483469
demand_239 14 16 3.698538
demand_240 15 0 701.205278
demand_241 15 1 155.737892
demand_242 15 2 76.258943
demand_243 15 3 641.531852
demand_244 15 4 45.350088
demand_245 15 5 1604.598059
demand_246 15 6 530.321969
demand_247 15 7 191.754869
demand_248 15 8 694.666169
demand_249 15 9 763.811801
demand_250 15 10 2225.341135
demand_251 15 11 436.420966
demand_252 15 12 326.039510
demand_253 15 13 665.954636
demand_254 15 14 878.718191
demand_255 15 16 131.165559
demand_256 16 0 784.056794
demand_257 16 1 174.139238
demand_258 16 2 85.269384
demand_259 16 3 717.332602
demand_260 16 4 50.708467
demand_261 16 5 1794.190730
demand_262 16 6 592.982619
demand_263 16 7 214.411831
demand_264 16 8 776.745051
demand_265 16 9 854.060644
demand_266 16 10 2488.278240
demand_267 16 11 487.986663
demand_268 16 12 364.562990
demand_269 16 13 744.641081
demand_270 16 14 982.543898
demand_271 16 15 1129.496689
