DEMANDS 272
label src dest bw
demand_0 0 1 177.603403
demand_1 0 2 49.742516
demand_2 0 3 400.792053
demand_3 0 4 47.836371
demand_4 0 5 1073.805052
demand_5 0 6 375.006928
demand_6 0 7 340.288238
demand_7 0 8 758.608414
demand_8 0 9 979.408122
demand_9 0 10 1555.154522
demand_10 0 11 373.016428
demand_11 0 12 346.827035
demand_12 0 13 616.260190
demand_13 0 14 1006.394164
demand_14 0 15 1060.982343
demand_15 0 16 65.717383
demand_16 1 0 548.059223
demand_17 1 2 31.576434
demand_18 1 3 254.421867
demand_19 1 4 30.366417
demand_20 1 5 681.648958
demand_21 1 6 238.053529
demand_22 1 7 216.014185
demand_23 1 8 481.562863
demand_24 1 9 621.726006
demand_25 1 10 987.208486
demand_26 1 11 236.789964
demand_27 1 12 220.164998
demand_28 1 13 391.200541
demand_29 1 14 638.856683
demand_30 1 15 673.509133
demand_31 1 16 41.717243
demand_32 2 0 3534.960389
demand_33 2 1 727.182931
demand_34 2 3 1641.011011
demand_35 2 4 195.862195
demand_36 2 5 4396.608913
demand_37 2 6 1535.435876
demand_38 2 7 1393.282977
demand_39 2 8 3106.061486
demand_40 2 9 4010.108234
demand_41 2 10 6367.455825
demand_42 2 11 1527.285933
demand_43 2 12 1420.055557
demand_44 2 13 2523.228067
demand_45 2 14 4120.600423
demand_46 2 15 4344.107358
demand_47 2 16 269.074571
demand_48 3 0 397.980298
demand_49 3 1 81.869228
demand_50 3 2 22.929636
demand_51 3 4 22.050967
demand_52 3 5 494.988213
demand_53 3 6 172.865651
demand_54 3 7 156.861496
demand_55 3 8 349.693105
demand_56 3 9 451.474385
demand_57 3 10 716.874218
demand_58 3 11 171.948097
demand_59 3 12 159.875662
demand_60 3 13 284.075335
demand_61 3 14 463.914048
demand_62 3 15 489.077373
demand_63 3 16 30.293516
demand_64 4 0 1500.638940
demand_65 4 1 308.699081
demand_66 4 2 86.459317
demand_67 4 3 696.631576
demand_68 4 5 1866.420501
demand_69 4 6 651.813490
demand_70 4 7 591.467643
demand_71 4 8 1318.565501
demand_72 4 9 1702.345687
demand_73 4 10 2703.071919
demand_74 4 11 648.353728
demand_75 4 12 602.832969
demand_76 4 13 1071.144759
demand_77 4 14 1749.251130
demand_78 4 15 1844.132875
demand_79 4 16 114.225829
demand_80 5 0 752.773573
demand_81 5 1 154.854378
demand_82 5 2 43.371052
demand_83 5 3 349.455039
demand_84 5 4 41.709063
demand_85 5 6 326.972702
demand_86 5 7 296.701091
demand_87 5 8 661.439095
demand_88 5 9 853.956812
demand_89 5 10 1355.956487
demand_90 5 11 325.237163
demand_91 5 12 302.402341
demand_92 5 13 537.324099
demand_93 5 14 877.486241
demand_94 5 15 925.082280
demand_95 5 16 57.299716
demand_96 6 0 1538.136169
demand_97 6 1 316.412702
demand_98 6 2 88.619720
demand_99 6 3 714.038663
demand_100 6 4 85.223791
demand_101 6 5 1913.057700
demand_102 6 7 606.246946
demand_103 6 8 1351.513168
demand_104 6 9 1744.883065
demand_105 6 10 2770.614953
demand_106 6 11 664.554472
demand_107 6 12 617.896263
demand_108 6 13 1097.909998
demand_109 6 14 1792.960558
demand_110 6 15 1890.213161
demand_111 6 16 117.080048
demand_112 7 0 1311.641703
demand_113 7 1 269.820126
demand_114 7 2 75.570241
demand_115 7 3 608.894653
demand_116 7 4 72.674371
demand_117 7 5 1631.355084
demand_118 7 6 569.721158
demand_119 7 8 1152.499414
demand_120 7 9 1487.944592
demand_121 7 10 2362.634848
demand_122 7 11 566.697134
demand_123 7 12 526.909466
demand_124 7 13 936.239956
demand_125 7 14 1528.942552
demand_126 7 15 1611.874462
demand_127 7 16 99.839712
demand_128 8 0 171.560241
demand_129 8 1 35.291960
demand_130 8 2 9.884444
demand_131 8 3 79.642263
demand_132 8 4 9.505670
demand_133 8 5 213.378144
demand_134 8 6 74.518444
demand_135 8 7 67.619418
demand_136 8 9 194.620324
demand_137 8 10 309.028146
demand_138 8 11 74.122908
demand_139 8 12 68.918756
demand_140 8 13 122.458406
demand_141 8 14 199.982779
demand_142 8 15 210.830115
demand_143 8 16 13.058845
demand_144 9 0 505.658475
demand_145 9 1 104.019896
demand_146 9 2 29.133514
demand_147 9 3 234.738451
demand_148 9 4 28.017111
demand_149 9 5 628.913004
demand_150 9 6 219.636453
demand_151 9 7 199.302189
demand_152 9 8 444.306623
demand_153 9 10 910.832837
demand_154 9 11 218.470645
demand_155 9 12 203.131874
demand_156 9 13 360.935206
demand_157 9 14 589.431364
demand_158 9 15 621.402918
demand_159 9 16 38.489777
demand_160 10 0 2179.833520
demand_161 10 1 448.417395
demand_162 10 2 125.591115
demand_163 10 3 1011.929531
demand_164 10 4 120.778434
demand_165 10 5 2711.169130
demand_166 10 6 946.826618
demand_167 10 7 859.168025
demand_168 10 8 1915.352987
demand_169 10 9 2472.833465
demand_170 10 11 941.800955
demand_171 10 12 875.677338
demand_172 10 13 1555.948727
demand_173 10 14 2540.968479
demand_174 10 15 2678.794043
demand_175 10 16 165.924849
demand_176 11 0 283.193738
demand_177 11 1 58.256283
demand_178 11 2 16.316208
demand_179 11 3 131.465135
demand_180 11 4 15.690967
demand_181 11 5 352.222367
demand_182 11 6 123.007270
demand_183 11 7 111.619077
demand_184 11 8 248.833669
demand_185 11 9 321.258916
demand_186 11 10 510.111408
demand_187 11 12 113.763889
demand_188 11 13 202.141555
demand_189 11 14 330.110697
demand_190 11 15 348.016347
demand_191 11 16 21.556178
demand_192 12 0 396.650134
demand_193 12 1 81.595598
demand_194 12 2 22.852999
demand_195 12 3 184.134238
demand_196 12 4 21.977266
demand_197 12 5 493.333821
demand_198 12 6 172.287884
demand_199 12 7 156.337220
demand_200 12 8 348.524331
demand_201 12 9 449.965429
demand_202 12 10 714.478220
demand_203 12 11 171.373397
demand_204 12 13 283.125874
demand_205 12 14 462.363515
demand_206 12 15 487.442737
demand_207 12 16 30.192266
demand_208 13 0 2275.872650
demand_209 13 1 468.173773
demand_210 13 2 131.124409
demand_211 13 3 1056.513134
demand_212 13 4 126.099691
demand_213 13 5 2830.617851
demand_214 13 6 988.541916
demand_215 13 7 897.021260
demand_216 13 8 1999.739632
demand_217 13 9 2581.781590
demand_218 13 10 4099.485417
demand_219 13 11 983.294833
demand_220 13 12 914.257941
demand_221 13 14 2652.918498
demand_222 13 15 2796.816382
demand_223 13 16 173.235168
demand_224 14 0 28.132417
demand_225 14 1 5.787169
demand_226 14 2 1.620849
demand_227 14 3 13.059724
demand_228 14 4 1.558738
demand_229 14 5 34.989709
demand_230 14 6 12.219521
demand_231 14 7 11.088220
demand_232 14 8 24.719094
demand_233 14 9 31.913805
demand_234 14 10 50.674379
demand_235 14 11 12.154661
demand_236 14 12 11.301285
demand_237 14 13 20.080707
demand_238 14 15 34.571884
demand_239 14 16 2.141387
demand_240 15 0 931.177722
demand_241 15 1 191.554210
demand_242 15 2 53.649807
demand_243 15 3 432.274404
demand_244 15 4 51.593934
demand_245 15 5 1158.152800
demand_246 15 6 404.463848
demand_247 15 7 367.017993
demand_248 15 8 818.197360
demand_249 15 9 1056.340960
demand_250 15 10 1677.312432
demand_251 15 11 402.316994
demand_252 15 12 374.070415
demand_253 15 13 664.667635
demand_254 15 14 1085.446764
demand_255 15 16 70.879506
demand_256 16 0 1398.038912
demand_257 16 1 287.593048
demand_258 16 2 80.548016
demand_259 16 3 649.002251
demand_260 16 4 77.461397
demand_261 16 5 1738.811660
demand_262 16 6 607.248418
demand_263 16 7 551.028471
demand_264 16 8 1228.413997
demand_265 16 9 1585.954788
demand_266 16 10 2518.260471
demand_267 16 11 604.025202
demand_268 16 12 561.616739
demand_269 16 13 997.909632
demand_270 16 14 1629.653263
demand_271 16 15 1718.047858
