DEMANDS 272
label src dest bw
demand_0 0 1 100.243492
demand_1 0 2 49.279224
demand_2 0 3 492.261667
demand_3 0 4 32.501677
demand_4 0 5 1011.371169
demand_5 0 6 370.794028
demand_6 0 7 179.536054
demand_7 0 8 517.557446
demand_8 0 9 702.723462
demand_9 0 10 1365.880261
demand_10 0 11 343.359157
demand_11 0 12 301.426842
demand_12 0 13 506.469290
demand_13 0 14 714.590356
demand_14 0 15 731.655261
demand_15 0 16 54.523200
demand_16 1 0 449.833406
demand_17 1 2 31.585723
demand_18 1 3 315.517153
demand_19 1 4 20.832084
demand_20 1 5 648.242537
demand_21 1 6 237.661967
demand_22 1 7 115.074377
demand_23 1 8 331.730587
demand_24 1 9 450.413512
demand_25 1 10 875.466607
demand_26 1 11 220.077473
demand_27 1 12 193.200782
demand_28 1 13 324.623588
demand_29 1 14 458.019647
demand_30 1 15 468.957468
demand_31 1 16 34.946871
demand_32 2 0 4401.589498
demand_33 2 1 628.696404
demand_34 2 3 3087.314039
demand_35 2 4 203.840538
demand_36 2 5 6343.009454
demand_37 2 6 2325.506298
demand_38 2 7 1125.995008
demand_39 2 8 3245.961397
demand_40 2 9 4407.265797
demand_41 2 10 8566.381633
demand_42 2 11 2153.443211
demand_43 2 12 1890.456606
demand_44 2 13 3176.419888
demand_45 2 14 4481.691312
demand_46 2 15 4588.717160
demand_47 2 16 341.952769
demand_48 3 0 268.412973
demand_49 3 1 38.338485
demand_50 3 2 18.847017
demand_51 3 4 12.430383
demand_52 3 5 386.802546
demand_53 3 6 141.811511
demand_54 3 7 68.664210
demand_55 3 8 197.941709
demand_56 3 9 268.759119
demand_57 3 10 522.385825
demand_58 3 11 131.318946
demand_59 3 12 115.281781
demand_60 3 13 193.701004
demand_61 3 14 273.297655
demand_62 3 15 279.824190
demand_63 3 16 20.852594
demand_64 4 0 1517.988345
demand_65 4 1 216.820268
demand_66 4 2 106.587814
demand_67 4 3 1064.730532
demand_68 4 5 2187.531215
demand_69 4 6 802.003789
demand_70 4 7 388.325013
demand_71 4 8 1119.443685
demand_72 4 9 1519.945945
demand_73 4 10 2954.311727
demand_74 4 11 742.663916
demand_75 4 12 651.966999
demand_76 4 13 1095.460713
demand_77 4 14 1545.613279
demand_78 4 15 1582.523579
demand_79 4 16 117.930197
demand_80 5 0 582.775850
demand_81 5 1 83.240175
demand_82 5 2 40.920475
demand_83 5 3 408.764166
demand_84 5 4 26.988737
demand_85 5 6 307.899887
demand_86 5 7 149.083121
demand_87 5 8 429.769271
demand_88 5 9 583.527399
demand_89 5 10 1134.199438
demand_90 5 11 285.118523
demand_91 5 12 250.298774
demand_92 5 13 420.561890
demand_93 5 14 593.381428
demand_94 5 15 607.551782
demand_95 5 16 45.274966
demand_96 6 0 1892.353666
demand_97 6 1 270.292344
demand_98 6 2 132.874433
demand_99 6 3 1327.313700
demand_100 6 4 87.636157
demand_101 6 5 2727.018774
demand_102 6 7 484.093481
demand_103 6 8 1395.520176
demand_104 6 9 1894.794049
demand_105 6 10 3682.902210
demand_106 6 11 925.819220
demand_107 6 12 812.754686
demand_108 6 13 1365.622538
demand_109 6 14 1926.791444
demand_110 6 15 1972.804539
demand_111 6 16 147.014068
demand_112 7 0 1031.634385
demand_113 7 1 147.352412
demand_114 7 2 72.437746
demand_115 7 3 723.597537
demand_116 7 4 47.775675
demand_117 7 5 1486.659912
demand_118 7 6 545.046797
demand_119 7 8 760.780938
demand_120 7 9 1032.964782
demand_121 7 10 2007.768750
demand_122 7 11 504.719048
demand_123 7 12 443.080855
demand_124 7 13 744.481960
demand_125 7 14 1050.408463
demand_126 7 15 1075.492934
demand_127 7 16 80.146101
demand_128 8 0 50.963926
demand_129 8 1 7.279379
demand_130 8 2 3.578508
demand_131 8 3 35.746551
demand_132 8 4 2.360173
demand_133 8 5 73.442710
demand_134 8 6 26.925939
demand_135 8 7 13.037364
demand_136 8 9 51.029649
demand_137 8 10 99.186086
demand_138 8 11 24.933702
demand_139 8 12 21.888704
demand_140 8 13 36.778265
demand_141 8 14 51.891387
demand_142 8 15 53.130588
demand_143 8 16 3.959310
demand_144 9 0 340.591196
demand_145 9 1 48.647985
demand_146 9 2 23.915118
demand_147 9 3 238.893696
demand_148 9 4 15.773005
demand_149 9 5 490.816597
demand_150 9 6 179.945670
demand_151 9 7 87.128522
demand_152 9 8 251.169691
demand_153 9 10 662.859217
demand_154 9 11 166.631577
demand_155 9 12 146.281901
demand_156 9 13 245.788629
demand_157 9 14 346.789406
demand_158 9 15 355.070973
demand_159 9 16 26.460010
demand_160 10 0 2357.668004
demand_161 10 1 336.755028
demand_162 10 2 165.547172
demand_163 10 3 1653.689316
demand_164 10 4 109.185174
demand_165 10 5 3397.570456
demand_166 10 6 1245.634513
demand_167 10 7 603.128121
demand_168 10 8 1738.667209
demand_169 10 9 2360.708457
demand_170 10 11 1153.470618
demand_171 10 12 1012.604437
demand_172 10 13 1701.417986
demand_173 10 14 2400.573750
demand_174 10 15 2457.901090
demand_175 10 16 183.163628
demand_176 11 0 87.986980
demand_177 11 1 12.567528
demand_178 11 2 6.178137
demand_179 11 3 61.714851
demand_180 11 4 4.074736
demand_181 11 5 126.795615
demand_182 11 6 46.486451
demand_183 11 7 22.508437
demand_184 11 8 64.886183
demand_185 11 9 88.100448
demand_186 11 10 171.240423
demand_187 11 12 37.789887
demand_188 11 13 63.496061
demand_189 11 14 89.588201
demand_190 11 15 91.727628
demand_191 11 16 6.835574
demand_192 12 0 235.056944
demand_193 12 1 33.574111
demand_194 12 2 16.504874
demand_195 12 3 164.871032
demand_196 12 4 10.885643
demand_197 12 5 338.734091
demand_198 12 6 124.188411
demand_199 12 7 60.131220
demand_200 12 8 173.343236
demand_201 12 9 235.360074
demand_202 12 10 457.468260
demand_203 12 11 114.999770
demand_204 12 13 169.629529
demand_205 12 14 239.334600
demand_206 12 15 245.050074
demand_207 12 16 18.261215
demand_208 13 0 2630.260781
demand_209 13 1 375.690531
demand_210 13 2 184.687680
demand_211 13 3 1844.888316
demand_212 13 4 121.809127
demand_213 13 5 3790.396403
demand_214 13 6 1389.654355
demand_215 13 7 672.861590
demand_216 13 8 1939.691323
demand_217 13 9 2633.652771
demand_218 13 10 5119.018404
demand_219 13 11 1286.834500
demand_220 13 12 1129.681419
demand_221 13 14 2678.127276
demand_222 13 15 2742.082783
demand_223 13 16 204.340945
demand_224 14 0 32.583535
demand_225 14 1 4.654035
demand_226 14 2 2.287901
demand_227 14 3 22.854381
demand_228 14 4 1.508965
demand_229 14 5 46.955235
demand_230 14 6 17.214966
demand_231 14 7 8.335375
demand_232 14 8 24.028796
demand_233 14 9 32.625555
demand_234 14 10 63.414136
demand_235 14 11 15.941239
demand_236 14 12 13.994435
demand_237 14 13 23.514003
demand_238 14 15 33.968780
demand_239 14 16 2.531365
demand_240 15 0 1016.277763
demand_241 15 1 145.158965
demand_242 15 2 71.359458
demand_243 15 3 712.826266
demand_244 15 4 47.064499
demand_245 15 5 1464.529907
demand_246 15 6 536.933383
demand_247 15 7 259.979648
demand_248 15 8 749.456165
demand_249 15 9 1017.588357
demand_250 15 10 1977.881664
demand_251 15 11 497.205941
demand_252 15 12 436.485277
demand_253 15 13 733.399809
demand_254 15 14 1034.772375
demand_255 15 16 78.953068
demand_256 16 0 1080.757594
demand_257 16 1 154.368874
demand_258 16 2 75.887005
demand_259 16 3 758.052993
demand_260 16 4 50.050603
demand_261 16 5 1557.450017
demand_262 16 6 571.000225
demand_263 16 7 276.474591
demand_264 16 8 797.006952
demand_265 16 9 1082.151342
demand_266 16 10 2103.372432
demand_267 16 11 528.752194
demand_268 16 12 464.178982
demand_269 16 13 779.931867
demand_270 16 14 1100.425636
demand_271 16 15 1126.704551
