DEMANDS 272
label src dest bw
demand_0 0 1 330.163879
demand_1 0 2 71.185973
demand_2 0 3 490.086078
demand_3 0 4 19.672904
demand_4 0 5 1383.549600
demand_5 0 6 470.071171
demand_6 0 7 356.842354
demand_7 0 8 695.123840
demand_8 0 9 822.703434
demand_9 0 10 1430.645057
demand_10 0 11 426.548885
demand_11 0 12 367.908664
demand_12 0 13 555.376531
demand_13 0 14 879.188661
demand_14 0 15 1277.119143
demand_15 0 16 92.685835
demand_16 1 0 487.399303
demand_17 1 2 48.251523
demand_18 1 3 332.191841
demand_19 1 4 13.334756
demand_20 1 5 937.802376
demand_21 1 6 318.625268
demand_22 1 7 241.876119
demand_23 1 8 471.171246
demand_24 1 9 557.647688
demand_25 1 10 969.724782
demand_26 1 11 289.124841
demand_27 1 12 249.377123
demand_28 1 13 376.447242
demand_29 1 14 595.934700
demand_30 1 15 865.661316
demand_31 1 16 62.824633
demand_32 2 0 2330.375566
demand_33 2 1 1070.008354
demand_34 2 3 1588.290637
demand_35 2 4 63.756737
demand_36 2 5 4483.863088
demand_37 2 6 1523.425524
demand_38 2 7 1156.469028
demand_39 2 8 2252.785246
demand_40 2 9 2666.250318
demand_41 2 10 4636.491935
demand_42 2 11 1382.376751
demand_43 2 12 1192.333168
demand_44 2 13 1799.886559
demand_45 2 14 2849.309910
demand_46 2 15 4138.938992
demand_47 2 16 300.379975
demand_48 3 0 308.764151
demand_49 3 1 141.771234
demand_50 3 2 30.567012
demand_51 3 4 8.447477
demand_52 3 5 594.091441
demand_53 3 6 201.846945
demand_54 3 7 153.226880
demand_55 3 8 298.483787
demand_56 3 9 353.266026
demand_57 3 10 614.314069
demand_58 3 11 183.158625
demand_59 3 12 157.978715
demand_60 3 13 238.476773
demand_61 3 14 377.520588
demand_62 3 15 548.390569
demand_63 3 16 39.798979
demand_64 4 0 1170.048947
demand_65 4 1 537.236215
demand_66 4 2 115.832426
demand_67 4 3 797.458493
demand_68 4 5 2251.284884
demand_69 4 6 764.890628
demand_70 4 7 580.646909
demand_71 4 8 1131.091934
demand_72 4 9 1338.686958
demand_73 4 10 2327.917691
demand_74 4 11 694.072014
demand_75 4 12 598.653791
demand_76 4 13 903.697843
demand_77 4 14 1430.598616
demand_78 4 15 2078.103324
demand_79 4 16 150.816580
demand_80 5 0 697.585675
demand_81 5 1 320.301376
demand_82 5 2 69.059539
demand_83 5 3 475.446453
demand_84 5 4 19.085244
demand_85 5 6 456.029422
demand_86 5 7 346.182924
demand_87 5 8 674.359421
demand_88 5 9 798.128016
demand_89 5 10 1387.909487
demand_90 5 11 413.807213
demand_91 5 12 356.918666
demand_92 5 13 538.786579
demand_93 5 14 852.925943
demand_94 5 15 1238.969629
demand_95 5 16 89.917166
demand_96 6 0 1790.245111
demand_97 6 1 822.003651
demand_98 6 2 177.230563
demand_99 6 3 1220.159355
demand_100 6 4 48.979310
demand_101 6 5 3444.600986
demand_102 6 7 888.424619
demand_103 6 8 1730.638543
demand_104 6 9 2048.271389
demand_105 6 10 3561.853780
demand_106 6 11 1061.971837
demand_107 6 12 915.976230
demand_108 6 13 1382.711937
demand_109 6 14 2188.901742
demand_110 6 15 3179.622806
demand_111 6 16 230.758419
demand_112 7 0 802.878143
demand_113 7 1 368.647154
demand_114 7 2 79.483275
demand_115 7 3 547.209581
demand_116 7 4 21.965940
demand_117 7 5 1544.813516
demand_118 7 6 524.861775
demand_119 7 8 776.146155
demand_120 7 9 918.596185
demand_121 7 10 1597.398329
demand_122 7 11 476.266614
demand_123 7 12 410.791400
demand_124 7 13 620.110166
demand_125 7 14 981.665223
demand_126 7 15 1425.977727
demand_127 7 16 103.489120
demand_128 8 0 85.188377
demand_129 8 1 39.114843
demand_130 8 2 8.433473
demand_131 8 3 58.060985
demand_132 8 4 2.330669
demand_133 8 5 163.910498
demand_134 8 6 55.689800
demand_135 8 7 42.275469
demand_136 8 9 97.466495
demand_137 8 10 169.489944
demand_138 8 11 50.533671
demand_139 8 12 43.586506
demand_140 8 13 65.796010
demand_141 8 14 104.158356
demand_142 8 15 151.301576
demand_143 8 16 10.980583
demand_144 9 0 453.434663
demand_145 9 1 208.197719
demand_146 9 2 44.889094
demand_147 9 3 309.042903
demand_148 9 4 12.405517
demand_149 9 5 872.451195
demand_150 9 6 296.421722
demand_151 9 7 225.020873
demand_152 9 8 438.337465
demand_153 9 10 902.149073
demand_154 9 11 268.977046
demand_155 9 12 231.999166
demand_156 9 13 350.214346
demand_157 9 14 554.406722
demand_158 9 15 805.337317
demand_159 9 16 58.446670
demand_160 10 0 1924.097011
demand_161 10 1 883.462694
demand_162 10 2 190.481624
demand_163 10 3 1311.387448
demand_164 10 4 52.641363
demand_165 10 5 3702.144705
demand_166 10 6 1257.830943
demand_167 10 7 954.849781
demand_168 10 8 1860.033816
demand_169 10 9 2201.415231
demand_170 10 11 1141.372666
demand_171 10 12 984.461354
demand_172 10 13 1486.093657
demand_173 10 14 2352.560145
demand_174 10 15 3417.354806
demand_175 10 16 248.011617
demand_176 11 0 129.028941
demand_177 11 1 59.244547
demand_178 11 2 12.773598
demand_179 11 3 87.940958
demand_180 11 4 3.530102
demand_181 11 5 248.263891
demand_182 11 6 84.349486
demand_183 11 7 64.031728
demand_184 11 8 124.732897
demand_185 11 9 147.625756
demand_186 11 10 256.714692
demand_187 11 12 66.017464
demand_188 11 13 99.656665
demand_189 11 14 157.761455
demand_190 11 15 229.166029
demand_191 11 16 16.631530
demand_192 12 0 202.883934
demand_193 12 1 93.155587
demand_194 12 2 20.085090
demand_195 12 3 138.277563
demand_196 12 4 5.550701
demand_197 12 5 390.367886
demand_198 12 6 132.630366
demand_199 12 7 100.682907
demand_200 12 8 196.128873
demand_201 12 9 232.125397
demand_202 12 10 403.655848
demand_203 12 11 120.350573
demand_204 12 13 156.699234
demand_205 12 14 248.062678
demand_206 12 15 360.338582
demand_207 12 16 26.151266
demand_208 13 0 2195.940498
demand_209 13 1 1008.281546
demand_210 13 2 217.393567
demand_211 13 3 1496.665080
demand_212 13 4 60.078728
demand_213 13 5 4225.197297
demand_214 13 6 1435.541916
demand_215 13 7 1089.754463
demand_216 13 8 2122.826221
demand_217 13 9 2512.439255
demand_218 13 10 4369.021267
demand_219 13 11 1302.629986
demand_220 13 12 1123.549667
demand_221 13 14 2684.938477
demand_222 13 15 3900.171236
demand_223 13 16 283.051608
demand_224 14 0 71.096880
demand_225 14 1 32.644633
demand_226 14 2 7.038444
demand_227 14 3 48.456785
demand_228 14 4 1.945139
demand_229 14 5 136.797124
demand_230 14 6 46.477831
demand_231 14 7 35.282442
demand_232 14 8 68.729695
demand_233 14 9 81.344004
demand_234 14 10 141.453642
demand_235 14 11 42.174607
demand_236 14 12 36.376612
demand_237 14 13 54.912316
demand_238 14 15 126.273916
demand_239 14 16 9.164222
demand_240 15 0 758.607917
demand_241 15 1 348.320168
demand_242 15 2 75.100615
demand_243 15 3 517.036768
demand_244 15 4 20.754751
demand_245 15 5 1459.633412
demand_246 15 6 495.921207
demand_247 15 7 376.465739
demand_248 15 8 733.349915
demand_249 15 9 867.945334
demand_250 15 10 1509.318730
demand_251 15 11 450.005554
demand_252 15 12 388.140605
demand_253 15 13 585.917658
demand_254 15 14 927.536783
demand_255 15 16 97.782791
demand_256 16 0 935.888083
demand_257 16 1 429.719605
demand_258 16 2 92.650984
demand_259 16 3 637.863828
demand_260 16 4 25.604959
demand_261 16 5 1800.737226
demand_262 16 6 611.813741
demand_263 16 7 464.442555
demand_264 16 8 904.727503
demand_265 16 9 1070.776718
demand_266 16 10 1862.033577
demand_267 16 11 555.167994
demand_268 16 12 478.845736
demand_269 16 13 722.841591
demand_270 16 14 1144.294177
demand_271 16 15 1662.214338
