DEMANDS 272
label src dest bw
demand_0 0 1 70.901105
demand_1 0 2 12.844010
demand_2 0 3 444.247297
demand_3 0 4 12.121993
demand_4 0 5 1571.246035
demand_5 0 6 222.875566
demand_6 0 7 71.553724
demand_7 0 8 584.444678
demand_8 0 9 761.801798
demand_9 0 10 2953.604232
demand_10 0 11 216.149820
demand_11 0 12 156.165294
demand_12 0 13 560.595693
demand_13 0 14 773.162056
demand_14 0 15 778.561940
demand_15 0 16 33.654645
demand_16 1 0 644.191630
demand_17 1 2 11.557838
demand_18 1 3 399.761323
demand_19 1 4 10.908123
demand_20 1 5 1413.904818
demand_21 1 6 200.557284
demand_22 1 7 64.388487
demand_23 1 8 525.919638
demand_24 1 9 685.516596
demand_25 1 10 2657.836623
demand_26 1 11 194.505040
demand_27 1 12 140.527236
demand_28 1 13 504.458839
demand_29 1 14 695.739261
demand_30 1 15 700.598413
demand_31 1 16 30.284540
demand_32 2 0 2168.725339
demand_33 2 1 214.792177
demand_34 2 3 1345.830139
demand_35 2 4 36.723114
demand_36 2 5 4760.029564
demand_37 2 6 675.192974
demand_38 2 7 216.769262
demand_39 2 8 1770.552722
demand_40 2 9 2307.849312
demand_41 2 10 8947.830671
demand_42 2 11 654.817586
demand_43 2 12 473.096766
demand_44 2 13 1698.303138
demand_45 2 14 2342.264776
demand_46 2 15 2358.623517
demand_47 2 16 101.955454
demand_48 3 0 418.903507
demand_49 3 1 41.488516
demand_50 3 2 7.515805
demand_51 3 4 7.093310
demand_52 3 5 919.430895
demand_53 3 6 130.417946
demand_54 3 7 41.870403
demand_55 3 8 341.993858
demand_56 3 9 445.776214
demand_57 3 10 1728.332114
demand_58 3 11 126.482307
demand_59 3 12 91.381740
demand_60 3 13 328.038377
demand_61 3 14 452.423786
demand_62 3 15 455.583584
demand_63 3 16 19.693364
demand_64 4 0 1450.001001
demand_65 4 1 143.609182
demand_66 4 2 26.015359
demand_67 4 3 899.816595
demand_68 4 5 3182.536539
demand_69 4 6 451.431295
demand_70 4 7 144.931053
demand_71 4 8 1183.784398
demand_72 4 9 1543.018728
demand_73 4 10 5982.483444
demand_74 4 11 437.808393
demand_75 4 12 316.310587
demand_76 4 13 1135.478618
demand_77 4 14 1566.028768
demand_78 4 15 1576.966157
demand_79 4 16 68.167005
demand_80 5 0 644.445219
demand_81 5 1 63.826336
demand_82 5 2 11.562388
demand_83 5 3 399.918691
demand_84 5 4 10.912417
demand_85 5 6 200.636234
demand_86 5 7 64.413834
demand_87 5 8 526.126669
demand_88 5 9 685.786452
demand_89 5 10 2658.882892
demand_90 5 11 194.581608
demand_91 5 12 140.582555
demand_92 5 13 504.657422
demand_93 5 14 696.013142
demand_94 5 15 700.874206
demand_95 5 16 30.296462
demand_96 6 0 1661.886290
demand_97 6 1 164.594459
demand_98 6 2 29.816924
demand_99 6 3 1031.304710
demand_100 6 4 28.140788
demand_101 6 5 3647.593234
demand_102 6 7 166.109492
demand_103 6 8 1356.768071
demand_104 6 9 1768.496481
demand_105 6 10 6856.689896
demand_106 6 11 501.784319
demand_107 6 12 362.532321
demand_108 6 13 1301.403479
demand_109 6 14 1794.868926
demand_110 6 15 1807.404569
demand_111 6 16 78.128091
demand_112 7 0 925.132600
demand_113 7 1 91.625823
demand_114 7 2 16.598373
demand_115 7 3 574.102821
demand_116 7 4 15.665308
demand_117 7 5 2030.528461
demand_118 7 6 288.023117
demand_119 7 8 755.280539
demand_120 7 9 984.479959
demand_121 7 10 3816.956303
demand_122 7 11 279.331405
demand_123 7 12 201.813127
demand_124 7 13 724.460386
demand_125 7 14 999.160873
demand_126 7 15 1006.139167
demand_127 7 16 43.492052
demand_128 8 0 167.871664
demand_129 8 1 16.626135
demand_130 8 2 3.011889
demand_131 8 3 104.174900
demand_132 8 4 2.842578
demand_133 8 5 368.453336
demand_134 8 6 52.263773
demand_135 8 7 16.779173
demand_136 8 9 178.640651
demand_137 8 10 692.612938
demand_138 8 11 50.686602
demand_139 8 12 36.620378
demand_140 8 13 131.458313
demand_141 8 14 181.304603
demand_142 8 15 182.570863
demand_143 8 16 7.891931
demand_144 9 0 456.860776
demand_145 9 1 45.247832
demand_146 9 2 8.196820
demand_147 9 3 283.510775
demand_148 9 4 7.736042
demand_149 9 5 1002.741454
demand_150 9 6 142.235248
demand_151 9 7 45.664322
demand_152 9 8 372.982265
demand_153 9 10 1884.938027
demand_154 9 11 137.942996
demand_155 9 12 99.661931
demand_156 9 13 357.762265
demand_157 9 14 493.418361
demand_158 9 15 496.864472
demand_159 9 16 21.477799
demand_160 10 0 1671.392562
demand_161 10 1 165.535967
demand_162 10 2 29.987481
demand_163 10 3 1037.203948
demand_164 10 4 28.301758
demand_165 10 5 3668.458087
demand_166 10 6 520.357509
demand_167 10 7 167.059666
demand_168 10 8 1364.529015
demand_169 10 9 1778.612581
demand_170 10 11 504.654611
demand_171 10 12 364.606067
demand_172 10 13 1308.847728
demand_173 10 14 1805.135881
demand_174 10 15 1817.743230
demand_175 10 16 78.574997
demand_176 11 0 191.230748
demand_177 11 1 18.939636
demand_178 11 2 3.430988
demand_179 11 3 118.670677
demand_180 11 4 3.238118
demand_181 11 5 419.723050
demand_182 11 6 59.536196
demand_183 11 7 19.113969
demand_184 11 8 156.121255
demand_185 11 9 203.498222
demand_186 11 10 788.988962
demand_187 11 12 41.716047
demand_188 11 13 149.750535
demand_189 11 14 206.532859
demand_190 11 15 207.975317
demand_191 11 16 8.990082
demand_192 12 0 371.944907
demand_193 12 1 36.837701
demand_194 12 2 6.673292
demand_195 12 3 230.815151
demand_196 12 4 6.298158
demand_197 12 5 816.363752
demand_198 12 6 115.798245
demand_199 12 7 37.176779
demand_200 12 8 303.656741
demand_201 12 9 395.805215
demand_202 12 10 1534.588079
demand_203 12 11 112.303786
demand_204 12 13 291.265654
demand_205 12 14 401.707602
demand_206 12 15 404.513190
demand_207 12 16 17.485761
demand_208 13 0 1876.690439
demand_209 13 1 185.868822
demand_210 13 2 33.670857
demand_211 13 3 1164.604161
demand_212 13 4 31.778075
demand_213 13 5 4119.056393
demand_214 13 6 584.273249
demand_215 13 7 187.579678
demand_216 13 8 1532.134709
demand_217 13 9 1997.080340
demand_218 13 10 7742.939122
demand_219 13 11 566.641557
demand_220 13 12 409.390789
demand_221 13 14 2026.861509
demand_222 13 15 2041.017424
demand_223 13 16 88.226398
demand_224 14 0 66.089494
demand_225 14 1 6.545553
demand_226 14 2 1.185752
demand_227 14 3 41.012677
demand_228 14 4 1.119096
demand_229 14 5 145.056610
demand_230 14 6 20.575755
demand_231 14 7 6.605802
demand_232 14 8 53.955626
demand_233 14 9 70.329142
demand_234 14 10 272.675193
demand_235 14 11 19.954838
demand_236 14 12 14.417098
demand_237 14 13 51.753900
demand_238 14 15 71.876430
demand_239 14 16 3.106979
demand_240 15 0 871.780831
demand_241 15 1 86.341824
demand_242 15 2 15.641156
demand_243 15 3 540.994701
demand_244 15 4 14.761900
demand_245 15 5 1913.429264
demand_246 15 6 271.413019
demand_247 15 7 87.136570
demand_248 15 8 711.724023
demand_249 15 9 927.705669
demand_250 15 10 3596.835026
demand_251 15 11 263.222552
demand_252 15 12 190.174701
demand_253 15 13 682.681248
demand_254 15 14 941.539944
demand_255 15 16 40.983894
demand_256 16 0 1368.814992
demand_257 16 1 135.568459
demand_258 16 2 24.558751
demand_259 16 3 849.435582
demand_260 16 4 23.178200
demand_261 16 5 3004.345324
demand_262 16 6 426.155516
demand_263 16 7 136.816318
demand_264 16 8 1117.503940
demand_265 16 9 1456.624627
demand_266 16 10 5647.522327
demand_267 16 11 413.295364
demand_268 16 12 298.600258
demand_269 16 13 1071.902815
demand_270 16 14 1478.346328
demand_271 16 15 1488.671329
