DEMANDS 272
label src dest bw
demand_0 0 1 171.914555
demand_1 0 2 88.987867
demand_2 0 3 363.062242
demand_3 0 4 63.415355
demand_4 0 5 1507.104142
demand_5 0 6 340.489523
demand_6 0 7 189.566731
demand_7 0 8 379.616549
demand_8 0 9 855.494257
demand_9 0 10 1511.429570
demand_10 0 11 288.079853
demand_11 0 12 282.662117
demand_12 0 13 376.945774
demand_13 0 14 946.936712
demand_14 0 15 976.342141
demand_15 0 16 149.293371
demand_16 1 0 637.441400
demand_17 1 2 84.729810
demand_18 1 3 345.689761
demand_19 1 4 60.380938
demand_20 1 5 1434.989407
demand_21 1 6 324.197144
demand_22 1 7 180.495988
demand_23 1 8 361.451947
demand_24 1 9 814.558969
demand_25 1 10 1439.107864
demand_26 1 11 274.295270
demand_27 1 12 269.136772
demand_28 1 13 358.908968
demand_29 1 14 901.625915
demand_30 1 15 929.624298
demand_31 1 16 142.149703
demand_32 2 0 3187.412793
demand_33 2 1 818.495175
demand_34 2 3 1728.560410
demand_35 2 4 301.924186
demand_36 2 5 7175.410311
demand_37 2 6 1621.090386
demand_38 2 7 902.538210
demand_39 2 8 1807.376428
demand_40 2 9 4073.057821
demand_41 2 10 7196.003924
demand_42 2 11 1371.564903
demand_43 2 12 1345.770748
demand_44 2 13 1794.660711
demand_45 2 14 4508.420658
demand_46 2 15 4648.421614
demand_47 2 16 710.794406
demand_48 3 0 482.709522
demand_49 3 1 123.954894
demand_50 3 2 64.162582
demand_51 3 4 45.724131
demand_52 3 5 1086.661536
demand_53 3 6 245.501859
demand_54 3 7 136.682575
demand_55 3 8 273.713469
demand_56 3 9 616.833753
demand_57 3 10 1089.780283
demand_58 3 11 207.713115
demand_59 3 12 203.806785
demand_60 3 13 271.787770
demand_61 3 14 682.766156
demand_62 3 15 703.968241
demand_63 3 16 107.644428
demand_64 4 0 1233.753668
demand_65 4 1 316.815389
demand_66 4 2 163.992664
demand_67 4 3 669.074853
demand_68 4 5 2777.390118
demand_69 4 6 627.476370
demand_70 4 7 349.345974
demand_71 4 8 699.582214
demand_72 4 9 1576.560789
demand_73 4 10 2785.361300
demand_74 4 11 530.892401
demand_75 4 12 520.908243
demand_76 4 13 694.660334
demand_77 4 14 1745.076928
demand_78 4 15 1799.267177
demand_79 4 16 275.127592
demand_80 5 0 662.168928
demand_81 5 1 170.038243
demand_82 5 2 88.016635
demand_83 5 3 359.099705
demand_84 5 4 62.723226
demand_85 5 6 336.773349
demand_86 5 7 187.497760
demand_87 5 8 375.473335
demand_88 5 9 846.157214
demand_89 5 10 1494.933512
demand_90 5 11 284.935689
demand_91 5 12 279.577084
demand_92 5 13 372.831709
demand_93 5 14 936.601647
demand_94 5 15 965.686140
demand_95 5 16 147.663952
demand_96 6 0 1395.832222
demand_97 6 1 358.435513
demand_98 6 2 185.536425
demand_99 6 3 756.971398
demand_100 6 4 132.218678
demand_101 6 5 3142.256609
demand_102 6 7 395.239650
demand_103 6 8 791.486519
demand_104 6 9 1783.674007
demand_105 6 10 3151.274967
demand_106 6 11 600.635879
demand_107 6 12 589.340100
demand_108 6 13 785.918050
demand_109 6 14 1974.328156
demand_110 6 15 2035.637393
demand_111 6 16 311.271178
demand_112 7 0 894.675326
demand_113 7 1 229.743521
demand_114 7 2 118.921787
demand_115 7 3 485.189854
demand_116 7 4 84.747140
demand_117 7 5 2014.066885
demand_118 7 6 455.024078
demand_119 7 8 507.312733
demand_120 7 9 1143.267148
demand_121 7 10 2019.847309
demand_122 7 11 384.984737
demand_123 7 12 377.744572
demand_124 7 13 503.743556
demand_125 7 14 1265.469201
demand_126 7 15 1304.766088
demand_127 7 16 199.512977
demand_128 8 0 134.604548
demand_129 8 1 34.565079
demand_130 8 2 17.891869
demand_131 8 3 72.997164
demand_132 8 4 12.750268
demand_133 8 5 303.017817
demand_134 8 6 68.458701
demand_135 8 7 38.114219
demand_136 8 9 172.005367
demand_137 8 10 303.887485
demand_138 8 11 57.921232
demand_139 8 12 56.831944
demand_140 8 13 75.788582
demand_141 8 14 190.390755
demand_142 8 15 196.303000
demand_143 8 16 30.016871
demand_144 9 0 630.736555
demand_145 9 1 161.966730
demand_146 9 2 83.838590
demand_147 9 3 342.053668
demand_148 9 4 59.745829
demand_149 9 5 1419.895655
demand_150 9 6 320.787118
demand_151 9 7 178.597464
demand_152 9 8 357.650061
demand_153 9 10 1423.970793
demand_154 9 11 271.410130
demand_155 9 12 266.305891
demand_156 9 13 355.133830
demand_157 9 14 892.142279
demand_158 9 15 919.846165
demand_159 9 16 140.654519
demand_160 10 0 1651.353526
demand_161 10 1 424.050784
demand_162 10 2 219.500757
demand_163 10 3 895.542722
demand_164 10 4 156.422654
demand_165 10 5 3717.478686
demand_166 10 6 839.864021
demand_167 10 7 467.592293
demand_168 10 8 936.376187
demand_169 10 9 2110.193700
demand_170 10 11 710.588394
demand_171 10 12 697.224807
demand_172 10 13 929.788354
demand_173 10 14 2335.749034
demand_174 10 15 2408.281551
demand_175 10 16 368.252537
demand_176 11 0 282.995352
demand_177 11 1 72.670327
demand_178 11 2 37.616230
demand_179 11 3 153.470728
demand_180 11 4 26.806425
demand_181 11 5 637.070847
demand_182 11 6 143.928971
demand_183 11 7 80.132112
demand_184 11 8 160.468431
demand_185 11 9 361.627598
demand_186 11 10 638.899257
demand_187 11 12 119.484639
demand_188 11 13 159.339462
demand_189 11 14 400.281412
demand_190 11 15 412.711436
demand_191 11 16 63.108084
demand_192 12 0 416.828823
demand_193 12 1 107.037401
demand_194 12 2 55.405606
demand_195 12 3 226.049730
demand_196 12 4 39.483654
demand_197 12 5 938.352836
demand_198 12 6 211.995509
demand_199 12 7 118.027995
demand_200 12 8 236.356769
demand_201 12 9 532.647639
demand_202 12 10 941.045933
demand_203 12 11 179.364212
demand_204 12 13 234.693891
demand_205 12 14 589.581519
demand_206 12 15 607.889921
demand_207 12 16 92.953005
demand_208 13 0 1697.661157
demand_209 13 1 435.942112
demand_210 13 2 225.656048
demand_211 13 3 920.655734
demand_212 13 4 160.809094
demand_213 13 5 3821.725067
demand_214 13 6 863.415679
demand_215 13 7 480.704622
demand_216 13 8 962.634261
demand_217 13 9 2169.368231
demand_218 13 10 3832.693517
demand_219 13 11 730.514875
demand_220 13 12 716.776544
demand_221 13 14 2401.248639
demand_222 13 15 2475.815129
demand_223 13 16 378.579159
demand_224 14 0 43.658870
demand_225 14 1 11.211154
demand_226 14 2 5.803212
demand_227 14 3 23.676568
demand_228 14 4 4.135539
demand_229 14 5 98.283570
demand_230 14 6 22.204521
demand_231 14 7 12.362314
demand_232 14 8 24.756132
demand_233 14 9 55.789794
demand_234 14 10 98.565647
demand_235 14 11 18.786702
demand_236 14 12 18.433392
demand_237 14 13 24.581962
demand_238 14 15 63.670710
demand_239 14 16 9.735947
demand_240 15 0 699.988653
demand_241 15 1 179.749964
demand_242 15 2 93.043698
demand_243 15 3 379.609655
demand_244 15 4 66.305658
demand_245 15 5 1575.793950
demand_246 15 6 356.008132
demand_247 15 7 198.206679
demand_248 15 8 396.918464
demand_249 15 9 894.485415
demand_250 15 10 1580.316520
demand_251 15 11 301.209768
demand_252 15 12 295.545106
demand_253 15 13 394.125962
demand_254 15 14 990.095575
demand_255 15 16 156.097767
demand_256 16 0 1180.988289
demand_257 16 1 303.265777
demand_258 16 2 156.978999
demand_259 16 3 640.459750
demand_260 16 4 111.867822
demand_261 16 5 2658.606242
demand_262 16 6 600.640358
demand_263 16 7 334.405088
demand_264 16 8 669.662367
demand_265 16 9 1509.134179
demand_266 16 10 2666.236511
demand_267 16 11 508.187108
demand_268 16 12 498.629954
demand_269 16 13 664.950987
demand_270 16 14 1670.443192
demand_271 16 15 1722.315824
