DEMANDS 272
label src dest bw
demand_0 0 1 81.410040
demand_1 0 2 48.710011
demand_2 0 3 182.105999
demand_3 0 4 46.140662
demand_4 0 5 1637.279399
demand_5 0 6 165.825394
demand_6 0 7 82.444448
demand_7 0 8 261.031525
demand_8 0 9 309.691217
demand_9 0 10 2535.111953
demand_10 0 11 98.819822
demand_11 0 12 93.419177
demand_12 0 13 192.744985
demand_13 0 14 521.342904
demand_14 0 15 681.349924
demand_15 0 16 57.773191
demand_16 1 0 214.584853
demand_17 1 2 39.157875
demand_18 1 3 146.394625
demand_19 1 4 37.092380
demand_20 1 5 1316.205426
demand_21 1 6 133.306682
demand_22 1 7 66.276916
demand_23 1 8 209.842688
demand_24 1 9 248.960111
demand_25 1 10 2037.971107
demand_26 1 11 79.441045
demand_27 1 12 75.099477
demand_28 1 13 154.947284
demand_29 1 14 419.106451
demand_30 1 15 547.735755
demand_31 1 16 46.443745
demand_32 2 0 1589.170993
demand_33 2 1 484.674773
demand_34 2 3 1084.168282
demand_35 2 4 274.698486
demand_36 2 5 9747.544860
demand_37 2 6 987.241684
demand_38 2 7 490.833120
demand_39 2 8 1554.051496
demand_40 2 9 1843.747033
demand_41 2 10 15092.792050
demand_42 2 11 588.323930
demand_43 2 12 556.171181
demand_44 2 13 1147.507502
demand_45 2 14 3103.815601
demand_46 2 15 4056.417588
demand_47 2 16 343.952763
demand_48 3 0 187.758319
demand_49 3 1 57.263643
demand_50 3 2 34.262515
demand_51 3 4 32.455240
demand_52 3 5 1151.658725
demand_53 3 6 116.641217
demand_54 3 7 57.991243
demand_55 3 8 183.609000
demand_56 3 9 217.836120
demand_57 3 10 1783.192167
demand_58 3 11 69.509645
demand_59 3 12 65.710843
demand_60 3 13 135.576398
demand_61 3 14 366.711451
demand_62 3 15 479.260037
demand_63 3 16 40.637535
demand_64 4 0 447.977442
demand_65 4 1 136.626811
demand_66 4 2 81.747822
demand_67 4 3 305.620311
demand_68 4 5 2747.772410
demand_69 4 6 278.297304
demand_70 4 7 138.362811
demand_71 4 8 438.077473
demand_72 4 9 519.740848
demand_73 4 10 4254.564424
demand_74 4 11 165.844865
demand_75 4 12 156.781205
demand_76 4 13 323.475244
demand_77 4 14 874.946358
demand_78 4 15 1143.478947
demand_79 4 16 96.958149
demand_80 5 0 255.771225
demand_81 5 1 78.006622
demand_82 5 2 46.673646
demand_83 5 3 174.492897
demand_84 5 4 44.211711
demand_85 5 6 158.892917
demand_86 5 7 78.997785
demand_87 5 8 250.118871
demand_88 5 9 296.744302
demand_89 5 10 2429.129359
demand_90 5 11 94.688572
demand_91 5 12 89.513706
demand_92 5 13 184.687111
demand_93 5 14 499.547703
demand_94 5 15 652.865488
demand_95 5 16 55.357932
demand_96 6 0 943.151110
demand_97 6 1 287.647806
demand_98 6 2 172.108107
demand_99 6 3 643.438952
demand_100 6 4 163.029770
demand_101 6 5 5785.033705
demand_102 6 7 291.302701
demand_103 6 8 922.308172
demand_104 6 9 1094.238486
demand_105 6 10 8957.364338
demand_106 6 11 349.162155
demand_107 6 12 330.079940
demand_108 6 13 681.029908
demand_109 6 14 1842.071837
demand_110 6 15 2407.428004
demand_111 6 16 204.131230
demand_112 7 0 325.672357
demand_113 7 1 99.325483
demand_114 7 2 59.429345
demand_115 7 3 222.181025
demand_116 7 4 56.294574
demand_117 7 5 1997.586115
demand_118 7 6 202.317641
demand_119 7 8 318.475240
demand_120 7 9 377.843193
demand_121 7 10 3092.999547
demand_122 7 11 120.566536
demand_123 7 12 113.977401
demand_124 7 13 235.161272
demand_125 7 14 636.071856
demand_126 7 15 831.290706
demand_127 7 16 70.487007
demand_128 8 0 75.406796
demand_129 8 1 22.998011
demand_130 8 2 13.760383
demand_131 8 3 51.444217
demand_132 8 4 13.034553
demand_133 8 5 462.524884
demand_134 8 6 46.845011
demand_135 8 7 23.290227
demand_136 8 9 87.486531
demand_137 8 10 716.158992
demand_138 8 11 27.916205
demand_139 8 12 26.390544
demand_140 8 13 54.449688
demand_141 8 14 147.277286
demand_142 8 15 192.478630
demand_143 8 16 16.320696
demand_144 9 0 207.927997
demand_145 9 1 63.415111
demand_146 9 2 37.943118
demand_147 9 3 141.853168
demand_148 9 4 35.941699
demand_149 9 5 1275.374073
demand_150 9 6 129.171239
demand_151 9 7 64.220873
demand_152 9 8 203.332943
demand_153 9 10 1974.749124
demand_154 9 11 76.976623
demand_155 9 12 72.769740
demand_156 9 13 150.140506
demand_157 9 14 406.104922
demand_158 9 15 530.743884
demand_159 9 16 45.002967
demand_160 10 0 1242.393701
demand_161 10 1 378.912582
demand_162 10 2 226.714495
demand_163 10 3 847.588994
demand_164 10 4 214.755788
demand_165 10 5 7620.506783
demand_166 10 6 771.813011
demand_167 10 7 383.727100
demand_168 10 8 1214.937724
demand_169 10 9 1441.418016
demand_170 10 11 459.944177
demand_171 10 12 434.807566
demand_172 10 13 897.106792
demand_173 10 14 2426.523620
demand_174 10 15 3171.255756
demand_175 10 16 268.897902
demand_176 11 0 82.469357
demand_177 11 1 25.151993
demand_178 11 2 15.049174
demand_179 11 3 56.262455
demand_180 11 4 14.255362
demand_181 11 5 505.844721
demand_182 11 6 51.232490
demand_183 11 7 25.471577
demand_184 11 8 80.646846
demand_185 11 9 95.680473
demand_186 11 10 783.234065
demand_187 11 12 28.862268
demand_188 11 13 59.549417
demand_189 11 14 161.071199
demand_190 11 15 210.506077
demand_191 11 16 17.849283
demand_192 12 0 177.607125
demand_193 12 1 54.167672
demand_194 12 2 32.410104
demand_195 12 3 121.167585
demand_196 12 4 30.700540
demand_197 12 5 1089.394047
demand_198 12 6 110.334985
demand_199 12 7 54.855934
demand_200 12 8 173.682140
demand_201 12 9 206.058764
demand_202 12 10 1686.783497
demand_203 12 11 65.751591
demand_204 12 13 128.246431
demand_205 12 14 346.885117
demand_206 12 15 453.348739
demand_207 12 16 38.440458
demand_208 13 0 1281.543030
demand_209 13 1 390.852576
demand_210 13 2 233.858543
demand_211 13 3 874.297549
demand_212 13 4 221.523003
demand_213 13 5 7860.638174
demand_214 13 6 796.133773
demand_215 13 7 395.818806
demand_216 13 8 1253.221882
demand_217 13 9 1486.838842
demand_218 13 10 12171.165052
demand_219 13 11 474.437575
demand_220 13 12 448.508879
demand_221 13 14 2502.986316
demand_222 13 15 3271.185863
demand_223 13 16 277.371200
demand_224 14 0 28.767876
demand_225 14 1 8.773797
demand_226 14 2 5.249620
demand_227 14 3 19.626093
demand_228 14 4 4.972713
demand_229 14 5 176.454365
demand_230 14 6 17.871485
demand_231 14 7 8.885278
demand_232 14 8 28.132127
demand_233 14 9 33.376324
demand_234 14 10 273.216392
demand_235 14 11 10.650100
demand_236 14 12 10.068057
demand_237 14 13 20.772688
demand_238 14 15 73.431064
demand_239 14 16 6.226385
demand_240 15 0 302.428299
demand_241 15 1 92.236372
demand_242 15 2 55.187723
demand_243 15 3 206.323405
demand_244 15 4 52.276688
demand_245 15 5 1855.013356
demand_246 15 6 187.877720
demand_247 15 7 93.408341
demand_248 15 8 295.744859
demand_249 15 9 350.875571
demand_250 15 10 2872.244368
demand_251 15 11 111.961398
demand_252 15 12 105.842546
demand_253 15 13 218.377219
demand_254 15 14 590.673803
demand_255 15 16 65.456172
demand_256 16 0 368.652436
demand_257 16 1 112.433801
demand_258 16 2 67.272436
demand_259 16 3 251.503003
demand_260 16 4 63.723958
demand_261 16 5 2261.214287
demand_262 16 6 229.018182
demand_263 16 7 113.862401
demand_264 16 8 360.505491
demand_265 16 9 427.708432
demand_266 16 10 3501.193121
demand_267 16 11 136.478108
demand_268 16 12 129.019383
demand_269 16 13 266.196298
demand_270 16 14 720.016402
demand_271 16 15 940.998942
