DEMANDS 272
label src dest bw
demand_0 0 1 86.923897
demand_1 0 2 46.674789
demand_2 0 3 484.094369
demand_3 0 4 8.482513
demand_4 0 5 1437.959661
demand_5 0 6 268.818388
demand_6 0 7 154.824585
demand_7 0 8 742.196443
demand_8 0 9 1139.889125
demand_9 0 10 1668.920392
demand_10 0 11 265.833475
demand_11 0 12 186.678573
demand_12 0 13 700.469219
demand_13 0 14 1277.883536
demand_14 0 15 1353.299176
demand_15 0 16 82.773728
demand_16 1 0 745.020494
demand_17 1 2 41.061318
demand_18 1 3 425.873437
demand_19 1 4 7.462341
demand_20 1 5 1265.019513
demand_21 1 6 236.488210
demand_22 1 7 136.204184
demand_23 1 8 652.934160
demand_24 1 9 1002.797245
demand_25 1 10 1468.203121
demand_26 1 11 233.862286
demand_27 1 12 164.227164
demand_28 1 13 616.225375
demand_29 1 14 1124.195380
demand_30 1 15 1190.540953
demand_31 1 16 72.818719
demand_32 2 0 4138.987926
demand_33 2 1 424.830462
demand_34 2 3 2365.955069
demand_35 2 4 41.457300
demand_36 2 5 7027.861026
demand_37 2 6 1313.818685
demand_38 2 7 756.687200
demand_39 2 8 3627.399014
demand_40 2 9 5571.075860
demand_41 2 10 8156.654803
demand_42 2 11 1299.230271
demand_43 2 12 912.369869
demand_44 2 13 3423.462048
demand_45 2 14 6245.507532
demand_46 2 15 6614.092728
demand_47 2 16 404.546992
demand_48 3 0 608.746788
demand_49 3 1 62.482468
demand_50 3 2 33.550682
demand_51 3 4 6.097384
demand_52 3 5 1033.631386
demand_53 3 6 193.231514
demand_54 3 7 111.290709
demand_55 3 8 533.504214
demand_56 3 9 819.372899
demand_57 3 10 1199.650132
demand_58 3 11 191.085905
demand_59 3 12 134.187931
demand_60 3 13 503.509931
demand_61 3 14 918.565775
demand_62 3 15 972.775900
demand_63 3 16 59.499251
demand_64 4 0 1136.987512
demand_65 4 1 116.701701
demand_66 4 2 62.664324
demand_67 4 3 649.932161
demand_68 4 5 1930.566207
demand_69 4 6 360.908382
demand_70 4 7 207.863350
demand_71 4 8 996.453107
demand_72 4 9 1530.384672
demand_73 4 10 2240.647910
demand_74 4 11 356.900919
demand_75 4 12 250.629663
demand_76 4 13 940.431251
demand_77 4 14 1715.652279
demand_78 4 15 1816.903303
demand_79 4 16 111.129795
demand_80 5 0 751.598480
demand_81 5 1 77.144929
demand_82 5 2 41.423859
demand_83 5 3 429.633588
demand_84 5 4 7.528228
demand_85 5 6 238.576228
demand_86 5 7 137.406767
demand_87 5 8 658.699091
demand_88 5 9 1011.651211
demand_89 5 10 1481.166280
demand_90 5 11 235.927119
demand_91 5 12 165.677170
demand_92 5 13 621.666194
demand_93 5 14 1134.121203
demand_94 5 15 1201.052559
demand_95 5 16 73.461655
demand_96 6 0 1403.614857
demand_97 6 1 144.068637
demand_98 6 2 77.359316
demand_99 6 3 802.343410
demand_100 6 4 14.059012
demand_101 6 5 2383.290389
demand_102 6 7 256.607995
demand_103 6 8 1230.124667
demand_104 6 9 1889.264956
demand_105 6 10 2766.087281
demand_106 6 11 440.595368
demand_107 6 12 309.403150
demand_108 6 13 1160.965501
demand_109 6 14 2117.978432
demand_110 6 15 2242.973157
demand_111 6 16 137.190100
demand_112 7 0 1082.408236
demand_113 7 1 111.099621
demand_114 7 2 59.656223
demand_115 7 3 618.733202
demand_116 7 4 10.841714
demand_117 7 5 1837.892449
demand_118 7 6 343.583550
demand_119 7 8 948.619962
demand_120 7 9 1456.920992
demand_121 7 10 2133.089174
demand_122 7 11 339.768458
demand_123 7 12 238.598585
demand_124 7 13 895.287346
demand_125 7 14 1633.295122
demand_126 7 15 1729.685752
demand_127 7 16 105.795186
demand_128 8 0 13.736328
demand_129 8 1 1.409912
demand_130 8 2 0.757069
demand_131 8 3 7.852049
demand_132 8 4 0.137587
demand_133 8 5 23.323819
demand_134 8 6 4.360255
demand_135 8 7 2.511267
demand_136 8 9 18.489091
demand_137 8 10 27.070020
demand_138 8 11 4.311840
demand_139 8 12 3.027941
demand_140 8 13 11.361666
demand_141 8 14 20.727371
demand_142 8 15 21.950619
demand_143 8 16 1.342596
demand_144 9 0 647.548334
demand_145 9 1 66.465103
demand_146 9 2 35.689204
demand_147 9 3 370.155770
demand_148 9 4 6.486031
demand_149 9 5 1099.515094
demand_150 9 6 205.548099
demand_151 9 7 118.384384
demand_152 9 8 567.509795
demand_153 9 10 1276.115882
demand_154 9 11 203.265729
demand_155 9 12 142.741076
demand_156 9 13 535.603675
demand_157 9 14 977.115196
demand_158 9 15 1034.780677
demand_159 9 16 63.291736
demand_160 10 0 1690.652946
demand_161 10 1 173.530555
demand_162 10 2 93.179233
demand_163 10 3 966.421980
demand_164 10 4 16.934069
demand_165 10 5 2870.671323
demand_166 10 6 536.655692
demand_167 10 7 309.084120
demand_168 10 8 1481.684155
demand_169 10 9 2275.618093
demand_170 10 11 530.696761
demand_171 10 12 372.675841
demand_172 10 13 1398.381995
demand_173 10 14 2551.103288
demand_174 10 15 2701.659331
demand_175 10 16 165.245363
demand_176 11 0 28.639137
demand_177 11 1 2.939554
demand_178 11 2 1.578427
demand_179 11 3 16.370889
demand_180 11 4 0.286858
demand_181 11 5 48.628283
demand_182 11 6 9.090781
demand_183 11 7 5.235789
demand_184 11 8 25.099271
demand_185 11 9 38.548266
demand_186 11 10 56.438811
demand_187 11 12 6.313013
demand_188 11 13 23.688158
demand_189 11 14 43.214899
demand_190 11 15 45.765272
demand_191 11 16 2.799205
demand_192 12 0 134.727381
demand_193 12 1 13.828573
demand_194 12 2 7.425412
demand_195 12 3 77.013737
demand_196 12 4 1.349468
demand_197 12 5 228.762520
demand_198 12 6 42.765853
demand_199 12 7 24.630776
demand_200 12 8 118.074751
demand_201 12 9 181.342993
demand_202 12 10 265.505664
demand_203 12 11 42.290989
demand_204 12 13 111.436439
demand_205 12 14 203.296286
demand_206 12 15 215.294030
demand_207 12 16 13.168329
demand_208 13 0 1910.986543
demand_209 13 1 196.145848
demand_210 13 2 105.322775
demand_211 13 3 1092.370497
demand_212 13 4 19.140994
demand_213 13 5 3244.790292
demand_214 13 6 606.595108
demand_215 13 7 349.365372
demand_216 13 8 1674.783986
demand_217 13 9 2572.187014
demand_218 13 10 3765.958693
demand_219 13 11 599.859581
demand_220 13 12 421.244655
demand_221 13 14 2883.574694
demand_222 13 15 3053.751888
demand_223 13 16 186.780892
demand_224 14 0 7.947754
demand_225 14 1 0.815767
demand_226 14 2 0.438035
demand_227 14 3 4.543147
demand_228 14 4 0.079607
demand_229 14 5 13.495017
demand_230 14 6 2.522817
demand_231 14 7 1.453003
demand_232 14 8 6.965392
demand_233 14 9 10.697673
demand_234 14 10 15.662545
demand_235 14 11 2.494804
demand_236 14 12 1.751948
demand_237 14 13 6.573789
demand_238 14 15 12.700492
demand_239 14 16 0.776818
demand_240 15 0 892.394829
demand_241 15 1 91.596428
demand_242 15 2 49.183758
demand_243 15 3 510.116508
demand_244 15 4 8.938485
demand_245 15 5 1515.256133
demand_246 15 6 283.268524
demand_247 15 7 163.147068
demand_248 15 8 782.092671
demand_249 15 9 1201.163033
demand_250 15 10 1758.631989
demand_251 15 11 280.123160
demand_252 15 12 196.713343
demand_253 15 13 738.122431
demand_254 15 14 1346.575232
demand_255 15 16 87.223169
demand_256 16 0 1097.257421
demand_257 16 1 112.623759
demand_258 16 2 60.474626
demand_259 16 3 627.221389
demand_260 16 4 10.990448
demand_261 16 5 1863.105861
demand_262 16 6 348.297054
demand_263 16 7 200.599920
demand_264 16 8 961.633751
demand_265 16 9 1476.907987
demand_266 16 10 2162.352287
demand_267 16 11 344.429624
demand_268 16 12 241.871836
demand_269 16 13 907.569484
demand_270 16 14 1655.701734
demand_271 16 15 1753.414713
