DEMANDS 272
label src dest bw
demand_0 0 1 213.962545
demand_1 0 2 131.244345
demand_2 0 3 502.096692
demand_3 0 4 124.124265
demand_4 0 5 888.898500
demand_5 0 6 394.771046
demand_6 0 7 294.875465
demand_7 0 8 658.120190
demand_8 0 9 703.729596
demand_9 0 10 1135.240687
demand_10 0 11 389.505732
demand_11 0 12 309.323187
demand_12 0 13 508.682149
demand_13 0 14 821.851229
demand_14 0 15 830.643740
demand_15 0 16 143.241291
demand_16 1 0 507.553421
demand_17 1 2 99.422277
demand_18 1 3 380.356171
demand_19 1 4 94.028563
demand_20 1 5 673.372350
demand_21 1 6 299.053162
demand_22 1 7 223.378693
demand_23 1 8 498.549541
demand_24 1 9 533.100294
demand_25 1 10 859.985351
demand_26 1 11 295.064498
demand_27 1 12 234.323358
demand_28 1 13 385.344889
demand_29 1 14 622.581648
demand_30 1 15 629.242289
demand_31 1 16 108.510392
demand_32 2 0 2999.463894
demand_33 2 1 957.861552
demand_34 2 3 2247.772459
demand_35 2 4 555.676047
demand_36 2 5 3979.395998
demand_37 2 6 1767.300001
demand_38 2 7 1320.090253
demand_39 2 8 2946.254100
demand_40 2 9 3150.437014
demand_41 2 10 5082.213824
demand_42 2 11 1743.728389
demand_43 2 12 1384.769409
demand_44 2 13 2277.254047
demand_45 2 14 3679.240646
demand_46 2 15 3718.602714
demand_47 2 16 641.258614
demand_48 3 0 371.472485
demand_49 3 1 118.627603
demand_50 3 2 72.766016
demand_51 3 4 68.818419
demand_52 3 5 492.833443
demand_53 3 6 218.873554
demand_54 3 7 163.488284
demand_55 3 8 364.882649
demand_56 3 9 390.169946
demand_57 3 10 629.413343
demand_58 3 11 215.954297
demand_59 3 12 171.498558
demand_60 3 13 282.029472
demand_61 3 14 455.660315
demand_62 3 15 460.535162
demand_63 3 16 79.417502
demand_64 4 0 1505.436052
demand_65 4 1 480.752349
demand_66 4 2 294.892861
demand_67 4 3 1128.160836
demand_68 4 5 1997.265648
demand_69 4 6 887.010889
demand_70 4 7 662.555553
demand_71 4 8 1478.729965
demand_72 4 9 1581.209719
demand_73 4 10 2550.771799
demand_74 4 11 875.180257
demand_75 4 12 695.018132
demand_76 4 13 1142.957696
demand_77 4 14 1846.617165
demand_78 4 15 1866.373054
demand_79 4 16 321.848794
demand_80 5 0 603.924789
demand_81 5 1 192.859910
demand_82 5 2 118.300016
demand_83 5 3 452.576046
demand_84 5 4 111.882173
demand_85 5 6 355.835682
demand_86 5 7 265.792574
demand_87 5 8 593.211304
demand_88 5 9 634.322358
demand_89 5 10 1023.274499
demand_90 5 11 351.089674
demand_91 5 12 278.815349
demand_92 5 13 458.511994
demand_93 5 14 740.793925
demand_94 5 15 748.719251
demand_95 5 16 129.113731
demand_96 6 0 1731.111118
demand_97 6 1 552.820384
demand_98 6 2 339.099299
demand_99 6 3 1297.279791
demand_100 6 4 320.702971
demand_101 6 5 2296.669304
demand_102 6 7 761.877120
demand_103 6 8 1700.401609
demand_104 6 9 1818.243771
demand_105 6 10 2933.149778
demand_106 6 11 1006.375708
demand_107 6 12 799.206060
demand_108 6 13 1314.294800
demand_109 6 14 2123.437592
demand_110 6 15 2146.155023
demand_111 6 16 370.096109
demand_112 7 0 895.266108
demand_113 7 1 285.898085
demand_114 7 2 175.369511
demand_115 7 3 670.904726
demand_116 7 4 165.855616
demand_117 7 5 1187.751710
demand_118 7 6 527.495529
demand_119 7 8 879.384295
demand_120 7 9 940.327867
demand_121 7 10 1516.915673
demand_122 7 11 520.459983
demand_123 7 12 413.319568
demand_124 7 13 679.704254
demand_125 7 14 1098.162729
demand_126 7 15 1109.911337
demand_127 7 16 191.399905
demand_128 8 0 224.996385
demand_129 8 1 71.851302
demand_130 8 2 44.073494
demand_131 8 3 168.610357
demand_132 8 4 41.682483
demand_133 8 5 298.503247
demand_134 8 6 132.569061
demand_135 8 7 99.022874
demand_136 8 9 236.321211
demand_137 8 10 381.228038
demand_138 8 11 130.800902
demand_139 8 12 103.874600
demand_140 8 13 170.821835
demand_141 8 14 275.987934
demand_142 8 15 278.940569
demand_143 8 16 48.102219
demand_144 9 0 420.970000
demand_145 9 1 134.434349
demand_146 9 2 82.461854
demand_147 9 3 315.471299
demand_148 9 4 77.988252
demand_149 9 5 558.501916
demand_150 9 6 248.037752
demand_151 9 7 185.272573
demand_152 9 8 413.502090
demand_153 9 10 713.280649
demand_154 9 11 244.729514
demand_155 9 12 194.350190
demand_156 9 13 319.608993
demand_157 9 14 516.375589
demand_158 9 15 521.899993
demand_159 9 16 89.999629
demand_160 10 0 1770.001690
demand_161 10 1 565.239865
demand_162 10 2 346.717392
demand_163 10 3 1326.424052
demand_164 10 4 327.907779
demand_165 10 5 2348.265520
demand_166 10 6 1042.894364
demand_167 10 7 778.993201
demand_168 10 8 1738.602271
demand_169 10 9 1859.091837
demand_170 10 11 1028.984613
demand_171 10 12 817.160760
demand_172 10 13 1343.821314
demand_173 10 14 2171.142041
demand_174 10 15 2194.369834
demand_175 10 16 378.410566
demand_176 11 0 226.458747
demand_177 11 1 72.318299
demand_178 11 2 44.359950
demand_179 11 3 169.706238
demand_180 11 4 41.953398
demand_181 11 5 300.443367
demand_182 11 6 133.430692
demand_183 11 7 99.666472
demand_184 11 8 222.441421
demand_185 11 9 237.857179
demand_186 11 10 383.705827
demand_187 11 12 104.549732
demand_188 11 13 171.932091
demand_189 11 14 277.781716
demand_190 11 15 280.753542
demand_191 11 16 48.414859
demand_192 12 0 233.185996
demand_193 12 1 74.466607
demand_194 12 2 45.677719
demand_195 12 3 174.747581
demand_196 12 4 43.199677
demand_197 12 5 309.368424
demand_198 12 6 137.394423
demand_199 12 7 102.627193
demand_200 12 8 229.049330
demand_201 12 9 244.923032
demand_202 12 10 395.104303
demand_203 12 11 135.561905
demand_204 12 13 177.039555
demand_205 12 14 286.033579
demand_206 12 15 289.093687
demand_207 12 16 49.853085
demand_208 13 0 2681.346786
demand_209 13 1 856.272682
demand_210 13 2 525.236540
demand_211 13 3 2009.378232
demand_212 13 4 496.742163
demand_213 13 5 3557.349261
demand_214 13 6 1579.863717
demand_215 13 7 1180.084136
demand_216 13 8 2633.780316
demand_217 13 9 2816.308000
demand_218 13 10 4543.204447
demand_219 13 11 1558.792062
demand_220 13 12 1237.903551
demand_221 13 14 3289.027782
demand_222 13 15 3324.215188
demand_223 13 16 573.248015
demand_224 14 0 85.547499
demand_225 14 1 27.319102
demand_226 14 2 16.757501
demand_227 14 3 64.108561
demand_228 14 4 15.848398
demand_229 14 5 113.496074
demand_230 14 6 50.405039
demand_231 14 7 37.650201
demand_232 14 8 84.029907
demand_233 14 9 89.853393
demand_234 14 10 144.949464
demand_235 14 11 49.732755
demand_236 14 12 39.494911
demand_237 14 13 64.949403
demand_238 14 15 106.058007
demand_239 14 16 18.289292
demand_240 15 0 801.314214
demand_241 15 1 255.895088
demand_242 15 2 156.965711
demand_243 15 3 600.497984
demand_244 15 4 148.450233
demand_245 15 5 1063.105504
demand_246 15 6 472.138576
demand_247 15 7 352.665383
demand_248 15 8 787.099085
demand_249 15 9 841.647057
demand_250 15 10 1357.726019
demand_251 15 11 465.841361
demand_252 15 12 369.944580
demand_253 15 13 608.374063
demand_254 15 14 982.918258
demand_255 15 16 171.313828
demand_256 16 0 990.752149
demand_257 16 1 316.391003
demand_258 16 2 194.073827
demand_259 16 3 742.461144
demand_260 16 4 183.545213
demand_261 16 5 1314.433271
demand_262 16 6 583.756410
demand_263 16 7 436.038673
demand_264 16 8 973.176436
demand_265 16 9 1040.620042
demand_266 16 10 1678.704745
demand_267 16 11 575.970477
demand_268 16 12 457.402828
demand_269 16 13 752.199200
demand_270 16 14 1215.289034
demand_271 16 15 1228.290708
