DEMANDS 272
label src dest bw
demand_0 0 1 203.920725
demand_1 0 2 104.830604
demand_2 0 3 418.604137
demand_3 0 4 2.539375
demand_4 0 5 1434.372740
demand_5 0 6 382.656053
demand_6 0 7 292.954909
demand_7 0 8 638.108317
demand_8 0 9 999.743812
demand_9 0 10 1846.778359
demand_10 0 11 345.500507
demand_11 0 12 307.876269
demand_12 0 13 497.911262
demand_13 0 14 1062.992135
demand_14 0 15 1131.172598
demand_15 0 16 121.288392
demand_16 1 0 625.938088
demand_17 1 2 84.660636
demand_18 1 3 338.062468
demand_19 1 4 2.050786
demand_20 1 5 1158.391771
demand_21 1 6 309.030987
demand_22 1 7 236.588822
demand_23 1 8 515.332872
demand_24 1 9 807.387768
demand_25 1 10 1491.448348
demand_26 1 11 279.024366
demand_27 1 12 248.639232
demand_28 1 13 402.110478
demand_29 1 14 858.466776
demand_30 1 15 913.528954
demand_31 1 16 97.951858
demand_32 2 0 2287.396184
demand_33 2 1 601.817512
demand_34 2 3 1235.398218
demand_35 2 4 7.494288
demand_36 2 5 4233.167732
demand_37 2 6 1129.307056
demand_38 2 7 864.578108
demand_39 2 8 1883.206130
demand_40 2 9 2950.476629
demand_41 2 10 5450.272679
demand_42 2 11 1019.652393
demand_43 2 12 908.614512
demand_44 2 13 1469.451997
demand_45 2 14 3137.137147
demand_46 2 15 3338.353560
demand_47 2 16 357.950268
demand_48 3 0 417.614050
demand_49 3 1 109.874909
demand_50 3 2 56.483975
demand_51 3 4 1.368246
demand_52 3 5 772.857073
demand_53 3 6 206.179627
demand_54 3 7 157.847586
demand_55 3 8 343.820342
demand_56 3 9 538.673843
demand_57 3 10 995.066120
demand_58 3 11 186.159778
demand_59 3 12 165.887391
demand_60 3 13 268.280503
demand_61 3 14 572.752791
demand_62 3 15 609.489235
demand_63 3 16 65.351626
demand_64 4 0 1273.882480
demand_65 4 1 335.160472
demand_66 4 2 172.297714
demand_67 4 3 688.010305
demand_68 4 5 2357.509489
demand_69 4 6 628.926674
demand_70 4 7 481.495471
demand_71 4 8 1048.783465
demand_72 4 9 1643.161124
demand_73 4 10 3035.332019
demand_74 4 11 567.858480
demand_75 4 12 506.019952
demand_76 4 13 818.358082
demand_77 4 14 1747.114941
demand_78 4 15 1859.175136
demand_79 4 16 199.347441
demand_80 5 0 671.239408
demand_81 5 1 176.604138
demand_82 5 2 90.787822
demand_83 5 3 362.529226
demand_84 5 4 2.199209
demand_85 5 6 331.396636
demand_86 5 7 253.711579
demand_87 5 8 552.629307
demand_88 5 9 865.821233
demand_89 5 10 1599.389661
demand_90 5 11 299.218331
demand_91 5 12 266.634119
demand_92 5 13 431.212614
demand_93 5 14 920.597007
demand_94 5 15 979.644227
demand_95 5 16 105.040975
demand_96 6 0 1568.133924
demand_97 6 1 412.578487
demand_98 6 2 212.096402
demand_99 6 3 846.932363
demand_100 6 4 5.137740
demand_101 6 5 2902.065665
demand_102 6 7 592.715101
demand_103 6 8 1291.039760
demand_104 6 9 2022.711468
demand_105 6 10 3736.457000
demand_106 6 11 699.026920
demand_107 6 12 622.904440
demand_108 6 13 1007.388901
demand_109 6 14 2150.677360
demand_110 6 15 2288.622104
demand_111 6 16 245.394288
demand_112 7 0 1050.827448
demand_113 7 1 276.474344
demand_114 7 2 142.128626
demand_115 7 3 567.540667
demand_116 7 4 3.442868
demand_117 7 5 1944.712890
demand_118 7 6 518.802497
demand_119 7 8 865.142954
demand_120 7 9 1355.445920
demand_121 7 10 2503.849647
demand_122 7 11 468.427258
demand_123 7 12 417.416570
demand_124 7 13 675.064732
demand_125 7 14 1441.197570
demand_126 7 15 1533.636182
demand_127 7 16 164.441984
demand_128 8 0 291.583504
demand_129 8 1 76.716076
demand_130 8 2 39.437838
demand_131 8 3 157.481132
demand_132 8 4 0.955327
demand_133 8 5 539.618755
demand_134 8 6 143.957269
demand_135 8 7 110.211216
demand_136 8 9 376.109010
demand_137 8 10 694.767971
demand_138 8 11 129.979153
demand_139 8 12 115.824712
demand_140 8 13 187.316900
demand_141 8 14 399.903370
demand_142 8 15 425.553227
demand_143 8 16 45.629347
demand_144 9 0 592.397154
demand_145 9 1 155.860617
demand_146 9 2 80.124091
demand_147 9 3 319.947368
demand_148 9 4 1.940895
demand_149 9 5 1096.319271
demand_150 9 6 292.471541
demand_151 9 7 223.911194
demand_152 9 8 487.718726
demand_153 9 10 1411.528989
demand_154 9 11 264.072827
demand_155 9 12 235.315882
demand_156 9 13 380.563362
demand_157 9 14 812.465777
demand_158 9 15 864.577445
demand_159 9 16 92.703101
demand_160 10 0 1589.577503
demand_161 10 1 418.220326
demand_162 10 2 214.996732
demand_163 10 3 858.513810
demand_164 10 4 5.207997
demand_165 10 5 2941.750205
demand_166 10 6 784.788006
demand_167 10 7 600.820233
demand_168 10 8 1308.694191
demand_169 10 9 2050.371206
demand_170 10 11 708.585822
demand_171 10 12 631.422399
demand_172 10 13 1021.164525
demand_173 10 14 2180.086977
demand_174 10 15 2319.918059
demand_175 10 16 248.749953
demand_176 11 0 360.160517
demand_177 11 1 94.758795
demand_178 11 2 48.713154
demand_179 11 3 194.518844
demand_180 11 4 1.180008
demand_181 11 5 666.530744
demand_182 11 6 177.814327
demand_183 11 7 136.131598
demand_184 11 8 296.519028
demand_185 11 9 464.565428
demand_186 11 10 858.169232
demand_187 11 12 143.065322
demand_188 11 13 231.371633
demand_189 11 14 493.955942
demand_190 11 15 525.638345
demand_191 11 16 56.360833
demand_192 12 0 365.303076
demand_193 12 1 96.111810
demand_194 12 2 49.408706
demand_195 12 3 197.296285
demand_196 12 4 1.196857
demand_197 12 5 676.047817
demand_198 12 6 180.353253
demand_199 12 7 138.075356
demand_200 12 8 300.752881
demand_201 12 9 471.198736
demand_202 12 10 870.422619
demand_203 12 11 162.841120
demand_204 12 13 234.675278
demand_205 12 14 501.008902
demand_206 12 15 533.143683
demand_207 12 16 57.165582
demand_208 13 0 1616.591527
demand_209 13 1 425.327758
demand_210 13 2 218.650487
demand_211 13 3 873.103796
demand_212 13 4 5.296504
demand_213 13 5 2991.743685
demand_214 13 6 798.125061
demand_215 13 7 611.030854
demand_216 13 8 1330.934752
demand_217 13 9 2085.216174
demand_218 13 10 3851.918917
demand_219 13 11 720.627861
demand_220 13 12 642.153087
demand_221 13 14 2217.136396
demand_222 13 15 2359.343832
demand_223 13 16 252.977326
demand_224 14 0 265.241815
demand_225 14 1 69.785536
demand_226 14 2 35.875019
demand_227 14 3 143.254268
demand_228 14 4 0.869022
demand_229 14 5 490.869532
demand_230 14 6 130.952152
demand_231 14 7 100.254721
demand_232 14 8 218.372758
demand_233 14 9 342.131277
demand_234 14 10 632.002549
demand_235 14 11 118.236820
demand_236 14 12 105.361093
demand_237 14 13 170.394669
demand_238 14 15 387.108698
demand_239 14 16 41.507186
demand_240 15 0 1012.544754
demand_241 15 1 266.402108
demand_242 15 2 136.950738
demand_243 15 3 546.864594
demand_244 15 4 3.317441
demand_245 15 5 1873.865057
demand_246 15 6 499.902004
demand_247 15 7 382.716398
demand_248 15 8 833.624932
demand_249 15 9 1306.065671
demand_250 15 10 2412.631903
demand_251 15 11 451.361985
demand_252 15 12 402.209667
demand_253 15 13 650.471449
demand_254 15 14 1388.693303
demand_255 15 16 158.451198
demand_256 16 0 1197.988433
demand_257 16 1 315.192629
demand_258 16 2 162.032740
demand_259 16 3 647.020741
demand_260 16 4 3.925018
demand_261 16 5 2217.056238
demand_262 16 6 591.457134
demand_263 16 7 452.809434
demand_264 16 8 986.300133
demand_265 16 9 1545.266578
demand_266 16 10 2854.496161
demand_267 16 11 534.027197
demand_268 16 12 475.872821
demand_269 16 13 769.602795
demand_270 16 14 1643.027142
demand_271 16 15 1748.411131
