DEMANDS 272
label src dest bw
demand_0 0 1 349.985890
demand_1 0 2 214.196917
demand_2 0 3 540.159497
demand_3 0 4 172.463028
demand_4 0 5 1096.872520
demand_5 0 6 463.752925
demand_6 0 7 351.212798
demand_7 0 8 650.340625
demand_8 0 9 845.793686
demand_9 0 10 1392.396514
demand_10 0 11 420.183304
demand_11 0 12 363.020863
demand_12 0 13 554.621124
demand_13 0 14 963.121996
demand_14 0 15 1085.659626
demand_15 0 16 299.346486
demand_16 1 0 459.565887
demand_17 1 2 119.939119
demand_18 1 3 302.461187
demand_19 1 4 96.570314
demand_20 1 5 614.191488
demand_21 1 6 259.677487
demand_22 1 7 196.660876
demand_23 1 8 364.156881
demand_24 1 9 473.600417
demand_25 1 10 779.669534
demand_26 1 11 235.280768
demand_27 1 12 203.272778
demand_28 1 13 310.558946
demand_29 1 14 539.298160
demand_30 1 15 607.912851
demand_31 1 16 167.618443
demand_32 2 0 2936.262434
demand_33 2 1 1252.117995
demand_34 2 3 1932.487697
demand_35 2 4 617.007906
demand_36 2 5 3924.197691
demand_37 2 6 1659.133698
demand_38 2 7 1256.507413
demand_39 2 8 2326.674372
demand_40 2 9 3025.931977
demand_41 2 10 4981.471491
demand_42 2 11 1503.257965
demand_43 2 12 1298.752230
demand_44 2 13 1984.225966
demand_45 2 14 3445.688577
demand_46 2 15 3884.082172
demand_47 2 16 1070.949239
demand_48 3 0 374.787582
demand_49 3 1 159.821639
demand_50 3 2 97.813379
demand_51 3 4 78.755529
demand_52 3 5 500.888662
demand_53 3 6 211.773545
demand_54 3 7 160.381909
demand_55 3 8 296.979129
demand_56 3 9 386.233095
demand_57 3 10 635.840186
demand_58 3 11 191.877405
demand_59 3 12 165.774081
demand_60 3 13 253.268660
demand_61 3 14 439.811263
demand_62 3 15 495.768276
demand_63 3 16 136.697071
demand_64 4 0 1394.903703
demand_65 4 1 594.832399
demand_66 4 2 364.046866
demand_67 4 3 918.049495
demand_68 4 5 1864.233192
demand_69 4 6 788.189677
demand_70 4 7 596.917640
demand_71 4 8 1105.312202
demand_72 4 9 1437.502203
demand_73 4 10 2366.502717
demand_74 4 11 714.139199
demand_75 4 12 616.986504
demand_76 4 13 942.628327
demand_77 4 14 1636.912184
demand_78 4 15 1845.175874
demand_79 4 16 508.766192
demand_80 5 0 718.855190
demand_81 5 1 306.543280
demand_82 5 2 187.609351
demand_83 5 3 473.111257
demand_84 5 4 151.055754
demand_85 5 6 406.188784
demand_86 5 7 307.617897
demand_87 5 8 569.615961
demand_88 5 9 740.808069
demand_89 5 10 1219.562867
demand_90 5 11 368.027318
demand_91 5 12 317.960265
demand_92 5 13 485.777809
demand_93 5 14 843.572797
demand_94 5 15 950.900231
demand_95 5 16 262.189581
demand_96 6 0 1560.690046
demand_97 6 1 665.529098
demand_98 6 2 407.314368
demand_99 6 3 1027.161018
demand_100 6 4 327.953689
demand_101 6 5 2085.800030
demand_102 6 7 667.862174
demand_103 6 8 1236.680172
demand_104 6 9 1608.351440
demand_105 6 10 2647.765022
demand_106 6 11 799.015686
demand_107 6 12 690.316252
demand_108 6 13 1054.661081
demand_109 6 14 1831.461589
demand_110 6 15 2064.477722
demand_111 6 16 569.233797
demand_112 7 0 953.650492
demand_113 7 1 406.667649
demand_114 7 2 248.887054
demand_115 7 3 627.640712
demand_116 7 4 200.394177
demand_117 7 5 1274.515866
demand_118 7 6 538.859759
demand_119 7 8 755.666161
demand_120 7 9 982.773708
demand_121 7 10 1617.901276
demand_122 7 11 488.233845
demand_123 7 12 421.813694
demand_124 7 13 644.444463
demand_125 7 14 1119.103854
demand_126 7 15 1261.486995
demand_127 7 16 347.826971
demand_128 8 0 97.238942
demand_129 8 1 41.465854
demand_130 8 2 25.377760
demand_131 8 3 63.997365
demand_132 8 4 20.433186
demand_133 8 5 129.955970
demand_134 8 6 54.944818
demand_135 8 7 41.611216
demand_136 8 9 100.208490
demand_137 8 10 164.969252
demand_138 8 11 49.782748
demand_139 8 12 43.010220
demand_140 8 13 65.710759
demand_141 8 14 114.109389
demand_142 8 15 128.627481
demand_143 8 16 35.466166
demand_144 9 0 419.516345
demand_145 9 1 178.895441
demand_146 9 2 109.486849
demand_147 9 3 276.102764
demand_148 9 4 88.154553
demand_149 9 5 560.666871
demand_150 9 6 237.047512
demand_151 9 7 179.522576
demand_152 9 8 332.421897
demand_153 9 10 711.724091
demand_154 9 11 214.776881
demand_155 9 12 185.558274
demand_156 9 13 283.494832
demand_157 9 14 492.300232
demand_158 9 15 554.935396
demand_159 9 16 153.011088
demand_160 10 0 2394.258491
demand_161 10 1 1020.989849
demand_162 10 2 624.861987
demand_163 10 3 1575.770280
demand_164 10 4 503.114572
demand_165 10 5 3199.831027
demand_166 10 6 1352.874626
demand_167 10 7 1024.569026
demand_168 10 8 1897.194135
demand_169 10 9 2467.375955
demand_170 10 11 1225.771956
demand_171 10 12 1059.015883
demand_172 10 13 1617.958194
demand_173 10 14 2809.649790
demand_174 10 15 3167.120422
demand_175 10 16 873.262988
demand_176 11 0 134.701743
demand_177 11 1 57.441213
demand_178 11 2 35.154934
demand_179 11 3 88.653336
demand_180 11 4 28.305386
demand_181 11 5 180.023510
demand_182 11 6 76.113156
demand_183 11 7 57.642579
demand_184 11 8 106.736745
demand_185 11 9 138.815355
demand_186 11 10 228.526199
demand_187 11 12 59.580570
demand_188 11 13 91.026842
demand_189 11 14 158.071790
demand_190 11 15 178.183201
demand_191 11 16 49.130053
demand_192 12 0 168.708943
demand_193 12 1 71.942992
demand_194 12 2 44.030252
demand_195 12 3 111.035020
demand_196 12 4 35.451447
demand_197 12 5 225.472777
demand_198 12 6 95.328908
demand_199 12 7 72.195195
demand_200 12 8 133.683819
demand_201 12 9 173.861090
demand_202 12 10 286.220598
demand_203 12 11 86.372751
demand_204 12 13 114.007747
demand_205 12 14 197.979061
demand_206 12 15 223.167858
demand_207 12 16 61.533571
demand_208 13 0 2455.607979
demand_209 13 1 1047.151271
demand_210 13 2 640.873192
demand_211 13 3 1616.147165
demand_212 13 4 516.006171
demand_213 13 5 3281.822173
demand_214 13 6 1387.540126
demand_215 13 7 1050.822158
demand_216 13 8 1945.807053
demand_217 13 9 2530.598975
demand_218 13 10 4166.024466
demand_219 13 11 1257.180629
demand_220 13 12 1086.151668
demand_221 13 14 2881.643093
demand_222 13 15 3248.273405
demand_223 13 16 895.639117
demand_224 14 0 68.406783
demand_225 14 1 29.170882
demand_226 14 2 17.853042
demand_227 14 3 45.021612
demand_228 14 4 14.374575
demand_229 14 5 91.422939
demand_230 14 6 38.653220
demand_231 14 7 29.273143
demand_232 14 8 54.205070
demand_233 14 9 70.495835
demand_234 14 10 116.054490
demand_235 14 11 35.021748
demand_236 14 12 30.257330
demand_237 14 13 46.226970
demand_238 14 15 90.488358
demand_239 14 16 24.950151
demand_240 15 0 840.862162
demand_241 15 1 358.571030
demand_242 15 2 219.451159
demand_243 15 3 553.409588
demand_244 15 4 176.693539
demand_245 15 5 1123.778759
demand_246 15 6 475.128766
demand_247 15 7 359.828034
demand_248 15 8 666.293455
demand_249 15 9 866.540972
demand_250 15 10 1426.551945
demand_251 15 11 430.490384
demand_252 15 12 371.925750
demand_253 15 13 568.225958
demand_254 15 14 986.747340
demand_255 15 16 306.689444
demand_256 16 0 1075.137396
demand_257 16 1 458.473624
demand_258 16 2 280.593132
demand_259 16 3 707.596762
demand_260 16 4 225.922678
demand_261 16 5 1436.878270
demand_262 16 6 607.505876
demand_263 16 7 460.080847
demand_264 16 8 851.931556
demand_265 16 9 1107.970659
demand_266 16 10 1824.008040
demand_267 16 11 550.430655
demand_268 16 12 475.549145
demand_269 16 13 726.541168
demand_270 16 14 1261.668099
demand_271 16 15 1422.189632
