DEMANDS 272
label src dest bw
demand_0 0 1 193.639215
demand_1 0 2 108.407337
demand_2 0 3 494.290125
demand_3 0 4 46.532641
demand_4 0 5 1975.853578
demand_5 0 6 394.513297
demand_6 0 7 203.119604
demand_7 0 8 638.251718
demand_8 0 9 797.663526
demand_9 0 10 3337.653838
demand_10 0 11 332.090156
demand_11 0 12 328.999070
demand_12 0 13 537.499622
demand_13 0 14 914.917032
demand_14 0 15 1307.341209
demand_15 0 16 156.306044
demand_16 1 0 461.364651
demand_17 1 2 75.358603
demand_18 1 3 343.602327
demand_19 1 4 32.346840
demand_20 1 5 1373.500811
demand_21 1 6 274.243162
demand_22 1 7 141.197174
demand_23 1 8 443.676223
demand_24 1 9 554.490228
demand_25 1 10 2320.146748
demand_26 1 11 230.850152
demand_27 1 12 228.701405
demand_28 1 13 373.639107
demand_29 1 14 635.998183
demand_30 1 15 908.789108
demand_31 1 16 108.655054
demand_32 2 0 2011.883409
demand_33 2 1 586.983602
demand_34 2 3 1498.354543
demand_35 2 4 141.055608
demand_36 2 5 5989.456470
demand_37 2 6 1195.898443
demand_38 2 7 615.721751
demand_39 2 8 1934.749075
demand_40 2 9 2417.978246
demand_41 2 10 10117.517107
demand_42 2 11 1006.673548
demand_43 2 12 997.303459
demand_44 2 13 1629.336619
demand_45 2 14 2773.411856
demand_46 2 15 3962.977495
demand_47 2 16 473.814586
demand_48 3 0 353.526335
demand_49 3 1 103.144228
demand_50 3 2 57.744456
demand_51 3 4 24.786164
demand_52 3 5 1052.461879
demand_53 3 6 210.142194
demand_54 3 7 108.194070
demand_55 3 8 339.972359
demand_56 3 9 424.884953
demand_57 3 10 1777.840965
demand_58 3 11 176.891766
demand_59 3 12 175.245263
demand_60 3 13 286.305559
demand_61 3 14 487.341426
demand_62 3 15 696.370825
demand_63 3 16 83.258271
demand_64 4 0 927.024368
demand_65 4 1 270.467017
demand_66 4 2 151.418756
demand_67 4 3 690.403414
demand_68 4 5 2759.788205
demand_69 4 6 551.039386
demand_70 4 7 283.708820
demand_71 4 8 891.482842
demand_72 4 9 1114.142473
demand_73 4 10 4661.892864
demand_74 4 11 463.849399
demand_75 4 12 459.531902
demand_76 4 13 750.756601
demand_77 4 14 1277.917181
demand_78 4 15 1826.038573
demand_79 4 16 218.321631
demand_80 5 0 500.005878
demand_81 5 1 145.880845
demand_82 5 2 81.670203
demand_83 5 3 372.380465
demand_84 5 4 35.056024
demand_85 5 6 297.212178
demand_86 5 7 153.023030
demand_87 5 8 480.835969
demand_88 5 9 600.931113
demand_89 5 10 2514.468780
demand_90 5 11 250.184821
demand_91 5 12 247.856108
demand_92 5 13 404.932951
demand_93 5 14 689.265702
demand_94 5 15 984.904012
demand_95 5 16 117.755371
demand_96 6 0 1059.728347
demand_97 6 1 309.184498
demand_98 6 2 173.094423
demand_99 6 3 789.234991
demand_100 6 4 74.298851
demand_101 6 5 3154.853198
demand_102 6 7 324.321872
demand_103 6 8 1019.099034
demand_104 6 9 1273.632497
demand_105 6 10 5329.245042
demand_106 6 11 530.249661
demand_107 6 12 525.314112
demand_108 6 13 858.227766
demand_109 6 14 1460.851633
demand_110 6 15 2087.436863
demand_111 6 16 249.574476
demand_112 7 0 849.214264
demand_113 7 1 247.765276
demand_114 7 2 138.709372
demand_115 7 3 632.454170
demand_116 7 4 59.539451
demand_117 7 5 2528.144448
demand_118 7 6 504.787709
demand_119 7 8 816.655928
demand_120 7 9 1020.626548
demand_121 7 10 4270.595309
demand_122 7 11 424.916043
demand_123 7 12 420.960936
demand_124 7 13 687.741592
demand_125 7 14 1170.654770
demand_126 7 15 1672.769408
demand_127 7 16 199.996731
demand_128 8 0 124.525903
demand_129 8 1 36.331461
demand_130 8 2 20.339872
demand_131 8 3 92.740937
demand_132 8 4 8.730663
demand_133 8 5 370.718538
demand_134 8 6 74.020360
demand_135 8 7 38.110214
demand_136 8 9 149.661220
demand_137 8 10 626.225630
demand_138 8 11 62.308249
demand_139 8 12 61.728286
demand_140 8 13 100.848097
demand_141 8 14 171.660850
demand_142 8 15 245.289240
demand_143 8 16 29.326843
demand_144 9 0 377.442360
demand_145 9 1 110.121926
demand_146 9 2 61.650863
demand_147 9 3 281.101018
demand_148 9 4 26.462946
demand_149 9 5 1123.660833
demand_150 9 6 224.358295
demand_151 9 7 115.513389
demand_152 9 8 362.971459
demand_153 9 10 1898.111749
demand_154 9 11 188.858479
demand_155 9 12 187.100589
demand_156 9 13 305.674104
demand_157 9 14 520.310030
demand_158 9 15 743.480250
demand_159 9 16 88.890686
demand_160 10 0 1064.122414
demand_161 10 1 310.466504
demand_162 10 2 173.812143
demand_163 10 3 792.507482
demand_164 10 4 74.606925
demand_165 10 5 3167.934509
demand_166 10 6 632.532846
demand_167 10 7 325.666643
demand_168 10 8 1023.324635
demand_169 10 9 1278.913498
demand_170 10 11 532.448293
demand_171 10 12 527.492279
demand_172 10 13 861.786329
demand_173 10 14 1466.908921
demand_174 10 15 2096.092229
demand_175 10 16 250.609314
demand_176 11 0 202.584294
demand_177 11 1 59.105641
demand_178 11 2 33.089812
demand_179 11 3 150.875093
demand_180 11 4 14.203433
demand_181 11 5 603.101454
demand_182 11 6 120.419623
demand_183 11 7 61.999396
demand_184 11 8 194.817340
demand_185 11 9 243.475548
demand_186 11 10 1018.771788
demand_187 11 12 100.422329
demand_188 11 13 164.064183
demand_189 11 14 279.265528
demand_190 11 15 399.047476
demand_191 11 16 47.710217
demand_192 12 0 233.352598
demand_193 12 1 68.082548
demand_194 12 2 38.115460
demand_195 12 3 173.789855
demand_196 12 4 16.360636
demand_197 12 5 694.699913
demand_198 12 6 138.708837
demand_199 12 7 71.415804
demand_200 12 8 224.406007
demand_201 12 9 280.454376
demand_202 12 10 1173.501851
demand_203 12 11 116.761184
demand_204 12 13 188.982091
demand_205 12 14 321.680103
demand_206 12 15 459.654417
demand_207 12 16 54.956398
demand_208 13 0 1155.603164
demand_209 13 1 337.156768
demand_210 13 2 188.754471
demand_211 13 3 860.637969
demand_212 13 4 81.020752
demand_213 13 5 3440.276320
demand_214 13 6 686.910593
demand_215 13 7 353.663637
demand_216 13 8 1111.298072
demand_217 13 9 1388.859464
demand_218 13 10 5811.387843
demand_219 13 11 578.221945
demand_220 13 12 572.839871
demand_221 13 14 1593.016525
demand_222 13 15 2276.289627
demand_223 13 16 272.153760
demand_224 14 0 56.807856
demand_225 14 1 16.574161
demand_226 14 2 9.278909
demand_227 14 3 42.307774
demand_228 14 4 3.982868
demand_229 14 5 169.119234
demand_230 14 6 33.767576
demand_231 14 7 17.385616
demand_232 14 8 54.629879
demand_233 14 9 68.274414
demand_234 14 10 285.679802
demand_235 14 11 28.424592
demand_236 14 12 28.160017
demand_237 14 13 46.006205
demand_238 14 15 111.899255
demand_239 14 16 13.378703
demand_240 15 0 668.293465
demand_241 15 1 194.980139
demand_242 15 2 109.158042
demand_243 15 3 497.713012
demand_244 15 4 46.854873
demand_245 15 5 1989.536075
demand_246 15 6 397.245244
demand_247 15 7 204.526177
demand_248 15 8 642.671518
demand_249 15 9 803.187230
demand_250 15 10 3360.766603
demand_251 15 11 334.389831
demand_252 15 12 331.277340
demand_253 15 13 541.221728
demand_254 15 14 921.252699
demand_255 15 16 157.388440
demand_256 16 0 908.808543
demand_257 16 1 265.152399
demand_258 16 2 148.443411
demand_259 16 3 676.837139
demand_260 16 4 63.717679
demand_261 16 5 2705.558973
demand_262 16 6 540.211583
demand_263 16 7 278.134004
demand_264 16 8 873.965400
demand_265 16 9 1092.249818
demand_266 16 10 4570.287693
demand_267 16 11 454.734860
demand_268 16 12 450.502201
demand_269 16 13 736.004399
demand_270 16 14 1252.806389
demand_271 16 15 1790.157316
