DEMANDS 272
label src dest bw
demand_0 0 1 121.697391
demand_1 0 2 16.845773
demand_2 0 3 324.084187
demand_3 0 4 0.619492
demand_4 0 5 1121.629072
demand_5 0 6 304.922683
demand_6 0 7 223.307693
demand_7 0 8 629.126318
demand_8 0 9 647.479136
demand_9 0 10 2388.825071
demand_10 0 11 271.620942
demand_11 0 12 223.830667
demand_12 0 13 560.510068
demand_13 0 14 686.894971
demand_14 0 15 871.116315
demand_15 0 16 100.302440
demand_16 1 0 542.439634
demand_17 1 2 14.244979
demand_18 1 3 274.049310
demand_19 1 4 0.523849
demand_20 1 5 948.462424
demand_21 1 6 257.846122
demand_22 1 7 188.831549
demand_23 1 8 531.996439
demand_24 1 9 547.515793
demand_25 1 10 2020.017913
demand_26 1 11 229.685788
demand_27 1 12 189.273782
demand_28 1 13 473.973750
demand_29 1 14 580.846275
demand_30 1 15 736.625960
demand_31 1 16 84.816895
demand_32 2 0 2319.122276
demand_33 2 1 439.971326
demand_34 2 3 1171.658229
demand_35 2 4 2.239641
demand_36 2 5 4055.014048
demand_37 2 6 1102.383838
demand_38 2 7 807.322004
demand_39 2 8 2274.473907
demand_40 2 9 2340.824660
demand_41 2 10 8636.294711
demand_42 2 11 981.988397
demand_43 2 12 809.212708
demand_44 2 13 2026.406283
demand_45 2 14 2483.324322
demand_46 2 15 3149.337855
demand_47 2 16 362.622379
demand_48 3 0 266.590684
demand_49 3 1 50.576142
demand_50 3 2 7.000924
demand_51 3 4 0.257454
demand_52 3 5 466.137116
demand_53 3 6 126.722625
demand_54 3 7 92.804303
demand_55 3 8 261.458208
demand_56 3 9 269.085444
demand_57 3 10 992.770299
demand_58 3 11 112.882775
demand_59 3 12 93.021645
demand_60 3 13 232.942024
demand_61 3 14 285.466246
demand_62 3 15 362.026678
demand_63 3 16 41.684627
demand_64 4 0 1520.009495
demand_65 4 1 288.367974
demand_66 4 2 39.916891
demand_67 4 3 767.933477
demand_68 4 5 2657.755445
demand_69 4 6 722.529346
demand_70 4 7 529.138599
demand_71 4 8 1490.745861
demand_72 4 9 1534.233769
demand_73 4 10 5660.438908
demand_74 4 11 643.619228
demand_75 4 12 530.377812
demand_76 4 13 1328.156270
demand_77 4 14 1627.631535
demand_78 4 15 2064.153104
demand_79 4 16 237.671581
demand_80 5 0 588.832290
demand_81 5 1 111.710075
demand_82 5 2 15.463294
demand_83 5 3 297.487634
demand_84 5 4 0.568652
demand_85 5 6 279.898652
demand_86 5 7 204.981544
demand_87 5 8 577.495931
demand_88 5 9 594.342592
demand_89 5 10 2192.781831
demand_90 5 11 249.329879
demand_91 5 12 205.461599
demand_92 5 13 514.510797
demand_93 5 14 630.523695
demand_94 5 15 799.626583
demand_95 5 16 92.070939
demand_96 6 0 1538.058872
demand_97 6 1 291.792204
demand_98 6 2 40.390885
demand_99 6 3 777.052315
demand_100 6 4 1.485347
demand_101 6 5 2689.315003
demand_102 6 7 535.421863
demand_103 6 8 1508.447746
demand_104 6 9 1552.452051
demand_105 6 10 5727.653877
demand_106 6 11 651.261894
demand_107 6 12 536.675792
demand_108 6 13 1343.927482
demand_109 6 14 1646.958871
demand_110 6 15 2088.663922
demand_111 6 16 240.493816
demand_112 7 0 1264.469252
demand_113 7 1 239.888262
demand_114 7 2 33.206162
demand_115 7 3 638.830397
demand_116 7 4 1.221133
demand_117 7 5 2210.940161
demand_118 7 6 601.059496
demand_119 7 8 1240.125347
demand_120 7 9 1276.302175
demand_121 7 10 4708.819893
demand_122 7 11 535.415552
demand_123 7 12 441.212004
demand_124 7 13 1104.869916
demand_125 7 14 1353.998139
demand_126 7 15 1717.132780
demand_127 7 16 197.714822
demand_128 8 0 60.889841
demand_129 8 1 11.551691
demand_130 8 2 1.599025
demand_131 8 3 30.762536
demand_132 8 4 0.058803
demand_133 8 5 106.466642
demand_134 8 6 28.943699
demand_135 8 7 21.196687
demand_136 8 9 61.459649
demand_137 8 10 226.750705
demand_138 8 11 25.782650
demand_139 8 12 21.246328
demand_140 8 13 53.204420
demand_141 8 14 65.201057
demand_142 8 15 82.687611
demand_143 8 16 9.520852
demand_144 9 0 440.984365
demand_145 9 1 83.661167
demand_146 9 2 11.580668
demand_147 9 3 222.792461
demand_148 9 4 0.425871
demand_149 9 5 771.066628
demand_150 9 6 209.619838
demand_151 9 7 153.513415
demand_152 9 8 432.494414
demand_153 9 10 1642.203594
demand_154 9 11 186.726476
demand_155 9 12 153.872935
demand_156 9 13 385.324007
demand_157 9 14 472.207615
demand_158 9 15 598.851025
demand_159 9 16 68.953156
demand_160 10 0 1790.918418
demand_161 10 1 339.763349
demand_162 10 2 47.031216
demand_163 10 3 904.801063
demand_164 10 4 1.729540
demand_165 10 5 3131.443054
demand_166 10 6 851.304625
demand_167 10 7 623.446146
demand_168 10 8 1756.439172
demand_169 10 9 1807.677861
demand_170 10 11 758.330479
demand_171 10 12 624.906223
demand_172 10 13 1564.871491
demand_173 10 14 1917.721766
demand_174 10 15 2432.043893
demand_175 10 16 280.031417
demand_176 11 0 126.464820
demand_177 11 1 23.992221
demand_178 11 2 3.321086
demand_179 11 3 63.892081
demand_180 11 4 0.122131
demand_181 11 5 221.125306
demand_182 11 6 60.114456
demand_183 11 7 44.024342
demand_184 11 8 124.030085
demand_185 11 9 127.648280
demand_186 11 10 470.948630
demand_187 11 12 44.127445
demand_188 11 13 110.502628
demand_189 11 14 135.418976
demand_190 11 15 171.737579
demand_191 11 16 19.774280
demand_192 12 0 184.053904
demand_193 12 1 34.917710
demand_194 12 2 4.833430
demand_195 12 3 92.987020
demand_196 12 4 0.177746
demand_197 12 5 321.820532
demand_198 12 6 87.489155
demand_199 12 7 64.071984
demand_200 12 8 180.510448
demand_201 12 9 185.776283
demand_202 12 10 685.407479
demand_203 12 11 77.934139
demand_204 12 13 160.822907
demand_205 12 14 197.085570
demand_206 12 15 249.942805
demand_207 12 16 28.779019
demand_208 13 0 1930.872448
demand_209 13 1 366.314670
demand_210 13 2 50.706542
demand_211 13 3 975.508112
demand_212 13 4 1.864698
demand_213 13 5 3376.154410
demand_214 13 6 917.831113
demand_215 13 7 672.166289
demand_216 13 8 1893.698769
demand_217 13 9 1948.941584
demand_218 13 10 7190.471878
demand_219 13 11 817.591362
demand_220 13 12 673.740465
demand_221 13 14 2067.585035
demand_222 13 15 2622.099644
demand_223 13 16 301.914896
demand_224 14 0 25.701812
demand_225 14 1 4.876009
demand_226 14 2 0.674954
demand_227 14 3 12.984973
demand_228 14 4 0.024821
demand_229 14 5 44.939938
demand_230 14 6 12.217235
demand_231 14 7 8.947195
demand_232 14 8 25.206994
demand_233 14 9 25.942330
demand_234 14 10 95.712257
demand_235 14 11 10.882946
demand_236 14 12 8.968149
demand_237 14 13 22.457770
demand_238 14 15 34.902727
demand_239 14 16 4.018784
demand_240 15 0 717.790158
demand_241 15 1 136.175264
demand_242 15 2 18.849850
demand_243 15 3 362.639242
demand_244 15 4 0.693190
demand_245 15 5 1255.064989
demand_246 15 6 341.198167
demand_247 15 7 249.873754
demand_248 15 8 703.971068
demand_249 15 9 724.507250
demand_250 15 10 2673.014446
demand_251 15 11 303.934646
demand_252 15 12 250.458944
demand_253 15 13 627.191805
demand_254 15 14 768.612236
demand_255 15 16 112.235037
demand_256 16 0 1322.780752
demand_257 16 1 250.950804
demand_258 16 2 34.737477
demand_259 16 3 668.290313
demand_260 16 4 1.277446
demand_261 16 5 2312.898542
demand_262 16 6 628.777593
demand_263 16 7 460.480251
demand_264 16 8 1297.314219
demand_265 16 9 1335.159356
demand_266 16 10 4925.968987
demand_267 16 11 560.106452
demand_268 16 12 461.558670
demand_269 16 13 1155.821430
demand_270 16 14 1416.438300
demand_271 16 15 1796.319038
