DEMANDS 272
label src dest bw
demand_0 0 1 172.799637
demand_1 0 2 98.267146
demand_2 0 3 572.450229
demand_3 0 4 40.212682
demand_4 0 5 1321.062871
demand_5 0 6 489.060221
demand_6 0 7 289.836698
demand_7 0 8 702.898079
demand_8 0 9 777.144235
demand_9 0 10 1380.185049
demand_10 0 11 469.304935
demand_11 0 12 408.526682
demand_12 0 13 637.740341
demand_13 0 14 861.825240
demand_14 0 15 1278.711890
demand_15 0 16 107.005955
demand_16 1 0 546.242535
demand_17 1 2 73.741715
demand_18 1 3 429.578586
demand_19 1 4 30.176435
demand_20 1 5 991.353120
demand_21 1 6 367.000985
demand_22 1 7 217.499501
demand_23 1 8 527.469372
demand_24 1 9 583.185236
demand_25 1 10 1035.719634
demand_26 1 11 352.176207
demand_27 1 12 306.566939
demand_28 1 13 478.573647
demand_29 1 14 646.731627
demand_30 1 15 959.572060
demand_31 1 16 80.299499
demand_32 2 0 2762.962547
demand_33 2 1 655.899348
demand_34 2 3 2172.861811
demand_35 2 4 152.636152
demand_36 2 5 5014.387131
demand_37 2 6 1856.336537
demand_38 2 7 1100.139472
demand_39 2 8 2668.005557
demand_40 2 9 2949.823311
demand_41 2 10 5238.798470
demand_42 2 11 1781.350971
demand_43 2 12 1550.653629
demand_44 2 13 2420.684909
demand_45 2 14 3271.248846
demand_46 2 15 4853.634588
demand_47 2 16 406.164835
demand_48 3 0 285.279146
demand_49 3 1 67.722382
demand_50 3 2 38.512148
demand_51 3 4 15.759863
demand_52 3 5 517.741394
demand_53 3 6 191.668940
demand_54 3 7 113.590700
demand_55 3 8 275.474725
demand_56 3 9 304.572741
demand_57 3 10 540.912130
demand_58 3 11 183.926592
demand_59 3 12 160.106819
demand_60 3 13 249.938576
demand_61 3 14 337.760307
demand_62 3 15 501.143504
demand_63 3 16 41.936999
demand_64 4 0 1412.734987
demand_65 4 1 335.368989
demand_66 4 2 190.716566
demand_67 4 3 1111.009595
demand_68 4 5 2563.914645
demand_69 4 6 949.166530
demand_70 4 7 562.514147
demand_71 4 8 1364.182370
demand_72 4 9 1508.279075
demand_73 4 10 2678.658781
demand_74 4 11 910.825535
demand_75 4 12 792.867293
demand_76 4 13 1237.724437
demand_77 4 14 1672.627702
demand_78 4 15 2481.719994
demand_79 4 16 207.676819
demand_80 5 0 648.262467
demand_81 5 1 153.890949
demand_82 5 2 87.514214
demand_83 5 3 509.809574
demand_84 5 4 35.812389
demand_85 5 6 435.544559
demand_86 5 7 258.121171
demand_87 5 8 625.983102
demand_88 5 9 692.104835
demand_89 5 10 1229.157603
demand_90 5 11 417.951006
demand_91 5 12 363.823443
demand_92 5 13 567.955282
demand_93 5 14 767.519578
demand_94 5 15 1138.788195
demand_95 5 16 95.296774
demand_96 6 0 1428.521091
demand_97 6 1 339.116451
demand_98 6 2 192.847661
demand_99 6 3 1123.424176
demand_100 6 4 78.916728
demand_101 6 5 2592.564196
demand_102 6 7 568.799761
demand_103 6 8 1379.425940
demand_104 6 9 1525.132803
demand_105 6 10 2708.590499
demand_106 6 11 921.003230
demand_107 6 12 801.726906
demand_108 6 13 1251.554948
demand_109 6 14 1691.317884
demand_110 6 15 2509.451090
demand_111 6 16 209.997430
demand_112 7 0 800.139552
demand_113 7 1 189.945032
demand_114 7 2 108.017335
demand_115 7 3 629.249454
demand_116 7 4 44.202634
demand_117 7 5 1452.140376
demand_118 7 6 537.585385
demand_119 7 8 772.640502
demand_120 7 9 854.253455
demand_121 7 10 1517.128730
demand_122 7 11 515.869956
demand_123 7 12 449.061208
demand_124 7 13 701.017732
demand_125 7 14 947.336614
demand_126 7 15 1405.587277
demand_127 7 16 117.623219
demand_128 8 0 101.137987
demand_129 8 1 24.009135
demand_130 8 2 13.653438
demand_131 8 3 79.537405
demand_132 8 4 5.587232
demand_133 8 5 183.551175
demand_134 8 6 67.951027
demand_135 8 7 40.270503
demand_136 8 9 107.978008
demand_137 8 10 191.765731
demand_138 8 11 65.206187
demand_139 8 12 56.761532
demand_140 8 13 88.608946
demand_141 8 14 119.743760
demand_142 8 15 177.666843
demand_143 8 16 14.867626
demand_144 9 0 441.010861
demand_145 9 1 104.691516
demand_146 9 2 59.535637
demand_147 9 3 346.821805
demand_148 9 4 24.363052
demand_149 9 5 800.372481
demand_150 9 6 296.299556
demand_151 9 7 175.598998
demand_152 9 8 425.854281
demand_153 9 10 836.191945
demand_154 9 11 284.330719
demand_155 9 12 247.507913
demand_156 9 13 386.378143
demand_157 9 14 522.141089
demand_158 9 15 774.713929
demand_159 9 16 64.830088
demand_160 10 0 1471.285049
demand_161 10 1 349.268182
demand_162 10 2 198.620715
demand_163 10 3 1157.054807
demand_164 10 4 81.279165
demand_165 10 5 2670.174746
demand_166 10 6 988.504241
demand_167 10 7 585.827252
demand_168 10 8 1420.720195
demand_169 10 9 1570.788913
demand_170 10 11 948.574223
demand_171 10 12 825.727263
demand_172 10 13 1289.021279
demand_173 10 14 1741.948882
demand_174 10 15 2584.573581
demand_175 10 16 216.283876
demand_176 11 0 212.091323
demand_177 11 1 50.348334
demand_178 11 2 28.631930
demand_179 11 3 166.793841
demand_180 11 4 11.716700
demand_181 11 5 384.915823
demand_182 11 6 142.496637
demand_183 11 7 84.449222
demand_184 11 8 204.802207
demand_185 11 9 226.435183
demand_186 11 10 402.142150
demand_187 11 12 119.031718
demand_188 11 13 185.817309
demand_189 11 14 251.108542
demand_190 11 15 372.576090
demand_191 11 16 31.178142
demand_192 12 0 234.552133
demand_193 12 1 55.680303
demand_194 12 2 31.664097
demand_195 12 3 184.457575
demand_196 12 4 12.957517
demand_197 12 5 425.679022
demand_198 12 6 157.587259
demand_199 12 7 93.392529
demand_200 12 8 226.491088
demand_201 12 9 250.415030
demand_202 12 10 444.729645
demand_203 12 11 151.221619
demand_204 12 13 205.495658
demand_205 12 14 277.701337
demand_206 12 15 412.032492
demand_207 12 16 34.479956
demand_208 13 0 2327.367135
demand_209 13 1 552.493406
demand_210 13 2 314.190187
demand_211 13 3 1830.298848
demand_212 13 4 128.572269
demand_213 13 5 4223.842927
demand_214 13 6 1563.675430
demand_215 13 7 926.696764
demand_216 13 8 2247.380608
demand_217 13 9 2484.768328
demand_218 13 10 4412.874652
demand_219 13 11 1500.511728
demand_220 13 12 1306.185022
demand_221 13 14 2755.519457
demand_222 13 15 4088.433859
demand_223 13 16 342.130837
demand_224 14 0 32.591818
demand_225 14 1 7.736968
demand_226 14 2 4.399834
demand_227 14 3 25.631009
demand_228 14 4 1.800491
demand_229 14 5 59.149551
demand_230 14 6 21.897287
demand_231 14 7 12.977210
demand_232 14 8 31.471709
demand_233 14 9 34.796022
demand_234 14 10 61.796700
demand_235 14 11 21.012759
demand_236 14 12 18.291461
demand_237 14 13 28.554322
demand_238 14 15 57.253319
demand_239 14 16 4.791107
demand_240 15 0 772.343826
demand_241 15 1 183.346608
demand_242 15 2 104.264964
demand_243 15 3 607.390211
demand_244 15 4 42.667097
demand_245 15 5 1401.695055
demand_246 15 6 518.910423
demand_247 15 7 307.527125
demand_248 15 8 745.800055
demand_249 15 9 824.577888
demand_250 15 10 1464.425805
demand_251 15 11 497.949357
demand_252 15 12 433.461452
demand_253 15 13 676.665359
demand_254 15 14 914.427469
demand_255 15 16 113.537154
demand_256 16 0 1121.649014
demand_257 16 1 266.268125
demand_258 16 2 151.420508
demand_259 16 3 882.092416
demand_260 16 4 61.963992
demand_261 16 5 2035.634681
demand_262 16 6 753.596189
demand_263 16 7 446.611321
demand_264 16 8 1083.100386
demand_265 16 9 1197.506789
demand_266 16 10 2126.736443
demand_267 16 11 723.155137
demand_268 16 12 629.501517
demand_269 16 13 982.698388
demand_270 16 14 1327.992320
demand_271 16 15 1970.375768
