DEMANDS 272
label src dest bw
demand_0 0 1 160.701735
demand_1 0 2 34.819435
demand_2 0 3 559.198541
demand_3 0 4 3.486077
demand_4 0 5 1609.654016
demand_5 0 6 535.838077
demand_6 0 7 256.815920
demand_7 0 8 665.789922
demand_8 0 9 937.591738
demand_9 0 10 1802.404447
demand_10 0 11 414.425512
demand_11 0 12 353.724772
demand_12 0 13 610.657469
demand_13 0 14 969.581469
demand_14 0 15 1457.689709
demand_15 0 16 113.276862
demand_16 1 0 644.428340
demand_17 1 2 24.932527
demand_18 1 3 400.415256
demand_19 1 4 2.496213
demand_20 1 5 1152.596040
demand_21 1 6 383.687948
demand_22 1 7 183.893563
demand_23 1 8 476.740231
demand_24 1 9 671.364476
demand_25 1 10 1290.615380
demand_26 1 11 296.750233
demand_27 1 12 253.285344
demand_28 1 13 437.262526
demand_29 1 14 694.270788
demand_30 1 15 1043.781688
demand_31 1 16 81.112128
demand_32 2 0 2560.669459
demand_33 2 1 457.239817
demand_34 2 3 1591.070802
demand_35 2 4 9.918830
demand_36 2 5 4579.900191
demand_37 2 6 1524.603976
demand_38 2 7 730.710618
demand_39 2 8 1894.352055
demand_40 2 9 2667.701591
demand_41 2 10 5128.327200
demand_42 2 11 1179.152452
demand_43 2 12 1006.442461
demand_44 2 13 1737.485342
demand_45 2 14 2758.721011
demand_46 2 15 4147.520716
demand_47 2 16 322.303251
demand_48 3 0 516.351235
demand_49 3 1 92.201023
demand_50 3 2 19.977304
demand_51 3 4 2.000102
demand_52 3 5 923.522992
demand_53 3 6 307.431771
demand_54 3 7 147.345581
demand_55 3 8 381.990350
demand_56 3 9 537.933940
demand_57 3 10 1034.111636
demand_58 3 11 237.772518
demand_59 3 12 202.946072
demand_60 3 13 350.358653
demand_61 3 14 556.287730
demand_62 3 15 836.334982
demand_63 3 16 64.991474
demand_64 4 0 1478.327933
demand_65 4 1 263.974092
demand_66 4 2 57.195578
demand_67 4 3 918.558388
demand_68 4 5 2644.071987
demand_69 4 6 880.185702
demand_70 4 7 421.854494
demand_71 4 8 1093.648986
demand_72 4 9 1540.119818
demand_73 4 10 2960.690348
demand_74 4 11 680.749326
demand_75 4 12 581.040243
demand_76 4 13 1003.086558
demand_77 4 14 1592.667229
demand_78 4 15 2394.450290
demand_79 4 16 186.072395
demand_80 5 0 706.181199
demand_81 5 1 126.097557
demand_82 5 2 27.321706
demand_83 5 3 438.785366
demand_84 5 4 2.735414
demand_85 5 6 420.455151
demand_86 5 7 201.515310
demand_87 5 8 522.424244
demand_88 5 9 735.698511
demand_89 5 10 1414.289626
demand_90 5 11 325.186560
demand_91 5 12 277.556614
demand_92 5 13 479.163555
demand_93 5 14 760.799839
demand_94 5 15 1143.802900
demand_95 5 16 88.884762
demand_96 6 0 1709.745010
demand_97 6 1 305.296528
demand_98 6 2 66.148959
demand_99 6 3 1062.349283
demand_100 6 4 6.622749
demand_101 6 5 3057.974339
demand_102 6 7 487.891488
demand_103 6 8 1264.848519
demand_104 6 9 1781.209780
demand_105 6 10 3424.156057
demand_106 6 11 787.313651
demand_107 6 12 671.996133
demand_108 6 13 1160.109471
demand_109 6 14 1841.982949
demand_110 6 15 2769.276926
demand_111 6 16 215.200120
demand_112 7 0 1218.792884
demand_113 7 1 217.630836
demand_114 7 2 47.154330
demand_115 7 3 757.296404
demand_116 7 4 4.721031
demand_117 7 5 2179.879072
demand_118 7 6 725.660421
demand_119 7 8 901.648121
demand_120 7 9 1269.736594
demand_121 7 10 2440.911957
demand_122 7 11 561.237068
demand_123 7 12 479.032897
demand_124 7 13 826.984820
demand_125 7 14 1313.058789
demand_126 7 15 1974.080926
demand_127 7 16 153.405551
demand_128 8 0 105.599038
demand_129 8 1 18.856040
demand_130 8 2 4.085560
demand_131 8 3 65.613914
demand_132 8 4 0.409041
demand_133 8 5 188.869770
demand_134 8 6 62.872899
demand_135 8 7 30.133658
demand_136 8 9 110.012919
demand_137 8 10 211.486264
demand_138 8 11 48.626879
demand_139 8 12 41.504519
demand_140 8 13 71.651880
demand_141 8 14 113.766454
demand_142 8 15 171.038942
demand_143 8 16 13.291412
demand_144 9 0 613.325627
demand_145 9 1 109.517024
demand_146 9 2 23.729183
demand_147 9 3 381.089599
demand_148 9 4 2.375735
demand_149 9 5 1096.967103
demand_150 9 6 365.169619
demand_151 9 7 175.018118
demand_152 9 8 453.730824
demand_153 9 10 1228.325072
demand_154 9 11 282.427869
demand_155 9 12 241.060771
demand_156 9 13 416.158471
demand_157 9 14 660.762477
demand_158 9 15 993.404571
demand_159 9 16 77.197329
demand_160 10 0 1890.031310
demand_161 10 1 337.488920
demand_162 10 2 73.124122
demand_163 10 3 1174.370093
demand_164 10 4 7.321093
demand_165 10 5 3380.426445
demand_166 10 6 1125.310899
demand_167 10 7 539.337845
demand_168 10 8 1398.222126
demand_169 10 9 1969.031776
demand_170 10 11 870.332969
demand_171 10 12 742.855645
demand_172 10 13 1282.438733
demand_173 10 14 2036.213252
demand_174 10 15 3061.286955
demand_175 10 16 237.892178
demand_176 11 0 181.097400
demand_177 11 1 32.337224
demand_178 11 2 7.006544
demand_179 11 3 112.524787
demand_180 11 4 0.701486
demand_181 11 5 323.902803
demand_182 11 6 107.824075
demand_183 11 7 51.677811
demand_184 11 8 133.973649
demand_185 11 9 188.666999
demand_186 11 10 362.689029
demand_187 11 12 71.178305
demand_188 11 13 122.879615
demand_189 11 14 195.104136
demand_190 11 15 293.323769
demand_191 11 16 22.794149
demand_192 12 0 262.812682
demand_193 12 1 46.928518
demand_194 12 2 10.168057
demand_195 12 3 163.298540
demand_196 12 4 1.018013
demand_197 12 5 470.055144
demand_198 12 6 156.476760
demand_199 12 7 74.996020
demand_200 12 8 194.425619
demand_201 12 9 273.797857
demand_202 12 10 526.342602
demand_203 12 11 121.021562
demand_204 12 13 178.325703
demand_205 12 14 283.139577
demand_206 12 15 425.678152
demand_207 12 16 33.079389
demand_208 13 0 2168.858215
demand_209 13 1 387.276980
demand_210 13 2 83.911760
demand_211 13 3 1347.619064
demand_212 13 4 8.401138
demand_213 13 5 3879.123921
demand_214 13 6 1291.322410
demand_215 13 7 618.903670
demand_216 13 8 1604.494872
demand_217 13 9 2259.513226
demand_218 13 10 4343.635425
demand_219 13 11 998.728857
demand_220 13 12 852.445438
demand_221 13 14 2336.605650
demand_222 13 15 3512.903371
demand_223 13 16 272.987227
demand_224 14 0 46.735639
demand_225 14 1 8.345238
demand_226 14 2 1.808172
demand_227 14 3 29.039168
demand_228 14 4 0.181032
demand_229 14 5 83.589298
demand_230 14 6 27.826060
demand_231 14 7 13.336445
demand_232 14 8 34.574456
demand_233 14 9 48.689119
demand_234 14 10 93.598824
demand_235 14 11 21.521108
demand_236 14 12 18.368920
demand_237 14 13 31.711429
demand_238 14 15 75.697795
demand_239 14 16 5.882465
demand_240 15 0 973.312993
demand_241 15 1 173.797307
demand_242 15 2 37.656867
demand_243 15 3 604.767585
demand_244 15 4 3.770157
demand_245 15 5 1740.824590
demand_246 15 6 579.503478
demand_247 15 7 277.743828
demand_248 15 8 720.045089
demand_249 15 9 1013.996012
demand_250 15 10 1949.282238
demand_251 15 11 448.197013
demand_252 15 12 382.549774
demand_253 15 13 660.419896
demand_254 15 14 1048.592583
demand_255 15 16 122.507784
demand_256 16 0 1223.892635
demand_257 16 1 218.541461
demand_258 16 2 47.351636
demand_259 16 3 760.465132
demand_260 16 4 4.740785
demand_261 16 5 2189.000261
demand_262 16 6 728.696776
demand_263 16 7 349.249038
demand_264 16 8 905.420854
demand_265 16 9 1275.049507
demand_266 16 10 2451.125377
demand_267 16 11 563.585432
demand_268 16 12 481.037297
demand_269 16 13 830.445142
demand_270 16 14 1318.552973
demand_271 16 15 1982.341001
