DEMANDS 272
label src dest bw
demand_0 0 1 115.103271
demand_1 0 2 33.443088
demand_2 0 3 242.280321
demand_3 0 4 18.013031
demand_4 0 5 847.085073
demand_5 0 6 237.115620
demand_6 0 7 122.021198
demand_7 0 8 303.948500
demand_8 0 9 501.168612
demand_9 0 10 854.726564
demand_10 0 11 210.379797
demand_11 0 12 172.874909
demand_12 0 13 284.539376
demand_13 0 14 600.586651
demand_14 0 15 604.274053
demand_15 0 16 112.460846
demand_16 1 0 262.583269
demand_17 1 2 25.491989
demand_18 1 3 184.678139
demand_19 1 4 13.730430
demand_20 1 5 645.690472
demand_21 1 6 180.741346
demand_22 1 7 93.010640
demand_23 1 8 231.684700
demand_24 1 9 382.015701
demand_25 1 10 651.515198
demand_26 1 11 160.361969
demand_27 1 12 131.773874
demand_28 1 13 216.890097
demand_29 1 14 457.797087
demand_30 1 15 460.607808
demand_31 1 16 85.723263
demand_32 2 0 3772.549188
demand_33 2 1 1260.529099
demand_34 2 3 2653.281627
demand_35 2 4 197.265896
demand_36 2 5 9276.672795
demand_37 2 6 2596.721501
demand_38 2 7 1336.289315
demand_39 2 8 3328.627639
demand_40 2 9 5488.441929
demand_41 2 10 9360.356974
demand_42 2 11 2303.929794
demand_43 2 12 1893.202954
demand_44 2 13 3116.072720
demand_45 2 14 6577.197534
demand_46 2 15 6617.579330
demand_47 2 16 1231.591136
demand_48 3 0 241.196057
demand_49 3 1 80.591301
demand_50 3 2 23.415685
demand_51 3 4 12.612097
demand_52 3 5 593.099463
demand_53 3 6 166.020098
demand_54 3 7 85.434993
demand_55 3 8 212.814153
demand_56 3 9 350.900806
demand_57 3 10 598.449769
demand_58 3 11 147.300606
demand_59 3 12 121.040990
demand_60 3 13 199.224560
demand_61 3 14 420.509854
demand_62 3 15 423.091644
demand_63 3 16 78.741167
demand_64 4 0 706.522991
demand_65 4 1 236.071882
demand_66 4 2 68.590342
demand_67 4 3 496.906568
demand_68 4 5 1737.335229
demand_69 4 6 486.313988
demand_70 4 7 250.260255
demand_71 4 8 623.385365
demand_72 4 9 1027.875374
demand_73 4 10 1753.007601
demand_74 4 11 431.479959
demand_75 4 12 354.559039
demand_76 4 13 583.578081
demand_77 4 14 1231.777517
demand_78 4 15 1239.340219
demand_79 4 16 230.652381
demand_80 5 0 335.326239
demand_81 5 1 112.043200
demand_82 5 2 32.553989
demand_83 5 3 235.839191
demand_84 5 4 17.534147
demand_85 5 6 230.811796
demand_86 5 7 118.777211
demand_87 5 8 295.867895
demand_88 5 9 487.844823
demand_89 5 10 832.003281
demand_90 5 11 204.786757
demand_91 5 12 168.278953
demand_92 5 13 276.974771
demand_93 5 14 584.619790
demand_94 5 15 588.209160
demand_95 5 16 109.471024
demand_96 6 0 1152.514039
demand_97 6 1 385.091727
demand_98 6 2 111.887841
demand_99 6 3 810.577722
demand_100 6 4 60.264745
demand_101 6 5 2834.024184
demand_102 6 7 408.236479
demand_103 6 8 1016.895975
demand_104 6 9 1676.719391
demand_105 6 10 2859.589707
demand_106 6 11 703.850712
demand_107 6 12 578.373634
demand_108 6 13 951.960433
demand_109 6 14 2009.334304
demand_110 6 15 2021.670946
demand_111 6 16 376.251178
demand_112 7 0 699.252534
demand_113 7 1 233.642591
demand_114 7 2 67.884515
demand_115 7 3 491.793164
demand_116 7 4 36.563785
demand_117 7 5 1719.457226
demand_118 7 6 481.309587
demand_119 7 8 616.970435
demand_120 7 9 1017.298049
demand_121 7 10 1734.968322
demand_122 7 11 427.039826
demand_123 7 12 350.910458
demand_124 7 13 577.572786
demand_125 7 14 1219.101943
demand_126 7 15 1226.586821
demand_127 7 16 228.278859
demand_128 8 0 140.610091
demand_129 8 1 46.982319
demand_130 8 2 13.650645
demand_131 8 3 98.892858
demand_132 8 4 7.352476
demand_133 8 5 345.759257
demand_134 8 6 96.784754
demand_135 8 7 49.806047
demand_136 8 9 204.564680
demand_137 8 10 348.878326
demand_138 8 11 85.871850
demand_139 8 12 70.563279
demand_140 8 13 116.141963
demand_141 8 14 245.144675
demand_142 8 15 246.649781
demand_143 8 16 45.903747
demand_144 9 0 243.967229
demand_145 9 1 81.517238
demand_146 9 2 23.684715
demand_147 9 3 171.585242
demand_148 9 4 12.757001
demand_149 9 5 599.913757
demand_150 9 6 167.927552
demand_151 9 7 86.416581
demand_152 9 8 215.259237
demand_153 9 10 605.325534
demand_154 9 11 148.992986
demand_155 9 12 122.431665
demand_156 9 13 201.513510
demand_157 9 14 425.341215
demand_158 9 15 427.952668
demand_159 9 16 79.645847
demand_160 10 0 1759.993870
demand_161 10 1 588.070129
demand_162 10 2 170.862920
demand_163 10 3 1237.825981
demand_164 10 4 92.029753
demand_165 10 5 4327.812957
demand_166 10 6 1211.439188
demand_167 10 7 623.414271
demand_168 10 8 1552.892739
demand_169 10 9 2560.503170
demand_170 10 11 1074.844121
demand_171 10 12 883.229198
demand_172 10 13 1453.730253
demand_173 10 14 3068.436425
demand_174 10 15 3087.275600
demand_175 10 16 574.569805
demand_176 11 0 190.844048
demand_177 11 1 63.767088
demand_178 11 2 18.527435
demand_179 11 3 134.223036
demand_180 11 4 9.979200
demand_181 11 5 469.284217
demand_182 11 6 131.361798
demand_183 11 7 67.599612
demand_184 11 8 168.387141
demand_185 11 9 277.646871
demand_186 11 10 473.517595
demand_187 11 12 95.772513
demand_188 11 13 157.634507
demand_189 11 14 332.724357
demand_190 11 15 334.767174
demand_191 11 16 62.303187
demand_192 12 0 203.123602
demand_193 12 1 67.870079
demand_194 12 2 19.719553
demand_195 12 3 142.859402
demand_196 12 4 10.621295
demand_197 12 5 499.479556
demand_198 12 6 139.814062
demand_199 12 7 71.949201
demand_200 12 8 179.221742
demand_201 12 9 295.511612
demand_202 12 10 503.985324
demand_203 12 11 124.049415
demand_204 12 13 167.777246
demand_205 12 14 354.132971
demand_206 12 15 356.307230
demand_207 12 16 66.311986
demand_208 13 0 2213.489240
demand_209 13 1 739.597407
demand_210 13 2 214.888950
demand_211 13 3 1556.775019
demand_212 13 4 115.742941
demand_213 13 5 5442.954987
demand_214 13 6 1523.589175
demand_215 13 7 784.048630
demand_216 13 8 1953.024625
demand_217 13 9 3220.264747
demand_218 13 10 5492.055482
demand_219 13 11 1351.797831
demand_220 13 12 1110.809737
demand_221 13 14 3859.076515
demand_222 13 15 3882.769956
demand_223 13 16 722.618472
demand_224 14 0 42.371665
demand_225 14 1 14.157726
demand_226 14 2 4.113507
demand_227 14 3 29.800529
demand_228 14 4 2.215607
demand_229 14 5 104.191637
demand_230 14 6 29.165270
demand_231 14 7 15.008632
demand_232 14 8 37.385728
demand_233 14 9 61.643842
demand_234 14 10 105.131542
demand_235 14 11 25.876758
demand_236 14 12 21.263649
demand_237 14 13 34.998401
demand_238 14 15 74.325832
demand_239 14 16 13.832707
demand_240 15 0 363.320041
demand_241 15 1 121.396823
demand_242 15 2 35.271670
demand_243 15 3 255.527587
demand_244 15 4 18.997937
demand_245 15 5 893.401511
demand_246 15 6 250.080494
demand_247 15 7 128.693004
demand_248 15 8 320.567625
demand_249 15 9 528.571226
demand_250 15 10 901.460820
demand_251 15 11 221.882824
demand_252 15 12 182.327265
demand_253 15 13 300.097259
demand_254 15 14 633.425188
demand_255 15 16 118.609916
demand_256 16 0 702.774631
demand_257 16 1 234.819436
demand_258 16 2 68.226445
demand_259 16 3 494.270299
demand_260 16 4 36.747955
demand_261 16 5 1728.118038
demand_262 16 6 483.733917
demand_263 16 7 248.932534
demand_264 16 8 620.078081
demand_265 16 9 1022.422123
demand_266 16 10 1743.707263
demand_267 16 11 429.190802
demand_268 16 12 352.677975
demand_269 16 13 580.481989
demand_270 16 14 1225.242492
demand_271 16 15 1232.765072
