DEMANDS 272
label src dest bw
demand_0 0 1 92.164906
demand_1 0 2 51.839627
demand_2 0 3 322.160263
demand_3 0 4 37.817590
demand_4 0 5 863.909882
demand_5 0 6 315.263638
demand_6 0 7 115.448880
demand_7 0 8 456.526347
demand_8 0 9 521.877657
demand_9 0 10 1292.588672
demand_10 0 11 287.010907
demand_11 0 12 283.346083
demand_12 0 13 323.694750
demand_13 0 14 545.360307
demand_14 0 15 592.796164
demand_15 0 16 62.134924
demand_16 1 0 437.518933
demand_17 1 2 48.982993
demand_18 1 3 304.407553
demand_19 1 4 35.733643
demand_20 1 5 816.303942
demand_21 1 6 297.890967
demand_22 1 7 109.087045
demand_23 1 8 431.369364
demand_24 1 9 493.119477
demand_25 1 10 1221.360295
demand_26 1 11 271.195109
demand_27 1 12 267.732236
demand_28 1 13 305.857481
demand_29 1 14 515.308110
demand_30 1 15 560.130003
demand_31 1 16 58.710965
demand_32 2 0 6219.213308
demand_33 2 1 1237.905914
demand_34 2 3 4327.071034
demand_35 2 4 507.944077
demand_36 2 5 11603.539771
demand_37 2 6 4234.439533
demand_38 2 7 1550.642841
demand_39 2 8 6131.798849
demand_40 2 9 7009.560000
demand_41 2 10 17361.306280
demand_42 2 11 3854.965128
demand_43 2 12 3805.741329
demand_44 2 13 4347.681371
demand_45 2 14 7324.965422
demand_46 2 15 7962.096514
demand_47 2 16 834.560494
demand_48 3 0 334.951797
demand_49 3 1 66.670621
demand_50 3 2 37.499958
demand_51 3 4 27.356640
demand_52 3 5 624.938607
demand_53 3 6 228.056679
demand_54 3 7 83.513876
demand_55 3 8 330.243866
demand_56 3 9 377.517960
demand_57 3 10 935.037995
demand_58 3 11 207.619105
demand_59 3 12 204.968030
demand_60 3 13 234.155611
demand_61 3 14 394.504934
demand_62 3 15 428.819274
demand_63 3 16 44.947411
demand_64 4 0 669.091260
demand_65 4 1 133.179550
demand_66 4 2 74.908969
demand_67 4 3 465.525986
demand_68 4 5 1248.361595
demand_69 4 6 455.560268
demand_70 4 7 166.825211
demand_71 4 8 659.686814
demand_72 4 9 754.120352
demand_73 4 10 1867.808308
demand_74 4 11 414.734685
demand_75 4 12 409.438965
demand_76 4 13 467.743340
demand_77 4 14 788.053102
demand_78 4 15 856.598564
demand_79 4 16 89.785814
demand_80 5 0 461.224756
demand_81 5 1 91.804674
demand_82 5 2 51.637009
demand_83 5 3 320.901082
demand_84 5 4 37.669778
demand_85 5 6 314.031412
demand_86 5 7 114.997642
demand_87 5 8 454.741989
demand_88 5 9 519.837870
demand_89 5 10 1287.536518
demand_90 5 11 285.889109
demand_91 5 12 282.238609
demand_92 5 13 322.429571
demand_93 5 14 543.228737
demand_94 5 15 590.479187
demand_95 5 16 61.892066
demand_96 6 0 835.363803
demand_97 6 1 166.275338
demand_98 6 2 93.524225
demand_99 6 3 581.211535
demand_100 6 4 68.226973
demand_101 6 5 1558.585730
demand_102 6 7 208.282115
demand_103 6 8 823.622306
demand_104 6 9 941.523053
demand_105 6 10 2331.968068
demand_106 6 11 517.798341
demand_107 6 12 511.186607
demand_108 6 13 583.979913
demand_109 6 14 983.888262
demand_110 6 15 1069.467615
demand_111 6 16 112.098041
demand_112 7 0 571.499450
demand_113 7 1 113.754347
demand_114 7 2 63.982953
demand_115 7 3 397.625647
demand_116 7 4 46.676283
demand_117 7 5 1066.279009
demand_118 7 6 389.113501
demand_119 7 8 563.466712
demand_120 7 9 644.126433
demand_121 7 10 1595.374930
demand_122 7 11 354.242626
demand_123 7 12 349.719325
demand_124 7 13 399.519584
demand_125 7 14 673.109846
demand_126 7 15 731.657455
demand_127 7 16 76.689903
demand_128 8 0 90.141491
demand_129 8 1 17.942251
demand_130 8 2 10.091906
demand_131 8 3 62.716716
demand_132 8 4 7.362159
demand_133 8 5 168.182103
demand_134 8 6 61.374112
demand_135 8 7 22.475070
demand_136 8 9 101.596803
demand_137 8 10 251.635368
demand_138 8 11 55.873997
demand_139 8 12 55.160545
demand_140 8 13 63.015443
demand_141 8 14 106.168300
demand_142 8 15 115.402900
demand_143 8 16 12.096148
demand_144 9 0 375.152809
demand_145 9 1 74.672448
demand_146 9 2 42.000714
demand_147 9 3 261.015786
demand_148 9 4 30.639992
demand_149 9 5 699.943919
demand_150 9 6 255.428107
demand_151 9 7 93.537235
demand_152 9 8 369.879830
demand_153 9 10 1047.261526
demand_154 9 11 232.537610
demand_155 9 12 229.568352
demand_156 9 13 262.259035
demand_157 9 14 441.853530
demand_158 9 15 480.286288
demand_159 9 16 50.342012
demand_160 10 0 1278.897163
demand_161 10 1 254.558621
demand_162 10 2 143.180571
demand_163 10 3 889.803677
demand_164 10 4 104.451835
demand_165 10 5 2386.111130
demand_166 10 6 870.755261
demand_167 10 7 318.868743
demand_168 10 8 1260.921561
demand_169 10 9 1441.421279
demand_170 10 11 792.721478
demand_171 10 12 782.599269
demand_172 10 13 894.041914
demand_173 10 14 1506.280141
demand_174 10 15 1637.297539
demand_175 10 16 171.616086
demand_176 11 0 249.698580
demand_177 11 1 49.701358
demand_178 11 2 27.955324
demand_179 11 3 173.729930
demand_180 11 4 20.393723
demand_181 11 5 465.876833
demand_182 11 6 170.010817
demand_183 11 7 62.257603
demand_184 11 8 246.188929
demand_185 11 9 281.430639
demand_186 11 10 697.048534
demand_187 11 12 152.798780
demand_188 11 13 174.557425
demand_189 11 14 294.094023
demand_190 11 15 319.674546
demand_191 11 16 33.507223
demand_192 12 0 299.299736
demand_193 12 1 59.574241
demand_194 12 2 33.508486
demand_195 12 3 208.240360
demand_196 12 4 24.444817
demand_197 12 5 558.420530
demand_198 12 6 203.782468
demand_199 12 7 74.624711
demand_200 12 8 295.092914
demand_201 12 9 337.335183
demand_202 12 10 835.513132
demand_203 12 11 185.520256
demand_204 12 13 209.232233
demand_205 12 14 352.514074
demand_206 12 15 383.176017
demand_207 12 16 40.163237
demand_208 13 0 1793.638645
demand_209 13 1 357.015554
demand_210 13 2 200.809113
demand_211 13 3 1247.939481
demand_212 13 4 146.492503
demand_213 13 5 3346.493571
demand_214 13 6 1221.224295
demand_215 13 7 447.209765
demand_216 13 8 1768.428068
demand_217 13 9 2021.576858
demand_218 13 10 5007.049659
demand_219 13 11 1111.782807
demand_220 13 12 1097.586524
demand_221 13 14 2112.540671
demand_222 13 15 2296.291073
demand_223 13 16 240.689598
demand_224 14 0 7.981451
demand_225 14 1 1.588671
demand_226 14 2 0.893574
demand_227 14 3 5.553163
demand_228 14 4 0.651872
demand_229 14 5 14.891447
demand_230 14 6 5.434284
demand_231 14 7 1.990023
demand_232 14 8 7.869267
demand_233 14 9 8.995745
demand_234 14 10 22.280698
demand_235 14 11 4.947284
demand_236 14 12 4.884112
demand_237 14 13 5.579613
demand_238 14 15 10.218187
demand_239 14 16 1.071036
demand_240 15 0 465.753798
demand_241 15 1 92.706160
demand_242 15 2 52.144063
demand_243 15 3 324.052202
demand_244 15 4 38.039680
demand_245 15 5 868.983335
demand_246 15 6 317.115075
demand_247 15 7 116.126873
demand_248 15 8 459.207373
demand_249 15 9 524.942470
demand_250 15 10 1300.179612
demand_251 15 11 288.696425
demand_252 15 12 285.010080
demand_253 15 13 325.595700
demand_254 15 14 548.563025
demand_255 15 16 62.499821
demand_256 16 0 651.506525
demand_257 16 1 129.679389
demand_258 16 2 72.940248
demand_259 16 3 453.291256
demand_260 16 4 53.210730
demand_261 16 5 1215.552755
demand_262 16 6 443.587452
demand_263 16 7 162.440791
demand_264 16 8 642.349243
demand_265 16 9 734.300924
demand_266 16 10 1818.719468
demand_267 16 11 403.834828
demand_268 16 12 398.678287
demand_269 16 13 455.450334
demand_270 16 14 767.341869
demand_271 16 15 834.085852
