DEMANDS 272
label src dest bw
demand_0 0 1 93.671946
demand_1 0 2 51.701685
demand_2 0 3 527.373353
demand_3 0 4 1.337970
demand_4 0 5 1644.501137
demand_5 0 6 395.495726
demand_6 0 7 107.839177
demand_7 0 8 586.383660
demand_8 0 9 800.863359
demand_9 0 10 1741.404913
demand_10 0 11 343.421228
demand_11 0 12 122.352459
demand_12 0 13 557.999715
demand_13 0 14 973.353671
demand_14 0 15 1542.675336
demand_15 0 16 86.454723
demand_16 1 0 492.749272
demand_17 1 2 38.404647
demand_18 1 3 391.739404
demand_19 1 4 0.993860
demand_20 1 5 1221.555644
demand_21 1 6 293.779083
demand_22 1 7 80.104265
demand_23 1 8 435.572985
demand_24 1 9 594.891140
demand_25 1 10 1293.536958
demand_26 1 11 255.097506
demand_27 1 12 90.884910
demand_28 1 13 414.489042
demand_29 1 14 723.019062
demand_30 1 15 1145.918188
demand_31 1 16 64.219630
demand_32 2 0 3093.244023
demand_33 2 1 436.794147
demand_34 2 3 2459.152431
demand_35 2 4 6.238979
demand_36 2 5 7668.341506
demand_37 2 6 1844.204438
demand_38 2 7 502.856225
demand_39 2 8 2734.318669
demand_40 2 9 3734.441769
demand_41 2 10 8120.205738
demand_42 2 11 1601.380015
demand_43 2 12 570.531950
demand_44 2 13 2601.963767
demand_45 2 14 4538.767525
demand_46 2 15 7193.525771
demand_47 2 16 403.140094
demand_48 3 0 309.377530
demand_49 3 1 43.686917
demand_50 3 2 24.112739
demand_51 3 4 0.624005
demand_52 3 5 766.965858
demand_53 3 6 184.452119
demand_54 3 7 50.294259
demand_55 3 8 273.478830
demand_56 3 9 373.508317
demand_57 3 10 812.160042
demand_58 3 11 160.165506
demand_59 3 12 57.062994
demand_60 3 13 260.241066
demand_61 3 14 453.954708
demand_62 3 15 719.476129
demand_63 3 16 40.320934
demand_64 4 0 1101.225948
demand_65 4 1 155.503104
demand_66 4 2 85.829033
demand_67 4 3 875.482971
demand_68 4 5 2730.006615
demand_69 4 6 656.555307
demand_70 4 7 179.021868
demand_71 4 8 973.444916
demand_72 4 9 1329.498787
demand_73 4 10 2890.874822
demand_74 4 11 570.107373
demand_75 4 12 203.115106
demand_76 4 13 926.325241
demand_77 4 14 1615.846837
demand_78 4 15 2560.967444
demand_79 4 16 143.521924
demand_80 5 0 614.267802
demand_81 5 1 86.740192
demand_82 5 2 47.875744
demand_83 5 3 488.347556
demand_84 5 4 1.238959
demand_85 5 6 366.228916
demand_86 5 7 99.859043
demand_87 5 8 542.991082
demand_88 5 9 741.599214
demand_89 5 10 1612.540393
demand_90 5 11 318.007947
demand_91 5 12 113.298338
demand_92 5 13 516.707558
demand_93 5 14 901.325189
demand_94 5 15 1428.516868
demand_95 5 16 80.057046
demand_96 6 0 1221.083319
demand_97 6 1 172.428054
demand_98 6 2 95.170660
demand_99 6 3 970.770488
demand_100 6 4 2.462888
demand_101 6 5 3027.140383
demand_102 6 7 198.506598
demand_103 6 8 1079.394607
demand_104 6 9 1474.201361
demand_105 6 10 3205.517475
demand_106 6 11 632.157828
demand_107 6 12 225.222143
demand_108 6 13 1027.146429
demand_109 6 14 1791.715517
demand_110 6 15 2839.702997
demand_111 6 16 159.142842
demand_112 7 0 1001.163451
demand_113 7 1 141.373371
demand_114 7 2 78.030209
demand_115 7 3 795.932528
demand_116 7 4 2.019316
demand_117 7 5 2481.945553
demand_118 7 6 596.897647
demand_119 7 8 884.993196
demand_120 7 9 1208.694361
demand_121 7 10 2628.196527
demand_122 7 11 518.304773
demand_123 7 12 184.659126
demand_124 7 13 842.155034
demand_125 7 14 1469.023499
demand_126 7 15 2328.266064
demand_127 7 16 130.480856
demand_128 8 0 29.803517
demand_129 8 1 4.208527
demand_130 8 2 2.322872
demand_131 8 3 23.694022
demand_132 8 4 0.060113
demand_133 8 5 73.884744
demand_134 8 6 17.768976
demand_135 8 7 4.845038
demand_136 8 9 35.981480
demand_137 8 10 78.238472
demand_138 8 11 15.429354
demand_139 8 12 5.497096
demand_140 8 13 25.070014
demand_141 8 14 43.731187
demand_142 8 15 69.309878
demand_143 8 16 3.884269
demand_144 9 0 472.270360
demand_145 9 1 66.688864
demand_146 9 2 36.808530
demand_147 9 3 375.458514
demand_148 9 4 0.952555
demand_149 9 5 1170.787167
demand_150 9 6 281.569475
demand_151 9 7 76.775091
demand_152 9 8 417.470350
demand_153 9 10 1239.776902
demand_154 9 11 244.495523
demand_155 9 12 87.107686
demand_156 9 13 397.262666
demand_157 9 14 692.970021
demand_158 9 15 1098.293243
demand_159 9 16 61.550630
demand_160 10 0 1228.848583
demand_161 10 1 173.524579
demand_162 10 2 95.775881
demand_163 10 3 976.943932
demand_164 10 4 2.478550
demand_165 10 5 3046.390948
demand_166 10 6 732.644432
demand_167 10 7 199.768966
demand_168 10 8 1086.258826
demand_169 10 9 1483.576285
demand_170 10 11 636.177924
demand_171 10 12 226.654403
demand_172 10 13 1033.678385
demand_173 10 14 1803.109616
demand_174 10 15 2857.761587
demand_175 10 16 160.154883
demand_176 11 0 186.496941
demand_177 11 1 26.335062
demand_178 11 2 14.535484
demand_179 11 3 148.266481
demand_180 11 4 0.376159
demand_181 11 5 462.337345
demand_182 11 6 111.190221
demand_183 11 7 30.318057
demand_184 11 8 164.856721
demand_185 11 9 225.155843
demand_186 11 10 489.581008
demand_187 11 12 34.398341
demand_188 11 13 156.876819
demand_189 11 14 273.650010
demand_190 11 15 433.709897
demand_191 11 16 24.306002
demand_192 12 0 259.042584
demand_193 12 1 36.579165
demand_194 12 2 20.189657
demand_195 12 3 205.940816
demand_196 12 4 0.522481
demand_197 12 5 642.182440
demand_198 12 6 154.442223
demand_199 12 7 42.111510
demand_200 12 8 228.984512
demand_201 12 9 312.739453
demand_202 12 10 680.023644
demand_203 12 11 134.106981
demand_204 12 13 217.900499
demand_205 12 14 380.097418
demand_206 12 15 602.419171
demand_207 12 16 33.760819
demand_208 13 0 1475.520304
demand_209 13 1 208.356866
demand_210 13 2 115.001359
demand_211 13 3 1173.049819
demand_212 13 4 2.976080
demand_213 13 5 3657.905262
demand_214 13 6 879.711097
demand_215 13 7 239.869394
demand_216 13 8 1304.307932
demand_217 13 9 1781.380522
demand_218 13 10 3873.450768
demand_219 13 11 763.880479
demand_220 13 12 272.151654
demand_221 13 14 2165.055064
demand_222 13 15 3431.411570
demand_223 13 16 192.303417
demand_224 14 0 9.107327
demand_225 14 1 1.286037
demand_226 14 2 0.709821
demand_227 14 3 7.240394
demand_228 14 4 0.018369
demand_229 14 5 22.577622
demand_230 14 6 5.429825
demand_231 14 7 1.480542
demand_232 14 8 8.050556
demand_233 14 9 10.995183
demand_234 14 10 23.908030
demand_235 14 11 4.714886
demand_236 14 12 1.679797
demand_237 14 13 7.660868
demand_238 14 15 21.179640
demand_239 14 16 1.186951
demand_240 15 0 903.748051
demand_241 15 1 127.617432
demand_242 15 2 70.437698
demand_243 15 3 718.486547
demand_244 15 4 1.822832
demand_245 15 5 2240.446806
demand_246 15 6 538.818197
demand_247 15 7 146.918682
demand_248 15 8 798.881417
demand_249 15 9 1091.085749
demand_250 15 10 2372.467240
demand_251 15 11 467.872582
demand_252 15 12 166.691388
demand_253 15 13 760.211501
demand_254 15 14 1326.084290
demand_255 15 16 117.784783
demand_256 16 0 1034.761166
demand_257 16 1 146.117674
demand_258 16 2 80.648799
demand_259 16 3 822.642966
demand_260 16 4 2.087082
demand_261 16 5 2565.236347
demand_262 16 6 616.928739
demand_263 16 7 168.216956
demand_264 16 8 914.692392
demand_265 16 9 1249.256538
demand_266 16 10 2716.395310
demand_267 16 11 535.698393
demand_268 16 12 190.856040
demand_269 16 13 870.416637
demand_270 16 14 1518.321976
demand_271 16 15 2406.399579
