DEMANDS 272
label src dest bw
demand_0 0 1 47.574962
demand_1 0 2 21.260401
demand_2 0 3 489.593190
demand_3 0 4 18.402628
demand_4 0 5 897.146516
demand_5 0 6 346.306917
demand_6 0 7 72.184833
demand_7 0 8 512.900853
demand_8 0 9 617.931165
demand_9 0 10 1001.248970
demand_10 0 11 131.894631
demand_11 0 12 117.383274
demand_12 0 13 509.421856
demand_13 0 14 699.734009
demand_14 0 15 797.522975
demand_15 0 16 43.137623
demand_16 1 0 414.626964
demand_17 1 2 14.785375
demand_18 1 3 340.483661
demand_19 1 4 12.797960
demand_20 1 5 623.913357
demand_21 1 6 240.836371
demand_22 1 7 50.200364
demand_23 1 8 356.692789
demand_24 1 9 429.735278
demand_25 1 10 696.310575
demand_26 1 11 91.725064
demand_27 1 12 81.633257
demand_28 1 13 354.273348
demand_29 1 14 486.624411
demand_30 1 15 554.630963
demand_31 1 16 29.999715
demand_32 2 0 5311.446889
demand_33 2 1 423.832894
demand_34 2 3 4361.657681
demand_35 2 4 163.944200
demand_36 2 5 7992.443674
demand_37 2 6 3085.157754
demand_38 2 7 643.075802
demand_39 2 8 4569.299558
demand_40 2 9 5504.987134
demand_41 2 10 8919.865214
demand_42 2 11 1175.014769
demand_43 2 12 1045.736884
demand_44 2 13 4538.306081
demand_45 2 14 6233.747283
demand_46 2 15 7104.923602
demand_47 2 16 384.301805
demand_48 3 0 165.935520
demand_49 3 1 13.241012
demand_50 3 2 5.917172
demand_51 3 4 5.121800
demand_52 3 5 249.692848
demand_53 3 6 96.383767
demand_54 3 7 20.090405
demand_55 3 8 142.750011
demand_56 3 9 171.981933
demand_57 3 10 278.666530
demand_58 3 11 36.708771
demand_59 3 12 32.669986
demand_60 3 13 141.781740
demand_61 3 14 194.749213
demand_62 3 15 221.965732
demand_63 3 16 12.006017
demand_64 4 0 1439.005899
demand_65 4 1 114.827099
demand_66 4 2 51.314179
demand_67 4 3 1181.683873
demand_68 4 5 2165.356038
demand_69 4 6 835.847614
demand_70 4 7 174.225572
demand_71 4 8 1237.939333
demand_72 4 9 1491.440868
demand_73 4 10 2416.618095
demand_74 4 11 318.341352
demand_75 4 12 283.316689
demand_76 4 13 1229.542412
demand_77 4 14 1688.880506
demand_78 4 15 1924.904304
demand_79 4 16 104.117122
demand_80 5 0 445.532226
demand_81 5 1 35.551746
demand_82 5 2 15.887440
demand_83 5 3 365.862466
demand_84 5 4 13.751888
demand_85 5 6 258.787715
demand_86 5 7 53.942174
demand_87 5 8 383.279782
demand_88 5 9 461.766676
demand_89 5 10 748.211832
demand_90 5 11 98.562022
demand_91 5 12 87.717997
demand_92 5 13 380.680002
demand_93 5 14 522.896183
demand_94 5 15 595.971775
demand_95 5 16 32.235819
demand_96 6 0 1633.994649
demand_97 6 1 130.386446
demand_98 6 2 58.267373
demand_99 6 3 1341.804872
demand_100 6 4 50.435211
demand_101 6 5 2458.766974
demand_102 6 7 197.833555
demand_103 6 8 1405.683081
demand_104 6 9 1693.534682
demand_105 6 10 2744.075641
demand_106 6 11 361.477369
demand_107 6 12 321.706779
demand_108 6 13 1396.148358
demand_109 6 14 1917.727865
demand_110 6 15 2185.733453
demand_111 6 16 118.225242
demand_112 7 0 783.246918
demand_113 7 1 62.500071
demand_114 7 2 27.930165
demand_115 7 3 643.187254
demand_116 7 4 24.175859
demand_117 7 5 1178.597284
demand_118 7 6 454.949537
demand_119 7 8 673.806944
demand_120 7 9 811.787127
demand_121 7 10 1315.358524
demand_122 7 11 173.272315
demand_123 7 12 154.208488
demand_124 7 13 669.236524
demand_125 7 14 919.252974
demand_126 7 15 1047.720072
demand_127 7 16 56.670661
demand_128 8 0 98.054757
demand_129 8 1 7.824390
demand_130 8 2 3.496580
demand_131 8 3 80.520674
demand_132 8 4 3.026578
demand_133 8 5 147.548707
demand_134 8 6 56.955176
demand_135 8 7 11.871839
demand_136 8 9 101.627708
demand_137 8 10 164.669860
demand_138 8 11 21.691978
demand_139 8 12 19.305375
demand_140 8 13 83.781785
demand_141 8 14 115.081368
demand_142 8 15 131.164177
demand_143 8 16 7.094605
demand_144 9 0 193.656291
demand_145 9 1 15.453022
demand_146 9 2 6.905679
demand_147 9 3 159.026809
demand_148 9 4 5.977434
demand_149 9 5 291.405907
demand_150 9 6 112.485396
demand_151 9 7 23.446657
demand_152 9 8 166.597468
demand_153 9 10 325.219860
demand_154 9 11 42.841246
demand_155 9 12 38.127751
demand_156 9 13 165.467440
demand_157 9 14 227.283526
demand_158 9 15 259.046768
demand_159 9 16 14.011712
demand_160 10 0 2223.277714
demand_161 10 1 177.408952
demand_162 10 2 79.280891
demand_163 10 3 1825.712752
demand_164 10 4 68.624142
demand_165 10 5 3345.495545
demand_166 10 6 1291.392463
demand_167 10 7 269.180155
demand_168 10 8 1912.627969
demand_169 10 9 2304.290237
demand_170 10 11 491.840398
demand_171 10 12 437.726962
demand_172 10 13 1899.654648
demand_173 10 14 2609.336345
demand_174 10 15 2973.995342
demand_175 10 16 160.861938
demand_176 11 0 108.681792
demand_177 11 1 8.672386
demand_178 11 2 3.875534
demand_179 11 3 89.247390
demand_180 11 4 3.354594
demand_181 11 5 163.539826
demand_182 11 6 63.127897
demand_183 11 7 13.158492
demand_184 11 8 93.496118
demand_185 11 9 112.641975
demand_186 11 10 182.516545
demand_187 11 12 21.397665
demand_188 11 13 92.861935
demand_189 11 14 127.553723
demand_190 11 15 145.379564
demand_191 11 16 7.863509
demand_192 12 0 111.437199
demand_193 12 1 8.892257
demand_194 12 2 3.973791
demand_195 12 3 91.510077
demand_196 12 4 3.439643
demand_197 12 5 167.686048
demand_198 12 6 64.728378
demand_199 12 7 13.492099
demand_200 12 8 95.866523
demand_201 12 9 115.497785
demand_202 12 10 187.143883
demand_203 12 11 24.652483
demand_204 12 13 95.216262
demand_205 12 14 130.787590
demand_206 12 15 149.065368
demand_207 12 16 8.062872
demand_208 13 0 3550.734086
demand_209 13 1 283.334831
demand_210 13 2 126.617274
demand_211 13 3 2915.794307
demand_212 13 4 109.597680
demand_213 13 5 5342.996509
demand_214 13 6 2062.446453
demand_215 13 7 429.900029
demand_216 13 8 3054.604147
demand_217 13 9 3680.116900
demand_218 13 10 5962.983368
demand_219 13 11 785.504417
demand_220 13 12 699.081376
demand_221 13 14 4167.297428
demand_222 13 15 4749.684020
demand_223 13 16 256.908060
demand_224 14 0 2.661054
demand_225 14 1 0.212342
demand_226 14 2 0.094892
demand_227 14 3 2.185206
demand_228 14 4 0.082137
demand_229 14 5 4.004243
demand_230 14 6 1.545675
demand_231 14 7 0.322183
demand_232 14 8 2.289235
demand_233 14 9 2.758018
demand_234 14 10 4.468884
demand_235 14 11 0.588687
demand_236 14 12 0.523918
demand_237 14 13 2.273707
demand_238 14 15 3.559592
demand_239 14 16 0.192537
demand_240 15 0 779.128540
demand_241 15 1 62.171441
demand_242 15 2 27.783306
demand_243 15 3 639.805321
demand_244 15 4 24.048740
demand_245 15 5 1172.400120
demand_246 15 6 452.557374
demand_247 15 7 94.331869
demand_248 15 8 670.264011
demand_249 15 9 807.518682
demand_250 15 10 1308.442258
demand_251 15 11 172.361234
demand_252 15 12 153.397646
demand_253 15 13 665.717622
demand_254 15 14 914.419464
demand_255 15 16 56.372682
demand_256 16 0 890.538179
demand_257 16 1 71.061498
demand_258 16 2 31.756114
demand_259 16 3 731.292766
demand_260 16 4 27.487533
demand_261 16 5 1340.044696
demand_262 16 6 517.269743
demand_263 16 7 107.820631
demand_264 16 8 766.106824
demand_265 16 9 922.987901
demand_266 16 10 1495.539858
demand_267 16 11 197.007620
demand_268 16 12 175.332379
demand_269 16 13 760.910335
demand_270 16 14 1045.174708
demand_271 16 15 1191.239573
