DEMANDS 272
label src dest bw
demand_0 0 1 118.173078
demand_1 0 2 60.161733
demand_2 0 3 561.756705
demand_3 0 4 54.343458
demand_4 0 5 2009.108272
demand_5 0 6 350.961869
demand_6 0 7 155.256272
demand_7 0 8 848.233698
demand_8 0 9 1504.401318
demand_9 0 10 2175.096861
demand_10 0 11 277.451332
demand_11 0 12 184.762645
demand_12 0 13 699.898299
demand_13 0 14 1545.247634
demand_14 0 15 1616.981607
demand_15 0 16 66.361591
demand_16 1 0 676.611427
demand_17 1 2 27.880111
demand_18 1 3 260.328925
demand_19 1 4 25.183810
demand_20 1 5 931.059641
demand_21 1 6 162.642520
demand_22 1 7 71.948760
demand_23 1 8 393.087906
demand_24 1 9 697.168674
demand_25 1 10 1007.981965
demand_26 1 11 128.576315
demand_27 1 12 85.622584
demand_28 1 13 324.346412
demand_29 1 14 716.097648
demand_30 1 15 749.340558
demand_31 1 16 30.753245
demand_32 2 0 3800.284187
demand_33 2 1 307.588045
demand_34 2 3 1462.174383
demand_35 2 4 141.448445
demand_36 2 5 5229.428727
demand_37 2 6 913.504815
demand_38 2 7 404.110429
demand_39 2 8 2207.834058
demand_40 2 9 3915.746889
demand_41 2 10 5661.473883
demand_42 2 11 722.167136
demand_43 2 12 480.911406
demand_44 2 13 1821.737693
demand_45 2 14 4022.064157
demand_46 2 15 4208.777686
demand_47 2 16 172.729970
demand_48 3 0 481.570294
demand_49 3 1 38.977418
demand_50 3 2 19.843344
demand_51 3 4 17.924283
demand_52 3 5 662.670844
demand_53 3 6 115.758917
demand_54 3 7 51.208691
demand_55 3 8 279.775734
demand_56 3 9 496.201676
demand_57 3 10 717.419411
demand_58 3 11 91.512693
demand_59 3 12 60.940876
demand_60 3 13 230.849777
demand_61 3 14 509.674152
demand_62 3 15 533.334406
demand_63 3 16 21.888264
demand_64 4 0 1866.454509
demand_65 4 1 151.067411
demand_66 4 2 76.908188
demand_67 4 3 718.125760
demand_68 4 5 2568.358141
demand_69 4 6 448.654652
demand_70 4 7 198.472981
demand_71 4 8 1084.345704
demand_72 4 9 1923.162342
demand_73 4 10 2780.550858
demand_74 4 11 354.681924
demand_75 4 12 236.192668
demand_76 4 13 894.720070
demand_77 4 14 1975.378528
demand_78 4 15 2067.080172
demand_79 4 16 84.833822
demand_80 5 0 941.953596
demand_81 5 1 76.240000
demand_82 5 2 38.813667
demand_83 5 3 362.420374
demand_84 5 4 35.059976
demand_85 5 6 226.424947
demand_86 5 7 100.164423
demand_87 5 8 547.242555
demand_88 5 9 970.572642
demand_89 5 10 1403.275497
demand_90 5 11 178.999227
demand_91 5 12 119.200619
demand_92 5 13 451.543170
demand_93 5 14 996.924863
demand_94 5 15 1043.204423
demand_95 5 16 42.813539
demand_96 6 0 2177.077105
demand_97 6 1 176.208636
demand_98 6 2 89.707547
demand_99 6 3 837.639033
demand_100 6 4 81.031880
demand_101 6 5 2995.794259
demand_102 6 7 231.503624
demand_103 6 8 1264.806720
demand_104 6 9 2243.222475
demand_105 6 10 3243.300912
demand_106 6 11 413.709465
demand_107 6 12 275.500768
demand_108 6 13 1043.622852
demand_109 6 14 2304.128680
demand_110 6 15 2411.091668
demand_111 6 16 98.952195
demand_112 7 0 1506.228257
demand_113 7 1 121.911358
demand_114 7 2 62.064886
demand_115 7 3 579.527284
demand_116 7 4 56.062556
demand_117 7 5 2072.664288
demand_118 7 6 362.064177
demand_119 7 8 875.066674
demand_120 7 9 1551.991462
demand_121 7 10 2243.903751
demand_122 7 11 286.228212
demand_123 7 12 190.607416
demand_124 7 13 722.038841
demand_125 7 14 1594.129909
demand_126 7 15 1668.133110
demand_127 7 16 68.460870
demand_128 8 0 358.770554
demand_129 8 1 29.038232
demand_130 8 2 14.783320
demand_131 8 3 138.038391
demand_132 8 4 13.353616
demand_133 8 5 493.690721
demand_134 8 6 86.240558
demand_135 8 7 38.150548
demand_136 8 9 369.670954
demand_137 8 10 534.478481
demand_138 8 11 68.177086
demand_139 8 12 45.401039
demand_140 8 13 171.983412
demand_141 8 14 379.707968
demand_142 8 15 397.334891
demand_143 8 16 16.306788
demand_144 9 0 506.478462
demand_145 9 1 40.993440
demand_146 9 2 20.869697
demand_147 9 3 194.869593
demand_148 9 4 18.851377
demand_149 9 5 696.946041
demand_150 9 6 121.746293
demand_151 9 7 53.857348
demand_152 9 8 294.246520
demand_153 9 10 754.526357
demand_154 9 11 96.245986
demand_155 9 12 64.092909
demand_156 9 13 242.789976
demand_157 9 14 536.035930
demand_158 9 15 560.919959
demand_159 9 16 23.020386
demand_160 10 0 2608.510288
demand_161 10 1 211.128048
demand_162 10 2 107.484967
demand_163 10 3 1003.634658
demand_164 10 4 97.090035
demand_165 10 5 3589.473303
demand_166 10 6 627.028556
demand_167 10 7 277.380891
demand_168 10 8 1515.454522
demand_169 10 9 2687.763742
demand_170 10 11 495.694615
demand_171 10 12 330.096984
demand_172 10 13 1250.438462
demand_173 10 14 2760.739780
demand_174 10 15 2888.899712
demand_175 10 16 118.561634
demand_176 11 0 370.609636
demand_177 11 1 29.996466
demand_178 11 2 15.271155
demand_179 11 3 142.593525
demand_180 11 4 13.794273
demand_181 11 5 509.982039
demand_182 11 6 89.086413
demand_183 11 7 39.409479
demand_184 11 8 215.311418
demand_185 11 9 381.869739
demand_186 11 10 552.115756
demand_187 11 12 46.899230
demand_188 11 13 177.658699
demand_189 11 14 392.237965
demand_190 11 15 410.446559
demand_191 11 16 16.844896
demand_192 12 0 464.152481
demand_193 12 1 37.567652
demand_194 12 2 19.125634
demand_195 12 3 178.584504
demand_196 12 4 17.275983
demand_197 12 5 638.702843
demand_198 12 6 111.572057
demand_199 12 7 49.356535
demand_200 12 8 269.656585
demand_201 12 9 478.254663
demand_202 12 10 691.471221
demand_203 12 11 88.202790
demand_204 12 13 222.500220
demand_205 12 14 491.239856
demand_206 12 15 514.044347
demand_207 12 16 21.096592
demand_208 13 0 2786.471839
demand_209 13 1 225.531930
demand_210 13 2 114.817961
demand_211 13 3 1072.106070
demand_212 13 4 103.713851
demand_213 13 5 3834.359529
demand_214 13 6 669.806603
demand_215 13 7 296.304770
demand_216 13 8 1618.844046
demand_217 13 9 2871.132237
demand_218 13 10 4151.146801
demand_219 13 11 529.512608
demand_220 13 12 352.617337
demand_221 13 14 2949.086952
demand_222 13 15 3085.990395
demand_223 13 16 126.650317
demand_224 14 0 47.121866
demand_225 14 1 3.813958
demand_226 14 2 1.941680
demand_227 14 3 18.130324
demand_228 14 4 1.753899
demand_229 14 5 64.842634
demand_230 14 6 11.327061
demand_231 14 7 5.010793
demand_232 14 8 27.376179
demand_233 14 9 48.553553
demand_234 14 10 70.199806
demand_235 14 11 8.954557
demand_236 14 12 5.963092
demand_237 14 13 22.588752
demand_238 14 15 52.187007
demand_239 14 16 2.141776
demand_240 15 0 1467.441644
demand_241 15 1 118.772040
demand_242 15 2 60.466664
demand_243 15 3 564.603981
demand_244 15 4 54.618899
demand_245 15 5 2019.291482
demand_246 15 6 352.740727
demand_247 15 7 156.043191
demand_248 15 8 852.532990
demand_249 15 9 1512.026409
demand_250 15 10 2186.121388
demand_251 15 11 278.857601
demand_252 15 12 185.699119
demand_253 15 13 703.445749
demand_254 15 14 1553.079756
demand_255 15 16 66.697946
demand_256 16 0 1690.296130
demand_257 16 1 136.809475
demand_258 16 2 69.649495
demand_259 16 3 650.348126
demand_260 16 4 62.913653
demand_261 16 5 2325.953193
demand_262 16 6 406.310049
demand_263 16 7 179.740846
demand_264 16 8 982.003761
demand_265 16 9 1741.651805
demand_266 16 10 2518.118889
demand_267 16 11 321.206588
demand_268 16 12 213.900500
demand_269 16 13 810.275237
demand_270 16 14 1788.939759
demand_271 16 15 1871.986484
