DEMANDS 182
label src dest bw
demand_0 0 1 61.202401
demand_1 0 2 179.284968
demand_2 0 3 120.874636
demand_3 0 4 77.355184
demand_4 0 5 97.704161
demand_5 0 6 246.391841
demand_6 0 7 257.254887
demand_7 0 8 378.880306
demand_8 0 9 1.218500
demand_9 0 10 111.181379
demand_10 0 11 262.726099
demand_11 0 12 181.329860
demand_12 0 13 51.009290
demand_13 1 0 9400.671252
demand_14 1 2 1001.938123
demand_15 1 3 675.510656
demand_16 1 4 432.301207
demand_17 1 5 546.021930
demand_18 1 6 1376.966413
demand_19 1 7 1437.674793
demand_20 1 8 2117.381212
demand_21 1 9 6.809612
demand_22 1 10 621.339665
demand_23 1 11 1468.250785
demand_24 1 12 1013.366048
demand_25 1 13 285.066577
demand_26 2 0 166.001176
demand_27 2 1 6.039734
demand_28 2 3 11.928463
demand_29 2 4 7.633764
demand_30 2 5 9.641895
demand_31 2 6 24.315077
demand_32 2 7 25.387092
demand_33 2 8 37.389646
demand_34 2 9 0.120247
demand_35 2 10 10.971888
demand_36 2 11 25.927016
demand_37 2 12 17.894462
demand_38 2 13 5.033831
demand_39 3 0 2524.749359
demand_40 3 1 91.859672
demand_41 3 2 269.091703
demand_42 3 4 116.103645
demand_43 3 5 146.645753
demand_44 3 6 369.813492
demand_45 3 7 386.118014
demand_46 3 8 568.667568
demand_47 3 9 1.828866
demand_48 3 10 166.873926
demand_49 3 11 394.329844
demand_50 3 12 272.160914
demand_51 3 13 76.560667
demand_52 4 0 335.215431
demand_53 4 1 12.196371
demand_54 4 2 35.727781
demand_55 4 3 24.087811
demand_56 4 5 19.470416
demand_57 4 6 49.100791
demand_58 4 7 51.265571
demand_59 4 8 75.502997
demand_60 4 9 0.242822
demand_61 4 10 22.156146
demand_62 4 11 52.355870
demand_63 4 12 36.135285
demand_64 4 13 10.165095
demand_65 5 0 13955.633300
demand_66 5 1 507.757292
demand_67 5 2 1487.413043
demand_68 5 3 1002.819772
demand_69 5 4 641.766632
demand_70 5 6 2044.155976
demand_71 5 7 2134.279742
demand_72 5 8 3143.328275
demand_73 5 9 10.109114
demand_74 5 10 922.400996
demand_75 5 11 2179.670898
demand_76 5 12 1504.378207
demand_77 5 13 423.191548
demand_78 6 0 47.611201
demand_79 6 1 1.732271
demand_80 6 2 5.074476
demand_81 6 3 3.421232
demand_82 6 4 2.189459
demand_83 6 5 2.765415
demand_84 6 7 7.281334
demand_85 6 8 10.723815
demand_86 6 9 0.034488
demand_87 6 10 3.146874
demand_88 6 11 7.436191
demand_89 6 12 5.132354
demand_90 6 13 1.443765
demand_91 7 0 10864.398629
demand_92 7 1 395.286800
demand_93 7 2 1157.944457
demand_94 7 3 780.690745
demand_95 7 4 499.612476
demand_96 7 5 631.040034
demand_97 7 6 1591.366362
demand_98 7 8 2447.067121
demand_99 7 9 7.869900
demand_100 7 10 718.085084
demand_101 7 11 1696.864127
demand_102 7 12 1171.151762
demand_103 7 13 329.452743
demand_104 8 0 358.389570
demand_105 8 1 13.039531
demand_106 8 2 38.197716
demand_107 8 3 25.753052
demand_108 8 4 16.480977
demand_109 8 5 20.816446
demand_110 8 6 52.495230
demand_111 8 7 54.809666
demand_112 8 9 0.259608
demand_113 8 10 23.687846
demand_114 8 11 55.975340
demand_115 8 12 38.633393
demand_116 8 13 10.867829
demand_117 9 0 2414.858877
demand_118 9 1 87.861452
demand_119 9 2 257.379405
demand_120 9 3 173.526215
demand_121 9 4 111.050198
demand_122 9 5 140.262952
demand_123 9 6 353.717248
demand_124 9 7 369.312110
demand_125 9 8 543.916140
demand_126 9 10 159.610688
demand_127 9 11 377.166518
demand_128 9 12 260.315028
demand_129 9 13 73.228340
demand_130 10 0 7552.094890
demand_131 10 1 274.773001
demand_132 10 2 804.913987
demand_133 10 3 542.676202
demand_134 10 4 347.292193
demand_135 10 5 438.650530
demand_136 10 6 1106.195582
demand_137 10 7 1154.966083
demand_138 10 8 1701.012981
demand_139 10 9 5.470550
demand_140 10 11 1179.529520
demand_141 10 12 814.094690
demand_142 10 13 229.010225
demand_143 11 0 10495.647983
demand_144 11 1 381.870294
demand_145 11 2 1118.642441
demand_146 11 3 754.193170
demand_147 11 4 482.655033
demand_148 11 5 609.621783
demand_149 11 6 1537.353489
demand_150 11 7 1605.133094
demand_151 11 8 2364.010745
demand_152 11 9 7.602786
demand_153 11 10 693.712420
demand_154 11 12 1131.401475
demand_155 11 13 318.270724
demand_156 12 0 5528.053430
demand_157 12 1 201.130925
demand_158 12 2 589.188509
demand_159 12 3 397.233229
demand_160 12 4 254.214205
demand_161 12 5 321.087540
demand_162 12 6 809.723444
demand_163 12 7 845.422934
demand_164 12 8 1245.123477
demand_165 12 9 4.004384
demand_166 12 10 365.378043
demand_167 12 11 863.403109
demand_168 12 13 167.633058
demand_169 13 0 716.320741
demand_170 13 1 26.062384
demand_171 13 2 76.346576
demand_172 13 3 51.473164
demand_173 13 4 32.940873
demand_174 13 5 41.606266
demand_175 13 6 104.923316
demand_176 13 7 109.549227
demand_177 13 8 161.342104
demand_178 13 9 0.518885
demand_179 13 10 47.345395
demand_180 13 11 111.879084
demand_181 13 12 77.217371
