DEMANDS 182
label src dest bw
demand_0 0 1 93.719914
demand_1 0 2 4.991894
demand_2 0 3 145.802351
demand_3 0 4 91.407312
demand_4 0 5 69.093414
demand_5 0 6 32.936012
demand_6 0 7 224.640663
demand_7 0 8 114.101359
demand_8 0 9 22.380215
demand_9 0 10 527.520883
demand_10 0 11 98.490519
demand_11 0 12 546.818982
demand_12 0 13 116.271566
demand_13 1 0 251.867939
demand_14 1 2 8.546872
demand_15 1 3 249.635489
demand_16 1 4 156.503026
demand_17 1 5 118.298286
demand_18 1 6 56.391392
demand_19 1 7 384.618501
demand_20 1 8 195.358637
demand_21 1 9 38.318285
demand_22 1 10 903.194856
demand_23 1 11 168.630537
demand_24 1 12 936.236096
demand_25 1 13 199.074356
demand_26 2 0 801.425028
demand_27 2 1 510.579875
demand_28 2 3 794.321537
demand_29 2 4 497.980974
demand_30 2 5 376.416339
demand_31 2 6 179.433209
demand_32 2 7 1223.827430
demand_33 2 8 621.616635
demand_34 2 9 121.925929
demand_35 2 10 2873.898776
demand_36 2 11 536.569813
demand_37 2 12 2979.033542
demand_38 2 13 633.439777
demand_39 3 0 153.671752
demand_40 3 1 97.902737
demand_41 3 2 5.214688
demand_42 3 4 95.486922
demand_43 3 5 72.177130
demand_44 3 6 34.405983
demand_45 3 7 234.666624
demand_46 3 8 119.193829
demand_47 3 9 23.379069
demand_48 3 10 551.064723
demand_49 3 11 102.886259
demand_50 3 12 571.224118
demand_51 3 13 121.460894
demand_52 4 0 1865.800155
demand_53 4 1 1188.682629
demand_54 4 2 63.313953
demand_55 4 3 1849.262495
demand_56 4 5 876.336074
demand_57 4 6 417.739024
demand_58 4 7 2849.196528
demand_59 4 8 1447.187663
demand_60 4 9 283.856143
demand_61 4 10 6690.732873
demand_62 4 11 1249.189886
demand_63 4 12 6935.497455
demand_64 4 13 1474.713157
demand_65 5 0 33.873519
demand_66 5 1 21.580480
demand_67 5 2 1.149462
demand_68 5 3 33.573278
demand_69 5 4 21.047968
demand_70 5 6 7.584033
demand_71 5 7 51.727036
demand_72 5 8 26.273628
demand_73 5 9 5.153396
demand_74 5 10 121.469958
demand_75 5 11 22.678987
demand_76 5 12 125.913648
demand_77 5 13 26.773352
demand_78 6 0 478.250109
demand_79 6 1 304.688364
demand_80 6 2 16.228911
demand_81 6 3 474.011103
demand_82 6 4 297.169975
demand_83 6 5 224.626320
demand_84 6 7 730.318597
demand_85 6 8 370.949513
demand_86 6 9 72.759256
demand_87 6 10 1714.998104
demand_88 6 11 320.197851
demand_89 6 12 1777.737239
demand_90 6 13 378.004968
demand_91 7 0 2030.730050
demand_92 7 1 1293.757817
demand_93 7 2 68.910674
demand_94 7 3 2012.730522
demand_95 7 4 1261.833475
demand_96 7 5 953.800972
demand_97 7 6 454.665623
demand_98 7 8 1575.113748
demand_99 7 9 308.947986
demand_100 7 10 7282.169137
demand_101 7 11 1359.613694
demand_102 7 12 7548.570011
demand_103 7 13 1605.072395
demand_104 8 0 183.274812
demand_105 8 1 116.762551
demand_106 8 2 6.219237
demand_107 8 3 181.650341
demand_108 8 4 113.881356
demand_109 8 5 86.081207
demand_110 8 6 41.033891
demand_111 8 7 279.872394
demand_112 8 9 27.882772
demand_113 8 10 657.220873
demand_114 8 11 122.706090
demand_115 8 12 681.263738
demand_116 8 13 144.858910
demand_117 9 0 1126.585529
demand_118 9 1 717.736380
demand_119 9 2 38.229487
demand_120 9 3 1116.599953
demand_121 9 4 700.025753
demand_122 9 5 529.138953
demand_123 9 6 252.234270
demand_124 9 7 1720.368373
demand_125 9 8 873.823852
demand_126 9 10 4039.919715
demand_127 9 11 754.271160
demand_128 9 12 4187.710589
demand_129 9 13 890.443972
demand_130 10 0 265.238004
demand_131 10 1 168.980481
demand_132 10 2 9.000571
demand_133 10 3 262.887047
demand_134 10 4 164.810775
demand_135 10 5 124.577989
demand_136 10 6 59.384851
demand_137 10 7 405.035447
demand_138 10 8 205.728983
demand_139 10 9 40.352359
demand_140 10 11 177.582058
demand_141 10 12 985.934907
demand_142 10 13 209.641946
demand_143 11 0 292.042526
demand_144 11 1 186.057374
demand_145 11 2 9.910154
demand_146 11 3 289.453985
demand_147 11 4 181.466284
demand_148 11 5 137.167638
demand_149 11 6 65.386188
demand_150 11 7 445.967672
demand_151 11 8 226.519619
demand_152 11 9 44.430302
demand_153 11 10 1047.260354
demand_154 11 12 1085.571888
demand_155 11 13 230.828020
demand_156 12 0 312.519983
demand_157 12 1 199.103358
demand_158 12 2 10.605035
demand_159 12 3 309.749939
demand_160 12 4 194.190349
demand_161 12 5 146.785568
demand_162 12 6 69.970941
demand_163 12 7 477.238063
demand_164 12 8 242.402737
demand_165 12 9 47.545669
demand_166 12 10 1120.692224
demand_167 12 11 209.238273
demand_168 12 13 247.013235
demand_169 13 0 1639.705019
demand_170 13 1 1044.639678
demand_171 13 2 55.641654
demand_172 13 3 1625.171371
demand_173 13 4 1018.862493
demand_174 13 5 770.142856
demand_175 13 6 367.117975
demand_176 13 7 2503.934751
demand_177 13 8 1271.819422
demand_178 13 9 249.458840
demand_179 13 10 5879.958925
demand_180 13 11 1097.814747
demand_181 13 12 6095.063266
