DEMANDS 182
label src dest bw
demand_0 0 1 158.925498
demand_1 0 2 444.820047
demand_2 0 3 660.851971
demand_3 0 4 30.949243
demand_4 0 5 156.685847
demand_5 0 6 114.006980
demand_6 0 7 1581.286130
demand_7 0 8 152.507564
demand_8 0 9 1423.322465
demand_9 0 10 3196.085359
demand_10 0 11 602.100730
demand_11 0 12 1075.731378
demand_12 0 13 4006.652514
demand_13 1 0 2596.971152
demand_14 1 2 339.068785
demand_15 1 3 503.741404
demand_16 1 4 23.591388
demand_17 1 5 119.435444
demand_18 1 6 86.903026
demand_19 1 7 1205.352076
demand_20 1 8 116.250504
demand_21 1 9 1084.942602
demand_22 1 10 2436.249867
demand_23 1 11 458.957649
demand_24 1 12 819.987620
demand_25 1 13 3054.113254
demand_26 2 0 3268.818204
demand_27 2 1 152.482738
demand_28 2 3 634.061364
demand_29 2 4 29.694576
demand_30 2 5 150.333881
demand_31 2 6 109.385195
demand_32 2 7 1517.181586
demand_33 2 8 146.324984
demand_34 2 9 1365.621688
demand_35 2 10 3066.517666
demand_36 2 11 577.691869
demand_37 2 12 1032.121769
demand_38 2 13 3844.224837
demand_39 3 0 2702.583316
demand_40 3 1 126.069203
demand_41 3 2 352.857844
demand_42 3 4 24.550789
demand_43 3 5 124.292577
demand_44 3 6 90.437150
demand_45 3 7 1254.370658
demand_46 3 8 120.978114
demand_47 3 9 1129.064438
demand_48 3 10 2535.325908
demand_49 3 11 477.622281
demand_50 3 12 853.334416
demand_51 3 13 3178.316216
demand_52 4 0 1084.290979
demand_53 4 1 50.579643
demand_54 4 2 141.568467
demand_55 4 3 210.322806
demand_56 4 5 49.866851
demand_57 4 6 36.283872
demand_58 4 7 503.260263
demand_59 4 8 48.537071
demand_60 4 9 452.986733
demand_61 4 10 1017.186407
demand_62 4 11 191.624631
demand_63 4 12 342.362363
demand_64 4 13 1275.157581
demand_65 5 0 937.641099
demand_66 5 1 43.738768
demand_67 5 2 122.421394
demand_68 5 3 181.876739
demand_69 5 4 8.517713
demand_70 5 6 31.376494
demand_71 5 7 435.194532
demand_72 5 8 41.972453
demand_73 5 9 391.720475
demand_74 5 10 879.612390
demand_75 5 11 165.707484
demand_76 5 12 296.058003
demand_77 5 13 1102.693076
demand_78 6 0 1891.222045
demand_79 6 1 88.221093
demand_80 6 2 246.923945
demand_81 6 3 366.845372
demand_82 6 4 17.180226
demand_83 6 5 86.977841
demand_84 6 7 877.787348
demand_85 6 8 84.658436
demand_86 6 9 790.100177
demand_87 6 10 1774.178143
demand_88 6 11 334.231985
demand_89 6 12 597.148976
demand_90 6 13 2224.131874
demand_91 7 0 2603.021709
demand_92 7 1 121.424886
demand_93 7 2 339.858765
demand_94 7 3 504.915047
demand_95 7 4 23.646352
demand_96 7 5 119.713710
demand_97 7 6 87.105498
demand_98 7 8 116.521350
demand_99 7 9 1087.470357
demand_100 7 10 2441.925968
demand_101 7 11 460.026952
demand_102 7 12 821.898069
demand_103 7 13 3061.228885
demand_104 8 0 2566.420118
demand_105 8 1 119.717507
demand_106 8 2 335.079946
demand_107 8 3 497.815339
demand_108 8 4 23.313856
demand_109 8 5 118.030393
demand_110 8 6 85.880690
demand_111 8 7 1191.172191
demand_112 8 9 1072.179226
demand_113 8 10 2407.589574
demand_114 8 11 453.558424
demand_115 8 12 810.341202
demand_116 8 13 3018.184353
demand_117 9 0 1553.460730
demand_118 9 1 72.465317
demand_119 9 2 202.824757
demand_120 9 3 301.328911
demand_121 9 4 14.111937
demand_122 9 5 71.444102
demand_123 9 6 51.983804
demand_124 9 7 721.019606
demand_125 9 8 69.538929
demand_126 9 10 1457.320192
demand_127 9 11 274.540087
demand_128 9 12 490.501624
demand_129 9 13 1826.914790
demand_130 10 0 2509.864213
demand_131 10 1 117.079306
demand_132 10 2 327.695827
demand_133 10 3 486.845039
demand_134 10 4 22.800091
demand_135 10 5 115.429371
demand_136 10 6 83.988148
demand_137 10 7 1164.922467
demand_138 10 8 112.351259
demand_139 10 9 1048.551736
demand_140 10 11 443.563410
demand_141 10 12 792.483806
demand_142 10 13 2951.672973
demand_143 11 0 800.588081
demand_144 11 1 37.345565
demand_145 11 2 104.527318
demand_146 11 3 155.292200
demand_147 11 4 7.272697
demand_148 11 5 36.819274
demand_149 11 6 26.790258
demand_150 11 7 371.583067
demand_151 11 8 35.837428
demand_152 11 9 334.463521
demand_153 11 10 751.041307
demand_154 11 12 252.783830
demand_155 11 13 941.514760
demand_156 12 0 2120.086510
demand_157 12 1 98.897086
demand_158 12 2 276.805215
demand_159 12 3 411.238821
demand_160 12 4 19.259275
demand_161 12 5 97.503383
demand_162 12 6 70.944929
demand_163 12 7 984.011961
demand_164 12 8 94.903297
demand_165 12 9 885.713410
demand_166 12 10 1988.878650
demand_167 12 11 374.678756
demand_168 12 13 2493.283110
demand_169 13 0 1118.854937
demand_170 13 1 52.191971
demand_171 13 2 146.081247
demand_172 13 3 217.027269
demand_173 13 4 10.163894
demand_174 13 5 51.456458
demand_175 13 6 37.440493
demand_176 13 7 519.302696
demand_177 13 8 50.084288
demand_178 13 9 467.426596
demand_179 13 10 1049.611271
demand_180 13 11 197.733052
demand_181 13 12 353.275852
