DEMANDS 182
label src dest bw
demand_0 0 1 712.821008
demand_1 0 2 1188.994977
demand_2 0 3 3205.087861
demand_3 0 4 308.804817
demand_4 0 5 1213.274555
demand_5 0 6 912.904967
demand_6 0 7 144.854217
demand_7 0 8 3466.737065
demand_8 0 9 951.493278
demand_9 0 10 124.528301
demand_10 0 11 969.074852
demand_11 0 12 4812.900629
demand_12 0 13 3353.164940
demand_13 1 0 958.182507
demand_14 1 2 432.053924
demand_15 1 3 1164.656548
demand_16 1 4 112.212697
demand_17 1 5 440.876574
demand_18 1 6 331.729049
demand_19 1 7 52.636751
demand_20 1 8 1259.733960
demand_21 1 9 345.751170
demand_22 1 10 45.250772
demand_23 1 11 352.139917
demand_24 1 12 1748.899399
demand_25 1 13 1218.464415
demand_26 2 0 2545.375642
demand_27 2 1 688.084968
demand_28 2 3 3093.866135
demand_29 2 4 298.088791
demand_30 2 5 1171.171968
demand_31 2 6 881.225690
demand_32 2 7 139.827542
demand_33 2 8 3346.435688
demand_34 2 9 918.474924
demand_35 2 10 120.206968
demand_36 2 11 935.446390
demand_37 2 12 4645.885202
demand_38 2 13 3236.804699
demand_39 3 0 1567.906499
demand_40 3 1 423.848203
demand_41 3 2 706.984473
demand_42 3 4 183.617438
demand_43 3 5 721.421274
demand_44 3 6 542.819482
demand_45 3 7 86.131299
demand_46 3 8 2061.345358
demand_47 3 9 565.764353
demand_48 3 10 74.045372
demand_49 3 11 576.218476
demand_50 3 12 2861.783338
demand_51 3 13 1993.814603
demand_52 4 0 1371.840344
demand_53 4 1 370.846135
demand_54 4 2 618.576314
demand_55 4 3 1667.451480
demand_56 4 5 631.207798
demand_57 4 6 474.940097
demand_58 4 7 75.360611
demand_59 4 8 1803.574847
demand_60 4 9 495.015720
demand_61 4 10 64.786024
demand_62 4 11 504.162559
demand_63 4 12 2503.918340
demand_64 4 13 1744.488789
demand_65 5 0 1525.699606
demand_66 5 1 412.438520
demand_67 5 2 687.952970
demand_68 5 3 1854.465118
demand_69 5 4 178.674591
demand_70 5 6 528.207179
demand_71 5 7 83.812708
demand_72 5 8 2005.855452
demand_73 5 9 550.534391
demand_74 5 10 72.052125
demand_75 5 11 560.707097
demand_76 5 12 2784.746229
demand_77 5 13 1940.142575
demand_78 6 0 853.660861
demand_79 6 1 230.767984
demand_80 6 2 384.924085
demand_81 6 3 1037.612047
demand_82 6 4 99.972173
demand_83 6 5 392.784332
demand_84 6 7 46.894964
demand_85 6 8 1122.318107
demand_86 6 9 308.035514
demand_87 6 10 40.314672
demand_88 6 11 313.727356
demand_89 6 12 1558.123798
demand_90 6 13 1085.550377
demand_91 7 0 433.907054
demand_92 7 1 117.296998
demand_93 7 2 195.652961
demand_94 7 3 527.407553
demand_95 7 4 50.814829
demand_96 7 5 199.648244
demand_97 7 6 150.221459
demand_98 7 8 570.462774
demand_99 7 9 156.571290
demand_100 7 10 20.491534
demand_101 7 11 159.464395
demand_102 7 12 791.978333
demand_103 7 13 551.774114
demand_104 8 0 22.177355
demand_105 8 1 5.995148
demand_106 8 2 9.999988
demand_107 8 3 26.956244
demand_108 8 4 2.597189
demand_109 8 5 10.204190
demand_110 8 6 7.677945
demand_111 8 7 1.218290
demand_112 8 9 8.002491
demand_113 8 10 1.047340
demand_114 8 11 8.150360
demand_115 8 12 40.478680
demand_116 8 13 28.201640
demand_117 9 0 1527.118061
demand_118 9 1 412.821968
demand_119 9 2 688.592565
demand_120 9 3 1856.189230
demand_121 9 4 178.840706
demand_122 9 5 702.653799
demand_123 9 6 528.698258
demand_124 9 7 83.890629
demand_125 9 8 2007.720312
demand_126 9 10 72.119112
demand_127 9 11 561.228391
demand_128 9 12 2787.335230
demand_129 9 13 1941.946342
demand_130 10 0 581.775452
demand_131 10 1 157.269888
demand_132 10 2 262.328278
demand_133 10 3 707.139386
demand_134 10 4 68.131689
demand_135 10 5 267.685087
demand_136 10 6 201.414465
demand_137 10 7 31.959224
demand_138 10 8 764.867119
demand_139 10 9 209.928215
demand_140 10 11 213.807242
demand_141 10 12 1061.871544
demand_142 10 13 739.809671
demand_143 11 0 678.769878
demand_144 11 1 183.490146
demand_145 11 2 306.064019
demand_146 11 3 825.034664
demand_147 11 4 79.490700
demand_148 11 5 312.313923
demand_149 11 6 234.994570
demand_150 11 7 37.287511
demand_151 11 8 892.386846
demand_152 11 9 244.927743
demand_153 11 10 32.055335
demand_154 11 12 1238.908269
demand_155 11 13 863.151785
demand_156 12 0 214.482585
demand_157 12 1 57.980535
demand_158 12 2 96.712309
demand_159 12 3 260.700383
demand_160 12 4 25.118043
demand_161 12 5 98.687198
demand_162 12 6 74.255273
demand_163 12 7 11.782376
demand_164 12 8 281.982810
demand_165 12 9 77.394029
demand_166 12 10 10.129075
demand_167 12 11 78.824106
demand_168 12 13 272.744905
demand_169 13 0 1078.280445
demand_170 13 1 291.488829
demand_171 13 2 486.207266
demand_172 13 3 1310.633801
demand_173 13 4 126.277359
demand_174 13 5 496.135741
demand_175 13 6 373.307740
demand_176 13 7 59.234206
demand_177 13 8 1417.628150
demand_178 13 9 389.087384
demand_179 13 10 50.922473
demand_180 13 11 396.276892
demand_181 13 12 1968.105249
