DEMANDS 182
label src dest bw
demand_0 0 1 2302.689130
demand_1 0 2 1430.182846
demand_2 0 3 2287.651153
demand_3 0 4 492.740961
demand_4 0 5 1561.298723
demand_5 0 6 8032.865400
demand_6 0 7 3365.663181
demand_7 0 8 4826.868986
demand_8 0 9 1013.889904
demand_9 0 10 2140.444122
demand_10 0 11 1068.481620
demand_11 0 12 1990.593635
demand_12 0 13 47.417772
demand_13 1 0 995.181945
demand_14 1 2 619.855845
demand_15 1 3 991.491362
demand_16 1 4 213.558962
demand_17 1 5 676.682804
demand_18 1 6 3481.525864
demand_19 1 7 1458.712779
demand_20 1 8 2092.014291
demand_21 1 9 439.430234
demand_22 1 10 927.690332
demand_23 1 11 463.090841
demand_24 1 12 862.743601
demand_25 1 13 20.551347
demand_26 2 0 905.981073
demand_27 2 1 908.554709
demand_28 2 3 902.621287
demand_29 2 4 194.417090
demand_30 2 5 616.029879
demand_31 2 6 3169.467206
demand_32 2 7 1327.964375
demand_33 2 8 1904.501345
demand_34 2 9 400.042904
demand_35 2 10 844.538918
demand_36 2 11 421.582746
demand_37 2 12 785.413539
demand_38 2 13 18.709273
demand_39 3 0 826.142696
demand_40 3 1 828.489533
demand_41 3 2 514.568599
demand_42 3 4 177.284343
demand_43 3 5 561.743065
demand_44 3 6 2890.162124
demand_45 3 7 1210.939280
demand_46 3 8 1736.669697
demand_47 3 9 364.789655
demand_48 3 10 770.115049
demand_49 3 11 384.431327
demand_50 3 12 716.200016
demand_51 3 13 17.060544
demand_52 4 0 66.426459
demand_53 4 1 66.615157
demand_54 4 2 41.374172
demand_55 4 3 66.180119
demand_56 4 5 45.167261
demand_57 4 6 232.385078
demand_58 4 7 97.366240
demand_59 4 8 139.637884
demand_60 4 9 29.331113
demand_61 4 10 61.921525
demand_62 4 11 30.910413
demand_63 4 12 57.586457
demand_64 4 13 1.371762
demand_65 5 0 250.727449
demand_66 5 1 251.439695
demand_67 5 2 156.167297
demand_68 5 3 249.797639
demand_69 5 4 53.804326
demand_70 5 6 877.140209
demand_71 5 7 367.510018
demand_72 5 8 527.064834
demand_73 5 9 110.710632
demand_74 5 10 233.723523
demand_75 5 11 116.671716
demand_76 5 12 217.360758
demand_77 5 13 5.177733
demand_78 6 0 221.209674
demand_79 6 1 221.838068
demand_80 6 2 137.781951
demand_81 6 3 220.389329
demand_82 6 4 47.470022
demand_83 6 5 150.413483
demand_84 6 7 324.243602
demand_85 6 8 465.014264
demand_86 6 9 97.676831
demand_87 6 10 206.207596
demand_88 6 11 102.936126
demand_89 6 12 191.771195
demand_90 6 13 4.568166
demand_91 7 0 524.605825
demand_92 7 1 526.096082
demand_93 7 2 326.754307
demand_94 7 3 522.660351
demand_95 7 4 112.576676
demand_96 7 5 356.710392
demand_97 7 6 1835.271187
demand_98 7 8 1102.796217
demand_99 7 9 231.643733
demand_100 7 10 489.027916
demand_101 7 11 244.116319
demand_102 7 12 454.791530
demand_103 7 13 10.833553
demand_104 8 0 653.234239
demand_105 8 1 655.089892
demand_106 8 2 406.871390
demand_107 8 3 650.811752
demand_108 8 4 140.179418
demand_109 8 5 444.172424
demand_110 8 6 2285.262417
demand_111 8 7 957.494393
demand_112 8 9 288.440597
demand_113 8 10 608.932960
demand_114 8 11 303.971344
demand_115 8 12 566.302134
demand_116 8 13 13.489838
demand_117 9 0 1489.053352
demand_118 9 1 1493.283331
demand_119 9 2 927.467011
demand_120 9 3 1483.531272
demand_121 9 4 319.540251
demand_122 9 5 1012.495055
demand_123 9 6 5209.276338
demand_124 9 7 2182.617124
demand_125 9 8 3130.202381
demand_126 9 10 1388.068188
demand_127 9 11 692.905426
demand_128 9 12 1290.890835
demand_129 9 13 30.750208
demand_130 10 0 66.926135
demand_131 10 1 67.116253
demand_132 10 2 41.685399
demand_133 10 3 66.677943
demand_134 10 4 14.361872
demand_135 10 5 45.507020
demand_136 10 6 234.133137
demand_137 10 7 98.098653
demand_138 10 8 140.688275
demand_139 10 9 29.551749
demand_140 10 11 31.142929
demand_141 10 12 58.019637
demand_142 10 13 1.382081
demand_143 11 0 334.536500
demand_144 11 1 335.486824
demand_145 11 2 208.368335
demand_146 11 3 333.295888
demand_147 11 4 71.789152
demand_148 11 5 227.471065
demand_149 11 6 1170.336222
demand_150 11 7 490.355226
demand_151 11 8 703.243405
demand_152 11 9 147.717162
demand_153 11 10 311.848782
demand_154 11 12 290.016541
demand_155 11 13 6.908461
demand_156 12 0 644.358626
demand_157 12 1 646.189066
demand_158 12 2 401.343154
demand_159 12 3 641.969054
demand_160 12 4 138.274775
demand_161 12 5 438.137372
demand_162 12 6 2254.212141
demand_163 12 7 944.484742
demand_164 12 8 1354.533672
demand_165 12 9 284.521502
demand_166 12 10 600.659277
demand_167 12 11 299.841230
demand_168 12 13 13.306549
demand_169 13 0 900.520227
demand_170 13 1 903.078349
demand_171 13 2 560.895150
demand_172 13 3 897.180692
demand_173 13 4 193.245231
demand_174 13 5 612.316728
demand_175 13 6 3150.363082
demand_176 13 7 1319.960003
demand_177 13 8 1893.021867
demand_178 13 9 397.631625
demand_179 13 10 839.448417
demand_180 13 11 419.041635
demand_181 13 12 780.679420
