DEMANDS 182
label src dest bw
demand_0 0 1 149.563156
demand_1 0 2 72.798412
demand_2 0 3 157.900703
demand_3 0 4 1318.282240
demand_4 0 5 6.936145
demand_5 0 6 1163.215456
demand_6 0 7 810.184422
demand_7 0 8 50.947924
demand_8 0 9 203.777000
demand_9 0 10 883.827174
demand_10 0 11 1118.836716
demand_11 0 12 810.507882
demand_12 0 13 787.711038
demand_13 1 0 1578.690312
demand_14 1 2 47.732817
demand_15 1 3 103.533102
demand_16 1 4 864.377720
demand_17 1 5 4.547926
demand_18 1 6 762.702776
demand_19 1 7 531.225668
demand_20 1 8 33.405783
demand_21 1 9 133.613496
demand_22 1 10 579.512107
demand_23 1 11 733.604308
demand_24 1 12 531.437756
demand_25 1 13 516.490210
demand_26 2 0 1978.936943
demand_27 2 1 122.929127
demand_28 2 3 129.781934
demand_29 2 4 1083.524102
demand_30 2 5 5.700965
demand_31 2 6 956.071428
demand_32 2 7 665.907741
demand_33 2 8 41.875178
demand_34 2 9 167.488634
demand_35 2 10 726.436280
demand_36 2 11 919.595601
demand_37 2 12 666.173600
demand_38 2 13 647.436391
demand_39 3 0 2901.860789
demand_40 3 1 180.260020
demand_41 3 2 87.739812
demand_42 3 4 1588.851084
demand_43 3 5 8.359744
demand_44 3 6 1401.957853
demand_45 3 7 976.469498
demand_46 3 8 61.404654
demand_47 3 9 245.600902
demand_48 3 10 1065.226946
demand_49 3 11 1348.470666
demand_50 3 12 976.859346
demand_51 3 13 949.383598
demand_52 4 0 1766.946078
demand_53 4 1 109.760515
demand_54 4 2 53.424863
demand_55 4 3 115.879225
demand_56 4 5 5.090257
demand_57 4 6 853.653607
demand_58 4 7 594.573301
demand_59 4 8 37.389358
demand_60 4 9 149.546647
demand_61 4 10 648.617805
demand_62 4 11 821.085203
demand_63 4 12 594.810680
demand_64 4 13 578.080669
demand_65 5 0 10881.025596
demand_66 5 1 675.915915
demand_67 5 2 328.995498
demand_68 5 3 713.595522
demand_69 5 4 5957.670120
demand_70 5 6 5256.881840
demand_71 5 7 3661.440149
demand_72 5 8 230.247299
demand_73 5 9 920.922779
demand_74 5 10 3994.251449
demand_75 5 11 5056.322443
demand_76 5 12 3662.901952
demand_77 5 13 3559.876915
demand_78 6 0 161.996036
demand_79 6 1 10.062994
demand_80 6 2 4.898065
demand_81 6 3 10.623966
demand_82 6 4 88.697424
demand_83 6 5 0.466682
demand_84 6 7 54.511295
demand_85 6 8 3.427908
demand_86 6 9 13.710641
demand_87 6 10 59.466169
demand_88 6 11 75.278216
demand_89 6 12 54.533058
demand_90 6 13 52.999227
demand_91 7 0 190.663421
demand_92 7 1 11.843777
demand_93 7 2 5.764843
demand_94 7 3 12.504020
demand_95 7 4 104.393630
demand_96 7 5 0.549267
demand_97 7 6 92.114026
demand_98 7 8 4.034522
demand_99 7 9 16.136924
demand_100 7 10 69.989509
demand_101 7 11 88.599712
demand_102 7 12 64.183418
demand_103 7 13 62.378156
demand_104 8 0 1096.720417
demand_105 8 1 68.126922
demand_106 8 2 33.160117
demand_107 8 3 71.924725
demand_108 8 4 600.485534
demand_109 8 5 3.159456
demand_110 8 6 529.851676
demand_111 8 7 369.043904
demand_112 8 9 92.821656
demand_113 8 10 402.588623
demand_114 8 11 509.636891
demand_115 8 12 369.191242
demand_116 8 13 358.807142
demand_117 9 0 265.332421
demand_118 9 1 16.482123
demand_119 9 2 8.022513
demand_120 9 3 17.400936
demand_121 9 4 145.277026
demand_122 9 5 0.764375
demand_123 9 6 128.188393
demand_124 9 7 89.283751
demand_125 9 8 5.614551
demand_126 9 10 97.399312
demand_127 9 11 123.297777
demand_128 9 12 89.319397
demand_129 9 13 86.807144
demand_130 10 0 4211.890256
demand_131 10 1 261.637438
demand_132 10 2 127.349478
demand_133 10 3 276.222678
demand_134 10 4 2306.129372
demand_135 10 5 12.133706
demand_136 10 6 2034.864196
demand_137 10 7 1417.291408
demand_138 10 8 89.125455
demand_139 10 9 356.476110
demand_140 10 11 1957.230506
demand_141 10 12 1417.857251
demand_142 10 13 1377.977725
demand_143 11 0 3055.561856
demand_144 11 1 189.807741
demand_145 11 2 92.387072
demand_146 11 3 200.388763
demand_147 11 4 1673.006778
demand_148 11 5 8.802529
demand_149 11 6 1476.214488
demand_150 11 7 1028.189554
demand_151 11 8 64.657036
demand_152 11 9 258.609493
demand_153 11 10 1121.648163
demand_154 11 12 1028.600051
demand_155 11 13 999.669013
demand_156 12 0 2617.484276
demand_157 12 1 162.594901
demand_158 12 2 79.141487
demand_159 12 3 171.658916
demand_160 12 4 1433.146878
demand_161 12 5 7.540506
demand_162 12 6 1264.568807
demand_163 12 7 880.777454
demand_164 12 8 55.387121
demand_165 12 9 221.532508
demand_166 12 10 960.836850
demand_167 12 11 1216.323257
demand_168 12 13 856.345918
demand_169 13 0 2145.114366
demand_170 13 1 133.251864
demand_171 13 2 64.859049
demand_172 13 3 140.680122
demand_173 13 4 1174.510955
demand_174 13 5 6.179692
demand_175 13 6 1036.355687
demand_176 13 7 721.826063
demand_177 13 8 45.391566
demand_178 13 9 181.553169
demand_179 13 10 787.437369
demand_180 13 11 996.816873
demand_181 13 12 722.114247
