DEMANDS 182
label src dest bw
demand_0 0 1 2762.261649
demand_1 0 2 1593.033208
demand_2 0 3 897.396842
demand_3 0 4 2627.604334
demand_4 0 5 3715.265033
demand_5 0 6 1363.077364
demand_6 0 7 409.215652
demand_7 0 8 871.612876
demand_8 0 9 3349.781332
demand_9 0 10 1620.894983
demand_10 0 11 79.359618
demand_11 0 12 429.128410
demand_12 0 13 1882.174416
demand_13 1 0 174.280338
demand_14 1 2 185.748850
demand_15 1 3 104.637136
demand_16 1 4 306.380609
demand_17 1 5 433.202651
demand_18 1 6 158.935829
demand_19 1 7 47.714848
demand_20 1 8 101.630706
demand_21 1 9 390.586981
demand_22 1 10 188.997554
demand_23 1 11 9.253390
demand_24 1 12 50.036690
demand_25 1 13 219.462929
demand_26 2 0 1567.949023
demand_27 2 1 2897.674936
demand_28 2 3 941.389581
demand_29 2 4 2756.416368
demand_30 2 5 3897.397039
demand_31 2 6 1429.898980
demand_32 2 7 429.276473
demand_33 2 8 914.341618
demand_34 2 9 3513.996371
demand_35 2 10 1700.355493
demand_36 2 11 83.250034
demand_37 2 12 450.165407
demand_38 2 13 1974.443527
demand_39 3 0 1020.845351
demand_40 3 1 1886.590663
demand_41 3 2 1088.022048
demand_42 3 4 1794.621377
demand_43 3 5 2537.480230
demand_44 3 6 930.965041
demand_45 3 7 279.489247
demand_46 3 8 595.300853
demand_47 3 9 2287.859367
demand_48 3 10 1107.051297
demand_49 3 11 54.201641
demand_50 3 12 293.089415
demand_51 3 13 1285.501930
demand_52 4 0 611.216619
demand_53 4 1 1129.569298
demand_54 4 2 651.437710
demand_55 4 3 366.971725
demand_56 4 5 1519.280159
demand_57 4 6 557.402063
demand_58 4 7 167.340207
demand_59 4 8 356.427910
demand_60 4 9 1369.823221
demand_61 4 10 662.831202
demand_62 4 11 32.452461
demand_63 4 12 175.483115
demand_64 4 13 769.675978
demand_65 5 0 573.010491
demand_66 5 1 1058.961813
demand_67 5 2 610.717429
demand_68 5 3 344.032936
demand_69 5 4 1007.338551
demand_70 5 6 522.559793
demand_71 5 7 156.880051
demand_72 5 8 334.148198
demand_73 5 9 1284.197865
demand_74 5 10 621.398733
demand_75 5 11 30.423912
demand_76 5 12 164.513959
demand_77 5 13 721.564821
demand_78 6 0 66.240430
demand_79 6 1 122.416756
demand_80 6 2 70.599379
demand_81 6 3 39.770458
demand_82 6 4 116.449069
demand_83 6 5 164.651561
demand_84 6 7 18.135448
demand_85 6 8 38.627775
demand_86 6 9 148.454208
demand_87 6 10 71.834146
demand_88 6 11 3.517026
demand_89 6 12 19.017933
demand_90 6 13 83.413418
demand_91 7 0 109.489464
demand_92 7 1 202.343872
demand_93 7 2 116.694415
demand_94 7 3 65.736985
demand_95 7 4 192.479823
demand_96 7 5 272.154201
demand_97 7 6 99.849466
demand_98 7 8 63.848233
demand_99 7 9 245.381434
demand_100 7 10 118.735373
demand_101 7 11 5.813328
demand_102 7 12 31.434931
demand_103 7 13 137.874867
demand_104 8 0 1753.568951
demand_105 8 1 3240.713011
demand_106 8 2 1868.962503
demand_107 8 3 1052.834956
demand_108 8 4 3082.731701
demand_109 8 5 4358.786119
demand_110 8 6 1599.176005
demand_111 8 7 480.095899
demand_112 8 9 3929.996983
demand_113 8 10 1901.650216
demand_114 8 11 93.105498
demand_115 8 12 503.457745
demand_116 8 13 2208.185862
demand_117 9 0 1168.341521
demand_118 9 1 2159.173477
demand_119 9 2 1245.224200
demand_120 9 3 701.467024
demand_121 9 4 2053.916069
demand_122 9 5 2904.106396
demand_123 9 6 1065.474914
demand_124 9 7 319.871068
demand_125 9 8 681.312505
demand_126 9 10 1267.002877
demand_127 9 11 62.032930
demand_128 9 12 335.436247
demand_129 9 13 1471.236833
demand_130 10 0 229.716695
demand_131 10 1 424.531857
demand_132 10 2 244.833196
demand_133 10 3 137.920877
demand_134 10 4 403.836381
demand_135 10 5 570.998901
demand_136 10 6 209.491293
demand_137 10 7 62.892334
demand_138 10 8 133.958140
demand_139 10 9 514.827728
demand_140 10 11 12.196776
demand_141 10 12 65.952724
demand_142 10 13 289.271294
demand_143 11 0 262.236947
demand_144 11 1 484.631462
demand_145 11 2 279.493441
demand_146 11 3 157.445890
demand_147 11 4 461.006194
demand_148 11 5 651.833372
demand_149 11 6 239.148300
demand_150 11 7 71.795798
demand_151 11 8 152.922162
demand_152 11 9 587.710229
demand_153 11 10 284.381715
demand_154 11 12 75.289439
demand_155 11 13 330.222497
demand_156 12 0 51.470768
demand_157 12 1 95.121432
demand_158 12 2 54.857801
demand_159 12 3 30.902819
demand_160 12 4 90.484363
demand_161 12 5 127.939121
demand_162 12 6 46.939026
demand_163 12 7 14.091778
demand_164 12 8 30.014921
demand_165 12 9 115.353300
demand_166 12 10 55.817251
demand_167 12 11 2.732833
demand_168 12 13 64.814687
demand_169 13 0 339.789052
demand_170 13 1 627.952953
demand_171 13 2 362.148860
demand_172 13 3 204.007827
demand_173 13 4 597.340915
demand_174 13 5 844.601977
demand_175 13 6 309.872331
demand_176 13 7 93.028181
demand_177 13 8 198.146284
demand_178 13 9 761.515507
demand_179 13 10 368.482758
demand_180 13 11 18.041052
demand_181 13 12 97.555006
