DEMANDS 182
label src dest bw
demand_0 0 1 98.214927
demand_1 0 2 10.436903
demand_2 0 3 37.338755
demand_3 0 4 37.358745
demand_4 0 5 9.780596
demand_5 0 6 106.098401
demand_6 0 7 18.686965
demand_7 0 8 124.901865
demand_8 0 9 33.553429
demand_9 0 10 54.317230
demand_10 0 11 52.854021
demand_11 0 12 88.622008
demand_12 0 13 206.963470
demand_13 1 0 5191.496508
demand_14 1 2 254.291005
demand_15 1 3 909.743992
demand_16 1 4 910.231035
demand_17 1 5 238.300358
demand_18 1 6 2585.045564
demand_19 1 7 455.300509
demand_20 1 8 3043.184518
demand_21 1 9 817.516027
demand_22 1 10 1323.417806
demand_23 1 11 1287.767314
demand_24 1 12 2159.240153
demand_25 1 13 5042.583055
demand_26 2 0 1931.708405
demand_27 2 1 890.401458
demand_28 2 3 338.507425
demand_29 2 4 338.688650
demand_30 2 5 88.669385
demand_31 2 6 961.871829
demand_32 2 7 169.413158
demand_33 2 8 1132.341147
demand_34 2 9 304.190242
demand_35 2 10 492.431671
demand_36 2 11 479.166448
demand_37 2 12 803.433528
demand_38 2 13 1876.299070
demand_39 3 0 1043.813001
demand_40 3 1 481.135049
demand_41 3 2 51.128274
demand_42 3 4 183.012930
demand_43 3 5 47.913162
demand_44 3 6 519.754596
demand_45 3 7 91.543660
demand_46 3 8 611.868959
demand_47 3 9 164.371460
demand_48 3 10 266.089115
demand_49 3 11 258.921154
demand_50 3 12 434.141281
demand_51 3 13 1013.872155
demand_52 4 0 1349.948370
demand_53 4 1 622.245052
demand_54 4 2 66.123463
demand_55 4 3 236.561349
demand_56 4 5 61.965404
demand_57 4 6 672.191157
demand_58 4 7 118.392101
demand_59 4 8 791.321341
demand_60 4 9 212.579249
demand_61 4 10 344.129233
demand_62 4 11 334.859011
demand_63 4 12 561.468686
demand_64 4 13 1311.226303
demand_65 5 0 3089.557642
demand_66 5 1 1424.100357
demand_67 5 2 151.333381
demand_68 5 3 541.405835
demand_69 5 4 541.695684
demand_70 5 6 1538.409448
demand_71 5 7 270.957934
demand_72 5 8 1811.056594
demand_73 5 9 486.519231
demand_74 5 10 787.590936
demand_75 5 11 766.374655
demand_76 5 12 1285.004604
demand_77 5 13 3000.936433
demand_78 6 0 940.924876
demand_79 6 1 433.709808
demand_80 6 2 46.088586
demand_81 6 3 164.885164
demand_82 6 4 164.973437
demand_83 6 5 43.190385
demand_84 6 7 82.520247
demand_85 6 8 551.557342
demand_86 6 9 148.169447
demand_87 6 10 239.860844
demand_88 6 11 233.399425
demand_89 6 12 391.348192
demand_90 6 13 913.935284
demand_91 7 0 4024.249878
demand_92 7 1 1854.937293
demand_93 7 2 197.116678
demand_94 7 3 705.198808
demand_95 7 4 705.576345
demand_96 7 5 184.721339
demand_97 7 6 2003.828623
demand_98 7 8 2358.960447
demand_99 7 9 633.707211
demand_100 7 10 1025.862954
demand_101 7 11 998.228054
demand_102 7 12 1673.760526
demand_103 7 13 3908.817855
demand_104 8 0 989.137259
demand_105 8 1 455.932818
demand_106 8 2 48.450135
demand_107 8 3 173.333773
demand_108 8 4 173.426570
demand_109 8 5 45.403433
demand_110 8 6 492.529443
demand_111 8 7 86.748531
demand_112 8 9 155.761554
demand_113 8 10 252.151159
demand_114 8 11 245.358661
demand_115 8 12 411.400621
demand_116 8 13 960.764737
demand_117 9 0 5160.625721
demand_118 9 1 2378.738247
demand_119 9 2 252.778886
demand_120 9 3 904.334277
demand_121 9 4 904.818425
demand_122 9 5 236.883325
demand_123 9 6 2569.673813
demand_124 9 7 452.593104
demand_125 9 8 3025.088483
demand_126 9 10 1315.548216
demand_127 9 11 1280.109716
demand_128 9 12 2146.400418
demand_129 9 13 5012.597769
demand_130 10 0 21.443494
demand_131 10 1 9.884162
demand_132 10 2 1.050350
demand_133 10 3 3.757701
demand_134 10 4 3.759712
demand_135 10 5 0.984300
demand_136 10 6 10.677539
demand_137 10 7 1.880620
demand_138 10 8 12.569884
demand_139 10 9 3.376753
demand_140 10 11 5.319127
demand_141 10 12 8.918749
demand_142 10 13 20.828406
demand_143 11 0 2706.592996
demand_144 11 1 1247.576676
demand_145 11 2 132.574924
demand_146 11 3 474.296133
demand_147 11 4 474.550053
demand_148 11 5 124.238180
demand_149 11 6 1347.716638
demand_150 11 7 237.371472
demand_151 11 8 1586.567937
demand_152 11 9 426.212972
demand_153 11 10 689.965477
demand_154 11 12 1125.722471
demand_155 11 13 2628.956787
demand_156 12 0 1706.389147
demand_157 12 1 786.542824
demand_158 12 2 83.582722
demand_159 12 3 299.023080
demand_160 12 4 299.183166
demand_161 12 5 78.326768
demand_162 12 6 849.676714
demand_163 12 7 149.652387
demand_164 12 8 1000.262068
demand_165 12 9 268.708738
demand_166 12 10 434.993220
demand_167 12 11 423.275286
demand_168 12 13 1657.442895
demand_169 13 0 35.812005
demand_170 13 1 16.507182
demand_171 13 2 1.754151
demand_172 13 3 6.275600
demand_173 13 4 6.278960
demand_174 13 5 1.643845
demand_175 13 6 17.832173
demand_176 13 7 3.140756
demand_177 13 8 20.992509
demand_178 13 9 5.639393
demand_179 13 10 9.129207
demand_180 13 11 8.883282
demand_181 13 12 14.894880
