DEMANDS 182
label src dest bw
demand_0 0 1 536.458614
demand_1 0 2 374.753718
demand_2 0 3 168.623977
demand_3 0 4 738.202070
demand_4 0 5 277.246571
demand_5 0 6 81.694814
demand_6 0 7 15.291254
demand_7 0 8 308.524506
demand_8 0 9 791.604578
demand_9 0 10 18.672932
demand_10 0 11 402.435669
demand_11 0 12 15.421719
demand_12 0 13 91.713680
demand_13 1 0 418.724052
demand_14 1 2 1043.006750
demand_15 1 3 469.310743
demand_16 1 4 2054.548638
demand_17 1 5 771.626886
demand_18 1 6 227.371305
demand_19 1 7 42.558300
demand_20 1 8 858.678985
demand_21 1 9 2203.177387
demand_22 1 10 51.970115
demand_23 1 11 1120.050579
demand_24 1 12 42.921408
demand_25 1 13 255.255605
demand_26 2 0 336.141400
demand_27 2 1 1198.592316
demand_28 2 3 376.751156
demand_29 2 4 1649.341262
demand_30 2 5 619.443141
demand_31 2 6 182.528108
demand_32 2 7 34.164760
demand_33 2 8 689.326432
demand_34 2 9 1768.656777
demand_35 2 10 41.720334
demand_36 2 11 899.149138
demand_37 2 12 34.456254
demand_38 2 13 204.912940
demand_39 3 0 433.104827
demand_40 3 1 1544.338535
demand_41 3 2 1078.828064
demand_42 3 4 2125.110628
demand_43 3 5 798.127854
demand_44 3 6 235.180209
demand_45 3 7 44.019934
demand_46 3 8 888.169695
demand_47 3 9 2278.843923
demand_48 3 10 53.754991
demand_49 3 11 1158.517908
demand_50 3 12 44.395513
demand_51 3 13 264.022175
demand_52 4 0 493.030854
demand_53 4 1 1758.019071
demand_54 4 2 1228.098806
demand_55 4 3 552.594663
demand_56 4 5 908.559851
demand_57 4 6 267.720634
demand_58 4 7 50.110699
demand_59 4 8 1011.060222
demand_60 4 9 2594.153411
demand_61 4 10 61.192736
demand_62 4 11 1318.814839
demand_63 4 12 50.538245
demand_64 4 13 300.553284
demand_65 5 0 96.802372
demand_66 5 1 345.171941
demand_67 5 2 241.126650
demand_68 5 3 108.497215
demand_69 5 4 474.979122
demand_70 5 6 52.564647
demand_71 5 7 9.838805
demand_72 5 8 198.512989
demand_73 5 9 509.339736
demand_74 5 10 12.014668
demand_75 5 11 258.937964
demand_76 5 12 9.922750
demand_77 5 13 59.011055
demand_78 6 0 39.302811
demand_79 6 1 140.143545
demand_80 6 2 97.900030
demand_81 6 3 44.051044
demand_82 6 4 192.846665
demand_83 6 5 72.427427
demand_84 6 7 3.994661
demand_85 6 8 80.598422
demand_86 6 9 206.797446
demand_87 6 10 4.878085
demand_88 6 11 105.131616
demand_89 6 12 4.028744
demand_90 6 13 23.959127
demand_91 7 0 8.351520
demand_92 7 1 29.779338
demand_93 7 2 20.802942
demand_94 7 3 9.360480
demand_95 7 4 40.978312
demand_96 7 5 15.390226
demand_97 7 6 4.534958
demand_98 7 8 17.126494
demand_99 7 9 43.942737
demand_100 7 10 1.036553
demand_101 7 11 22.339594
demand_102 7 12 0.856075
demand_103 7 13 5.091115
demand_104 8 0 199.369335
demand_105 8 1 710.898902
demand_106 8 2 496.612412
demand_107 8 3 223.455448
demand_108 8 4 978.243291
demand_109 8 5 367.398858
demand_110 8 6 108.259522
demand_111 8 7 20.263512
demand_112 8 9 1049.010696
demand_113 8 10 24.744810
demand_114 8 11 533.295705
demand_115 8 12 20.436401
demand_116 8 13 121.536224
demand_117 9 0 997.194123
demand_118 9 1 3555.733423
demand_119 9 2 2483.927531
demand_120 9 3 1117.666665
demand_121 9 4 4892.921285
demand_122 9 5 1837.634575
demand_123 9 6 541.486280
demand_124 9 7 101.352876
demand_125 9 8 2044.949730
demand_126 9 10 123.767176
demand_127 9 11 2667.407925
demand_128 9 12 102.217620
demand_129 9 13 607.892927
demand_130 10 0 1935.840577
demand_131 10 1 6902.701177
demand_132 10 2 4822.017697
demand_133 10 3 2169.712430
demand_134 10 4 9498.567382
demand_135 10 5 3567.377200
demand_136 10 6 1051.180598
demand_137 10 7 196.755080
demand_138 10 8 3969.835539
demand_139 10 9 10185.706228
demand_140 10 11 5178.205910
demand_141 10 12 198.433797
demand_142 10 13 1180.094997
demand_143 11 0 26.611400
demand_144 11 1 94.889292
demand_145 11 2 66.286781
demand_146 11 3 29.826364
demand_147 11 4 130.573859
demand_148 11 5 49.039628
demand_149 11 6 14.450254
demand_150 11 7 2.704731
demand_151 11 8 54.572098
demand_152 11 9 140.019744
demand_153 11 10 3.302885
demand_154 11 12 2.727808
demand_155 11 13 16.222400
demand_156 12 0 106.916970
demand_157 12 1 381.237951
demand_158 12 2 266.321270
demand_159 12 3 119.833772
demand_160 12 4 524.608305
demand_161 12 5 197.027155
demand_162 12 6 58.056973
demand_163 12 7 10.866833
demand_164 12 8 219.255032
demand_165 12 9 562.559159
demand_166 12 10 13.270046
demand_167 12 11 285.993636
demand_168 12 13 65.176948
demand_169 13 0 274.338005
demand_170 13 1 978.217573
demand_171 13 2 683.353129
demand_172 13 3 307.481198
demand_173 13 4 1346.091232
demand_174 13 5 505.551519
demand_175 13 6 148.968253
demand_176 13 7 27.883183
demand_177 13 8 562.585977
demand_178 13 9 1443.469241
demand_179 13 10 34.049579
demand_180 13 11 733.830408
demand_181 13 12 28.121082
