DEMANDS 182
label src dest bw
demand_0 0 1 386.711707
demand_1 0 2 268.174736
demand_2 0 3 396.266809
demand_3 0 4 72.600899
demand_4 0 5 347.014340
demand_5 0 6 54.066282
demand_6 0 7 320.787591
demand_7 0 8 388.834973
demand_8 0 9 641.620439
demand_9 0 10 75.638799
demand_10 0 11 856.674437
demand_11 0 12 87.250909
demand_12 0 13 183.491985
demand_13 1 0 344.637426
demand_14 1 2 555.425083
demand_15 1 3 820.720581
demand_16 1 4 150.365992
demand_17 1 5 718.712252
demand_18 1 6 111.978367
demand_19 1 7 664.393211
demand_20 1 8 805.328272
demand_21 1 9 1328.880158
demand_22 1 10 156.657883
demand_23 1 11 1774.285218
demand_24 1 12 180.708086
demand_25 1 13 380.035990
demand_26 2 0 1345.881720
demand_27 2 1 3127.803073
demand_28 2 3 3205.086687
demand_29 2 4 587.210860
demand_30 2 5 2806.722681
demand_31 2 6 437.299102
demand_32 2 7 2594.595390
demand_33 2 8 3144.976480
demand_34 2 9 5189.556836
demand_35 2 10 611.782020
demand_36 2 11 6928.957384
demand_37 2 12 705.703126
demand_38 2 13 1484.120563
demand_39 3 0 36.956533
demand_40 3 1 85.886266
demand_41 3 2 59.559942
demand_42 3 4 16.124208
demand_43 3 5 77.069728
demand_44 3 6 12.007785
demand_45 3 7 71.244930
demand_46 3 8 86.357831
demand_47 3 9 142.499911
demand_48 3 10 16.798907
demand_49 3 11 190.262068
demand_50 3 12 19.377885
demand_51 3 13 40.752429
demand_52 4 0 779.293802
demand_53 4 1 1811.063716
demand_54 4 2 1255.926640
demand_55 4 3 1855.812553
demand_56 4 5 1625.151421
demand_57 4 6 253.205371
demand_58 4 7 1502.325261
demand_59 4 8 1821.007480
demand_60 4 9 3004.862477
demand_61 4 10 354.234647
demand_62 4 11 4012.011951
demand_63 4 12 408.616942
demand_64 4 13 859.336998
demand_65 5 0 182.608893
demand_66 5 1 424.379534
demand_67 5 2 294.296417
demand_68 5 3 434.865355
demand_69 5 4 79.672622
demand_70 5 6 59.332632
demand_71 5 7 352.034050
demand_72 5 8 426.709617
demand_73 5 9 704.117766
demand_74 5 10 83.006430
demand_75 5 11 940.119194
demand_76 5 12 95.749623
demand_77 5 13 201.365105
demand_78 6 0 126.365950
demand_79 6 1 293.672023
demand_80 6 2 203.654081
demand_81 6 3 300.928246
demand_82 6 4 55.133714
demand_83 6 5 263.525519
demand_84 6 7 243.608712
demand_85 6 8 295.284448
demand_86 6 9 487.251793
demand_87 6 10 57.440721
demand_88 6 11 650.565552
demand_89 6 12 66.259051
demand_90 6 13 139.345310
demand_91 7 0 101.611376
demand_92 7 1 236.142872
demand_93 7 2 163.759078
demand_94 7 3 241.977630
demand_95 7 4 44.333245
demand_96 7 5 211.901945
demand_97 7 6 33.015207
demand_98 7 8 237.439430
demand_99 7 9 391.801154
demand_100 7 10 46.188318
demand_101 7 11 523.122414
demand_102 7 12 53.279174
demand_103 7 13 112.048132
demand_104 8 0 736.264178
demand_105 8 1 1711.063702
demand_106 8 2 1186.579173
demand_107 8 3 1753.341679
demand_108 8 4 321.233519
demand_109 8 5 1535.416773
demand_110 8 6 239.224338
demand_111 8 7 1419.372604
demand_112 8 9 2838.945459
demand_113 8 10 334.675164
demand_114 8 11 3790.483990
demand_115 8 12 386.054676
demand_116 8 13 811.887694
demand_117 9 0 188.361865
demand_118 9 1 437.749330
demand_119 9 2 303.568030
demand_120 9 3 448.565500
demand_121 9 4 82.182655
demand_122 9 5 392.812765
demand_123 9 6 61.201867
demand_124 9 7 363.124649
demand_125 9 8 440.152821
demand_126 9 10 85.621493
demand_127 9 11 969.737026
demand_128 9 12 98.766151
demand_129 9 13 207.708979
demand_130 10 0 106.708802
demand_131 10 1 247.989190
demand_132 10 2 171.974198
demand_133 10 3 254.116654
demand_134 10 4 46.557262
demand_135 10 5 222.532196
demand_136 10 6 34.671444
demand_137 10 7 205.713594
demand_138 10 8 249.350791
demand_139 10 9 411.456210
demand_140 10 11 549.365318
demand_141 10 12 55.951971
demand_142 10 13 117.669127
demand_143 11 0 577.613208
demand_144 11 1 1342.361919
demand_145 11 2 930.893861
demand_146 11 3 1375.529794
demand_147 11 4 252.013787
demand_148 11 5 1204.563573
demand_149 11 6 187.676029
demand_150 11 7 1113.524722
demand_151 11 8 1349.732245
demand_152 11 9 2227.206545
demand_153 11 10 262.559012
demand_154 11 12 302.867214
demand_155 11 13 636.941291
demand_156 12 0 771.282964
demand_157 12 1 1792.446683
demand_158 12 2 1243.016201
demand_159 12 3 1836.735519
demand_160 12 4 336.512284
demand_161 12 5 1608.445495
demand_162 12 6 250.602517
demand_163 12 7 1486.881940
demand_164 12 8 1802.288229
demand_165 12 9 2973.973655
demand_166 12 10 350.593252
demand_167 12 11 3970.770023
demand_168 12 13 850.503346
demand_169 13 0 242.696584
demand_170 13 1 564.022165
demand_171 13 2 391.135031
demand_172 13 3 577.958359
demand_173 13 4 105.889000
demand_174 13 5 506.123232
demand_175 13 6 78.856111
demand_176 13 7 467.871306
demand_177 13 8 567.118965
demand_178 13 9 935.808621
demand_179 13 10 110.319803
demand_180 13 11 1249.466622
demand_181 13 12 127.256159
