DEMANDS 182
label src dest bw
demand_0 0 1 1847.968845
demand_1 0 2 1156.000012
demand_2 0 3 534.609770
demand_3 0 4 1092.723285
demand_4 0 5 2725.534671
demand_5 0 6 81.656843
demand_6 0 7 1397.316044
demand_7 0 8 621.915100
demand_8 0 9 819.724459
demand_9 0 10 755.483594
demand_10 0 11 4557.934186
demand_11 0 12 1537.209086
demand_12 0 13 204.341425
demand_13 1 0 191.994763
demand_14 1 2 158.954030
demand_15 1 3 73.510706
demand_16 1 4 150.253259
demand_17 1 5 374.770515
demand_18 1 6 11.228100
demand_19 1 7 192.135825
demand_20 1 8 85.515493
demand_21 1 9 112.714969
demand_22 1 10 103.881627
demand_23 1 11 626.731833
demand_24 1 12 211.371606
demand_25 1 13 28.097658
demand_26 2 0 237.037005
demand_27 2 1 313.714879
demand_28 2 3 90.756422
demand_29 2 4 185.502886
demand_30 2 5 462.692206
demand_31 2 6 13.862229
demand_32 2 7 237.211161
demand_33 2 8 105.577549
demand_34 2 9 139.158060
demand_35 2 10 128.252403
demand_36 2 11 773.764004
demand_37 2 12 260.959682
demand_38 2 13 34.689408
demand_39 3 0 3817.453311
demand_40 3 1 5052.341530
demand_41 3 2 3160.500724
demand_42 3 4 2987.502331
demand_43 3 5 7451.603988
demand_44 3 6 223.249575
demand_45 3 7 3820.258065
demand_46 3 8 1700.314102
demand_47 3 9 2241.124323
demand_48 3 10 2065.489983
demand_49 3 11 12461.379013
demand_50 3 12 4202.725240
demand_51 3 13 558.668870
demand_52 4 0 953.476559
demand_53 4 1 1261.911758
demand_54 4 2 789.391018
demand_55 4 3 365.065870
demand_56 4 5 1861.170039
demand_57 4 6 55.760534
demand_58 4 7 954.177096
demand_59 4 8 424.683554
demand_60 4 9 559.760483
demand_61 4 10 515.892696
demand_62 4 11 3112.450059
demand_63 4 12 1049.705045
demand_64 4 13 139.537443
demand_65 5 0 207.627758
demand_66 5 1 274.792187
demand_67 5 2 171.896714
demand_68 5 3 79.496247
demand_69 5 4 162.487491
demand_70 5 6 12.142338
demand_71 5 7 207.780306
demand_72 5 8 92.478513
demand_73 5 9 121.892681
demand_74 5 10 112.340092
demand_75 5 11 677.762889
demand_76 5 12 228.582342
demand_77 5 13 30.385484
demand_78 6 0 744.241124
demand_79 6 1 984.991835
demand_80 6 2 616.163295
demand_81 6 3 284.954078
demand_82 6 4 582.435963
demand_83 6 5 1452.746027
demand_84 6 7 744.787932
demand_85 6 8 331.488973
demand_86 6 9 436.923978
demand_87 6 10 402.682747
demand_88 6 11 2429.439202
demand_89 6 12 819.352773
demand_90 6 13 108.916682
demand_91 7 0 123.694912
demand_92 7 1 163.708340
demand_93 7 2 102.408027
demand_94 7 3 47.360148
demand_95 7 4 96.802452
demand_96 7 5 241.450367
demand_97 7 6 7.233837
demand_98 7 8 55.094375
demand_99 7 9 72.617961
demand_100 7 10 66.926975
demand_101 7 11 403.779447
demand_102 7 12 136.178674
demand_103 7 13 18.102251
demand_104 8 0 281.198557
demand_105 8 1 372.162024
demand_106 8 2 232.806579
demand_107 8 3 107.664940
demand_108 8 4 220.063293
demand_109 8 5 548.894805
demand_110 8 6 16.444853
demand_111 8 7 281.405159
demand_112 8 9 165.084122
demand_113 8 10 152.146669
demand_114 8 11 917.921325
demand_115 8 12 309.578187
demand_116 8 13 41.152273
demand_117 9 0 472.703716
demand_118 9 1 625.616196
demand_119 9 2 391.355261
demand_120 9 3 180.988187
demand_121 9 4 369.933393
demand_122 9 5 922.709621
demand_123 9 6 27.644321
demand_124 9 7 473.051021
demand_125 9 8 210.544761
demand_126 9 10 255.763388
demand_127 9 11 1543.054935
demand_128 9 12 520.410776
demand_129 9 13 69.178279
demand_130 10 0 135.061536
demand_131 10 1 178.751894
demand_132 10 2 111.818547
demand_133 10 3 51.712186
demand_134 10 4 105.697862
demand_135 10 5 263.637823
demand_136 10 6 7.898572
demand_137 10 7 135.160768
demand_138 10 8 60.157130
demand_139 10 9 79.291001
demand_140 10 11 440.883714
demand_141 10 12 148.692461
demand_142 10 13 19.765710
demand_143 11 0 331.898494
demand_144 11 1 439.262621
demand_145 11 2 274.781470
demand_146 11 3 127.076866
demand_147 11 4 259.740577
demand_148 11 5 647.860220
demand_149 11 6 19.409850
demand_150 11 7 332.142346
demand_151 11 8 147.829363
demand_152 11 9 194.848693
demand_153 11 10 179.578625
demand_154 11 12 365.394954
demand_155 11 13 48.572004
demand_156 12 0 1303.537375
demand_157 12 1 1725.211936
demand_158 12 2 1079.209222
demand_159 12 3 499.096702
demand_160 12 4 1020.135842
demand_161 12 5 2544.482803
demand_162 12 6 76.232541
demand_163 12 7 1304.495108
demand_164 12 8 580.602512
demand_165 12 9 765.271787
demand_166 12 10 705.298316
demand_167 12 11 4255.159648
demand_168 12 13 190.767429
demand_169 13 0 658.770210
demand_170 13 1 871.872376
demand_171 13 2 545.401228
demand_172 13 3 252.229085
demand_173 13 4 515.547245
demand_174 13 5 1285.908254
demand_175 13 6 38.525728
demand_176 13 7 659.254221
demand_177 13 8 293.419771
demand_178 13 9 386.746299
demand_179 13 10 356.437436
demand_180 13 11 2150.435015
demand_181 13 12 725.255809
