DEMANDS 182
label src dest bw
demand_0 0 1 1445.550496
demand_1 0 2 1721.421665
demand_2 0 3 1697.170471
demand_3 0 4 437.713728
demand_4 0 5 65.695894
demand_5 0 6 48.672059
demand_6 0 7 374.101458
demand_7 0 8 1087.203306
demand_8 0 9 563.780525
demand_9 0 10 611.656591
demand_10 0 11 770.701356
demand_11 0 12 117.309881
demand_12 0 13 210.753818
demand_13 1 0 482.002937
demand_14 1 2 3083.587756
demand_15 1 3 3040.146520
demand_16 1 4 784.077905
demand_17 1 5 117.681250
demand_18 1 6 87.186404
demand_19 1 7 670.129056
demand_20 1 8 1947.510521
demand_21 1 9 1009.901735
demand_22 1 10 1095.662274
demand_23 1 11 1380.559636
demand_24 1 12 210.137540
demand_25 1 13 377.523941
demand_26 2 0 68.334694
demand_27 2 1 367.108028
demand_28 2 3 431.008745
demand_29 2 4 111.160575
demand_30 2 5 16.683948
demand_31 2 6 12.360622
demand_32 2 7 95.005777
demand_33 2 8 276.103162
demand_34 2 9 143.176152
demand_35 2 10 155.334626
demand_36 2 11 195.725197
demand_37 2 12 29.791695
demand_38 2 13 53.522460
demand_39 3 0 153.115440
demand_40 3 1 822.567636
demand_41 3 2 979.547760
demand_42 3 4 249.074071
demand_43 3 5 37.383209
demand_44 3 6 27.696065
demand_45 3 7 212.876515
demand_46 3 8 618.655838
demand_47 3 9 320.810387
demand_48 3 10 348.053505
demand_49 3 11 438.555412
demand_50 3 12 66.753332
demand_51 3 13 119.926125
demand_52 4 0 40.392902
demand_53 4 1 216.998977
demand_54 4 2 258.411409
demand_55 4 3 254.770938
demand_56 4 5 9.861947
demand_57 4 6 7.306412
demand_58 4 7 56.158283
demand_59 4 8 163.205648
demand_60 4 9 84.631978
demand_61 4 10 91.818899
demand_62 4 11 115.693922
demand_63 4 12 17.609986
demand_64 4 13 31.637333
demand_65 5 0 492.867032
demand_66 5 1 2647.783064
demand_67 5 2 3153.090221
demand_68 5 3 3108.669841
demand_69 5 4 801.750613
demand_70 5 6 89.151541
demand_71 5 7 685.233416
demand_72 5 8 1991.406396
demand_73 5 9 1032.664394
demand_74 5 10 1120.357932
demand_75 5 11 1411.676732
demand_76 5 12 214.873930
demand_77 5 13 386.033135
demand_78 6 0 274.672091
demand_79 6 1 1475.594961
demand_80 6 2 1757.199865
demand_81 6 3 1732.444631
demand_82 6 4 446.811214
demand_83 6 5 67.061324
demand_84 6 7 381.876820
demand_85 6 8 1109.799848
demand_86 6 9 575.498196
demand_87 6 10 624.369323
demand_88 6 11 786.719690
demand_89 6 12 119.748061
demand_90 6 13 215.134146
demand_91 7 0 279.653412
demand_92 7 1 1502.355643
demand_93 7 2 1789.067597
demand_94 7 3 1763.863415
demand_95 7 4 454.914368
demand_96 7 5 68.277515
demand_97 7 6 50.584703
demand_98 7 8 1129.926645
demand_99 7 9 585.935155
demand_100 7 10 635.692585
demand_101 7 11 800.987261
demand_102 7 12 121.919755
demand_103 7 13 219.035716
demand_104 8 0 146.066765
demand_105 8 1 784.700703
demand_106 8 2 934.454240
demand_107 8 3 921.289754
demand_108 8 4 237.607936
demand_109 8 5 35.662271
demand_110 8 6 26.421076
demand_111 8 7 203.076736
demand_112 8 9 306.041868
demand_113 8 10 332.030848
demand_114 8 11 418.366496
demand_115 8 12 63.680339
demand_116 8 13 114.405321
demand_117 9 0 549.234362
demand_118 9 1 2950.599949
demand_119 9 2 3513.697165
demand_120 9 3 3464.196595
demand_121 9 4 893.443784
demand_122 9 5 134.095835
demand_123 9 6 99.347463
demand_124 9 7 763.600957
demand_125 9 8 2219.155976
demand_126 9 10 1248.489010
demand_127 9 11 1573.124834
demand_128 9 12 239.448245
demand_129 9 13 430.182277
demand_130 10 0 451.955237
demand_131 10 1 2427.996485
demand_132 10 2 2891.359219
demand_133 10 3 2850.626077
demand_134 10 4 735.199080
demand_135 10 5 110.345089
demand_136 10 6 81.751270
demand_137 10 7 628.353715
demand_138 10 8 1826.104183
demand_139 10 9 946.945221
demand_140 10 11 1294.496588
demand_141 10 12 197.037724
demand_142 10 13 353.989383
demand_143 11 0 107.625887
demand_144 11 1 578.188403
demand_145 11 2 688.530802
demand_146 11 3 678.830858
demand_147 11 4 175.075864
demand_148 11 5 26.276912
demand_149 11 6 19.467753
demand_150 11 7 149.632355
demand_151 11 8 434.857409
demand_152 11 9 225.499809
demand_153 11 10 244.649183
demand_154 11 12 46.921372
demand_155 11 13 84.296891
demand_156 12 0 663.262341
demand_157 12 1 3563.181705
demand_158 12 2 4243.185002
demand_159 12 3 4183.407491
demand_160 12 4 1078.933979
demand_161 12 5 161.935821
demand_162 12 6 119.973249
demand_163 12 7 922.134145
demand_164 12 8 2679.880739
demand_165 12 9 1389.679890
demand_166 12 10 1507.691071
demand_167 12 11 1899.725386
demand_168 12 13 519.493542
demand_169 13 0 180.400412
demand_170 13 1 969.148114
demand_171 13 2 1154.101890
demand_172 13 3 1137.843033
demand_173 13 4 293.458745
demand_174 13 5 44.044848
demand_175 13 6 32.631468
demand_176 13 7 250.810832
demand_177 13 8 728.899500
demand_178 13 9 377.978379
demand_179 13 10 410.076184
demand_180 13 11 516.705413
demand_181 13 12 78.648688
