DEMANDS 182
label src dest bw
demand_0 0 1 1676.329325
demand_1 0 2 1958.614081
demand_2 0 3 2116.429693
demand_3 0 4 143.144110
demand_4 0 5 314.961953
demand_5 0 6 1076.471907
demand_6 0 7 258.436554
demand_7 0 8 2802.408729
demand_8 0 9 402.806162
demand_9 0 10 1837.810315
demand_10 0 11 2254.750261
demand_11 0 12 69.597715
demand_12 0 13 292.768157
demand_13 1 0 439.571883
demand_14 1 2 1284.166115
demand_15 1 3 1387.637986
demand_16 1 4 93.852493
demand_17 1 5 206.504932
demand_18 1 6 705.789242
demand_19 1 7 169.444031
demand_20 1 8 1837.400418
demand_21 1 9 264.100023
demand_22 1 10 1204.961077
demand_23 1 11 1478.327922
demand_24 1 12 45.631770
demand_25 1 13 191.953561
demand_26 2 0 50.654780
demand_27 2 1 126.654961
demand_28 2 3 159.906718
demand_29 2 4 10.815245
demand_30 2 5 23.796931
demand_31 2 6 81.332770
demand_32 2 7 19.526158
demand_33 2 8 211.735822
demand_34 2 9 30.433995
demand_35 2 10 138.855647
demand_36 2 11 170.357520
demand_37 2 12 5.258451
demand_38 2 13 22.120080
demand_39 3 0 461.315634
demand_40 3 1 1153.453109
demand_41 3 2 1347.688349
demand_42 3 4 98.494977
demand_43 3 5 216.719853
demand_44 3 6 740.701632
demand_45 3 7 177.825707
demand_46 3 8 1928.288799
demand_47 3 9 277.163927
demand_48 3 10 1264.565375
demand_49 3 11 1551.454514
demand_50 3 12 47.888980
demand_51 3 13 201.448686
demand_52 4 0 975.674911
demand_53 4 1 2439.534187
demand_54 4 2 2850.338498
demand_55 4 3 3080.004933
demand_56 4 5 458.358893
demand_57 4 6 1566.571663
demand_58 4 7 376.098419
demand_59 4 8 4078.298816
demand_60 4 9 586.197108
demand_61 4 10 2674.534786
demand_62 4 11 3281.300556
demand_63 4 12 101.284398
demand_64 4 13 426.060629
demand_65 5 0 1003.921153
demand_66 5 1 2510.159836
demand_67 5 2 2932.857122
demand_68 5 3 3169.172508
demand_69 5 4 214.346065
demand_70 5 6 1611.924641
demand_71 5 7 386.986643
demand_72 5 8 4196.367462
demand_73 5 9 603.167787
demand_74 5 10 2751.963811
demand_75 5 11 3376.295733
demand_76 5 12 104.216628
demand_77 5 13 438.395283
demand_78 6 0 216.606488
demand_79 6 1 541.593238
demand_80 6 2 632.794598
demand_81 6 3 683.782114
demand_82 6 4 46.247405
demand_83 6 5 101.758802
demand_84 6 7 83.496416
demand_85 6 8 905.410169
demand_86 6 9 130.139758
demand_87 6 10 593.764974
demand_88 6 11 728.471116
demand_89 6 12 22.485828
demand_90 6 13 94.588367
demand_91 7 0 147.422418
demand_92 7 1 368.608462
demand_93 7 2 430.680125
demand_94 7 3 465.382238
demand_95 7 4 31.475993
demand_96 7 5 69.257060
demand_97 7 6 236.705669
demand_98 7 8 616.222335
demand_99 7 9 88.573145
demand_100 7 10 404.116556
demand_101 7 11 495.797582
demand_102 7 12 15.303859
demand_103 7 13 64.376861
demand_104 8 0 355.656022
demand_105 8 1 889.266512
demand_106 8 2 1039.014164
demand_107 8 3 1122.732881
demand_108 8 4 75.935713
demand_109 8 5 167.082395
demand_110 8 6 571.051526
demand_111 8 7 137.096554
demand_112 8 9 213.682375
demand_113 8 10 974.929654
demand_114 8 11 1196.109781
demand_115 8 12 36.920501
demand_116 8 13 155.308932
demand_117 9 0 193.228690
demand_118 9 1 483.140429
demand_119 9 2 564.498654
demand_120 9 3 609.983214
demand_121 9 4 41.256038
demand_122 9 5 90.776228
demand_123 9 6 310.253535
demand_124 9 7 74.484856
demand_125 9 8 807.691505
demand_126 9 10 529.681400
demand_127 9 11 649.849044
demand_128 9 12 20.058988
demand_129 9 13 84.379681
demand_130 10 0 1127.768604
demand_131 10 1 2819.822500
demand_132 10 2 3294.665297
demand_133 10 3 3560.133429
demand_134 10 4 240.788594
demand_135 10 5 529.810455
demand_136 10 6 1810.777666
demand_137 10 7 434.726756
demand_138 10 8 4714.046977
demand_139 10 9 677.576811
demand_140 10 11 3792.808146
demand_141 10 12 117.073180
demand_142 10 13 492.477357
demand_143 11 0 51.415969
demand_144 11 1 128.558204
demand_145 11 2 150.206708
demand_146 11 3 162.309635
demand_147 11 4 10.977765
demand_148 11 5 24.154528
demand_149 11 6 82.554957
demand_150 11 7 19.819578
demand_151 11 8 214.917575
demand_152 11 9 30.891327
demand_153 11 10 140.942230
demand_154 11 12 5.337470
demand_155 11 13 22.452479
demand_156 12 0 175.347464
demand_157 12 1 438.431007
demand_158 12 2 512.260408
demand_159 12 3 553.535864
demand_160 12 4 37.438238
demand_161 12 5 82.375870
demand_162 12 6 281.542925
demand_163 12 7 67.592088
demand_164 12 8 732.948390
demand_165 12 9 105.350845
demand_166 12 10 480.665114
demand_167 12 11 589.712542
demand_168 12 13 76.571254
demand_169 13 0 280.003213
demand_170 13 1 700.107591
demand_171 13 2 818.001907
demand_172 13 3 883.912529
demand_173 13 4 59.783168
demand_174 13 5 131.541727
demand_175 13 6 449.581202
demand_176 13 7 107.934277
demand_177 13 8 1170.407028
demand_178 13 9 168.229266
demand_179 13 10 767.549032
demand_180 13 11 941.681178
demand_181 13 12 29.067015
