DEMANDS 182
label src dest bw
demand_0 0 1 142.214453
demand_1 0 2 601.524083
demand_2 0 3 429.554636
demand_3 0 4 139.081765
demand_4 0 5 198.572540
demand_5 0 6 85.647073
demand_6 0 7 24.155549
demand_7 0 8 180.914125
demand_8 0 9 37.844542
demand_9 0 10 672.444984
demand_10 0 11 2072.040239
demand_11 0 12 274.159799
demand_12 0 13 39.536697
demand_13 1 0 39.026488
demand_14 1 2 93.297241
demand_15 1 3 66.624535
demand_16 1 4 21.571780
demand_17 1 5 30.798883
demand_18 1 6 13.283983
demand_19 1 7 3.746560
demand_20 1 8 28.060038
demand_21 1 9 5.869742
demand_22 1 10 104.297173
demand_23 1 11 321.376388
demand_24 1 12 42.522575
demand_25 1 13 6.132198
demand_26 2 0 423.026516
demand_27 2 1 239.093425
demand_28 2 3 722.174762
demand_29 2 4 233.826695
demand_30 2 5 333.843625
demand_31 2 6 143.991357
demand_32 2 7 40.610732
demand_33 2 8 304.155989
demand_34 2 9 63.624906
demand_35 2 10 1130.526261
demand_36 2 11 3483.550268
demand_37 2 12 460.922247
demand_38 2 13 66.469785
demand_39 3 0 461.551564
demand_40 3 1 260.867676
demand_41 3 2 1103.391293
demand_42 3 4 255.121305
demand_43 3 5 364.246783
demand_44 3 6 157.104657
demand_45 3 7 44.309153
demand_46 3 8 331.855492
demand_47 3 9 69.419230
demand_48 3 10 1233.483350
demand_49 3 11 3800.797382
demand_50 3 12 502.898461
demand_51 3 13 72.523192
demand_52 4 0 722.931246
demand_53 4 1 408.598755
demand_54 4 2 1728.249031
demand_55 4 3 1234.160700
demand_56 4 5 570.522128
demand_57 4 6 246.074057
demand_58 4 7 69.401718
demand_59 4 8 519.787437
demand_60 4 9 108.731795
demand_61 4 10 1932.013073
demand_62 4 11 5953.213907
demand_63 4 12 787.693163
demand_64 4 13 113.593553
demand_65 5 0 316.167873
demand_66 5 1 178.697213
demand_67 5 2 755.835113
demand_68 5 3 539.749755
demand_69 5 4 174.760886
demand_70 5 6 107.618410
demand_71 5 7 30.352255
demand_72 5 8 227.324644
demand_73 5 9 47.552932
demand_74 5 10 844.949595
demand_75 5 11 2603.587806
demand_76 5 12 344.490950
demand_77 5 13 49.679181
demand_78 6 0 1141.550705
demand_79 6 1 645.201323
demand_80 6 2 2729.006265
demand_81 6 3 1948.811902
demand_82 6 4 630.988883
demand_83 6 5 900.887797
demand_84 6 7 109.589370
demand_85 6 8 820.774753
demand_86 6 9 171.693862
demand_87 6 10 3050.761601
demand_88 6 11 9400.472823
demand_89 6 12 1243.813558
demand_90 6 13 179.370861
demand_91 7 0 181.678125
demand_92 7 1 102.683977
demand_93 7 2 434.322137
demand_94 7 3 310.153978
demand_95 7 4 100.422063
demand_96 7 5 143.376554
demand_97 7 6 61.840284
demand_98 7 8 130.626539
demand_99 7 9 27.325128
demand_100 7 10 485.529591
demand_101 7 11 1496.087970
demand_102 7 12 197.953288
demand_103 7 13 28.546924
demand_104 8 0 324.149993
demand_105 8 1 183.208685
demand_106 8 2 774.917274
demand_107 8 3 553.376526
demand_108 8 4 179.172980
demand_109 8 5 255.812354
demand_110 8 6 110.335394
demand_111 8 7 31.118542
demand_112 8 9 48.753475
demand_113 8 10 866.281582
demand_114 8 11 2669.319184
demand_115 8 12 353.188127
demand_116 8 13 50.933404
demand_117 9 0 8.774467
demand_118 9 1 4.959305
demand_119 9 2 20.976357
demand_120 9 3 14.979436
demand_121 9 4 4.850061
demand_122 9 5 6.924625
demand_123 9 6 2.986686
demand_124 9 7 0.842353
demand_125 9 8 6.308840
demand_126 9 10 23.449512
demand_127 9 11 72.256219
demand_128 9 12 9.560505
demand_129 9 13 1.378724
demand_130 10 0 549.711014
demand_131 10 1 310.695155
demand_132 10 2 1314.146445
demand_133 10 3 938.445714
demand_134 10 4 303.851189
demand_135 10 5 433.820366
demand_136 10 6 187.112703
demand_137 10 7 52.772499
demand_138 10 8 395.242121
demand_139 10 9 82.678769
demand_140 10 11 4526.775224
demand_141 10 12 598.955447
demand_142 10 13 86.375610
demand_143 11 0 1633.154333
demand_144 11 1 923.054343
demand_145 11 2 3904.240421
demand_146 11 3 2788.058898
demand_147 11 4 902.721380
demand_148 11 5 1288.851036
demand_149 11 6 555.899215
demand_150 11 7 156.783534
demand_151 11 8 1174.237673
demand_152 11 9 245.633044
demand_153 11 10 4364.558231
demand_154 11 12 1779.456219
demand_155 11 13 256.616108
demand_156 12 0 545.467036
demand_157 12 1 308.296470
demand_158 12 2 1304.000734
demand_159 12 3 931.200556
demand_160 12 4 301.505342
demand_161 12 5 430.471107
demand_162 12 6 185.668121
demand_163 12 7 52.365075
demand_164 12 8 392.190701
demand_165 12 9 82.040457
demand_166 12 10 1457.745047
demand_167 12 11 4491.826794
demand_168 12 13 85.708757
demand_169 13 0 515.882787
demand_170 13 1 291.575534
demand_171 13 2 1233.276237
demand_172 13 3 880.695453
demand_173 13 4 285.152733
demand_174 13 5 407.123841
demand_175 13 6 175.598124
demand_176 13 7 49.524974
demand_177 13 8 370.919632
demand_178 13 9 77.590866
demand_179 13 10 1378.681989
demand_180 13 11 4248.205619
demand_181 13 12 562.096806
