DEMANDS 182
label src dest bw
demand_0 0 1 1146.783488
demand_1 0 2 1053.560267
demand_2 0 3 211.286283
demand_3 0 4 63.424481
demand_4 0 5 3421.260307
demand_5 0 6 768.093445
demand_6 0 7 484.729840
demand_7 0 8 108.113753
demand_8 0 9 2550.086901
demand_9 0 10 154.362068
demand_10 0 11 2149.001665
demand_11 0 12 785.118500
demand_12 0 13 3039.511571
demand_13 1 0 143.917098
demand_14 1 2 398.674667
demand_15 1 3 79.952226
demand_16 1 4 24.000273
demand_17 1 5 1294.629131
demand_18 1 6 290.651999
demand_19 1 7 183.425205
demand_20 1 8 40.911010
demand_21 1 9 964.970944
demand_22 1 10 58.411700
demand_23 1 11 813.197450
demand_24 1 12 297.094401
demand_25 1 13 1150.172706
demand_26 2 0 278.525250
demand_27 2 1 839.832867
demand_28 2 3 154.732927
demand_29 2 4 46.448143
demand_30 2 5 2505.518157
demand_31 2 6 562.503843
demand_32 2 7 354.985972
demand_33 2 8 79.175785
demand_34 2 9 1867.524965
demand_35 2 10 113.045173
demand_36 2 11 1573.795095
demand_37 2 12 574.971934
demand_38 2 13 2225.949138
demand_39 3 0 667.866793
demand_40 3 1 2013.808379
demand_41 3 2 1850.103804
demand_42 3 4 111.376518
demand_43 3 5 6007.901881
demand_44 3 6 1348.809981
demand_45 3 7 851.209513
demand_46 3 8 189.853083
demand_47 3 9 4478.078403
demand_48 3 10 271.067407
demand_49 3 11 3773.752940
demand_50 3 12 1378.706818
demand_51 3 13 5337.532269
demand_52 4 0 160.610290
demand_53 4 1 484.285717
demand_54 4 2 444.917628
demand_55 4 3 89.226023
demand_56 4 5 1444.795394
demand_57 4 6 324.365226
demand_58 4 7 204.701010
demand_59 4 8 45.656348
demand_60 4 9 1076.899587
demand_61 4 10 65.186973
demand_62 4 11 907.521623
demand_63 4 12 331.554892
demand_64 4 13 1283.583220
demand_65 5 0 17.129097
demand_66 5 1 51.649100
demand_67 5 2 47.450491
demand_68 5 3 9.515961
demand_69 5 4 2.856526
demand_70 5 6 34.593570
demand_71 5 7 21.831375
demand_72 5 8 4.869252
demand_73 5 9 114.851404
demand_74 5 10 6.952195
demand_75 5 11 96.787235
demand_76 5 12 35.360349
demand_77 5 13 136.894226
demand_78 6 0 648.339729
demand_79 6 1 1954.928726
demand_80 6 2 1796.010539
demand_81 6 3 360.181001
demand_82 6 4 108.120096
demand_83 6 5 5832.243074
demand_84 6 7 826.321881
demand_85 6 8 184.302166
demand_86 6 9 4347.148517
demand_87 6 10 263.141948
demand_88 6 11 3663.416095
demand_89 6 12 1338.396240
demand_90 6 13 5181.473703
demand_91 7 0 356.135170
demand_92 7 1 1073.848854
demand_93 7 2 986.554565
demand_94 7 3 197.848622
demand_95 7 4 59.390728
demand_96 7 5 3203.670525
demand_97 7 6 719.243235
demand_98 7 8 101.237793
demand_99 7 9 2387.903144
demand_100 7 10 144.544748
demand_101 7 11 2012.326650
demand_102 7 12 735.185508
demand_103 7 13 2846.200745
demand_104 8 0 0.002155
demand_105 8 1 0.006497
demand_106 8 2 0.005968
demand_107 8 3 0.001197
demand_108 8 4 0.000359
demand_109 8 5 0.019382
demand_110 8 6 0.004351
demand_111 8 7 0.002746
demand_112 8 9 0.014446
demand_113 8 10 0.000874
demand_114 8 11 0.012174
demand_115 8 12 0.004448
demand_116 8 13 0.017219
demand_117 9 0 7.499298
demand_118 9 1 22.612518
demand_119 9 2 20.774323
demand_120 9 3 4.166187
demand_121 9 4 1.250617
demand_122 9 5 67.461130
demand_123 9 6 15.145428
demand_124 9 7 9.558005
demand_125 9 8 2.131810
demand_126 9 10 3.043744
demand_127 9 11 42.374466
demand_128 9 12 15.481132
demand_129 9 13 59.933728
demand_130 10 0 90.095212
demand_131 10 1 271.662694
demand_132 10 2 249.578952
demand_133 10 3 50.051820
demand_134 10 4 15.024689
demand_135 10 5 810.465796
demand_136 10 6 181.954429
demand_137 10 7 114.828140
demand_138 10 8 25.611176
demand_139 10 9 604.092652
demand_140 10 11 509.079166
demand_141 10 12 185.987511
demand_142 10 13 720.032954
demand_143 11 0 3.788898
demand_144 11 1 11.424607
demand_145 11 2 10.495888
demand_146 11 3 2.104898
demand_147 11 4 0.631854
demand_148 11 5 34.083638
demand_149 11 6 7.651981
demand_150 11 7 4.829026
demand_151 11 8 1.077062
demand_152 11 9 25.404743
demand_153 11 10 1.537802
demand_154 11 12 7.821590
demand_155 11 13 30.280541
demand_156 12 0 194.185316
demand_157 12 1 585.523971
demand_158 12 2 537.926120
demand_159 12 3 107.878414
demand_160 12 4 32.383231
demand_161 12 5 1746.824875
demand_162 12 6 392.172654
demand_163 12 7 247.493048
demand_164 12 8 55.200650
demand_165 12 9 1302.021721
demand_166 12 10 78.814085
demand_167 12 11 1097.235880
demand_168 12 13 1551.911852
demand_169 13 0 445.567626
demand_170 13 1 1343.513151
demand_171 13 2 1234.297571
demand_172 13 3 247.532253
demand_173 13 4 74.304893
demand_174 13 5 4008.174397
demand_175 13 6 899.859175
demand_176 13 7 567.884803
demand_177 13 8 126.660568
demand_178 13 9 2987.551987
demand_179 13 10 180.842740
demand_180 13 11 2517.660943
demand_181 13 12 919.804863
