DEMANDS 182
label src dest bw
demand_0 0 1 1200.028207
demand_1 0 2 208.580780
demand_2 0 3 370.999461
demand_3 0 4 556.746955
demand_4 0 5 719.619454
demand_5 0 6 2558.481004
demand_6 0 7 991.334079
demand_7 0 8 1627.313173
demand_8 0 9 254.469623
demand_9 0 10 657.283087
demand_10 0 11 774.266269
demand_11 0 12 145.722735
demand_12 0 13 786.411989
demand_13 1 0 117.180825
demand_14 1 2 213.269899
demand_15 1 3 379.339926
demand_16 1 4 569.263223
demand_17 1 5 735.797270
demand_18 1 6 2615.998398
demand_19 1 7 1013.620331
demand_20 1 8 1663.896916
demand_21 1 9 260.190373
demand_22 1 10 672.059515
demand_23 1 11 791.672604
demand_24 1 12 148.998738
demand_25 1 13 804.091374
demand_26 2 0 49.361770
demand_27 2 1 516.869496
demand_28 2 3 159.794831
demand_29 2 4 239.798962
demand_30 2 5 309.950501
demand_31 2 6 1101.974752
demand_32 2 7 426.981918
demand_33 2 8 700.907307
demand_34 2 9 109.603745
demand_35 2 10 283.101327
demand_36 2 11 333.487674
demand_37 2 12 62.764888
demand_38 2 13 338.719012
demand_39 3 0 332.561193
demand_40 3 1 3482.264461
demand_41 3 2 605.263637
demand_42 3 4 1615.578804
demand_43 3 5 2088.205289
demand_44 3 6 7424.248380
demand_45 3 7 2876.671907
demand_46 3 8 4722.168024
demand_47 3 9 738.424746
demand_48 3 10 1907.316446
demand_49 3 11 2246.780447
demand_50 3 12 422.860978
demand_51 3 13 2282.025128
demand_52 4 0 251.195736
demand_53 4 1 2630.282795
demand_54 4 2 457.177951
demand_55 4 3 813.175468
demand_56 4 5 1577.298481
demand_57 4 6 5607.808655
demand_58 4 7 2172.856401
demand_59 4 8 3566.827692
demand_60 4 9 557.759449
demand_61 4 10 1440.666465
demand_62 4 11 1697.076147
demand_63 4 12 319.402495
demand_64 4 13 1723.697755
demand_65 5 0 52.346908
demand_66 5 1 548.127021
demand_67 5 2 95.271729
demand_68 5 3 169.458374
demand_69 5 4 254.300731
demand_70 5 6 1168.616339
demand_71 5 7 452.803519
demand_72 5 8 743.294462
demand_73 5 9 116.231998
demand_74 5 10 300.221793
demand_75 5 11 353.655240
demand_76 5 12 66.560576
demand_77 5 13 359.202941
demand_78 6 0 16.672448
demand_79 6 1 174.578014
demand_80 6 2 30.343969
demand_81 6 3 53.972356
demand_82 6 4 80.994578
demand_83 6 5 104.688985
demand_84 6 7 144.217556
demand_85 6 8 236.738687
demand_86 6 9 37.019798
demand_87 6 10 95.620399
demand_88 6 11 112.638909
demand_89 6 12 21.199490
demand_90 6 13 114.405847
demand_91 7 0 29.614869
demand_92 7 1 310.098737
demand_93 7 2 53.899263
demand_94 7 3 95.869800
demand_95 7 4 143.868725
demand_96 7 5 185.956532
demand_97 7 6 661.135899
demand_98 7 8 420.513248
demand_99 7 9 65.757378
demand_100 7 10 169.848220
demand_101 7 11 200.077790
demand_102 7 12 37.656145
demand_103 7 13 203.216360
demand_104 8 0 180.174338
demand_105 8 1 1886.614274
demand_106 8 2 327.918523
demand_107 8 3 583.263689
demand_108 8 4 875.285053
demand_109 8 5 1131.343684
demand_110 8 6 4022.294437
demand_111 8 7 1558.517552
demand_112 8 9 400.062282
demand_113 8 10 1033.342089
demand_114 8 11 1217.256217
demand_115 8 12 229.096775
demand_116 8 13 1236.351009
demand_117 9 0 52.045431
demand_118 9 1 544.970246
demand_119 9 2 94.723039
demand_120 9 3 168.482429
demand_121 9 4 252.836161
demand_122 9 5 326.801644
demand_123 9 6 1161.886040
demand_124 9 7 450.195732
demand_125 9 8 739.013679
demand_126 9 10 298.492755
demand_127 9 11 351.618467
demand_128 9 12 66.177240
demand_129 9 13 357.134218
demand_130 10 0 116.391150
demand_131 10 1 1218.737407
demand_132 10 2 211.832687
demand_133 10 3 376.783578
demand_134 10 4 565.426993
demand_135 10 5 730.838777
demand_136 10 6 2598.369344
demand_137 10 7 1006.789605
demand_138 10 8 1652.684016
demand_139 10 9 258.436966
demand_140 10 11 786.337571
demand_141 10 12 147.994645
demand_142 10 13 798.672651
demand_143 11 0 65.006179
demand_144 11 1 680.682872
demand_145 11 2 118.311689
demand_146 11 3 210.439202
demand_147 11 4 315.799341
demand_148 11 5 408.184269
demand_149 11 6 1451.227719
demand_150 11 7 562.306889
demand_151 11 8 923.048473
demand_152 11 9 144.340869
demand_153 11 10 372.825686
demand_154 11 12 82.657199
demand_155 11 13 446.070491
demand_156 12 0 102.715978
demand_157 12 1 1075.544012
demand_158 12 2 186.943780
demand_159 12 3 332.514058
demand_160 12 4 498.993149
demand_161 12 5 644.970168
demand_162 12 6 2293.078536
demand_163 12 7 888.498642
demand_164 12 8 1458.504832
demand_165 12 9 228.072372
demand_166 12 10 589.100226
demand_167 12 11 693.948229
demand_168 12 13 704.834021
demand_169 13 0 41.796765
demand_170 13 1 437.655965
demand_171 13 2 76.070397
demand_172 13 3 135.305259
demand_173 13 4 203.048249
demand_174 13 5 262.448620
demand_175 13 6 933.090128
demand_176 13 7 361.544229
demand_177 13 8 593.488814
demand_178 13 9 92.806276
demand_179 13 10 239.714252
demand_180 13 11 282.378572
demand_181 13 12 53.145771
