DEMANDS 182
label src dest bw
demand_0 0 1 1224.646905
demand_1 0 2 2.418590
demand_2 0 3 717.044847
demand_3 0 4 136.121542
demand_4 0 5 107.426516
demand_5 0 6 994.480279
demand_6 0 7 827.625226
demand_7 0 8 106.657005
demand_8 0 9 3.787952
demand_9 0 10 615.011535
demand_10 0 11 723.167466
demand_11 0 12 100.793762
demand_12 0 13 478.265555
demand_13 1 0 81.177528
demand_14 1 2 4.350260
demand_15 1 3 1289.731396
demand_16 1 4 244.838557
demand_17 1 5 193.225502
demand_18 1 6 1788.747864
demand_19 1 7 1488.629676
demand_20 1 8 191.841402
demand_21 1 9 6.813299
demand_22 1 10 1106.206520
demand_23 1 11 1300.744004
demand_24 1 12 181.295326
demand_25 1 13 860.244801
demand_26 2 0 323.327217
demand_27 2 1 8773.447534
demand_28 2 3 5136.954431
demand_29 2 4 975.183295
demand_30 2 5 769.610324
demand_31 2 6 7124.519334
demand_32 2 7 5929.159227
demand_33 2 8 764.097502
demand_34 2 9 27.137129
demand_35 2 10 4405.981356
demand_36 2 11 5180.817258
demand_37 2 12 722.092855
demand_38 2 13 3426.324549
demand_39 3 0 67.072209
demand_40 3 1 1819.996832
demand_41 3 2 3.594363
demand_42 3 4 202.295677
demand_43 3 5 159.650849
demand_44 3 6 1477.936987
demand_45 3 7 1229.967007
demand_46 3 8 158.507249
demand_47 3 9 5.629428
demand_48 3 10 913.993282
demand_49 3 11 1074.728145
demand_50 3 12 149.793648
demand_51 3 13 710.769603
demand_52 4 0 48.930753
demand_53 4 1 1327.730470
demand_54 4 2 2.622173
demand_55 4 3 777.401460
demand_56 4 5 116.469047
demand_57 4 6 1078.189773
demand_58 4 7 897.289844
demand_59 4 8 115.634764
demand_60 4 9 4.106800
demand_61 4 10 666.779584
demand_62 4 11 784.039445
demand_63 4 12 109.277987
demand_64 4 13 518.523133
demand_65 5 0 5.712180
demand_66 5 1 154.999351
demand_67 5 2 0.306113
demand_68 5 3 90.753902
demand_69 5 4 17.228436
demand_70 5 6 125.867952
demand_71 5 7 104.749681
demand_72 5 8 13.499211
demand_73 5 9 0.479428
demand_74 5 10 77.839897
demand_75 5 11 91.528821
demand_76 5 12 12.757120
demand_77 5 13 60.532428
demand_78 6 0 39.129814
demand_79 6 1 1061.783098
demand_80 6 2 2.096946
demand_81 6 3 621.686215
demand_82 6 4 118.018958
demand_83 6 5 93.140038
demand_84 6 7 717.560688
demand_85 6 8 92.472863
demand_86 6 9 3.284199
demand_87 6 10 533.222147
demand_88 6 11 626.994597
demand_89 6 12 87.389363
demand_90 6 13 414.661794
demand_91 7 0 84.534056
demand_92 7 1 2293.822077
demand_93 7 2 4.530134
demand_94 7 3 1343.059207
demand_95 7 4 254.962142
demand_96 7 5 201.214989
demand_97 7 6 1862.709006
demand_98 7 8 199.773659
demand_99 7 9 7.095016
demand_100 7 10 1151.945945
demand_101 7 11 1354.527164
demand_102 7 12 188.791524
demand_103 7 13 895.814201
demand_104 8 0 137.853766
demand_105 8 1 3740.646372
demand_106 8 2 7.387509
demand_107 8 3 2190.191470
demand_108 8 4 415.779070
demand_109 8 5 328.130995
demand_110 8 6 3037.609480
demand_111 8 7 2527.955842
demand_112 8 9 11.570184
demand_113 8 10 1878.533850
demand_114 8 11 2208.892821
demand_115 8 12 307.871451
demand_116 8 13 1460.847454
demand_117 9 0 90.102105
demand_118 9 1 2444.910458
demand_119 9 2 4.828523
demand_120 9 3 1431.523191
demand_121 9 4 271.755867
demand_122 9 5 214.468523
demand_123 9 6 1985.401037
demand_124 9 7 1652.288151
demand_125 9 8 212.932256
demand_126 9 10 1227.821772
demand_127 9 11 1443.746514
demand_128 9 12 201.226755
demand_129 9 13 954.819265
demand_130 10 0 1.534790
demand_131 10 1 41.646361
demand_132 10 2 0.082249
demand_133 10 3 24.384423
demand_134 10 4 4.629062
demand_135 10 5 3.653235
demand_136 10 6 33.819123
demand_137 10 7 28.144912
demand_138 10 8 3.627067
demand_139 10 9 0.128816
demand_140 10 11 24.592634
demand_141 10 12 3.427676
demand_142 10 13 16.264296
demand_143 11 0 68.025820
demand_144 11 1 1845.872935
demand_145 11 2 3.645467
demand_146 11 3 1080.779832
demand_147 11 4 205.171849
demand_148 11 5 161.920712
demand_149 11 6 1498.949799
demand_150 11 7 1247.454265
demand_151 11 8 160.760852
demand_152 11 9 5.709465
demand_153 11 10 926.988132
demand_154 11 12 151.923363
demand_155 11 13 720.875087
demand_156 12 0 86.656211
demand_157 12 1 2351.406502
demand_158 12 2 4.643859
demand_159 12 3 1376.775550
demand_160 12 4 261.362746
demand_161 12 5 206.266318
demand_162 12 6 1909.470709
demand_163 12 7 1589.097502
demand_164 12 8 204.788805
demand_165 12 9 7.273130
demand_166 12 10 1180.864554
demand_167 12 11 1388.531400
demand_168 12 13 918.302844
demand_169 13 0 1.141853
demand_170 13 1 30.984040
demand_171 13 2 0.061191
demand_172 13 3 18.141512
demand_173 13 4 3.443928
demand_174 13 5 2.717932
demand_175 13 6 25.160735
demand_176 13 7 20.939238
demand_177 13 8 2.698463
demand_178 13 9 0.095837
demand_179 13 10 15.560029
demand_180 13 11 18.296416
demand_181 13 12 2.550121
