DEMANDS 182
label src dest bw
demand_0 0 1 2115.299733
demand_1 0 2 89.497818
demand_2 0 3 66.058584
demand_3 0 4 2620.405380
demand_4 0 5 750.274621
demand_5 0 6 121.636063
demand_6 0 7 1132.457620
demand_7 0 8 79.156731
demand_8 0 9 2279.389663
demand_9 0 10 999.049151
demand_10 0 11 1860.540239
demand_11 0 12 952.606427
demand_12 0 13 1925.735562
demand_13 1 0 3408.562357
demand_14 1 2 154.573234
demand_15 1 3 114.090926
demand_16 1 4 4525.747563
demand_17 1 5 1295.812307
demand_18 1 6 210.079753
demand_19 1 7 1955.887190
demand_20 1 8 136.712962
demand_21 1 9 3936.773407
demand_22 1 10 1725.475111
demand_23 1 11 3213.371305
demand_24 1 12 1645.263076
demand_25 1 13 3325.971277
demand_26 2 0 1284.417032
demand_27 2 1 1376.665951
demand_28 2 3 42.991829
demand_29 2 4 1705.395603
demand_30 2 5 488.288969
demand_31 2 6 79.162411
demand_32 2 7 737.018883
demand_33 2 8 51.516281
demand_34 2 9 1483.457918
demand_35 2 10 650.194830
demand_36 2 11 1210.864993
demand_37 2 12 619.969270
demand_38 2 13 1253.294999
demand_39 3 0 365.835433
demand_40 3 1 392.110328
demand_41 3 2 16.590093
demand_42 3 4 485.741097
demand_43 3 5 139.077419
demand_44 3 6 22.547517
demand_45 3 7 209.922179
demand_46 3 8 14.673179
demand_47 3 9 422.527463
demand_48 3 10 185.192427
demand_49 3 11 344.885896
demand_50 3 12 176.583400
demand_51 3 13 356.971067
demand_52 4 0 1987.422796
demand_53 4 1 2130.162731
demand_54 4 2 90.126668
demand_55 4 3 66.522740
demand_56 4 5 755.546371
demand_57 4 6 122.490730
demand_58 4 7 1140.414750
demand_59 4 8 79.712920
demand_60 4 9 2295.405627
demand_61 4 10 1006.068897
demand_62 4 11 1873.613188
demand_63 4 12 959.299846
demand_64 4 13 1939.266601
demand_65 5 0 610.651723
demand_66 5 1 654.509722
demand_67 5 2 27.692148
demand_68 5 3 20.439650
demand_69 5 4 810.798002
demand_70 5 6 37.636267
demand_71 5 7 350.401652
demand_72 5 8 24.492439
demand_73 5 9 705.281938
demand_74 5 10 309.122803
demand_75 5 11 575.682801
demand_76 5 12 294.752634
demand_77 5 13 595.855343
demand_78 6 0 762.205221
demand_79 6 1 816.948038
demand_80 6 2 34.564873
demand_81 6 3 25.512427
demand_82 6 4 1012.024443
demand_83 6 5 289.762898
demand_84 6 7 437.365455
demand_85 6 8 30.571051
demand_86 6 9 880.321065
demand_87 6 10 385.841889
demand_88 6 11 718.557600
demand_89 6 12 367.905285
demand_90 6 13 743.736627
demand_91 7 0 1544.202444
demand_92 7 1 1655.109573
demand_93 7 2 70.027284
demand_94 7 3 51.687330
demand_95 7 4 2050.327885
demand_96 7 5 587.050000
demand_97 7 6 95.173752
demand_98 7 8 61.935933
demand_99 7 9 1783.501218
demand_100 7 10 781.702842
demand_101 7 11 1455.773814
demand_102 7 12 745.363880
demand_103 7 13 1506.785687
demand_104 8 0 3373.807289
demand_105 8 1 3616.119612
demand_106 8 2 152.997143
demand_107 8 3 112.927609
demand_108 8 4 4479.601228
demand_109 8 5 1282.599685
demand_110 8 6 207.937696
demand_111 8 7 1935.944180
demand_112 8 9 3896.632488
demand_113 8 10 1707.881475
demand_114 8 11 3180.606484
demand_115 8 12 1628.487315
demand_116 8 13 3292.058341
demand_117 9 0 20.489118
demand_118 9 1 21.960680
demand_119 9 2 0.929151
demand_120 9 3 0.685809
demand_121 9 4 27.204601
demand_122 9 5 7.789223
demand_123 9 6 1.262805
demand_124 9 7 11.756981
demand_125 9 8 0.821792
demand_126 9 10 10.371957
demand_127 9 11 19.315811
demand_128 9 12 9.889797
demand_129 9 13 19.992657
demand_130 10 0 1298.814023
demand_131 10 1 1392.096956
demand_132 10 2 58.899284
demand_133 10 3 43.473723
demand_134 10 4 1724.511329
demand_135 10 5 493.762184
demand_136 10 6 80.049740
demand_137 10 7 745.280104
demand_138 10 8 52.093726
demand_139 10 9 1500.085951
demand_140 10 11 1224.437541
demand_141 10 12 626.918487
demand_142 10 13 1267.343144
demand_143 11 0 148.947030
demand_144 11 1 159.644647
demand_145 11 2 6.754526
demand_146 11 3 4.985534
demand_147 11 4 197.765681
demand_148 11 5 56.624281
demand_149 11 6 9.180045
demand_150 11 7 85.468170
demand_151 11 8 5.974070
demand_152 11 9 172.028745
demand_153 11 10 75.399645
demand_154 11 12 71.894547
demand_155 11 13 145.337972
demand_156 12 0 95.416291
demand_157 12 1 102.269244
demand_158 12 2 4.326987
demand_159 12 3 3.193761
demand_160 12 4 126.689789
demand_161 12 5 36.273828
demand_162 12 6 5.880787
demand_163 12 7 54.751382
demand_164 12 8 3.827022
demand_165 12 9 110.202566
demand_166 12 10 48.301430
demand_167 12 11 89.952285
demand_168 12 13 93.104309
demand_169 13 0 62.807728
demand_170 13 1 67.318681
demand_171 13 2 2.848237
demand_172 13 3 2.102292
demand_173 13 4 83.393494
demand_174 13 5 23.877230
demand_175 13 6 3.871026
demand_176 13 7 36.040072
demand_177 13 8 2.519136
demand_178 13 9 72.540787
demand_179 13 10 31.794393
demand_180 13 11 59.211049
demand_181 13 12 30.316370
