DEMANDS 182
label src dest bw
demand_0 0 1 113.421593
demand_1 0 2 244.304228
demand_2 0 3 566.042455
demand_3 0 4 162.436597
demand_4 0 5 539.814118
demand_5 0 6 3059.301596
demand_6 0 7 322.806927
demand_7 0 8 621.589857
demand_8 0 9 1738.802292
demand_9 0 10 620.697073
demand_10 0 11 3891.570188
demand_11 0 12 748.883133
demand_12 0 13 289.991790
demand_13 1 0 27.861890
demand_14 1 2 35.706597
demand_15 1 3 82.730659
demand_16 1 4 23.741128
demand_17 1 5 78.897223
demand_18 1 6 447.136137
demand_19 1 7 47.180259
demand_20 1 8 90.849261
demand_21 1 9 254.136873
demand_22 1 10 90.718774
demand_23 1 11 568.777417
demand_24 1 12 109.453972
demand_25 1 13 42.384121
demand_26 2 0 39.262436
demand_27 2 1 23.360379
demand_28 2 3 116.582445
demand_29 2 4 33.455539
demand_30 2 5 111.180440
demand_31 2 6 630.095597
demand_32 2 7 66.485509
demand_33 2 8 128.023021
demand_34 2 9 358.124766
demand_35 2 10 127.839143
demand_36 2 11 801.510137
demand_37 2 12 154.240421
demand_38 2 13 59.726883
demand_39 3 0 304.558225
demand_40 3 1 181.206171
demand_41 3 2 390.308694
demand_42 3 4 259.514198
demand_43 3 5 862.425284
demand_44 3 6 4887.643651
demand_45 3 7 515.727260
demand_46 3 8 993.072970
demand_47 3 9 2777.969323
demand_48 3 10 991.646627
demand_49 3 11 6217.304091
demand_50 3 12 1196.441010
demand_51 3 13 463.300687
demand_52 4 0 25.844320
demand_53 4 1 15.376864
demand_54 4 2 33.120967
demand_55 4 3 76.739865
demand_56 4 5 73.184020
demand_57 4 6 414.757565
demand_58 4 7 43.763784
demand_59 4 8 84.270572
demand_60 4 9 235.734001
demand_61 4 10 84.149535
demand_62 4 11 527.590408
demand_63 4 12 101.528056
demand_64 4 13 39.314950
demand_65 5 0 23.930368
demand_66 5 1 14.238099
demand_67 5 2 30.668128
demand_68 5 3 71.056741
demand_69 5 4 20.391077
demand_70 5 6 384.041869
demand_71 5 7 40.522770
demand_72 5 8 78.029747
demand_73 5 9 218.276251
demand_74 5 10 77.917674
demand_75 5 11 488.518651
demand_76 5 12 94.009194
demand_77 5 13 36.403403
demand_78 6 0 35.321645
demand_79 6 1 21.015686
demand_80 6 2 45.266698
demand_81 6 3 104.881005
demand_82 6 4 30.097590
demand_83 6 5 100.021203
demand_84 6 7 59.812325
demand_85 6 8 115.173285
demand_86 6 9 322.179601
demand_87 6 10 115.007863
demand_88 6 11 721.062157
demand_89 6 12 138.759231
demand_90 6 13 53.732066
demand_91 7 0 100.685359
demand_92 7 1 59.905814
demand_93 7 2 129.034016
demand_94 7 3 298.966300
demand_95 7 4 85.794038
demand_96 7 5 285.113295
demand_97 7 6 1615.829465
demand_98 7 8 328.304737
demand_99 7 9 918.382150
demand_100 7 10 327.833196
demand_101 7 11 2055.408262
demand_102 7 12 395.537149
demand_103 7 13 153.164787
demand_104 8 0 184.094470
demand_105 8 1 109.532599
demand_106 8 2 235.927538
demand_107 8 3 546.634023
demand_108 8 4 156.866979
demand_109 8 5 521.305001
demand_110 8 6 2954.404430
demand_111 8 7 311.738541
demand_112 8 9 1679.182334
demand_113 8 10 599.414646
demand_114 8 11 3758.136243
demand_115 8 12 723.205469
demand_116 8 13 280.048567
demand_117 9 0 458.005729
demand_118 9 1 272.504426
demand_119 9 2 586.960401
demand_120 9 3 1359.962163
demand_121 9 4 390.266884
demand_122 9 5 1296.946489
demand_123 9 6 7350.216180
demand_124 9 7 775.569399
demand_125 9 8 1493.419228
demand_126 9 10 1491.274242
demand_127 9 11 9349.807880
demand_128 9 12 1799.251479
demand_129 9 13 696.728413
demand_130 10 0 358.000414
demand_131 10 1 213.003225
demand_132 10 2 458.797900
demand_133 10 3 1063.015126
demand_134 10 4 305.052311
demand_135 10 5 1013.758892
demand_136 10 6 5745.300269
demand_137 10 7 606.224221
demand_138 10 8 1167.331910
demand_139 10 9 3265.431983
demand_140 10 11 7308.282153
demand_141 10 12 1406.385847
demand_142 10 13 544.598123
demand_143 11 0 15.626211
demand_144 11 1 9.297289
demand_145 11 2 20.025879
demand_146 11 3 46.399106
demand_147 11 4 13.315102
demand_148 11 5 44.249141
demand_149 11 6 250.774226
demand_150 11 7 26.460829
demand_151 11 8 50.952386
demand_152 11 9 142.531485
demand_153 11 10 50.879203
demand_154 11 12 61.386752
demand_155 11 13 23.770937
demand_156 12 0 124.281741
demand_157 12 1 73.945199
demand_158 12 2 159.274123
demand_159 12 3 369.031335
demand_160 12 4 105.900527
demand_161 12 5 351.931772
demand_162 12 6 1994.511438
demand_163 12 7 210.453951
demand_164 12 8 405.245459
demand_165 12 9 1133.612020
demand_166 12 10 404.663409
demand_167 12 11 2537.108883
demand_168 12 13 189.060125
demand_169 13 0 228.999831
demand_170 13 1 136.250408
demand_171 13 2 293.476313
demand_172 13 3 679.972074
demand_173 13 4 195.130857
demand_174 13 5 648.464655
demand_175 13 6 3675.059407
demand_176 13 7 387.779563
demand_177 13 8 746.699723
demand_178 13 9 2088.777952
demand_179 13 10 745.627244
demand_180 13 11 4674.842013
demand_181 13 12 899.613823
