DEMANDS 182
label src dest bw
demand_0 0 1 3877.143737
demand_1 0 2 313.801380
demand_2 0 3 124.495344
demand_3 0 4 666.483127
demand_4 0 5 156.181723
demand_5 0 6 902.166438
demand_6 0 7 1371.087747
demand_7 0 8 99.507170
demand_8 0 9 2257.192804
demand_9 0 10 160.224949
demand_10 0 11 1338.813549
demand_11 0 12 16.653455
demand_12 0 13 44.890541
demand_13 1 0 464.885434
demand_14 1 2 136.609294
demand_15 1 3 54.197407
demand_16 1 4 290.144643
demand_17 1 5 67.991654
demand_18 1 6 392.746266
demand_19 1 7 596.884976
demand_20 1 8 43.319135
demand_21 1 9 982.639132
demand_22 1 10 69.751819
demand_23 1 11 582.834830
demand_24 1 12 7.249862
demand_25 1 13 19.542505
demand_26 2 0 312.724690
demand_27 2 1 1135.412134
demand_28 2 3 36.458159
demand_29 2 4 195.177966
demand_30 2 5 45.737439
demand_31 2 6 264.197252
demand_32 2 7 401.519719
demand_33 2 8 29.140433
demand_34 2 9 661.013435
demand_35 2 10 46.921488
demand_36 2 11 392.068299
demand_37 2 12 4.876924
demand_38 2 13 13.146086
demand_39 3 0 1505.246826
demand_40 3 1 5465.112180
demand_41 3 2 442.325552
demand_42 3 4 939.455770
demand_43 3 5 220.149340
demand_44 3 6 1271.668301
demand_45 3 7 1932.646519
demand_46 3 8 140.262493
demand_47 3 9 3181.675152
demand_48 3 10 225.848558
demand_49 3 11 1887.153722
demand_50 3 12 23.474240
demand_51 3 13 63.276438
demand_52 4 0 110.748543
demand_53 4 1 402.095657
demand_54 4 2 32.544105
demand_55 4 3 12.911318
demand_56 4 5 16.197489
demand_57 4 6 93.563002
demand_58 4 7 142.194478
demand_59 4 8 10.319814
demand_60 4 9 234.091766
demand_61 4 10 16.616809
demand_62 4 11 138.847345
demand_63 4 12 1.727117
demand_64 4 13 4.655564
demand_65 5 0 776.049332
demand_66 5 1 2817.608770
demand_67 5 2 228.046619
demand_68 5 3 90.473605
demand_69 5 4 484.348487
demand_70 5 6 655.624924
demand_71 5 7 996.400733
demand_72 5 8 72.314129
demand_73 5 9 1640.353485
demand_74 5 10 116.439125
demand_75 5 11 972.946337
demand_76 5 12 12.102446
demand_77 5 13 32.622980
demand_78 6 0 171.284204
demand_79 6 1 621.882984
demand_80 6 2 50.332861
demand_81 6 3 19.968704
demand_82 6 4 106.902025
demand_83 6 5 25.051110
demand_84 6 7 219.918630
demand_85 6 8 15.960671
demand_86 6 9 362.047397
demand_87 6 10 25.699633
demand_88 6 11 214.741939
demand_89 6 12 2.671168
demand_90 6 13 7.200317
demand_91 7 0 367.474216
demand_92 7 1 1334.191694
demand_93 7 2 107.984440
demand_94 7 3 42.840984
demand_95 7 4 229.348281
demand_96 7 5 53.744811
demand_97 7 6 310.450953
demand_98 7 8 34.242125
demand_99 7 9 776.738779
demand_100 7 10 55.136155
demand_101 7 11 460.708717
demand_102 7 12 5.730740
demand_103 7 13 15.447606
demand_104 8 0 1328.004644
demand_105 8 1 4821.597517
demand_106 8 2 390.241904
demand_107 8 3 154.821818
demand_108 8 4 828.835248
demand_109 8 5 194.226848
demand_110 8 6 1121.929892
demand_111 8 7 1705.078203
demand_112 8 9 2807.034239
demand_113 8 10 199.254985
demand_114 8 11 1664.942164
demand_115 8 12 20.710158
demand_116 8 13 55.825664
demand_117 9 0 786.967243
demand_118 9 1 2857.248518
demand_119 9 2 231.254911
demand_120 9 3 91.746440
demand_121 9 4 491.162582
demand_122 9 5 115.097615
demand_123 9 6 664.848634
demand_124 9 7 1010.418674
demand_125 9 8 73.331486
demand_126 9 10 118.077257
demand_127 9 11 986.634309
demand_128 9 12 12.272710
demand_129 9 13 33.081939
demand_130 10 0 4080.104984
demand_131 10 1 14813.671128
demand_132 10 2 1198.962628
demand_133 10 3 475.667967
demand_134 10 4 2546.478162
demand_135 10 5 596.734307
demand_136 10 6 3446.969681
demand_137 10 7 5238.609749
demand_138 10 8 380.193923
demand_139 10 9 8624.212603
demand_140 10 11 5115.297489
demand_141 10 12 63.629008
demand_142 10 13 171.516395
demand_143 11 0 7.576255
demand_144 11 1 27.507174
demand_145 11 2 2.226327
demand_146 11 3 0.883257
demand_147 11 4 4.728498
demand_148 11 5 1.108063
demand_149 11 6 6.400601
demand_150 11 7 9.727457
demand_151 11 8 0.705974
demand_152 11 9 16.014107
demand_153 11 10 1.136748
demand_154 11 12 0.118151
demand_155 11 13 0.318485
demand_156 12 0 872.972381
demand_157 12 1 3169.508090
demand_158 12 2 256.528022
demand_159 12 3 101.773116
demand_160 12 4 544.840173
demand_161 12 5 127.676266
demand_162 12 6 737.507819
demand_163 12 7 1120.844106
demand_164 12 8 81.345651
demand_165 12 9 1845.221983
demand_166 12 10 130.981544
demand_167 12 11 1094.460423
demand_168 12 13 36.697359
demand_169 13 0 690.531559
demand_170 13 1 2507.118678
demand_171 13 2 202.916723
demand_172 13 3 80.503748
demand_173 13 4 430.975071
demand_174 13 5 100.993448
demand_175 13 6 583.377476
demand_176 13 7 886.601048
demand_177 13 8 64.345379
demand_178 13 9 1459.592582
demand_179 13 10 103.607963
demand_180 13 11 865.731240
demand_181 13 12 10.768801
