DEMANDS 182
label src dest bw
demand_0 0 1 2327.993064
demand_1 0 2 570.054003
demand_2 0 3 415.763874
demand_3 0 4 938.850044
demand_4 0 5 1252.195915
demand_5 0 6 895.696069
demand_6 0 7 268.988439
demand_7 0 8 1099.381135
demand_8 0 9 1296.971171
demand_9 0 10 54.555041
demand_10 0 11 305.731152
demand_11 0 12 324.516065
demand_12 0 13 1316.335916
demand_13 1 0 1568.046828
demand_14 1 2 311.542600
demand_15 1 3 227.220856
demand_16 1 4 513.094868
demand_17 1 5 684.342832
demand_18 1 6 489.510609
demand_19 1 7 147.005998
demand_20 1 8 600.827387
demand_21 1 9 708.813145
demand_22 1 10 29.815104
demand_23 1 11 167.086412
demand_24 1 12 177.352633
demand_25 1 13 719.396253
demand_26 2 0 4108.664454
demand_27 2 1 3333.686595
demand_28 2 3 595.373962
demand_29 2 4 1344.433476
demand_30 2 5 1793.144834
demand_31 2 6 1282.636974
demand_32 2 7 385.191506
demand_33 2 8 1574.314034
demand_34 2 9 1857.263012
demand_35 2 10 78.122831
demand_36 2 11 437.807079
demand_37 2 12 464.707079
demand_38 2 13 1884.993330
demand_39 3 0 1596.835782
demand_40 3 1 1295.640007
demand_41 3 2 317.262446
demand_42 3 4 522.515164
demand_43 3 5 696.907198
demand_44 3 6 498.497903
demand_45 3 7 149.704992
demand_46 3 8 611.858430
demand_47 3 9 721.826780
demand_48 3 10 30.362502
demand_49 3 11 170.154077
demand_50 3 12 180.608784
demand_51 3 13 732.604191
demand_52 4 0 1539.484720
demand_53 4 1 1249.106524
demand_54 4 2 305.867825
demand_55 4 3 223.082008
demand_56 4 5 671.877468
demand_57 4 6 480.594131
demand_58 4 7 144.328271
demand_59 4 8 589.883264
demand_60 4 9 695.902052
demand_61 4 10 29.272019
demand_62 4 11 164.042919
demand_63 4 12 174.122140
demand_64 4 13 706.292388
demand_65 5 0 4027.930054
demand_66 5 1 3268.180349
demand_67 5 2 800.276994
demand_68 5 3 583.674988
demand_69 5 4 1318.015638
demand_70 5 6 1257.433425
demand_71 5 7 377.622573
demand_72 5 8 1543.379092
demand_73 5 9 1820.768181
demand_74 5 10 76.587734
demand_75 5 11 429.204261
demand_76 5 12 455.575682
demand_77 5 13 1847.953604
demand_78 6 0 2828.435202
demand_79 6 1 2294.934674
demand_80 6 2 561.959019
demand_81 6 3 409.859868
demand_82 6 4 925.518015
demand_83 6 5 1234.414255
demand_84 6 7 265.168701
demand_85 6 8 1083.769503
demand_86 6 9 1278.553686
demand_87 6 10 53.780339
demand_88 6 11 301.389653
demand_89 6 12 319.907813
demand_90 6 13 1297.643444
demand_91 7 0 3408.088032
demand_92 7 1 2765.253165
demand_93 7 2 677.125573
demand_94 7 3 493.855582
demand_95 7 4 1115.191491
demand_96 7 5 1487.392196
demand_97 7 6 1063.932031
demand_98 7 8 1305.874665
demand_99 7 9 1540.577458
demand_100 7 10 64.801954
demand_101 7 11 363.155737
demand_102 7 12 385.468965
demand_103 7 13 1563.579426
demand_104 8 0 1005.913170
demand_105 8 1 816.177443
demand_106 8 2 199.856789
demand_107 8 3 145.763792
demand_108 8 4 329.154000
demand_109 8 5 439.010784
demand_110 8 6 314.024530
demand_111 8 7 94.305391
demand_112 8 9 454.708664
demand_113 8 10 19.126601
demand_114 8 11 107.187119
demand_115 8 12 113.772973
demand_116 8 13 461.497802
demand_117 9 0 2587.121039
demand_118 9 1 2099.137280
demand_119 9 2 514.014251
demand_120 9 3 374.891773
demand_121 9 4 846.555412
demand_122 9 5 1129.097491
demand_123 9 6 807.643734
demand_124 9 7 242.545251
demand_125 9 8 991.305327
demand_126 9 10 49.191951
demand_127 9 11 275.675933
demand_128 9 12 292.614175
demand_129 9 13 1186.932143
demand_130 10 0 636.322280
demand_131 10 1 516.298929
demand_132 10 2 126.425751
demand_133 10 3 92.207510
demand_134 10 4 208.216803
demand_135 10 5 277.710196
demand_136 10 6 198.646176
demand_137 10 7 59.655866
demand_138 10 8 243.819155
demand_139 10 9 287.640387
demand_140 10 11 67.804612
demand_141 10 12 71.970703
demand_142 10 13 291.935072
demand_143 11 0 1441.404157
demand_144 11 1 1169.525954
demand_145 11 2 286.380987
demand_146 11 3 208.869455
demand_147 11 4 471.654968
demand_148 11 5 629.072159
demand_149 11 6 449.975481
demand_150 11 7 135.133118
demand_151 11 8 552.301805
demand_152 11 9 651.566137
demand_153 11 10 27.407099
demand_154 11 12 163.028819
demand_155 11 13 661.294504
demand_156 12 0 1403.803301
demand_157 12 1 1139.017386
demand_158 12 2 278.910376
demand_159 12 3 203.420830
demand_160 12 4 459.351250
demand_161 12 5 612.662013
demand_162 12 6 438.237300
demand_163 12 7 131.607999
demand_164 12 8 537.894312
demand_165 12 9 634.569207
demand_166 12 10 26.692150
demand_167 12 11 149.585110
demand_168 12 13 644.043798
demand_169 13 0 954.812706
demand_170 13 1 774.715568
demand_171 13 2 189.704049
demand_172 13 3 138.358980
demand_173 13 4 312.432952
demand_174 13 5 416.709003
demand_175 13 6 298.072060
demand_176 13 7 89.514670
demand_177 13 8 365.854905
demand_178 13 9 431.609430
demand_179 13 10 18.154968
demand_180 13 11 101.742006
demand_181 13 12 107.993298
