DEMANDS 182
label src dest bw
demand_0 0 1 1490.945049
demand_1 0 2 3653.678328
demand_2 0 3 1488.782139
demand_3 0 4 970.477512
demand_4 0 5 39.702783
demand_5 0 6 412.532137
demand_6 0 7 556.392909
demand_7 0 8 1218.209157
demand_8 0 9 97.314671
demand_9 0 10 1663.376567
demand_10 0 11 962.400474
demand_11 0 12 3178.799380
demand_12 0 13 1342.256357
demand_13 1 0 120.471461
demand_14 1 2 409.073908
demand_15 1 3 166.687341
demand_16 1 4 108.656809
demand_17 1 5 4.445211
demand_18 1 6 46.188011
demand_19 1 7 62.294981
demand_20 1 8 136.393392
demand_21 1 9 10.895566
demand_22 1 10 186.235320
demand_23 1 11 107.752486
demand_24 1 12 355.905410
demand_25 1 13 150.281991
demand_26 2 0 2523.686009
demand_27 2 1 3496.908345
demand_28 2 3 3491.835389
demand_29 2 4 2276.187787
demand_30 2 5 93.120127
demand_31 2 6 967.565555
demand_32 2 7 1304.981031
demand_33 2 8 2857.225200
demand_34 2 9 228.244820
demand_35 2 10 3901.334526
demand_36 2 11 2257.243652
demand_37 2 12 7455.653771
demand_38 2 13 3148.169316
demand_39 3 0 932.478044
demand_40 3 1 1292.074466
demand_41 3 2 3166.330294
demand_42 3 4 841.029798
demand_43 3 5 34.407004
demand_44 3 6 357.506295
demand_45 3 7 482.178114
demand_46 3 8 1055.717611
demand_47 3 9 84.334296
demand_48 3 10 1441.506104
demand_49 3 11 834.030120
demand_50 3 12 2754.793353
demand_51 3 13 1163.218703
demand_52 4 0 32.097854
demand_53 4 1 44.475918
demand_54 4 2 108.991743
demand_55 4 3 44.411397
demand_56 4 5 1.184361
demand_57 4 6 12.306118
demand_58 4 7 16.597584
demand_59 4 8 36.340019
demand_60 4 9 2.902964
demand_61 4 10 49.619669
demand_62 4 11 28.709069
demand_63 4 12 94.825776
demand_64 4 13 40.040432
demand_65 5 0 110.301185
demand_66 5 1 152.837213
demand_67 5 2 374.539634
demand_68 5 3 152.615492
demand_69 5 4 99.483934
demand_70 5 6 42.288790
demand_71 5 7 57.036000
demand_72 5 8 124.878977
demand_73 5 9 9.975755
demand_74 5 10 170.513218
demand_75 5 11 98.655954
demand_76 5 12 325.859654
demand_77 5 13 137.595092
demand_78 6 0 1118.321128
demand_79 6 1 1549.585199
demand_80 6 2 3797.380635
demand_81 6 3 1547.337220
demand_82 6 4 1008.647227
demand_83 6 5 41.264327
demand_84 6 7 578.276320
demand_85 6 8 1266.122369
demand_86 6 9 101.142140
demand_87 6 10 1728.798596
demand_88 6 11 1000.252511
demand_89 6 12 3303.824290
demand_90 6 13 1395.048452
demand_91 7 0 574.200969
demand_92 7 1 795.633115
demand_93 7 2 1949.761643
demand_94 7 3 794.478892
demand_95 7 4 517.889004
demand_96 7 5 21.187131
demand_97 7 6 220.145088
demand_98 7 8 650.089382
demand_99 7 9 51.931340
demand_100 7 10 887.650071
demand_101 7 11 513.578745
demand_102 7 12 1696.345585
demand_103 7 13 716.286363
demand_104 8 0 456.587982
demand_105 8 1 632.664412
demand_106 8 2 1550.393995
demand_107 8 3 631.746607
demand_108 8 4 411.810338
demand_109 8 5 16.847393
demand_110 8 6 175.052999
demand_111 8 7 236.098569
demand_112 8 9 41.294298
demand_113 8 10 705.833631
demand_114 8 11 408.382945
demand_115 8 12 1348.884884
demand_116 8 13 569.570172
demand_117 9 0 77.344262
demand_118 9 1 107.170937
demand_119 9 2 262.630827
demand_120 9 3 107.015465
demand_121 9 4 69.759100
demand_122 9 5 2.853884
demand_123 9 6 29.653310
demand_124 9 7 39.994197
demand_125 9 8 87.566351
demand_126 9 10 119.565524
demand_127 9 11 69.178513
demand_128 9 12 228.495953
demand_129 9 13 96.483014
demand_130 10 0 209.834008
demand_131 10 1 290.753402
demand_132 10 2 712.514123
demand_133 10 3 290.331607
demand_134 10 4 189.255559
demand_135 10 5 7.742552
demand_136 10 6 80.449056
demand_137 10 7 108.503752
demand_138 10 8 237.566406
demand_139 10 9 18.977609
demand_140 10 11 187.680433
demand_141 10 12 619.906639
demand_142 10 13 261.757200
demand_143 11 0 52.404273
demand_144 11 1 72.613209
demand_145 11 2 177.944392
demand_146 11 3 72.507870
demand_147 11 4 47.264979
demand_148 11 5 1.933637
demand_149 11 6 20.091473
demand_150 11 7 27.097897
demand_151 11 8 59.330206
demand_152 11 9 4.739498
demand_153 11 10 81.011108
demand_154 11 12 154.816454
demand_155 11 13 65.371653
demand_156 12 0 539.394326
demand_157 12 1 747.403803
demand_158 12 2 1831.571915
demand_159 12 3 746.319547
demand_160 12 4 486.495853
demand_161 12 5 19.902820
demand_162 12 6 206.800437
demand_163 12 7 278.917172
demand_164 12 8 610.682572
demand_165 12 9 48.783391
demand_166 12 10 833.842919
demand_167 12 11 482.446871
demand_168 12 13 672.866855
demand_169 13 0 808.186551
demand_170 13 1 1119.851789
demand_171 13 2 2744.285053
demand_172 13 3 1118.227223
demand_173 13 4 728.927588
demand_174 13 5 29.820839
demand_175 13 6 309.853708
demand_176 13 7 417.907820
demand_177 13 8 914.999319
demand_178 13 9 73.093243
demand_179 13 10 1249.365445
demand_180 13 11 722.860908
demand_181 13 12 2387.602531
