DEMANDS 182
label src dest bw
demand_0 0 1 779.839983
demand_1 0 2 1034.521938
demand_2 0 3 1735.533681
demand_3 0 4 684.705448
demand_4 0 5 4416.096558
demand_5 0 6 1505.325707
demand_6 0 7 2440.369950
demand_7 0 8 605.175774
demand_8 0 9 4831.263067
demand_9 0 10 3185.456397
demand_10 0 11 3240.511749
demand_11 0 12 12273.933669
demand_12 0 13 2677.535397
demand_13 1 0 369.976235
demand_14 1 2 124.089324
demand_15 1 3 208.174610
demand_16 1 4 82.129371
demand_17 1 5 529.704025
demand_18 1 6 180.561515
demand_19 1 7 292.718642
demand_20 1 8 72.589908
demand_21 1 9 579.502613
demand_22 1 10 382.090621
demand_23 1 11 388.694426
demand_24 1 12 1472.239564
demand_25 1 13 321.166274
demand_26 2 0 188.649542
demand_27 2 1 47.696020
demand_28 2 3 106.147479
demand_29 2 4 41.877469
demand_30 2 5 270.094163
demand_31 2 6 92.067662
demand_32 2 7 149.256175
demand_33 2 8 37.013331
demand_34 2 9 295.486283
demand_35 2 10 194.826623
demand_36 2 11 198.193880
demand_37 2 12 750.689619
demand_38 2 13 163.761520
demand_39 3 0 175.561005
demand_40 3 1 44.386862
demand_41 3 2 58.882826
demand_42 3 4 38.972003
demand_43 3 5 251.354984
demand_44 3 6 85.679992
demand_45 3 7 138.900756
demand_46 3 8 34.445340
demand_47 3 9 274.985394
demand_48 3 10 181.309519
demand_49 3 11 184.443155
demand_50 3 12 698.606646
demand_51 3 13 152.399718
demand_52 4 0 21.049755
demand_53 4 1 5.321982
demand_54 4 2 7.060048
demand_55 4 3 11.844070
demand_56 4 5 30.137449
demand_57 4 6 10.273026
demand_58 4 7 16.654193
demand_59 4 8 4.129994
demand_60 4 9 32.970734
demand_61 4 10 21.739001
demand_62 4 11 22.114724
demand_63 4 12 83.762898
demand_64 4 13 18.272718
demand_65 5 0 129.845185
demand_66 5 1 32.828590
demand_67 5 2 43.549827
demand_68 5 3 73.060019
demand_69 5 4 28.823752
demand_70 5 6 63.369052
demand_71 5 7 102.731210
demand_72 5 8 25.475826
demand_73 5 9 203.379614
demand_74 5 10 134.096795
demand_75 5 11 136.414437
demand_76 5 12 516.690534
demand_77 5 13 112.715062
demand_78 6 0 1241.940344
demand_79 6 1 313.998170
demand_80 6 2 416.544423
demand_81 6 3 698.802847
demand_82 6 4 275.692786
demand_83 6 5 1778.116368
demand_84 6 7 982.601194
demand_85 6 8 243.670612
demand_86 6 9 1945.280821
demand_87 6 10 1282.606049
demand_88 6 11 1304.773776
demand_89 6 12 4942.030155
demand_90 6 13 1078.094524
demand_91 7 0 613.200351
demand_92 7 1 155.034651
demand_93 7 2 205.666228
demand_94 7 3 345.029577
demand_95 7 4 136.121605
demand_96 7 5 877.933942
demand_97 7 6 299.263504
demand_98 7 8 120.310855
demand_99 7 9 960.470355
demand_100 7 10 633.278791
demand_101 7 11 644.223969
demand_102 7 12 2440.096774
demand_103 7 13 532.302493
demand_104 8 0 457.223472
demand_105 8 1 115.599219
demand_106 8 2 153.351880
demand_107 8 3 257.266032
demand_108 8 4 101.496995
demand_109 8 5 654.618029
demand_110 8 6 223.141259
demand_111 8 7 361.747110
demand_112 8 9 716.160044
demand_113 8 10 472.194654
demand_114 8 11 480.355759
demand_115 8 12 1819.420875
demand_116 8 13 396.903220
demand_117 9 0 81.708559
demand_118 9 1 20.658269
demand_119 9 2 27.404895
demand_120 9 3 45.974973
demand_121 9 4 18.138118
demand_122 9 5 116.984143
demand_123 9 6 39.876673
demand_124 9 7 64.646364
demand_125 9 8 16.031345
demand_126 9 10 84.383999
demand_127 9 11 85.842437
demand_128 9 12 325.141352
demand_129 9 13 70.928971
demand_130 10 0 1687.445623
demand_131 10 1 426.634693
demand_132 10 2 565.966043
demand_133 10 3 949.475400
demand_134 10 4 374.588512
demand_135 10 5 2415.957173
demand_136 10 6 823.533270
demand_137 10 7 1335.077077
demand_138 10 8 331.079435
demand_139 10 9 2643.086379
demand_140 10 11 1772.818484
demand_141 10 12 6714.821041
demand_142 10 13 1464.825500
demand_143 11 0 2423.362568
demand_144 11 1 612.695622
demand_145 11 2 812.791183
demand_146 11 3 1363.553949
demand_147 11 4 537.951425
demand_148 11 5 3469.587463
demand_149 11 6 1182.686822
demand_150 11 7 1917.321525
demand_151 11 8 475.467475
demand_152 11 9 3795.770666
demand_153 11 10 2502.712392
demand_154 11 12 9643.241679
demand_155 11 13 2103.654919
demand_156 12 0 30.023932
demand_157 12 1 7.590912
demand_158 12 2 10.069969
demand_159 12 3 16.893572
demand_160 12 4 6.664878
demand_161 12 5 42.985997
demand_162 12 6 14.652743
demand_163 12 7 23.754403
demand_164 12 8 5.890742
demand_165 12 9 47.027201
demand_166 12 10 31.007026
demand_167 12 11 31.542931
demand_168 12 13 26.062956
demand_169 13 0 63.860742
demand_170 13 1 16.145829
demand_171 13 2 21.418771
demand_172 13 3 35.932538
demand_173 13 4 14.176161
demand_174 13 5 91.430986
demand_175 13 6 31.166305
demand_176 13 7 50.525488
demand_177 13 8 12.529576
demand_178 13 9 100.026605
demand_179 13 10 65.951778
demand_180 13 11 67.091646
demand_181 13 12 254.119865
