DEMANDS 182
label src dest bw
demand_0 0 1 757.369300
demand_1 0 2 62.671458
demand_2 0 3 116.793554
demand_3 0 4 31.853266
demand_4 0 5 558.555448
demand_5 0 6 326.929372
demand_6 0 7 305.595056
demand_7 0 8 106.793717
demand_8 0 9 536.769593
demand_9 0 10 539.009061
demand_10 0 11 77.508617
demand_11 0 12 974.738285
demand_12 0 13 922.406838
demand_13 1 0 740.457878
demand_14 1 2 173.934644
demand_15 1 3 324.141896
demand_16 1 4 88.403664
demand_17 1 5 1550.181630
demand_18 1 6 907.340370
demand_19 1 7 848.130376
demand_20 1 8 296.388943
demand_21 1 9 1489.718461
demand_22 1 10 1495.933747
demand_23 1 11 215.112813
demand_24 1 12 2705.230770
demand_25 1 13 2559.993178
demand_26 2 0 277.963674
demand_27 2 1 789.062994
demand_28 2 3 121.681023
demand_29 2 4 33.186232
demand_30 2 5 581.929363
demand_31 2 6 340.610412
demand_32 2 7 318.383317
demand_33 2 8 111.262723
demand_34 2 9 559.231833
demand_35 2 10 561.565016
demand_36 2 11 80.752126
demand_37 2 12 1015.528237
demand_38 2 13 961.006872
demand_39 3 0 31.629442
demand_40 3 1 89.787353
demand_41 3 2 7.429802
demand_42 3 4 3.776256
demand_43 3 5 66.217650
demand_44 3 6 38.758005
demand_45 3 7 36.228787
demand_46 3 8 12.660568
demand_47 3 9 63.634901
demand_48 3 10 63.900394
demand_49 3 11 9.188772
demand_50 3 12 115.556797
demand_51 3 13 109.352819
demand_52 4 0 272.659359
demand_53 4 1 774.005492
demand_54 4 2 64.048084
demand_55 4 3 119.359013
demand_56 4 5 570.824543
demand_57 4 6 334.110624
demand_58 4 7 312.307684
demand_59 4 8 109.139522
demand_60 4 9 548.560145
demand_61 4 10 550.848804
demand_62 4 11 79.211152
demand_63 4 12 996.149153
demand_64 4 13 942.668206
demand_65 5 0 167.990637
demand_66 5 1 476.879562
demand_67 5 2 39.461248
demand_68 5 3 73.539367
demand_69 5 4 20.056492
demand_70 5 6 205.851935
demand_71 5 7 192.418727
demand_72 5 8 67.242944
demand_73 5 9 337.978379
demand_74 5 10 339.388466
demand_75 5 11 48.803503
demand_76 5 12 613.746512
demand_77 5 13 580.795880
demand_78 6 0 22.414229
demand_79 6 1 63.627878
demand_80 6 2 5.265135
demand_81 6 3 9.812024
demand_82 6 4 2.676047
demand_83 6 5 46.925189
demand_84 6 7 25.673558
demand_85 6 8 8.971921
demand_86 6 9 45.094923
demand_87 6 10 45.283064
demand_88 6 11 6.511630
demand_89 6 12 81.889414
demand_90 6 13 77.492961
demand_91 7 0 1621.857832
demand_92 7 1 4604.011662
demand_93 7 2 380.976789
demand_94 7 3 709.982415
demand_95 7 4 193.634478
demand_96 7 5 3395.431788
demand_97 7 6 1987.387978
demand_98 7 8 649.193887
demand_99 7 9 3262.996619
demand_100 7 10 3276.610237
demand_101 7 11 471.171165
demand_102 7 12 5925.387304
demand_103 7 13 5607.266946
demand_104 8 0 802.814993
demand_105 8 1 2278.972620
demand_106 8 2 188.582422
demand_107 8 3 351.439267
demand_108 8 4 95.848513
demand_109 8 5 1680.729035
demand_110 8 6 983.751371
demand_111 8 7 919.555051
demand_112 8 9 1615.174005
demand_113 8 10 1621.912706
demand_114 8 11 233.228381
demand_115 8 12 2933.049788
demand_116 8 13 2775.581119
demand_117 9 0 138.261443
demand_118 9 1 392.486495
demand_119 9 2 32.477816
demand_120 9 3 60.525153
demand_121 9 4 16.507108
demand_122 9 5 289.456504
demand_123 9 6 169.422451
demand_124 9 7 158.366509
demand_125 9 8 55.343003
demand_126 9 10 279.327109
demand_127 9 11 40.166779
demand_128 9 12 505.132190
demand_129 9 13 478.012810
demand_130 10 0 1571.853600
demand_131 10 1 4462.063299
demand_132 10 2 369.230722
demand_133 10 3 688.092627
demand_134 10 4 187.664446
demand_135 10 5 3290.745696
demand_136 10 6 1926.113921
demand_137 10 7 1800.422177
demand_138 10 8 629.178297
demand_139 10 9 3162.393696
demand_140 10 11 456.644274
demand_141 10 12 5742.699011
demand_142 10 13 5434.386766
demand_143 11 0 409.070064
demand_144 11 1 1161.238246
demand_145 11 2 96.091159
demand_146 11 3 179.073989
demand_147 11 4 48.839095
demand_148 11 5 856.406443
demand_149 11 6 501.265222
demand_150 11 7 468.554332
demand_151 11 8 163.741716
demand_152 11 9 823.003230
demand_153 11 10 826.436899
demand_154 11 12 1494.519750
demand_155 11 13 1414.282436
demand_156 12 0 525.795285
demand_157 12 1 1492.589287
demand_158 12 2 123.510086
demand_159 12 3 230.171473
demand_160 12 4 62.774982
demand_161 12 5 1100.775907
demand_162 12 6 644.297674
demand_163 12 7 602.252966
demand_164 12 8 210.464246
demand_165 12 9 1057.841325
demand_166 12 10 1062.254767
demand_167 12 11 152.750489
demand_168 12 13 1817.837831
demand_169 13 0 107.339191
demand_170 13 1 304.706663
demand_171 13 2 25.214134
demand_172 13 3 46.988667
demand_173 13 4 12.815284
demand_174 13 5 224.719389
demand_175 13 6 131.531022
demand_176 13 7 122.947748
demand_177 13 8 42.965509
demand_178 13 9 215.954451
demand_179 13 10 216.855439
demand_180 13 11 31.183456
demand_181 13 12 392.159083
