DEMANDS 182
label src dest bw
demand_0 0 1 20.380549
demand_1 0 2 86.781432
demand_2 0 3 254.499054
demand_3 0 4 73.981635
demand_4 0 5 52.183537
demand_5 0 6 3.281120
demand_6 0 7 191.616636
demand_7 0 8 7.846941
demand_8 0 9 121.164194
demand_9 0 10 39.198909
demand_10 0 11 73.868994
demand_11 0 12 2.277254
demand_12 0 13 4.620308
demand_13 1 0 18.599758
demand_14 1 2 1014.606323
demand_15 1 3 2975.479256
demand_16 1 4 864.957326
demand_17 1 5 610.104556
demand_18 1 6 38.361265
demand_19 1 7 2240.288585
demand_20 1 8 91.742624
demand_21 1 9 1416.592867
demand_22 1 10 458.294594
demand_23 1 11 863.640382
demand_24 1 12 26.624545
demand_25 1 13 54.018396
demand_26 2 0 29.249225
demand_27 2 1 374.708642
demand_28 2 3 4679.118005
demand_29 2 4 1360.196811
demand_30 2 5 959.425682
demand_31 2 6 60.325369
demand_32 2 7 3522.986971
demand_33 2 8 144.270730
demand_34 2 9 2227.676491
demand_35 2 10 720.695492
demand_36 2 11 1358.125838
demand_37 2 12 41.868679
demand_38 2 13 84.947138
demand_39 3 0 33.222858
demand_40 3 1 425.614426
demand_41 3 2 1812.288217
demand_42 3 4 1544.985413
demand_43 3 5 1089.767798
demand_44 3 6 68.520830
demand_45 3 7 4001.599942
demand_46 3 8 163.870531
demand_47 3 9 2530.315948
demand_48 3 10 818.605082
demand_49 3 11 1542.633090
demand_50 3 12 47.556720
demand_51 3 13 96.487573
demand_52 4 0 6.455270
demand_53 4 1 82.697765
demand_54 4 2 352.131358
demand_55 4 3 1032.675952
demand_56 4 5 211.744142
demand_57 4 6 13.313739
demand_58 4 7 777.519165
demand_59 4 8 31.840384
demand_60 4 9 491.645635
demand_61 4 10 159.056665
demand_62 4 11 299.736808
demand_63 4 12 9.240369
demand_64 4 13 18.747736
demand_65 5 0 25.887680
demand_66 5 1 331.644255
demand_67 5 2 1412.158370
demand_68 5 3 4141.357924
demand_69 5 4 1203.872575
demand_70 5 6 53.392315
demand_71 5 7 3118.098324
demand_72 5 8 127.690033
demand_73 5 9 1971.654845
demand_74 5 10 637.867646
demand_75 5 11 1202.039614
demand_76 5 12 37.056810
demand_77 5 13 75.184362
demand_78 6 0 18.882629
demand_79 6 1 241.903313
demand_80 6 2 1030.036807
demand_81 6 3 3020.731372
demand_82 6 4 878.111895
demand_83 6 5 619.383237
demand_84 6 7 2274.359667
demand_85 6 8 93.137878
demand_86 6 9 1438.136900
demand_87 6 10 465.264496
demand_88 6 11 876.774923
demand_89 6 12 27.029460
demand_90 6 13 54.839926
demand_91 7 0 17.221332
demand_92 7 1 220.620616
demand_93 7 2 939.413981
demand_94 7 3 2754.966876
demand_95 7 4 800.855451
demand_96 7 5 564.889787
demand_97 7 6 35.518316
demand_98 7 8 84.943590
demand_99 7 9 1311.609354
demand_100 7 10 424.330441
demand_101 7 11 799.636105
demand_102 7 12 24.651403
demand_103 7 13 50.015099
demand_104 8 0 31.887646
demand_105 8 1 408.509169
demand_106 8 2 1739.453146
demand_107 8 3 5101.197020
demand_108 8 4 1482.893125
demand_109 8 5 1045.970506
demand_110 8 6 65.767008
demand_111 8 7 3840.777390
demand_112 8 9 2428.623656
demand_113 8 10 785.705702
demand_114 8 11 1480.635340
demand_115 8 12 45.645436
demand_116 8 13 92.609780
demand_117 9 0 11.836198
demand_118 9 1 151.632241
demand_119 9 2 645.657916
demand_120 9 3 1893.484882
demand_121 9 4 550.426832
demand_122 9 5 388.247961
demand_123 9 6 24.411689
demand_124 9 7 1425.636747
demand_125 9 8 58.381611
demand_126 9 10 291.641719
demand_127 9 11 549.588777
demand_128 9 12 16.942875
demand_129 9 13 34.375308
demand_130 10 0 16.571406
demand_131 10 1 212.294484
demand_132 10 2 903.960882
demand_133 10 3 2650.995553
demand_134 10 4 770.631494
demand_135 10 5 543.571078
demand_136 10 6 34.177870
demand_137 10 7 1995.979325
demand_138 10 8 81.737854
demand_139 10 9 1262.109753
demand_140 10 11 769.458166
demand_141 10 12 23.721069
demand_142 10 13 48.127550
demand_143 11 0 1.097608
demand_144 11 1 14.061332
demand_145 11 2 59.873878
demand_146 11 3 175.588776
demand_147 11 4 51.042802
demand_148 11 5 36.003448
demand_149 11 6 2.263772
demand_150 11 7 132.203755
demand_151 11 8 5.413909
demand_152 11 9 83.595880
demand_153 11 10 27.044849
demand_154 11 12 1.571166
demand_155 11 13 3.187730
demand_156 12 0 8.042296
demand_157 12 1 103.028977
demand_158 12 2 438.702708
demand_159 12 3 1286.558911
demand_160 12 4 373.996408
demand_161 12 5 263.801353
demand_162 12 6 16.586917
demand_163 12 7 968.671933
demand_164 12 8 39.668329
demand_165 12 9 612.516512
demand_166 12 10 198.160680
demand_167 12 11 373.426979
demand_168 12 13 23.356859
demand_169 13 0 27.643131
demand_170 13 1 354.133147
demand_171 13 2 1507.917235
demand_172 13 3 4422.184594
demand_173 13 4 1285.507520
demand_174 13 5 906.742994
demand_175 13 6 57.012864
demand_176 13 7 3329.537467
demand_177 13 8 136.348731
demand_178 13 9 2105.353327
demand_179 13 10 681.121634
demand_180 13 11 1283.550266
demand_181 13 12 39.569643
