DEMANDS 182
label src dest bw
demand_0 0 1 42.136433
demand_1 0 2 139.371113
demand_2 0 3 616.361197
demand_3 0 4 174.370819
demand_4 0 5 1082.929898
demand_5 0 6 1861.373462
demand_6 0 7 165.780812
demand_7 0 8 1685.931945
demand_8 0 9 277.764114
demand_9 0 10 979.838611
demand_10 0 11 1875.926673
demand_11 0 12 452.866197
demand_12 0 13 695.262558
demand_13 1 0 124.136173
demand_14 1 2 92.220553
demand_15 1 3 407.840402
demand_16 1 4 115.379529
demand_17 1 5 716.564519
demand_18 1 6 1231.653298
demand_19 1 7 109.695603
demand_20 1 8 1115.565298
demand_21 1 9 183.793899
demand_22 1 10 648.349985
demand_23 1 11 1241.283021
demand_24 1 12 299.657299
demand_25 1 13 460.048690
demand_26 2 0 93.400928
demand_27 2 1 20.978072
demand_28 2 3 306.861981
demand_29 2 4 86.812368
demand_30 2 5 539.148174
demand_31 2 6 926.704586
demand_32 2 7 82.535742
demand_33 2 8 839.359160
demand_34 2 9 138.287820
demand_35 2 10 487.823079
demand_36 2 11 933.950057
demand_37 2 12 225.464255
demand_38 2 13 346.143863
demand_39 3 0 28.148169
demand_40 3 1 6.322146
demand_41 3 2 20.911227
demand_42 3 4 26.162579
demand_43 3 5 162.482688
demand_44 3 6 279.280278
demand_45 3 7 24.873736
demand_46 3 8 252.957051
demand_47 3 9 41.675698
demand_48 3 10 147.014882
demand_49 3 11 281.463840
demand_50 3 12 67.947996
demand_51 3 13 104.317121
demand_52 4 0 102.655875
demand_53 4 1 23.056755
demand_54 4 2 76.262876
demand_55 4 3 337.268439
demand_56 4 5 592.571496
demand_57 4 6 1018.530249
demand_58 4 7 90.714075
demand_59 4 8 922.529905
demand_60 4 9 151.990537
demand_61 4 10 536.160681
demand_62 4 11 1026.493661
demand_63 4 12 247.805144
demand_64 4 13 380.442700
demand_65 5 0 115.470111
demand_66 5 1 25.934863
demand_67 5 2 85.782551
demand_68 5 3 379.368683
demand_69 5 4 107.324777
demand_70 5 6 1145.670433
demand_71 5 7 102.037651
demand_72 5 8 1037.686644
demand_73 5 9 170.963076
demand_74 5 10 603.088068
demand_75 5 11 1154.627896
demand_76 5 12 278.737944
demand_77 5 13 427.932262
demand_78 6 0 65.226958
demand_79 6 1 14.650131
demand_80 6 2 48.456997
demand_81 6 3 214.298444
demand_82 6 4 60.625807
demand_83 6 5 376.516551
demand_84 6 7 57.639206
demand_85 6 8 586.170244
demand_86 6 9 96.573921
demand_87 6 10 340.673441
demand_88 6 11 652.228222
demand_89 6 12 157.453976
demand_90 6 13 241.731123
demand_91 7 0 805.170991
demand_92 7 1 180.843328
demand_93 7 2 598.160170
demand_94 7 3 2645.330950
demand_95 7 4 748.373723
demand_96 7 5 4647.774697
demand_97 7 6 7988.739161
demand_98 7 8 7235.770157
demand_99 7 9 1192.122428
demand_100 7 10 4205.322166
demand_101 7 11 8051.199385
demand_102 7 12 1943.634629
demand_103 7 13 2983.963903
demand_104 8 0 196.586641
demand_105 8 1 44.153829
demand_106 8 2 146.043884
demand_107 8 3 645.871166
demand_108 8 4 182.719296
demand_109 8 5 1134.778113
demand_110 8 6 1950.491782
demand_111 8 7 173.718020
demand_112 8 9 291.062826
demand_113 8 10 1026.751050
demand_114 8 11 1965.741767
demand_115 8 12 474.548398
demand_116 8 13 728.550144
demand_117 9 0 118.054406
demand_118 9 1 26.515302
demand_119 9 2 87.702419
demand_120 9 3 387.859198
demand_121 9 4 109.726774
demand_122 9 5 681.458087
demand_123 9 6 1171.311274
demand_124 9 7 104.321319
demand_125 9 8 1060.910739
demand_126 9 10 616.585567
demand_127 9 11 1180.469211
demand_128 9 12 284.976278
demand_129 9 13 437.509661
demand_130 10 0 57.222793
demand_131 10 1 12.852376
demand_132 10 2 42.510716
demand_133 10 3 188.001341
demand_134 10 4 53.186261
demand_135 10 5 330.313254
demand_136 10 6 567.752656
demand_137 10 7 50.566154
demand_138 10 8 514.239812
demand_139 10 9 84.723091
demand_140 10 11 572.191649
demand_141 10 12 138.132401
demand_142 10 13 212.067686
demand_143 11 0 132.372533
demand_144 11 1 29.731187
demand_145 11 2 98.339331
demand_146 11 3 434.900366
demand_147 11 4 123.034891
demand_148 11 5 764.108141
demand_149 11 6 1313.372749
demand_150 11 7 116.973840
demand_151 11 8 1189.582380
demand_152 11 9 195.988513
demand_153 11 10 691.367614
demand_154 11 12 319.539380
demand_155 11 13 490.572642
demand_156 12 0 613.707761
demand_157 12 1 137.840229
demand_158 12 2 455.922460
demand_159 12 3 2016.292383
demand_160 12 4 570.416430
demand_161 12 5 3542.571004
demand_162 12 6 6089.080808
demand_163 12 7 542.316082
demand_164 12 8 5515.161819
demand_165 12 9 908.645238
demand_166 12 10 3205.330150
demand_167 12 11 6136.688490
demand_168 12 13 2274.401125
demand_169 13 0 28.391082
demand_170 13 1 6.376705
demand_171 13 2 21.091687
demand_172 13 3 93.276841
demand_173 13 4 26.388357
demand_174 13 5 163.884879
demand_175 13 6 281.690408
demand_176 13 7 25.088391
demand_177 13 8 255.140017
demand_178 13 9 42.035351
demand_179 13 10 148.283589
demand_180 13 11 283.892814
demand_181 13 12 68.534373
