DEMANDS 182
label src dest bw
demand_0 0 1 440.285926
demand_1 0 2 187.136972
demand_2 0 3 368.953037
demand_3 0 4 317.740635
demand_4 0 5 208.402297
demand_5 0 6 592.133126
demand_6 0 7 128.022910
demand_7 0 8 126.693455
demand_8 0 9 311.854986
demand_9 0 10 6.813531
demand_10 0 11 5.669794
demand_11 0 12 726.761728
demand_12 0 13 627.719767
demand_13 1 0 104.980100
demand_14 1 2 72.315758
demand_15 1 3 142.575345
demand_16 1 4 122.785223
demand_17 1 5 80.533365
demand_18 1 6 228.819325
demand_19 1 7 49.472179
demand_20 1 8 48.958434
demand_21 1 9 120.510818
demand_22 1 10 2.632968
demand_23 1 11 2.190991
demand_24 1 12 280.844156
demand_25 1 13 242.571150
demand_26 2 0 209.831023
demand_27 2 1 340.071989
demand_28 2 3 284.975253
demand_29 2 4 245.419360
demand_30 2 5 160.967634
demand_31 2 6 457.357091
demand_32 2 7 98.883482
demand_33 2 8 97.856626
demand_34 2 9 240.873349
demand_35 2 10 5.262696
demand_36 2 11 4.379286
demand_37 2 12 561.342737
demand_38 2 13 484.843819
demand_39 3 0 518.379284
demand_40 3 1 840.134465
demand_41 3 2 357.086636
demand_42 3 4 606.298869
demand_43 3 5 397.664204
demand_44 3 6 1129.882693
demand_45 3 7 244.287751
demand_46 3 8 241.750943
demand_47 3 9 595.068129
demand_48 3 10 13.001283
demand_49 3 11 10.818854
demand_50 3 12 1386.775138
demand_51 3 13 1197.787573
demand_52 4 0 723.336444
demand_53 4 1 1172.307410
demand_54 4 2 498.271797
demand_55 4 3 982.376119
demand_56 4 5 554.892952
demand_57 4 6 1576.616493
demand_58 4 7 340.874411
demand_59 4 8 337.334598
demand_60 4 9 830.346577
demand_61 4 10 18.141740
demand_62 4 11 15.096420
demand_63 4 12 1935.079251
demand_64 4 13 1671.369651
demand_65 5 0 1480.010799
demand_66 5 1 2398.645391
demand_67 5 2 1019.508483
demand_68 5 3 2010.029050
demand_69 5 4 1731.027649
demand_70 5 6 3225.897791
demand_71 5 7 697.459410
demand_72 5 8 690.216637
demand_73 5 9 1698.963063
demand_74 5 10 37.119615
demand_75 5 11 30.888621
demand_76 5 12 3959.344526
demand_77 5 13 3419.771194
demand_78 6 0 1601.023429
demand_79 6 1 2594.769898
demand_80 6 2 1102.868282
demand_81 6 3 2174.378461
demand_82 6 4 1872.564596
demand_83 6 5 1228.192806
demand_84 6 7 754.486966
demand_85 6 8 746.651989
demand_86 6 9 1837.878259
demand_87 6 10 40.154689
demand_88 6 11 33.414219
demand_89 6 12 4283.079120
demand_90 6 13 3699.387740
demand_91 7 0 83.796109
demand_92 7 1 135.807894
demand_93 7 2 57.723122
demand_94 7 3 113.804989
demand_95 7 4 98.008326
demand_96 7 5 64.282493
demand_97 7 6 182.645750
demand_98 7 8 39.079085
demand_99 7 9 96.192875
demand_100 7 10 2.101660
demand_101 7 11 1.748870
demand_102 7 12 224.172462
demand_103 7 13 193.622586
demand_104 8 0 54.325448
demand_105 8 1 88.044956
demand_106 8 2 37.422197
demand_107 8 3 73.780359
demand_108 8 4 63.539302
demand_109 8 5 41.674671
demand_110 8 6 118.410178
demand_111 8 7 25.601026
demand_112 8 9 62.362335
demand_113 8 10 1.362517
demand_114 8 11 1.133801
demand_115 8 12 145.332159
demand_116 8 13 125.526518
demand_117 9 0 707.724431
demand_118 9 1 1147.005107
demand_119 9 2 487.517430
demand_120 9 3 961.173167
demand_121 9 4 827.757851
demand_122 9 5 542.916512
demand_123 9 6 1542.587852
demand_124 9 7 333.517205
demand_125 9 8 330.053792
demand_126 9 10 17.750180
demand_127 9 11 14.770589
demand_128 9 12 1893.313788
demand_129 9 13 1635.295921
demand_130 10 0 1364.457988
demand_131 10 1 2211.369583
demand_132 10 2 939.909691
demand_133 10 3 1853.094718
demand_134 10 4 1595.876533
demand_135 10 5 1046.716403
demand_136 10 6 2974.033711
demand_137 10 7 643.004811
demand_138 10 8 636.327521
demand_139 10 9 1566.315411
demand_140 10 11 28.476971
demand_141 10 12 3650.216112
demand_142 10 13 3152.770321
demand_143 11 0 1649.527860
demand_144 11 1 2673.380764
demand_145 11 2 1136.280659
demand_146 11 3 2240.253194
demand_147 11 4 1929.295608
demand_148 11 5 1265.402002
demand_149 11 6 3595.384767
demand_150 11 7 777.344821
demand_151 11 8 769.272476
demand_152 11 9 1893.558418
demand_153 11 10 41.371211
demand_154 11 12 4412.838818
demand_155 11 13 3811.463987
demand_156 12 0 104.958414
demand_157 12 1 170.105526
demand_158 12 2 72.300819
demand_159 12 3 142.545893
demand_160 12 4 122.759859
demand_161 12 5 80.516729
demand_162 12 6 228.772057
demand_163 12 7 49.461959
demand_164 12 8 48.948321
demand_165 12 9 120.485924
demand_166 12 10 2.632424
demand_167 12 11 2.190538
demand_168 12 13 242.521041
demand_169 13 0 282.410600
demand_170 13 1 457.701313
demand_171 13 2 194.539123
demand_172 13 3 383.546871
demand_173 13 4 330.308778
demand_174 13 5 216.645592
demand_175 13 6 615.554787
demand_176 13 7 133.086820
demand_177 13 8 131.704779
demand_178 13 9 324.190323
demand_179 13 10 7.083038
demand_180 13 11 5.894061
demand_181 13 12 755.508585
