DEMANDS 182
label src dest bw
demand_0 0 1 343.147365
demand_1 0 2 523.596617
demand_2 0 3 3247.428298
demand_3 0 4 40.401680
demand_4 0 5 6515.726866
demand_5 0 6 504.299213
demand_6 0 7 1120.883129
demand_7 0 8 856.141990
demand_8 0 9 1004.178556
demand_9 0 10 657.534905
demand_10 0 11 1020.914000
demand_11 0 12 155.273601
demand_12 0 13 4766.176332
demand_13 1 0 31.733248
demand_14 1 2 177.275655
demand_15 1 3 1099.491401
demand_16 1 4 13.678916
demand_17 1 5 2206.048911
demand_18 1 6 170.742076
demand_19 1 7 379.500715
demand_20 1 8 289.866525
demand_21 1 9 339.987703
demand_22 1 10 222.623537
demand_23 1 11 345.653872
demand_24 1 12 52.571442
demand_25 1 13 1613.698413
demand_26 2 0 10.053278
demand_27 2 1 36.806632
demand_28 2 3 348.325269
demand_29 2 4 4.333560
demand_30 2 5 698.889123
demand_31 2 6 54.092082
demand_32 2 7 120.228033
demand_33 2 8 91.831401
demand_34 2 9 107.710081
demand_35 2 10 70.528431
demand_36 2 11 109.505156
demand_37 2 12 16.654939
demand_38 2 13 511.229041
demand_39 3 0 31.385322
demand_40 3 1 114.906607
demand_41 3 2 175.331990
demand_42 3 4 13.528939
demand_43 3 5 2181.861613
demand_44 3 6 168.870046
demand_45 3 7 375.339839
demand_46 3 8 286.688405
demand_47 3 9 336.260050
demand_48 3 10 220.182675
demand_49 3 11 341.864095
demand_50 3 12 51.995045
demand_51 3 13 1596.005694
demand_52 4 0 34.359861
demand_53 4 1 125.796860
demand_54 4 2 191.949049
demand_55 4 3 1190.498091
demand_56 4 5 2388.647164
demand_57 4 6 184.874675
demand_58 4 7 410.912606
demand_59 4 8 313.859248
demand_60 4 9 368.129038
demand_61 4 10 241.050449
demand_62 4 11 374.264204
demand_63 4 12 56.922866
demand_64 4 13 1747.266853
demand_65 5 0 68.864872
demand_66 5 1 252.125139
demand_67 5 2 384.708971
demand_68 5 3 2386.025348
demand_69 5 4 29.684853
demand_70 5 6 370.530338
demand_71 5 7 823.561080
demand_72 5 8 629.044370
demand_73 5 9 737.813207
demand_74 5 10 483.119197
demand_75 5 11 750.109459
demand_76 5 12 114.086198
demand_77 5 13 3501.914899
demand_78 6 0 32.081819
demand_79 6 1 117.456592
demand_80 6 2 179.222924
demand_81 6 3 1111.568669
demand_82 6 4 13.829171
demand_83 6 5 2230.281064
demand_84 6 7 383.669308
demand_85 6 8 293.050539
demand_86 6 9 343.722268
demand_87 6 10 225.068926
demand_88 6 11 349.450677
demand_89 6 12 53.148909
demand_90 6 13 1631.423944
demand_91 7 0 0.216191
demand_92 7 1 0.791510
demand_93 7 2 1.207738
demand_94 7 3 7.490578
demand_95 7 4 0.093191
demand_96 7 5 15.029296
demand_97 7 6 1.163226
demand_98 7 8 1.974793
demand_99 7 9 2.316257
demand_100 7 10 1.516682
demand_101 7 11 2.354859
demand_102 7 12 0.358157
demand_103 7 13 10.993750
demand_104 8 0 19.053651
demand_105 8 1 69.758415
demand_106 8 2 106.441937
demand_107 8 3 660.169580
demand_108 8 4 8.213256
demand_109 8 5 1324.581876
demand_110 8 6 102.518969
demand_111 8 7 227.864290
demand_112 8 9 204.139422
demand_113 8 10 133.670247
demand_114 8 11 207.541570
demand_115 8 12 31.565565
demand_116 8 13 968.915812
demand_117 9 0 71.390682
demand_118 9 1 261.372527
demand_119 9 2 398.819239
demand_120 9 3 2473.539440
demand_121 9 4 30.773627
demand_122 9 5 4962.975592
demand_123 9 6 384.120565
demand_124 9 7 853.767465
demand_125 9 8 652.116316
demand_126 9 10 500.838932
demand_127 9 11 777.621802
demand_128 9 12 118.270626
demand_129 9 13 3630.357332
demand_130 10 0 123.637956
demand_131 10 1 452.658023
demand_132 10 2 690.695117
demand_133 10 3 4283.799391
demand_134 10 4 53.295308
demand_135 10 5 8595.129505
demand_136 10 6 665.239218
demand_137 10 7 1478.597223
demand_138 10 8 1129.367671
demand_139 10 9 1324.648027
demand_140 10 11 1346.724352
demand_141 10 12 204.826988
demand_142 10 13 6287.234510
demand_143 11 0 50.406165
demand_144 11 1 184.544908
demand_145 11 2 281.590649
demand_146 11 3 1746.469348
demand_147 11 4 21.728053
demand_148 11 5 3504.162742
demand_149 11 6 271.212491
demand_150 11 7 602.811778
demand_151 11 8 460.433797
demand_152 11 9 540.047972
demand_153 11 10 353.622760
demand_154 11 12 83.506258
demand_155 11 13 2563.253166
demand_156 12 0 66.008327
demand_157 12 1 241.666879
demand_158 12 2 368.751076
demand_159 12 3 2287.051981
demand_160 12 4 28.453512
demand_161 12 5 4588.802176
demand_162 12 6 355.160579
demand_163 12 7 789.399409
demand_164 12 8 602.951337
demand_165 12 9 707.208395
demand_166 12 10 463.079203
demand_167 12 11 718.994593
demand_168 12 13 3356.653949
demand_169 13 0 21.612028
demand_170 13 1 79.125037
demand_171 13 2 120.734140
demand_172 13 3 748.812060
demand_173 13 4 9.316069
demand_174 13 5 1502.436516
demand_175 13 6 116.284425
demand_176 13 7 258.460150
demand_177 13 8 197.414504
demand_178 13 9 231.549689
demand_179 13 10 151.618457
demand_180 13 11 235.408651
demand_181 13 12 35.803945
