DEMANDS 182
label src dest bw
demand_0 0 1 80.405214
demand_1 0 2 5446.937284
demand_2 0 3 1559.853995
demand_3 0 4 289.432100
demand_4 0 5 1669.937867
demand_5 0 6 2314.849772
demand_6 0 7 1933.617387
demand_7 0 8 220.625153
demand_8 0 9 6019.982481
demand_9 0 10 2940.007032
demand_10 0 11 481.295496
demand_11 0 12 1822.796651
demand_12 0 13 3415.683289
demand_13 1 0 20.576116
demand_14 1 2 224.031172
demand_15 1 3 64.156406
demand_16 1 4 11.904270
demand_17 1 5 68.684128
demand_18 1 6 95.209194
demand_19 1 7 79.529201
demand_20 1 8 9.074258
demand_21 1 9 247.600378
demand_22 1 10 120.921756
demand_23 1 11 19.795564
demand_24 1 12 74.971172
demand_25 1 13 140.486202
demand_26 2 0 282.809641
demand_27 2 1 45.453895
demand_28 2 3 881.801519
demand_29 2 4 163.618945
demand_30 2 5 944.033065
demand_31 2 6 1308.608403
demand_32 2 7 1093.093811
demand_33 2 8 124.721670
demand_34 2 9 3403.158060
demand_35 2 10 1662.016237
demand_36 2 11 272.081298
demand_37 2 12 1030.445709
demand_38 2 13 1930.920921
demand_39 3 0 87.837405
demand_40 3 1 14.117454
demand_41 3 2 956.366942
demand_42 3 4 50.818153
demand_43 3 5 293.205757
demand_44 3 6 406.438643
demand_45 3 7 339.502302
demand_46 3 8 38.737109
demand_47 3 9 1056.981554
demand_48 3 10 516.203031
demand_49 3 11 84.505306
demand_50 3 12 320.044526
demand_51 3 13 599.721717
demand_52 4 0 286.657211
demand_53 4 1 46.072287
demand_54 4 2 3121.101760
demand_55 4 3 893.798257
demand_56 4 5 956.876451
demand_57 4 6 1326.411765
demand_58 4 7 1107.965140
demand_59 4 8 126.418484
demand_60 4 9 3449.457363
demand_61 4 10 1684.627644
demand_62 4 11 275.782911
demand_63 4 12 1044.464722
demand_64 4 13 1957.190724
demand_65 5 0 271.299117
demand_66 5 1 43.603894
demand_67 5 2 2953.884011
demand_68 5 3 845.911663
demand_69 5 4 156.959555
demand_70 5 6 1255.347248
demand_71 5 7 1048.604231
demand_72 5 8 119.645422
demand_73 5 9 3264.647466
demand_74 5 10 1594.371169
demand_75 5 11 261.007424
demand_76 5 12 988.505944
demand_77 5 13 1852.331270
demand_78 6 0 12.282183
demand_79 6 1 1.974024
demand_80 6 2 133.727473
demand_81 6 3 38.295894
demand_82 6 4 7.105832
demand_83 6 5 40.998558
demand_84 6 7 47.472140
demand_85 6 8 5.416557
demand_86 6 9 147.796276
demand_87 6 10 72.179959
demand_88 6 11 11.816261
demand_89 6 12 44.751386
demand_90 6 13 83.858262
demand_91 7 0 35.937297
demand_92 7 1 5.775935
demand_93 7 2 391.282535
demand_94 7 3 112.052626
demand_95 7 4 20.791450
demand_96 7 5 119.960537
demand_97 7 6 166.287996
demand_98 7 8 15.848681
demand_99 7 9 432.447426
demand_100 7 10 211.196374
demand_101 7 11 34.574021
demand_102 7 12 130.941198
demand_103 7 13 245.366735
demand_104 8 0 266.180255
demand_105 8 1 42.781177
demand_106 8 2 2898.150238
demand_107 8 3 829.951033
demand_108 8 4 153.998048
demand_109 8 5 888.523325
demand_110 8 6 1231.661403
demand_111 8 7 1028.819206
demand_112 8 9 3203.050219
demand_113 8 10 1564.288633
demand_114 8 11 256.082746
demand_115 8 12 969.854851
demand_116 8 13 1817.381552
demand_117 9 0 165.332604
demand_118 9 1 26.572683
demand_119 9 2 1800.128729
demand_120 9 3 515.507678
demand_121 9 4 95.652843
demand_122 9 5 551.888699
demand_123 9 6 765.022133
demand_124 9 7 639.030712
demand_125 9 8 72.913209
demand_126 9 10 971.626961
demand_127 9 11 159.060735
demand_128 9 12 602.406168
demand_129 9 13 1128.830625
demand_130 10 0 107.307492
demand_131 10 1 17.246737
demand_132 10 2 1168.355757
demand_133 10 3 334.585162
demand_134 10 4 62.082532
demand_135 10 5 358.197904
demand_136 10 6 496.530053
demand_137 10 7 414.756567
demand_138 10 8 47.323598
demand_139 10 9 1291.272659
demand_140 10 11 103.236798
demand_141 10 12 390.985769
demand_142 10 13 732.656359
demand_143 11 0 185.258127
demand_144 11 1 29.775164
demand_145 11 2 2017.076298
demand_146 11 3 577.635533
demand_147 11 4 107.180714
demand_148 11 5 618.401115
demand_149 11 6 857.220924
demand_150 11 7 716.045293
demand_151 11 8 81.700549
demand_152 11 9 2229.282870
demand_153 11 10 1088.725313
demand_154 11 12 675.006840
demand_155 11 13 1264.874818
demand_156 12 0 222.438178
demand_157 12 1 35.750838
demand_158 12 2 2421.889847
demand_159 12 3 693.563071
demand_160 12 4 128.691157
demand_161 12 5 742.510030
demand_162 12 6 1029.259356
demand_163 12 7 859.750732
demand_164 12 8 98.097296
demand_165 12 9 2676.684840
demand_166 12 10 1307.225108
demand_167 12 11 214.000018
demand_168 12 13 1518.726625
demand_169 13 0 94.163476
demand_170 13 1 15.134197
demand_171 13 2 1025.244719
demand_172 13 3 293.602072
demand_173 13 4 54.478089
demand_174 13 5 314.322506
demand_175 13 6 435.710452
demand_176 13 7 363.953339
demand_177 13 8 41.526965
demand_178 13 9 1133.105620
demand_179 13 10 553.380097
demand_180 13 11 90.591398
demand_181 13 12 343.094209
