DEMANDS 182
label src dest bw
demand_0 0 1 1102.109544
demand_1 0 2 1060.125368
demand_2 0 3 943.253539
demand_3 0 4 166.002813
demand_4 0 5 455.846915
demand_5 0 6 2265.211043
demand_6 0 7 611.693928
demand_7 0 8 2137.295744
demand_8 0 9 1307.615887
demand_9 0 10 666.722732
demand_10 0 11 104.232593
demand_11 0 12 2934.825447
demand_12 0 13 1044.718868
demand_13 1 0 3021.069098
demand_14 1 2 1097.779797
demand_15 1 3 976.756815
demand_16 1 4 171.899041
demand_17 1 5 472.038071
demand_18 1 6 2345.668722
demand_19 1 7 633.420590
demand_20 1 8 2213.210020
demand_21 1 9 1354.060893
demand_22 1 10 690.403953
demand_23 1 11 107.934814
demand_24 1 12 3039.067056
demand_25 1 13 1081.826076
demand_26 2 0 2129.898419
demand_27 2 1 804.601805
demand_28 2 3 688.628008
demand_29 2 4 121.191368
demand_30 2 5 332.793825
demand_31 2 6 1653.731160
demand_32 2 7 446.570889
demand_33 2 8 1560.345814
demand_34 2 9 954.632967
demand_35 2 10 486.745004
demand_36 2 11 76.095641
demand_37 2 12 2142.587246
demand_38 2 13 762.703392
demand_39 3 0 347.816430
demand_40 3 1 131.392993
demand_41 3 2 126.387658
demand_42 3 4 19.790779
demand_43 3 5 54.345859
demand_44 3 6 270.057418
demand_45 3 7 72.925869
demand_46 3 8 254.807415
demand_47 3 9 155.893364
demand_48 3 10 79.486377
demand_49 3 11 12.426562
demand_50 3 12 349.888539
demand_51 3 13 124.550903
demand_52 4 0 6901.008327
demand_53 4 1 2606.961772
demand_54 4 2 2507.651190
demand_55 4 3 2231.199187
demand_56 4 5 1078.273469
demand_57 4 6 5358.195678
demand_58 4 7 1446.918499
demand_59 4 8 5055.621133
demand_60 4 9 3093.072417
demand_61 4 10 1577.085223
demand_62 4 11 246.554788
demand_63 4 12 6942.120945
demand_64 4 13 2471.208210
demand_65 5 0 88.837157
demand_66 5 1 33.559599
demand_67 5 2 32.281167
demand_68 5 3 28.722381
demand_69 5 4 5.054840
demand_70 5 6 68.976423
demand_71 5 7 18.626282
demand_72 5 8 65.081360
demand_73 5 9 39.817335
demand_74 5 10 20.301927
demand_75 5 11 3.173917
demand_76 5 12 89.366403
demand_77 5 13 31.812034
demand_78 6 0 3202.947608
demand_79 6 1 1209.962599
demand_80 6 2 1163.869828
demand_81 6 3 1035.560857
demand_82 6 4 182.247941
demand_83 6 5 500.456349
demand_84 6 7 671.554637
demand_85 6 8 2346.452698
demand_86 6 9 1435.579908
demand_87 6 10 731.968591
demand_88 6 11 114.432853
demand_89 6 12 3222.029103
demand_90 6 13 1146.955640
demand_91 7 0 285.890271
demand_92 7 1 107.999436
demand_93 7 2 103.885265
demand_94 7 3 92.432600
demand_95 7 4 16.267176
demand_96 7 5 44.669979
demand_97 7 6 221.975680
demand_98 7 8 209.440828
demand_99 7 9 128.137697
demand_100 7 10 65.334412
demand_101 7 11 10.214104
demand_102 7 12 287.593456
demand_103 7 13 102.375530
demand_104 8 0 893.463502
demand_105 8 1 337.519545
demand_106 8 2 324.661949
demand_107 8 3 288.870111
demand_108 8 4 50.838135
demand_109 8 5 139.602496
demand_110 8 6 693.717794
demand_111 8 7 187.330432
demand_112 8 9 400.455583
demand_113 8 10 204.182928
demand_114 8 11 31.921090
demand_115 8 12 898.786293
demand_116 8 13 319.943729
demand_117 9 0 490.518528
demand_118 9 1 185.300900
demand_119 9 2 178.241977
demand_120 9 3 158.591975
demand_121 9 4 27.910538
demand_122 9 5 76.642874
demand_123 9 6 380.856555
demand_124 9 7 102.845888
demand_125 9 8 359.349782
demand_126 9 10 112.098042
demand_127 9 11 17.524931
demand_128 9 12 493.440782
demand_129 9 13 175.651638
demand_130 10 0 30.714444
demand_131 10 1 11.602853
demand_132 10 2 11.160849
demand_133 10 3 9.930439
demand_134 10 4 1.747654
demand_135 10 5 4.799091
demand_136 10 6 23.847820
demand_137 10 7 6.439827
demand_138 10 8 22.501146
demand_139 10 9 13.766394
demand_140 10 11 1.097346
demand_141 10 12 30.897425
demand_142 10 13 10.998652
demand_143 11 0 1938.743624
demand_144 11 1 732.390148
demand_145 11 2 704.490203
demand_146 11 3 626.824805
demand_147 11 4 110.314647
demand_148 11 5 302.926140
demand_149 11 6 1505.311574
demand_150 11 7 406.491904
demand_151 11 8 1420.307406
demand_152 11 9 868.956266
demand_153 11 10 443.060459
demand_154 11 12 1950.293650
demand_155 11 13 694.252047
demand_156 12 0 106.380402
demand_157 12 1 40.186829
demand_158 12 2 38.655937
demand_159 12 3 34.394375
demand_160 12 4 6.053052
demand_161 12 5 16.621798
demand_162 12 6 82.597641
demand_163 12 7 22.304533
demand_164 12 8 77.933395
demand_165 12 9 47.680320
demand_166 12 10 24.311079
demand_167 12 11 3.800691
demand_168 12 13 38.094161
demand_169 13 0 1620.973598
demand_170 13 1 612.347646
demand_171 13 2 589.020644
demand_172 13 3 524.085004
demand_173 13 4 92.233510
demand_174 13 5 253.274992
demand_175 13 6 1258.583285
demand_176 13 7 339.865796
demand_177 13 8 1187.511736
demand_178 13 9 726.529876
demand_179 13 10 370.440577
demand_180 13 11 57.913102
demand_181 13 12 1630.630516
