DEMANDS 182
label src dest bw
demand_0 0 1 337.952167
demand_1 0 2 141.690396
demand_2 0 3 1048.695882
demand_3 0 4 207.109486
demand_4 0 5 440.997823
demand_5 0 6 138.304690
demand_6 0 7 250.032177
demand_7 0 8 671.003853
demand_8 0 9 42.147472
demand_9 0 10 347.688716
demand_10 0 11 67.418614
demand_11 0 12 131.338472
demand_12 0 13 209.032782
demand_13 1 0 367.892352
demand_14 1 2 284.755264
demand_15 1 3 2107.564674
demand_16 1 4 416.228045
demand_17 1 5 886.273561
demand_18 1 6 277.951010
demand_19 1 7 502.489800
demand_20 1 8 1348.516803
demand_21 1 9 84.703798
demand_22 1 10 698.750197
demand_23 1 11 135.491224
demand_24 1 12 263.950998
demand_25 1 13 420.093294
demand_26 2 0 1088.833698
demand_27 2 1 2010.144959
demand_28 2 3 6237.660082
demand_29 2 4 1231.890576
demand_30 2 5 2623.062190
demand_31 2 6 822.638535
demand_32 2 7 1487.195436
demand_33 2 8 3991.141782
demand_34 2 9 250.693847
demand_35 2 10 2068.058108
demand_36 2 11 401.007005
demand_37 2 12 781.203360
demand_38 2 13 1243.330372
demand_39 3 0 253.925816
demand_40 3 1 468.783892
demand_41 3 2 196.543125
demand_42 3 4 287.287967
demand_43 3 5 611.721705
demand_44 3 6 191.846708
demand_45 3 7 346.827357
demand_46 3 8 930.770176
demand_47 3 9 58.464061
demand_48 3 10 482.289759
demand_49 3 11 93.518442
demand_50 3 12 182.183653
demand_51 3 13 289.955830
demand_52 4 0 1082.244974
demand_53 4 1 1997.981219
demand_54 4 2 837.676976
demand_55 4 3 6199.914906
demand_56 4 5 2607.189581
demand_57 4 6 817.660605
demand_58 4 7 1478.196155
demand_59 4 8 3966.990683
demand_60 4 9 249.176855
demand_61 4 10 2055.543926
demand_62 4 11 398.580441
demand_63 4 12 776.476162
demand_64 4 13 1235.806762
demand_65 5 0 331.486863
demand_66 5 1 611.972837
demand_67 5 2 256.576764
demand_68 5 3 1899.006595
demand_69 5 4 375.039405
demand_70 5 6 250.445838
demand_71 5 7 452.764964
demand_72 5 8 1215.071752
demand_73 5 9 76.321772
demand_74 5 10 629.604040
demand_75 5 11 122.083431
demand_76 5 12 237.831224
demand_77 5 13 378.522161
demand_78 6 0 776.829638
demand_79 6 1 1434.140205
demand_80 6 2 601.280041
demand_81 6 3 4450.265671
demand_82 6 4 878.893731
demand_83 6 5 1871.426699
demand_84 6 7 1061.041273
demand_85 6 8 2847.484638
demand_86 6 9 178.857810
demand_87 6 10 1475.458407
demand_88 6 11 286.098903
demand_89 6 12 557.350425
demand_90 6 13 887.055467
demand_91 7 0 358.116969
demand_92 7 1 661.135876
demand_93 7 2 277.188943
demand_94 7 3 2051.563915
demand_95 7 4 405.168320
demand_96 7 5 862.724109
demand_97 7 6 270.565486
demand_98 7 8 1312.684942
demand_99 7 9 82.453107
demand_100 7 10 680.183488
demand_101 7 11 131.891044
demand_102 7 12 256.937474
demand_103 7 13 408.930864
demand_104 8 0 215.336836
demand_105 8 1 397.543038
demand_106 8 2 166.674565
demand_107 8 3 1233.611698
demand_108 8 4 243.628958
demand_109 8 5 518.758663
demand_110 8 6 162.691860
demand_111 8 7 294.120177
demand_112 8 9 49.579307
demand_113 8 10 408.996425
demand_114 8 11 79.306491
demand_115 8 12 154.497294
demand_116 8 13 245.891387
demand_117 9 0 515.034869
demand_118 9 1 950.829083
demand_119 9 2 398.646205
demand_120 9 3 2950.507917
demand_121 9 4 582.702945
demand_122 9 5 1240.748239
demand_123 9 6 389.120516
demand_124 9 7 703.466019
demand_125 9 8 1887.870655
demand_126 9 10 978.222882
demand_127 9 11 189.682401
demand_128 9 12 369.521049
demand_129 9 13 588.114142
demand_130 10 0 243.760883
demand_131 10 1 450.017951
demand_132 10 2 188.675285
demand_133 10 3 1396.446060
demand_134 10 4 275.787510
demand_135 10 5 587.233805
demand_136 10 6 184.166871
demand_137 10 7 332.943472
demand_138 10 8 893.510410
demand_139 10 9 56.123680
demand_140 10 11 89.774795
demand_141 10 12 174.890639
demand_142 10 13 278.348576
demand_143 11 0 442.886343
demand_144 11 1 817.632436
demand_145 11 2 342.801955
demand_146 11 3 2537.186776
demand_147 11 4 501.075153
demand_148 11 5 1066.938342
demand_149 11 6 334.610669
demand_150 11 7 604.921164
demand_151 11 8 1623.408782
demand_152 11 9 101.970468
demand_153 11 10 841.188782
demand_154 11 12 317.756789
demand_155 11 13 505.728324
demand_156 12 0 302.834211
demand_157 12 1 559.075885
demand_158 12 2 234.399099
demand_159 12 3 1734.862611
demand_160 12 4 342.622213
demand_161 12 5 729.544807
demand_162 12 6 228.798110
demand_163 12 7 413.629426
demand_164 12 8 1110.044883
demand_165 12 9 69.724765
demand_166 12 10 575.183104
demand_167 12 11 111.530935
demand_168 12 13 345.803931
demand_169 13 0 158.989624
demand_170 13 1 293.517911
demand_171 13 2 123.060814
demand_172 13 3 910.812400
demand_173 13 4 179.878544
demand_174 13 5 383.015031
demand_175 13 6 120.120264
demand_176 13 7 217.157720
demand_177 13 8 582.779661
demand_178 13 9 36.605885
demand_179 13 10 301.974289
demand_180 13 11 58.554353
demand_181 13 12 114.069971
