DEMANDS 182
label src dest bw
demand_0 0 1 131.038296
demand_1 0 2 19.438411
demand_2 0 3 182.220870
demand_3 0 4 269.300615
demand_4 0 5 80.867278
demand_5 0 6 184.162057
demand_6 0 7 67.683968
demand_7 0 8 939.627698
demand_8 0 9 83.104117
demand_9 0 10 119.432261
demand_10 0 11 221.548960
demand_11 0 12 344.745483
demand_12 0 13 194.516338
demand_13 1 0 5.951760
demand_14 1 2 2.502071
demand_15 1 3 23.455082
demand_16 1 4 34.663800
demand_17 1 5 10.409063
demand_18 1 6 23.704947
demand_19 1 7 8.712136
demand_20 1 8 120.946872
demand_21 1 9 10.696985
demand_22 1 10 15.373066
demand_23 1 11 28.517309
demand_24 1 12 44.374903
demand_25 1 13 25.037728
demand_26 2 0 246.811439
demand_27 2 1 699.450432
demand_28 2 3 972.650521
demand_29 2 4 1437.460941
demand_30 2 5 431.649786
demand_31 2 6 983.012102
demand_32 2 7 361.280500
demand_33 2 8 5015.503266
demand_34 2 9 443.589491
demand_35 2 10 637.500252
demand_36 2 11 1182.574264
demand_37 2 12 1840.167227
demand_38 2 13 1038.280725
demand_39 3 0 751.176136
demand_40 3 1 2128.793040
demand_41 3 2 315.788257
demand_42 3 4 4374.944535
demand_43 3 5 1313.735780
demand_44 3 6 2991.819324
demand_45 3 7 1099.565286
demand_46 3 8 15264.796405
demand_47 3 9 1350.074540
demand_48 3 10 1940.246279
demand_49 3 11 3599.191231
demand_50 3 12 5600.590126
demand_51 3 13 3160.030617
demand_52 4 0 133.101737
demand_53 4 1 377.203211
demand_54 4 2 55.954873
demand_55 4 3 524.535954
demand_56 4 5 232.782307
demand_57 4 6 530.123801
demand_58 4 7 194.833199
demand_59 4 8 2704.786289
demand_60 4 9 239.221213
demand_61 4 10 343.794401
demand_62 4 11 637.744706
demand_63 4 12 992.374807
demand_64 4 13 559.929347
demand_65 5 0 196.346380
demand_66 5 1 556.435151
demand_67 5 2 82.542400
demand_68 5 3 773.774545
demand_69 5 4 1143.546075
demand_70 5 6 782.017513
demand_71 5 7 287.410173
demand_72 5 8 3989.992986
demand_73 5 9 352.889603
demand_74 5 10 507.151805
demand_75 5 11 940.775585
demand_76 5 12 1463.911783
demand_77 5 13 825.985468
demand_78 6 0 17.502763
demand_79 6 1 49.601894
demand_80 6 2 7.358017
demand_81 6 3 68.976022
demand_82 6 4 101.938296
demand_83 6 5 30.610671
demand_84 6 7 25.620396
demand_85 6 8 355.677044
demand_86 6 9 31.457381
demand_87 6 10 45.208665
demand_88 6 11 83.862874
demand_89 6 12 130.496424
demand_90 6 13 73.630222
demand_91 7 0 175.746934
demand_92 7 1 498.057421
demand_93 7 2 73.882563
demand_94 7 3 692.594911
demand_95 7 4 1023.572302
demand_96 7 5 307.364710
demand_97 7 6 699.973078
demand_98 7 8 3571.387629
demand_99 7 9 315.866611
demand_100 7 10 453.944578
demand_101 7 11 842.075236
demand_102 7 12 1310.327224
demand_103 7 13 739.328187
demand_104 8 0 205.412916
demand_105 8 1 582.129230
demand_106 8 2 86.353897
demand_107 8 3 809.504537
demand_108 8 4 1196.350723
demand_109 8 5 359.247697
demand_110 8 6 818.128135
demand_111 8 7 300.681692
demand_112 8 9 369.184715
demand_113 8 10 530.570164
demand_114 8 11 984.217056
demand_115 8 12 1531.509712
demand_116 8 13 864.126364
demand_117 9 0 162.321753
demand_118 9 1 460.011175
demand_119 9 2 68.238727
demand_120 9 3 639.688087
demand_121 9 4 945.382355
demand_122 9 5 283.885342
demand_123 9 6 646.502641
demand_124 9 7 237.605211
demand_125 9 8 3298.571915
demand_126 9 10 419.268080
demand_127 9 11 777.749719
demand_128 9 12 1210.232276
demand_129 9 13 682.851442
demand_130 10 0 88.744309
demand_131 10 1 251.496631
demand_132 10 2 37.307376
demand_133 10 3 349.729327
demand_134 10 4 516.858045
demand_135 10 5 155.205375
demand_136 10 6 353.454970
demand_137 10 7 129.903170
demand_138 10 8 1803.390368
demand_139 10 9 159.498454
demand_140 10 11 425.210178
demand_141 10 12 661.656403
demand_142 10 13 373.327533
demand_143 11 0 175.152580
demand_144 11 1 496.373054
demand_145 11 2 73.632701
demand_146 11 3 690.252643
demand_147 11 4 1020.110711
demand_148 11 5 306.325241
demand_149 11 6 697.605858
demand_150 11 7 256.386868
demand_151 11 8 3559.309652
demand_152 11 9 314.798391
demand_153 11 10 452.409395
demand_154 11 12 1305.895864
demand_155 11 13 736.827874
demand_156 12 0 98.055393
demand_157 12 1 277.883745
demand_158 12 2 41.221679
demand_159 12 3 386.423050
demand_160 12 4 571.086972
demand_161 12 5 171.489577
demand_162 12 6 390.539589
demand_163 12 7 143.532656
demand_164 12 8 1992.602716
demand_165 12 9 176.233087
demand_166 12 10 253.271639
demand_167 12 11 469.823379
demand_168 12 13 412.497188
demand_169 13 0 31.883820
demand_170 13 1 90.357043
demand_171 13 2 13.403695
demand_172 13 3 125.649825
demand_173 13 4 185.695389
demand_174 13 5 55.761776
demand_175 13 6 126.988365
demand_176 13 7 46.671267
demand_177 13 8 647.917311
demand_178 13 9 57.304182
demand_179 13 10 82.354138
demand_180 13 11 152.768386
demand_181 13 12 237.718159
