DEMANDS 182
label src dest bw
demand_0 0 1 84.440760
demand_1 0 2 137.517502
demand_2 0 3 16.782453
demand_3 0 4 158.273322
demand_4 0 5 26.152608
demand_5 0 6 33.823789
demand_6 0 7 26.266859
demand_7 0 8 103.240448
demand_8 0 9 76.734184
demand_9 0 10 40.850698
demand_10 0 11 4.528379
demand_11 0 12 26.100513
demand_12 0 13 114.069115
demand_13 1 0 121.311204
demand_14 1 2 732.577596
demand_15 1 3 89.402797
demand_16 1 4 843.147150
demand_17 1 5 139.319099
demand_18 1 6 180.184704
demand_19 1 7 139.927737
demand_20 1 8 549.978278
demand_21 1 9 408.775199
demand_22 1 10 217.618163
demand_23 1 11 24.123393
demand_24 1 12 139.041584
demand_25 1 13 607.664311
demand_26 2 0 516.415862
demand_27 2 1 1914.901564
demand_28 2 3 380.583335
demand_29 2 4 3589.236183
demand_30 2 5 593.074589
demand_31 2 6 767.037472
demand_32 2 7 595.665531
demand_33 2 8 2341.230632
demand_34 2 9 1740.136032
demand_35 2 10 926.389876
demand_36 2 11 102.692106
demand_37 2 12 591.893223
demand_38 2 13 2586.797251
demand_39 3 0 287.488750
demand_40 3 1 1066.025847
demand_41 3 2 1736.095351
demand_42 3 4 1998.128057
demand_43 3 5 330.164669
demand_44 3 6 427.009819
demand_45 3 7 331.607047
demand_46 3 8 1303.363272
demand_47 3 9 968.733862
demand_48 3 10 515.721315
demand_49 3 11 57.168703
demand_50 3 12 329.507002
demand_51 3 13 1440.070227
demand_52 4 0 549.540640
demand_53 4 1 2037.730266
demand_54 4 2 3318.581864
demand_55 4 3 404.995324
demand_56 4 5 631.116535
demand_57 4 6 816.238026
demand_58 4 7 633.873669
demand_59 4 8 2491.405621
demand_60 4 9 1851.754642
demand_61 4 10 985.811868
demand_62 4 11 109.279149
demand_63 4 12 629.859392
demand_64 4 13 2752.723770
demand_65 5 0 1.449124
demand_66 5 1 5.373439
demand_67 5 2 8.751010
demand_68 5 3 1.067962
demand_69 5 4 10.071819
demand_70 5 6 2.152397
demand_71 5 7 1.671508
demand_72 5 8 6.569768
demand_73 5 9 4.883026
demand_74 5 10 2.599559
demand_75 5 11 0.288166
demand_76 5 12 1.660922
demand_77 5 13 7.258857
demand_78 6 0 555.276871
demand_79 6 1 2059.000562
demand_80 6 2 3353.221983
demand_81 6 3 409.222758
demand_82 6 4 3859.331184
demand_83 6 5 637.704275
demand_84 6 7 640.490188
demand_85 6 8 2517.411485
demand_86 6 9 1871.083682
demand_87 6 10 996.101999
demand_88 6 11 110.419830
demand_89 6 12 636.434009
demand_90 6 13 2781.457332
demand_91 7 0 254.607584
demand_92 7 1 944.100477
demand_93 7 2 1537.531621
demand_94 7 3 187.638318
demand_95 7 4 1769.594665
demand_96 7 5 292.402499
demand_97 7 6 378.171107
demand_98 7 8 1154.292731
demand_99 7 9 857.936141
demand_100 7 10 456.736336
demand_101 7 11 50.630105
demand_102 7 12 291.820052
demand_103 7 13 1275.364000
demand_104 8 0 451.462886
demand_105 8 1 1674.051962
demand_106 8 2 2726.307094
demand_107 8 3 332.714898
demand_108 8 4 3137.794646
demand_109 8 5 518.479748
demand_110 8 6 670.562190
demand_111 8 7 520.744810
demand_112 8 9 1521.267826
demand_113 8 10 809.871807
demand_114 8 11 89.775853
demand_115 8 12 517.446969
demand_116 8 13 2261.438967
demand_117 9 0 520.064575
demand_118 9 1 1928.431217
demand_119 9 2 3140.580954
demand_120 9 3 383.272330
demand_121 9 4 3614.595775
demand_122 9 5 597.264932
demand_123 9 6 772.456942
demand_124 9 7 599.874180
demand_125 9 8 2357.772495
demand_126 9 10 932.935243
demand_127 9 11 103.417673
demand_128 9 12 596.075219
demand_129 9 13 2605.074155
demand_130 10 0 115.178850
demand_131 10 1 427.090212
demand_132 10 2 695.545361
demand_133 10 3 84.883432
demand_134 10 4 800.525558
demand_135 10 5 132.276435
demand_136 10 6 171.076259
demand_137 10 7 132.854306
demand_138 10 8 522.176548
demand_139 10 9 388.111369
demand_140 10 11 22.903942
demand_141 10 12 132.012949
demand_142 10 13 576.946517
demand_143 11 0 199.525878
demand_144 11 1 739.854146
demand_145 11 2 1204.902627
demand_146 11 3 147.044717
demand_147 11 4 1386.761243
demand_148 11 5 229.144256
demand_149 11 6 296.357716
demand_150 11 7 230.145309
demand_151 11 8 904.573490
demand_152 11 9 672.330569
demand_153 11 10 357.926174
demand_154 11 12 228.687815
demand_155 11 13 999.452248
demand_156 12 0 12.198021
demand_157 12 1 45.231007
demand_158 12 2 73.661760
demand_159 12 3 8.989583
demand_160 12 4 84.779693
demand_161 12 5 14.008741
demand_162 12 6 18.117838
demand_163 12 7 14.069941
demand_164 12 8 55.301129
demand_165 12 9 41.102951
demand_166 12 10 21.881828
demand_167 12 11 2.425643
demand_168 12 13 61.101545
demand_169 13 0 196.991309
demand_170 13 1 730.455810
demand_171 13 2 1189.596800
demand_172 13 3 145.176814
demand_173 13 4 1369.145273
demand_174 13 5 226.233446
demand_175 13 6 292.593097
demand_176 13 7 227.221783
demand_177 13 8 893.082731
demand_178 13 9 663.789982
demand_179 13 10 353.379453
demand_180 13 11 39.172795
demand_181 13 12 225.782804
