DEMANDS 182
label src dest bw
demand_0 0 1 687.083176
demand_1 0 2 1655.278475
demand_2 0 3 173.754903
demand_3 0 4 391.615076
demand_4 0 5 1937.996036
demand_5 0 6 794.411327
demand_6 0 7 236.426300
demand_7 0 8 21.295470
demand_8 0 9 327.118669
demand_9 0 10 500.212769
demand_10 0 11 1289.036700
demand_11 0 12 22.291267
demand_12 0 13 3338.178817
demand_13 1 0 487.360117
demand_14 1 2 1031.328508
demand_15 1 3 108.258754
demand_16 1 4 243.997489
demand_17 1 5 1207.476923
demand_18 1 6 494.961459
demand_19 1 7 147.306442
demand_20 1 8 13.268236
demand_21 1 9 203.812720
demand_22 1 10 311.659758
demand_23 1 11 803.139964
demand_24 1 12 13.888671
demand_25 1 13 2079.866940
demand_26 2 0 379.166067
demand_27 2 1 333.054072
demand_28 2 3 84.225287
demand_29 2 4 189.829994
demand_30 2 5 939.416788
demand_31 2 6 385.079909
demand_32 2 7 114.604381
demand_33 2 8 10.322685
demand_34 2 9 158.566253
demand_35 2 10 242.471225
demand_36 2 11 624.842721
demand_37 2 12 10.805383
demand_38 2 13 1618.136034
demand_39 3 0 15.966213
demand_40 3 1 14.024494
demand_41 3 2 33.786946
demand_42 3 4 7.993506
demand_43 3 5 39.557675
demand_44 3 6 16.215237
demand_45 3 7 4.825848
demand_46 3 8 0.434675
demand_47 3 9 6.677028
demand_48 3 10 10.210162
demand_49 3 11 26.311352
demand_50 3 12 0.455001
demand_51 3 13 68.137700
demand_52 4 0 2048.245943
demand_53 4 1 1799.150058
demand_54 4 2 4334.401521
demand_55 4 3 454.982970
demand_56 4 5 5074.706818
demand_57 4 6 2080.192376
demand_58 4 7 619.090099
demand_59 4 8 55.762893
demand_60 4 9 856.571071
demand_61 4 10 1309.823706
demand_62 4 11 3375.385299
demand_63 4 12 58.370420
demand_64 4 13 8741.131812
demand_65 5 0 1039.218908
demand_66 5 1 912.835084
demand_67 5 2 2199.146069
demand_68 5 3 230.844790
demand_69 5 4 520.286325
demand_70 5 6 1055.427575
demand_71 5 7 314.107853
demand_72 5 8 28.292429
demand_73 5 9 434.598616
demand_74 5 10 664.565486
demand_75 5 11 1712.569838
demand_76 5 12 29.615410
demand_77 5 13 4434.989599
demand_78 6 0 486.263619
demand_79 6 1 427.127036
demand_80 6 2 1029.008150
demand_81 6 3 108.015186
demand_82 6 4 243.448526
demand_83 6 5 1204.760254
demand_84 6 7 146.975022
demand_85 6 8 13.238384
demand_86 6 9 203.354168
demand_87 6 10 310.958563
demand_88 6 11 801.333002
demand_89 6 12 13.857424
demand_90 6 13 2075.187505
demand_91 7 0 102.832186
demand_92 7 1 90.326327
demand_93 7 2 217.608625
demand_94 7 3 22.842420
demand_95 7 4 51.483070
demand_96 7 5 254.775652
demand_97 7 6 104.436057
demand_98 7 8 2.799576
demand_99 7 9 43.004150
demand_100 7 10 65.759698
demand_101 7 11 169.461216
demand_102 7 12 2.930487
demand_103 7 13 438.848515
demand_104 8 0 1287.387635
demand_105 8 1 1130.822959
demand_106 8 2 2724.309032
demand_107 8 3 285.971249
demand_108 8 4 644.532328
demand_109 8 5 3189.614426
demand_110 8 6 1307.466983
demand_111 8 7 389.117792
demand_112 8 9 538.382126
demand_113 8 10 823.265804
demand_114 8 11 2121.536875
demand_115 8 12 36.687663
demand_116 8 13 5494.078993
demand_117 9 0 17.370239
demand_118 9 1 15.257770
demand_119 9 2 36.758080
demand_120 9 3 3.858503
demand_121 9 4 8.696433
demand_122 9 5 43.036271
demand_123 9 6 17.641162
demand_124 9 7 5.250220
demand_125 9 8 0.472900
demand_126 9 10 11.108017
demand_127 9 11 28.625102
demand_128 9 12 0.495013
demand_129 9 13 74.129548
demand_130 10 0 866.150699
demand_131 10 1 760.814435
demand_132 10 2 1832.907283
demand_133 10 3 192.400634
demand_134 10 4 433.639497
demand_135 10 5 2145.963414
demand_136 10 6 879.660027
demand_137 10 7 261.797331
demand_138 10 8 23.580698
demand_139 10 9 362.221946
demand_140 10 11 1427.363909
demand_141 10 12 24.683354
demand_142 10 13 3696.400549
demand_143 11 0 1493.623714
demand_144 11 1 1311.977793
demand_145 11 2 3160.736102
demand_146 11 3 331.783083
demand_147 11 4 747.784695
demand_148 11 5 3700.582184
demand_149 11 6 1516.919720
demand_150 11 7 451.453428
demand_151 11 8 40.663466
demand_152 11 9 624.629512
demand_153 11 10 955.150799
demand_154 11 12 42.564929
demand_155 11 13 6374.215853
demand_156 12 0 301.296652
demand_157 12 1 264.654687
demand_158 12 2 637.589774
demand_159 12 3 66.927923
demand_160 12 4 150.844569
demand_161 12 5 746.488565
demand_162 12 6 305.995968
demand_163 12 7 91.068055
demand_164 12 8 8.202713
demand_165 12 9 126.001468
demand_166 12 10 192.674859
demand_167 12 11 496.518640
demand_168 12 13 1285.819099
demand_169 13 0 61.237182
demand_170 13 1 53.789868
demand_171 13 2 129.587237
demand_172 13 3 13.602797
demand_173 13 4 30.658476
demand_174 13 5 151.720424
demand_175 13 6 62.192296
demand_176 13 7 18.509170
demand_177 13 8 1.667164
demand_178 13 9 25.609228
demand_179 13 10 39.160293
demand_180 13 11 100.915168
demand_181 13 12 1.745122
