DEMANDS 182
label src dest bw
demand_0 0 1 22.127808
demand_1 0 2 909.978335
demand_2 0 3 548.548279
demand_3 0 4 216.237702
demand_4 0 5 449.052921
demand_5 0 6 443.628259
demand_6 0 7 49.396896
demand_7 0 8 448.611667
demand_8 0 9 669.044803
demand_9 0 10 143.837153
demand_10 0 11 160.792006
demand_11 0 12 147.059227
demand_12 0 13 764.979977
demand_13 1 0 193.956166
demand_14 1 2 944.924857
demand_15 1 3 569.614555
demand_16 1 4 224.542026
demand_17 1 5 466.298209
demand_18 1 6 460.665219
demand_19 1 7 51.293919
demand_20 1 8 465.840009
demand_21 1 9 694.738589
demand_22 1 10 149.361029
demand_23 1 11 166.967011
demand_24 1 12 152.706843
demand_25 1 13 794.358027
demand_26 2 0 720.600808
demand_27 2 1 85.368132
demand_28 2 3 2116.275633
demand_29 2 4 834.235739
demand_30 2 5 1732.426830
demand_31 2 6 1711.498714
demand_32 2 7 190.571099
demand_33 2 8 1730.724491
demand_34 2 9 2581.146032
demand_35 2 10 554.917539
demand_36 2 11 620.328633
demand_37 2 12 567.348163
demand_38 2 13 2951.259801
demand_39 3 0 162.691525
demand_40 3 1 19.273739
demand_41 3 2 792.608294
demand_42 3 4 188.347117
demand_43 3 5 391.133565
demand_44 3 6 386.408581
demand_45 3 7 43.025629
demand_46 3 8 390.749224
demand_47 3 9 582.750643
demand_48 3 10 125.284873
demand_49 3 11 140.052870
demand_50 3 12 128.091360
demand_51 3 13 666.311989
demand_52 4 0 465.265049
demand_53 4 1 55.119017
demand_54 4 2 2266.700354
demand_55 4 3 1366.400199
demand_56 4 5 1118.563351
demand_57 4 6 1105.050848
demand_58 4 7 123.044647
demand_59 4 8 1117.464214
demand_60 4 9 1666.549666
demand_61 4 10 358.289546
demand_62 4 11 400.523048
demand_63 4 12 366.315536
demand_64 4 13 1905.518315
demand_65 5 0 142.149766
demand_66 5 1 16.840198
demand_67 5 2 692.531978
demand_68 5 3 417.468427
demand_69 5 4 164.566031
demand_70 5 6 337.619857
demand_71 5 7 37.593126
demand_72 5 8 341.412442
demand_73 5 9 509.171375
demand_74 5 10 109.466153
demand_75 5 11 122.369513
demand_76 5 12 111.918288
demand_77 5 13 582.182098
demand_78 6 0 265.470288
demand_79 6 1 31.449732
demand_80 6 2 1293.330751
demand_81 6 3 779.638734
demand_82 6 4 307.333546
demand_83 6 5 638.228329
demand_84 6 7 70.206644
demand_85 6 8 637.601185
demand_86 6 9 950.897602
demand_87 6 10 204.432353
demand_88 6 11 228.529886
demand_89 6 12 209.011811
demand_90 6 13 1087.248003
demand_91 7 0 632.277218
demand_92 7 1 74.904614
demand_93 7 2 3080.358163
demand_94 7 3 1856.885052
demand_95 7 4 731.983986
demand_96 7 5 1520.084357
demand_97 7 6 1501.721387
demand_98 7 8 1518.590672
demand_99 7 9 2264.776577
demand_100 7 10 486.901643
demand_101 7 11 544.295340
demand_102 7 12 497.808653
demand_103 7 13 2589.525733
demand_104 8 0 521.960260
demand_105 8 1 61.835585
demand_106 8 2 2542.910771
demand_107 8 3 1532.903887
demand_108 8 4 604.270629
demand_109 8 5 1254.866700
demand_110 8 6 1239.707621
demand_111 8 7 138.038341
demand_112 8 9 1869.628286
demand_113 8 10 401.949179
demand_114 8 11 449.329075
demand_115 8 12 410.953181
demand_116 8 13 2137.716632
demand_117 9 0 41.938290
demand_118 9 1 4.968345
demand_119 9 2 204.316951
demand_120 9 3 123.165253
demand_121 9 4 48.551736
demand_122 9 5 100.825613
demand_123 9 6 99.607617
demand_124 9 7 11.091059
demand_125 9 8 100.726539
demand_126 9 10 32.295679
demand_127 9 11 36.102543
demand_128 9 12 33.019130
demand_129 9 13 171.760547
demand_130 10 0 362.381246
demand_131 10 1 42.930579
demand_132 10 2 1765.466155
demand_133 10 3 1064.248877
demand_134 10 4 419.526849
demand_135 10 5 871.216054
demand_136 10 6 860.691563
demand_137 10 7 95.835852
demand_138 10 8 870.359969
demand_139 10 9 1298.026458
demand_140 10 11 311.955607
demand_141 10 12 285.312383
demand_142 10 13 1484.152101
demand_143 11 0 812.303499
demand_144 11 1 96.231966
demand_145 11 2 3957.418746
demand_146 11 3 2385.590028
demand_147 11 4 940.399459
demand_148 11 5 1952.893141
demand_149 11 6 1929.301742
demand_150 11 7 214.822921
demand_151 11 8 1950.974165
demand_152 11 9 2909.619209
demand_153 11 10 625.535600
demand_154 11 12 639.548128
demand_155 11 13 3326.833159
demand_156 12 0 67.475794
demand_157 12 1 7.993722
demand_158 12 2 328.731776
demand_159 12 3 198.164333
demand_160 12 4 78.116369
demand_161 12 5 162.221405
demand_162 12 6 160.261733
demand_163 12 7 17.844743
demand_164 12 8 162.062001
demand_165 12 9 241.693981
demand_166 12 10 51.961504
demand_167 12 11 58.086484
demand_168 12 13 276.350784
demand_169 13 0 695.133701
demand_170 13 1 82.351095
demand_171 13 2 3386.585363
demand_172 13 3 2041.483298
demand_173 13 4 804.752605
demand_174 13 5 1671.200283
demand_175 13 6 1651.011798
demand_176 13 7 183.836032
demand_177 13 8 1669.558107
demand_178 13 9 2489.924483
demand_179 13 10 535.305926
demand_180 13 11 598.405294
demand_181 13 12 547.297233
