DEMANDS 182
label src dest bw
demand_0 0 1 862.969425
demand_1 0 2 1060.869037
demand_2 0 3 216.720929
demand_3 0 4 111.129433
demand_4 0 5 6407.139119
demand_5 0 6 124.596297
demand_6 0 7 800.489945
demand_7 0 8 1735.658200
demand_8 0 9 394.459381
demand_9 0 10 1137.780194
demand_10 0 11 639.690333
demand_11 0 12 103.792626
demand_12 0 13 1192.902468
demand_13 1 0 996.037321
demand_14 1 2 1381.153620
demand_15 1 3 282.150657
demand_16 1 4 144.680270
demand_17 1 5 8341.504070
demand_18 1 6 162.212884
demand_19 1 7 1042.164062
demand_20 1 8 2259.666861
demand_21 1 9 513.549725
demand_22 1 10 1481.284852
demand_23 1 11 832.817802
demand_24 1 12 135.128424
demand_25 1 13 1553.048967
demand_26 2 0 966.329854
demand_27 2 1 1089.997260
demand_28 2 3 273.735328
demand_29 2 4 140.365086
demand_30 2 5 8092.713231
demand_31 2 6 157.374778
demand_32 2 7 1011.080834
demand_33 2 8 2192.270812
demand_34 2 9 498.232767
demand_35 2 10 1437.104558
demand_36 2 11 807.978463
demand_37 2 12 131.098130
demand_38 2 13 1506.728261
demand_39 3 0 246.489537
demand_40 3 1 278.034378
demand_41 3 2 341.794337
demand_42 3 4 35.804053
demand_43 3 5 2064.273527
demand_44 3 6 40.142852
demand_45 3 7 257.904530
demand_46 3 8 559.200168
demand_47 3 9 127.088244
demand_48 3 10 366.573831
demand_49 3 11 206.097573
demand_50 3 12 33.440256
demand_51 3 13 384.333310
demand_52 4 0 32.892791
demand_53 4 1 37.102291
demand_54 4 2 45.610738
demand_55 4 3 9.317645
demand_56 4 5 275.466936
demand_57 4 6 5.356862
demand_58 4 7 34.416064
demand_59 4 8 74.622454
demand_60 4 9 16.959288
demand_61 4 10 48.917437
demand_62 4 11 27.502686
demand_63 4 12 4.462434
demand_64 4 13 51.287350
demand_65 5 0 707.330531
demand_66 5 1 797.852139
demand_67 5 2 980.818794
demand_68 5 3 200.367767
demand_69 5 4 102.743913
demand_70 5 6 115.194605
demand_71 5 7 740.087187
demand_72 5 8 1604.690233
demand_73 5 9 364.694567
demand_74 5 10 1051.926448
demand_75 5 11 591.421070
demand_76 5 12 95.960721
demand_77 5 13 1102.889347
demand_78 6 0 159.936206
demand_79 6 1 180.404264
demand_80 6 2 221.775294
demand_81 6 3 45.305637
demand_82 6 4 23.231673
demand_83 6 5 1339.416187
demand_84 6 7 167.342892
demand_85 6 8 362.840364
demand_86 6 9 82.461965
demand_87 6 10 237.853616
demand_88 6 11 133.727639
demand_89 6 12 21.697909
demand_90 6 13 249.376960
demand_91 7 0 317.436392
demand_92 7 1 358.060755
demand_93 7 2 440.172685
demand_94 7 3 89.921216
demand_95 7 4 46.109500
demand_96 7 5 2658.431466
demand_97 7 6 51.697132
demand_98 7 8 720.154236
demand_99 7 9 163.667935
demand_100 7 10 472.084438
demand_101 7 11 265.418446
demand_102 7 12 43.065333
demand_103 7 13 494.955611
demand_104 8 0 104.299059
demand_105 8 1 117.646876
demand_106 8 2 144.626130
demand_107 8 3 29.545126
demand_108 8 4 15.150051
demand_109 8 5 873.472314
demand_110 8 6 16.985961
demand_111 8 7 109.129175
demand_112 8 9 53.775849
demand_113 8 10 155.111272
demand_114 8 11 87.207689
demand_115 8 12 14.149839
demand_116 8 13 162.625980
demand_117 9 0 337.547445
demand_118 9 1 380.745548
demand_119 9 2 468.059645
demand_120 9 3 95.618137
demand_121 9 4 49.030749
demand_122 9 5 2826.855305
demand_123 9 6 54.972382
demand_124 9 7 353.179353
demand_125 9 8 765.779313
demand_126 9 10 501.993154
demand_127 9 11 282.233923
demand_128 9 12 45.793720
demand_129 9 13 526.313321
demand_130 10 0 105.318383
demand_131 10 1 118.796649
demand_132 10 2 146.039574
demand_133 10 3 29.833873
demand_134 10 4 15.298114
demand_135 10 5 882.008839
demand_136 10 6 17.151966
demand_137 10 7 110.195704
demand_138 10 8 238.931268
demand_139 10 9 54.301406
demand_140 10 11 88.059978
demand_141 10 12 14.288126
demand_142 10 13 164.215339
demand_143 11 0 1733.239005
demand_144 11 1 1955.052676
demand_145 11 2 2403.393202
demand_146 11 3 490.980121
demand_147 11 4 251.763144
demand_148 11 5 14515.339847
demand_149 11 6 282.272252
demand_150 11 7 1813.505743
demand_151 11 8 3932.124489
demand_152 11 9 893.645645
demand_153 11 10 2577.635023
demand_154 11 12 235.141646
demand_155 11 13 2702.514243
demand_156 12 0 438.869436
demand_157 12 1 495.034362
demand_158 12 2 608.557628
demand_159 12 3 124.319940
demand_160 12 4 63.748363
demand_161 12 5 3675.395596
demand_162 12 6 71.473504
demand_163 12 7 459.193590
demand_164 12 8 995.644138
demand_165 12 9 226.277945
demand_166 12 10 652.676996
demand_167 12 11 366.952393
demand_168 12 13 684.297375
demand_169 13 0 251.232409
demand_170 13 1 283.384226
demand_171 13 2 348.371034
demand_172 13 3 71.167403
demand_173 13 4 36.492983
demand_174 13 5 2103.993617
demand_175 13 6 40.915268
demand_176 13 7 262.867046
demand_177 13 8 569.960119
demand_178 13 9 129.533635
demand_179 13 10 373.627328
demand_180 13 11 210.063236
demand_181 13 12 34.083702
