DEMANDS 182
label src dest bw
demand_0 0 1 443.531718
demand_1 0 2 1227.533847
demand_2 0 3 835.299225
demand_3 0 4 189.683720
demand_4 0 5 1994.326839
demand_5 0 6 1226.525098
demand_6 0 7 348.609756
demand_7 0 8 71.807409
demand_8 0 9 814.070895
demand_9 0 10 327.412594
demand_10 0 11 561.061497
demand_11 0 12 38.191775
demand_12 0 13 51.991175
demand_13 1 0 560.362415
demand_14 1 2 811.546037
demand_15 1 3 552.232247
demand_16 1 4 125.403525
demand_17 1 5 1318.487507
demand_18 1 6 810.879134
demand_19 1 7 230.472558
demand_20 1 8 47.473247
demand_21 1 9 538.197794
demand_22 1 10 216.458710
demand_23 1 11 370.928456
demand_24 1 12 25.249311
demand_25 1 13 34.372357
demand_26 2 0 1357.611008
demand_27 2 1 710.412706
demand_28 2 3 1337.913746
demand_29 2 4 303.819816
demand_30 2 5 3194.349057
demand_31 2 6 1964.547243
demand_32 2 7 558.374497
demand_33 2 8 115.015214
demand_34 2 9 1303.911950
demand_35 2 10 524.422623
demand_36 2 11 898.662261
demand_37 2 12 61.172451
demand_38 2 13 83.275197
demand_39 3 0 240.245196
demand_40 3 1 125.715863
demand_41 3 2 347.935606
demand_42 3 4 53.764481
demand_43 3 5 565.277543
demand_44 3 6 347.649684
demand_45 3 7 98.810918
demand_46 3 8 20.353292
demand_47 3 9 230.742518
demand_48 3 10 92.802736
demand_49 3 11 159.028831
demand_50 3 12 10.825183
demand_51 3 13 14.736523
demand_52 4 0 322.811041
demand_53 4 1 168.921041
demand_54 4 2 467.511763
demand_55 4 3 318.127451
demand_56 4 5 759.548309
demand_57 4 6 467.127577
demand_58 4 7 132.769587
demand_59 4 8 27.348173
demand_60 4 9 310.042546
demand_61 4 10 124.696553
demand_62 4 11 213.682784
demand_63 4 12 14.545509
demand_64 4 13 19.801072
demand_65 5 0 1104.251560
demand_66 5 1 577.834398
demand_67 5 2 1599.234625
demand_68 5 3 1088.230231
demand_69 5 4 247.120496
demand_70 5 6 1597.920425
demand_71 5 7 454.169792
demand_72 5 8 93.550898
demand_73 5 9 1060.573903
demand_74 5 10 426.554069
demand_75 5 11 730.952532
demand_76 5 12 49.756354
demand_77 5 13 67.734252
demand_78 6 0 75.967882
demand_79 6 1 39.752586
demand_80 6 2 110.020644
demand_81 6 3 74.865682
demand_82 6 4 17.000855
demand_83 6 5 178.746291
demand_84 6 7 31.244979
demand_85 6 8 6.435910
demand_86 6 9 72.963042
demand_87 6 10 29.345133
demand_88 6 11 50.286473
demand_89 6 12 3.423029
demand_90 6 13 4.659833
demand_91 7 0 5539.776110
demand_92 7 1 2898.862276
demand_93 7 2 8022.992303
demand_94 7 3 5459.400787
demand_95 7 4 1239.746694
demand_96 7 5 13034.645779
demand_97 7 6 8016.399262
demand_98 7 8 469.323342
demand_99 7 9 5320.655346
demand_100 7 10 2139.923660
demand_101 7 11 3667.020740
demand_102 7 12 249.616187
demand_103 7 13 339.807163
demand_104 8 0 557.642533
demand_105 8 1 291.804013
demand_106 8 2 807.606961
demand_107 8 3 549.551827
demand_108 8 4 124.794842
demand_109 8 5 1312.087843
demand_110 8 6 806.943295
demand_111 8 7 229.353892
demand_112 8 9 535.585494
demand_113 8 10 215.408065
demand_114 8 11 369.128046
demand_115 8 12 25.126756
demand_116 8 13 34.205521
demand_117 9 0 1182.719769
demand_118 9 1 618.895358
demand_119 9 2 1712.876371
demand_120 9 3 1165.559963
demand_121 9 4 264.680899
demand_122 9 5 2782.844096
demand_123 9 6 1711.468784
demand_124 9 7 486.443136
demand_125 9 8 100.198633
demand_126 9 10 456.865037
demand_127 9 11 782.894080
demand_128 9 12 53.292045
demand_129 9 13 72.547453
demand_130 10 0 129.615821
demand_131 10 1 67.825559
demand_132 10 2 187.716382
demand_133 10 3 127.735255
demand_134 10 4 29.006729
demand_135 10 5 304.975558
demand_136 10 6 187.562123
demand_137 10 7 53.309945
demand_138 10 8 10.980900
demand_139 10 9 124.488986
demand_140 10 11 85.798396
demand_141 10 12 5.840346
demand_142 10 13 7.950571
demand_143 11 0 195.728804
demand_144 11 1 102.421260
demand_145 11 2 283.464649
demand_146 11 3 192.889021
demand_147 11 4 43.802156
demand_148 11 5 460.534069
demand_149 11 6 283.231707
demand_150 11 7 80.501684
demand_151 11 8 16.581915
demand_152 11 9 187.986931
demand_153 11 10 75.606792
demand_154 11 12 8.819324
demand_155 11 13 12.005909
demand_156 12 0 1605.781557
demand_157 12 1 840.275760
demand_158 12 2 2325.576488
demand_159 12 3 1582.483646
demand_160 12 4 359.357912
demand_161 12 5 3778.274316
demand_162 12 6 2323.665404
demand_163 12 7 660.445050
demand_164 12 8 136.039932
demand_165 12 9 1542.266340
demand_166 12 10 620.286791
demand_167 12 11 1062.937230
demand_168 12 13 98.497857
demand_169 13 0 26.270844
demand_170 13 1 13.747046
demand_171 13 2 38.046804
demand_172 13 3 25.889686
demand_173 13 4 5.879153
demand_174 13 5 61.813173
demand_175 13 6 38.015538
demand_176 13 7 10.804987
demand_177 13 8 2.225635
demand_178 13 9 25.231725
demand_179 13 10 10.147991
demand_180 13 11 17.389823
demand_181 13 12 1.183735
