DEMANDS 182
label src dest bw
demand_0 0 1 838.017145
demand_1 0 2 1484.624868
demand_2 0 3 404.223476
demand_3 0 4 195.730156
demand_4 0 5 35.077095
demand_5 0 6 353.175591
demand_6 0 7 329.622469
demand_7 0 8 593.638601
demand_8 0 9 142.405165
demand_9 0 10 706.059708
demand_10 0 11 980.184793
demand_11 0 12 219.524897
demand_12 0 13 1152.315752
demand_13 1 0 640.710922
demand_14 1 2 2122.170987
demand_15 1 3 577.810161
demand_16 1 4 279.783040
demand_17 1 5 50.140339
demand_18 1 6 504.840656
demand_19 1 7 471.173058
demand_20 1 8 848.566290
demand_21 1 9 203.558566
demand_22 1 10 1009.264670
demand_23 1 11 1401.107966
demand_24 1 12 313.796015
demand_25 1 13 1647.157547
demand_26 2 0 252.198852
demand_27 2 1 471.517182
demand_28 2 3 227.439636
demand_29 2 4 110.129169
demand_30 2 5 19.736414
demand_31 2 6 198.717127
demand_32 2 7 185.464771
demand_33 2 8 334.015601
demand_34 2 9 80.125428
demand_35 2 10 397.270254
demand_36 2 11 551.508969
demand_37 2 12 123.517474
demand_38 2 13 648.359857
demand_39 3 0 210.181129
demand_40 3 1 392.959813
demand_41 3 2 696.164648
demand_42 3 4 91.781041
demand_43 3 5 16.448218
demand_44 3 6 165.609755
demand_45 3 7 154.565315
demand_46 3 8 278.366756
demand_47 3 9 66.776089
demand_48 3 10 331.082834
demand_49 3 11 459.624526
demand_50 3 12 102.938780
demand_51 3 13 540.339521
demand_52 4 0 1772.635760
demand_53 4 1 3314.163460
demand_54 4 2 5871.347047
demand_55 4 3 1598.610103
demand_56 4 5 138.721777
demand_57 4 6 1396.727554
demand_58 4 7 1303.580419
demand_59 4 8 2347.702994
demand_60 4 9 563.179402
demand_61 4 10 2792.302400
demand_62 4 11 3876.403536
demand_63 4 12 868.170056
demand_64 4 13 4557.141560
demand_65 5 0 1120.980509
demand_66 5 1 2095.812757
demand_67 5 2 3712.926110
demand_68 5 3 1010.930055
demand_69 5 4 489.505209
demand_70 5 6 883.263443
demand_71 5 7 824.358999
demand_72 5 8 1484.641885
demand_73 5 9 356.143742
demand_74 5 10 1765.797935
demand_75 5 11 2451.362488
demand_76 5 12 549.013922
demand_77 5 13 2881.848024
demand_78 6 0 648.812629
demand_79 6 1 1213.036065
demand_80 6 2 2149.005564
demand_81 6 3 585.116495
demand_82 6 4 283.320860
demand_83 6 5 50.774357
demand_84 6 7 477.130981
demand_85 6 8 859.296301
demand_86 6 9 206.132538
demand_87 6 10 1022.026691
demand_88 6 11 1418.824795
demand_89 6 12 317.763925
demand_90 6 13 1667.985641
demand_91 7 0 514.335819
demand_92 7 1 961.614910
demand_93 7 2 1703.589739
demand_94 7 3 463.841729
demand_95 7 4 224.598074
demand_96 7 5 40.250558
demand_97 7 6 405.264875
demand_98 7 8 681.193378
demand_99 7 9 163.408268
demand_100 7 10 810.195289
demand_101 7 11 1124.750630
demand_102 7 12 251.902262
demand_103 7 13 1322.268900
demand_104 8 0 367.959874
demand_105 8 1 687.946839
demand_106 8 2 1218.761443
demand_107 8 3 331.836006
demand_108 8 4 160.679221
demand_109 8 5 28.795564
demand_110 8 6 289.929666
demand_111 8 7 270.594387
demand_112 8 9 116.903555
demand_113 8 10 579.620056
demand_114 8 11 804.655410
demand_115 8 12 180.212851
demand_116 8 13 945.961528
demand_117 9 0 294.031217
demand_118 9 1 549.728003
demand_119 9 2 973.893994
demand_120 9 3 265.165177
demand_121 9 4 128.396356
demand_122 9 5 23.010104
demand_123 9 6 231.678449
demand_124 9 7 216.227917
demand_125 9 8 389.418957
demand_126 9 10 463.165695
demand_127 9 11 642.988073
demand_128 9 12 144.005387
demand_129 9 13 755.903672
demand_130 10 0 481.367008
demand_131 10 1 899.975610
demand_132 10 2 1594.390019
demand_133 10 3 434.109579
demand_134 10 4 210.201387
demand_135 10 5 37.670506
demand_136 10 6 379.287488
demand_137 10 7 353.992975
demand_138 10 8 637.529036
demand_139 10 9 152.933835
demand_140 10 11 1052.654367
demand_141 10 12 235.755383
demand_142 10 13 1237.511760
demand_143 11 0 274.365249
demand_144 11 1 512.960024
demand_145 11 2 908.756119
demand_146 11 3 247.429883
demand_147 11 4 119.808701
demand_148 11 5 21.471097
demand_149 11 6 216.182880
demand_150 11 7 201.765740
demand_151 11 8 363.373080
demand_152 11 9 87.167855
demand_153 11 10 432.187345
demand_154 11 12 134.373738
demand_155 11 13 705.345851
demand_156 12 0 37.779999
demand_157 12 1 70.634416
demand_158 12 2 125.135400
demand_159 12 3 34.071008
demand_160 12 4 16.497616
demand_161 12 5 2.956563
demand_162 12 6 29.768307
demand_163 12 7 27.783072
demand_164 12 8 50.036346
demand_165 12 9 12.002983
demand_166 12 10 59.512046
demand_167 12 11 82.617379
demand_168 12 13 97.125877
demand_169 13 0 1215.412999
demand_170 13 1 2272.366067
demand_171 13 2 4025.706625
demand_172 13 3 1096.091788
demand_173 13 4 530.741605
demand_174 13 5 95.115000
demand_175 13 6 957.670416
demand_176 13 7 893.803805
demand_177 13 8 1609.709564
demand_178 13 9 386.145638
demand_179 13 10 1914.550474
demand_180 13 11 2657.867654
demand_181 13 12 595.263390
