DEMANDS 182
label src dest bw
demand_0 0 1 180.000308
demand_1 0 2 273.772292
demand_2 0 3 418.360562
demand_3 0 4 1433.417934
demand_4 0 5 229.718618
demand_5 0 6 435.877343
demand_6 0 7 1296.567356
demand_7 0 8 4131.214154
demand_8 0 9 3761.209161
demand_9 0 10 629.169796
demand_10 0 11 566.315342
demand_11 0 12 2114.262786
demand_12 0 13 1611.072617
demand_13 1 0 788.098030
demand_14 1 2 116.587877
demand_15 1 3 178.161820
demand_16 1 4 610.431218
demand_17 1 5 97.827306
demand_18 1 6 185.621466
demand_19 1 7 552.152426
demand_20 1 8 1759.306918
demand_21 1 9 1601.737661
demand_22 1 10 267.936431
demand_23 1 11 241.169414
demand_24 1 12 900.373839
demand_25 1 13 686.086728
demand_26 2 0 1622.835042
demand_27 2 1 157.845166
demand_28 2 3 366.867107
demand_29 2 4 1256.987245
demand_30 2 5 201.443951
demand_31 2 6 382.227854
demand_32 2 7 1136.980771
demand_33 2 8 3622.728148
demand_34 2 9 3298.264818
demand_35 2 10 551.729115
demand_36 2 11 496.611033
demand_37 2 12 1854.031048
demand_38 2 13 1412.775495
demand_39 3 0 161.890778
demand_40 3 1 15.746318
demand_41 3 2 23.949434
demand_42 3 4 125.394533
demand_43 3 5 20.095646
demand_44 3 6 38.130286
demand_45 3 7 113.422928
demand_46 3 8 361.396114
demand_47 3 9 329.028301
demand_48 3 10 55.039393
demand_49 3 11 49.540923
demand_50 3 12 184.954429
demand_51 3 13 140.935658
demand_52 4 0 656.578347
demand_53 4 1 63.862140
demand_54 4 2 97.131413
demand_55 4 3 148.429749
demand_56 4 5 81.501652
demand_57 4 6 154.644512
demand_58 4 7 460.007910
demand_59 4 8 1465.709574
demand_60 4 9 1334.435852
demand_61 4 10 223.222559
demand_62 4 11 200.922486
demand_63 4 12 750.117300
demand_64 4 13 571.590935
demand_65 5 0 886.754975
demand_66 5 1 86.250286
demand_67 5 2 131.182767
demand_68 5 3 200.464757
demand_69 5 4 686.847193
demand_70 5 6 208.858228
demand_71 5 7 621.272852
demand_72 5 8 1979.543284
demand_73 5 9 1802.248941
demand_74 5 10 301.477676
demand_75 5 11 271.359869
demand_76 5 12 1013.085873
demand_77 5 13 771.973531
demand_78 6 0 2115.726491
demand_79 6 1 205.786287
demand_80 6 2 312.991596
demand_81 6 3 478.292887
demand_82 6 4 1638.762502
demand_83 6 5 262.627003
demand_84 6 7 1482.307367
demand_85 6 8 4723.032048
demand_86 6 9 4300.021918
demand_87 6 10 719.301638
demand_88 6 11 647.442957
demand_89 6 12 2417.141917
demand_90 6 13 1841.867141
demand_91 7 0 299.985485
demand_92 7 1 29.178110
demand_93 7 2 44.378579
demand_94 7 3 67.816386
demand_95 7 4 232.357522
demand_96 7 5 37.237464
demand_97 7 6 70.655862
demand_98 7 8 669.671182
demand_99 7 9 609.693250
demand_100 7 10 101.988632
demand_101 7 11 91.799904
demand_102 7 12 342.722698
demand_103 7 13 261.155405
demand_104 8 0 184.483645
demand_105 8 1 17.943815
demand_106 8 2 27.291727
demand_107 8 3 41.705398
demand_108 8 4 142.894122
demand_109 8 5 22.900118
demand_110 8 6 43.451605
demand_111 8 7 129.251804
demand_112 8 9 374.946251
demand_113 8 10 62.720483
demand_114 8 11 56.454668
demand_115 8 12 210.765972
demand_116 8 13 160.604107
demand_117 9 0 624.359044
demand_118 9 1 60.728327
demand_119 9 2 92.365026
demand_120 9 3 141.146075
demand_121 9 4 483.605132
demand_122 9 5 77.502241
demand_123 9 6 147.055869
demand_124 9 7 437.434618
demand_125 9 8 1393.784965
demand_126 9 10 212.268686
demand_127 9 11 191.062913
demand_128 9 12 713.307898
demand_129 9 13 543.542094
demand_130 10 0 1175.555431
demand_131 10 1 114.340483
demand_132 10 2 173.906680
demand_133 10 3 265.752593
demand_134 10 4 910.541210
demand_135 10 5 145.922737
demand_136 10 6 276.879669
demand_137 10 7 823.610463
demand_138 10 8 2624.245619
demand_139 10 9 2389.209635
demand_140 10 11 359.736992
demand_141 10 12 1343.030075
demand_142 10 13 1023.391696
demand_143 11 0 2486.931573
demand_144 11 1 241.891576
demand_145 11 2 367.906100
demand_146 11 3 562.209570
demand_147 11 4 1926.284056
demand_148 11 5 308.705019
demand_149 11 6 585.749318
demand_150 11 7 1742.378804
demand_151 11 8 5551.689963
demand_152 11 9 5054.462531
demand_153 11 10 845.503406
demand_154 11 12 2841.230460
demand_155 11 13 2165.023489
demand_156 12 0 817.433640
demand_157 12 1 79.507741
demand_158 12 2 120.927663
demand_159 12 3 184.793591
demand_160 12 4 633.153483
demand_161 12 5 101.468762
demand_162 12 6 192.530909
demand_163 12 7 572.705362
demand_164 12 8 1824.794129
demand_165 12 9 1661.359624
demand_166 12 10 277.909909
demand_167 12 11 250.146536
demand_168 12 13 711.625141
demand_169 13 0 561.572246
demand_170 13 1 54.621364
demand_171 13 2 83.076614
demand_172 13 3 126.952142
demand_173 13 4 434.972830
demand_174 13 5 69.708460
demand_175 13 6 132.267636
demand_176 13 7 393.445316
demand_177 13 8 1253.623154
demand_178 13 9 1141.344582
demand_179 13 10 190.922522
demand_180 13 11 171.849243
demand_181 13 12 641.576225
