DEMANDS 182
label src dest bw
demand_0 0 1 416.584471
demand_1 0 2 266.605722
demand_2 0 3 533.880959
demand_3 0 4 1480.809877
demand_4 0 5 335.326669
demand_5 0 6 724.204506
demand_6 0 7 841.097872
demand_7 0 8 452.251670
demand_8 0 9 689.688748
demand_9 0 10 598.814401
demand_10 0 11 103.610870
demand_11 0 12 296.232910
demand_12 0 13 53.253684
demand_13 1 0 1416.968718
demand_14 1 2 252.930150
demand_15 1 3 506.495473
demand_16 1 4 1404.851563
demand_17 1 5 318.126048
demand_18 1 6 687.056351
demand_19 1 7 797.953659
demand_20 1 8 429.053369
demand_21 1 9 654.311084
demand_22 1 10 568.098147
demand_23 1 11 98.296139
demand_24 1 12 281.037609
demand_25 1 13 50.522030
demand_26 2 0 825.049934
demand_27 2 1 230.119904
demand_28 2 3 294.914102
demand_29 2 4 817.994550
demand_30 2 5 185.233359
demand_31 2 6 400.048209
demand_32 2 7 464.619723
demand_33 2 8 249.822349
demand_34 2 9 380.981817
demand_35 2 10 330.783123
demand_36 2 11 57.234307
demand_37 2 12 163.638094
demand_38 2 13 29.417161
demand_39 3 0 896.305636
demand_40 3 1 249.994283
demand_41 3 2 159.991337
demand_42 3 4 888.640912
demand_43 3 5 201.231097
demand_44 3 6 434.598500
demand_45 3 7 504.746755
demand_46 3 8 271.398336
demand_47 3 9 413.885434
demand_48 3 10 359.351314
demand_49 3 11 62.177366
demand_50 3 12 177.770751
demand_51 3 13 31.957784
demand_52 4 0 2796.589085
demand_53 4 1 780.014379
demand_54 4 2 499.193587
demand_55 4 3 999.640777
demand_56 4 5 627.866954
demand_57 4 6 1356.003324
demand_58 4 7 1574.874917
demand_59 4 8 846.797781
demand_60 4 9 1291.375887
demand_61 4 10 1121.222406
demand_62 4 11 194.001395
demand_63 4 12 554.667650
demand_64 4 13 99.712404
demand_65 5 0 452.172856
demand_66 5 1 126.118396
demand_67 5 2 80.713249
demand_68 5 3 161.629189
demand_69 5 4 448.306117
demand_70 5 6 219.248477
demand_71 5 7 254.637227
demand_72 5 8 136.916422
demand_73 5 9 208.799043
demand_74 5 10 181.287391
demand_75 5 11 31.367556
demand_76 5 12 89.682698
demand_77 5 13 16.122226
demand_78 6 0 2767.650319
demand_79 6 1 771.942884
demand_80 6 2 494.027992
demand_81 6 3 989.296615
demand_82 6 4 2743.982859
demand_83 6 5 621.369863
demand_84 6 7 1558.578302
demand_85 6 8 838.035220
demand_86 6 9 1278.012885
demand_87 6 10 1109.620132
demand_88 6 11 191.993892
demand_89 6 12 548.928016
demand_90 6 13 98.680592
demand_91 7 0 7198.183295
demand_92 7 1 2007.690905
demand_93 7 2 1284.881987
demand_94 7 3 2572.990642
demand_95 7 4 7136.628297
demand_96 7 5 1616.076330
demand_97 7 6 3490.237637
demand_98 7 8 2179.585724
demand_99 7 9 3323.892089
demand_100 7 10 2885.931451
demand_101 7 11 499.343149
demand_102 7 12 1427.667524
demand_103 7 13 256.651277
demand_104 8 0 114.569576
demand_105 8 1 31.955326
demand_106 8 2 20.450769
demand_107 8 3 40.952895
demand_108 8 4 113.589839
demand_109 8 5 25.722210
demand_110 8 6 55.552218
demand_111 8 7 64.518864
demand_112 8 9 52.904586
demand_113 8 10 45.933804
demand_114 8 11 7.947774
demand_115 8 12 22.723409
demand_116 8 13 4.084979
demand_117 9 0 1244.406962
demand_118 9 1 347.085429
demand_119 9 2 222.127726
demand_120 9 3 444.813273
demand_121 9 4 1233.765462
demand_122 9 5 279.383916
demand_123 9 6 603.385026
demand_124 9 7 700.777001
demand_125 9 8 376.802248
demand_126 9 10 498.913829
demand_127 9 11 86.325405
demand_128 9 12 246.812193
demand_129 9 13 44.369339
demand_130 10 0 1261.859456
demand_131 10 1 351.953215
demand_132 10 2 225.243012
demand_133 10 3 451.051666
demand_134 10 4 1251.068711
demand_135 10 5 283.302205
demand_136 10 6 611.847349
demand_137 10 7 710.605221
demand_138 10 8 382.086805
demand_139 10 9 582.686560
demand_140 10 11 87.536097
demand_141 10 12 250.273672
demand_142 10 13 44.991608
demand_143 11 0 1223.316144
demand_144 11 1 341.202856
demand_145 11 2 218.362997
demand_146 11 3 437.274360
demand_147 11 4 1212.855002
demand_148 11 5 274.648781
demand_149 11 6 593.158562
demand_150 11 7 688.899890
demand_151 11 8 370.416020
demand_152 11 9 564.888485
demand_153 11 10 490.457993
demand_154 11 12 242.629100
demand_155 11 13 43.617346
demand_156 12 0 598.053762
demand_157 12 1 166.806964
demand_158 12 2 106.753117
demand_159 12 3 213.774319
demand_160 12 4 592.939527
demand_161 12 5 134.270064
demand_162 12 6 289.982856
demand_163 12 7 336.788795
demand_164 12 8 181.088670
demand_165 12 9 276.162205
demand_166 12 10 239.774689
demand_167 12 11 41.487419
demand_168 12 13 21.323611
demand_169 13 0 3956.406985
demand_170 13 1 1103.506537
demand_171 13 2 706.222092
demand_172 13 3 1414.217689
demand_173 13 4 3922.573917
demand_174 13 5 888.259637
demand_175 13 6 1918.373012
demand_176 13 7 2228.016321
demand_177 13 8 1197.986746
demand_178 13 9 1826.942902
demand_179 13 10 1586.222368
demand_180 13 11 274.458796
demand_181 13 12 784.702686
