DEMANDS 182
label src dest bw
demand_0 0 1 1192.754415
demand_1 0 2 975.098689
demand_2 0 3 1217.442793
demand_3 0 4 3272.499839
demand_4 0 5 2993.595704
demand_5 0 6 432.348845
demand_6 0 7 2756.326415
demand_7 0 8 1030.740036
demand_8 0 9 2914.875673
demand_9 0 10 1716.405285
demand_10 0 11 1611.224368
demand_11 0 12 1841.404114
demand_12 0 13 2215.726023
demand_13 1 0 574.055830
demand_14 1 2 589.939053
demand_15 1 3 736.558316
demand_16 1 4 1979.876989
demand_17 1 5 1811.138744
demand_18 1 6 261.572978
demand_19 1 7 1667.589766
demand_20 1 8 623.602316
demand_21 1 9 1763.512774
demand_22 1 10 1038.432848
demand_23 1 11 974.797924
demand_24 1 12 1114.057696
demand_25 1 13 1340.524120
demand_26 2 0 224.268872
demand_27 2 1 281.919082
demand_28 2 3 287.754420
demand_29 2 4 773.487099
demand_30 2 5 707.565399
demand_31 2 6 102.189846
demand_32 2 7 651.484500
demand_33 2 8 243.625411
demand_34 2 9 688.959156
demand_35 2 10 405.689048
demand_36 2 11 380.828517
demand_37 2 12 435.233734
demand_38 2 13 523.708350
demand_39 3 0 186.740042
demand_40 3 1 234.743150
demand_41 3 2 191.906846
demand_42 3 4 644.052884
demand_43 3 5 589.162427
demand_44 3 6 85.089544
demand_45 3 7 542.466024
demand_46 3 8 202.857487
demand_47 3 9 573.669726
demand_48 3 10 337.801628
demand_49 3 11 317.101223
demand_50 3 12 362.402350
demand_51 3 13 436.071751
demand_52 4 0 103.302863
demand_53 4 1 129.857738
demand_54 4 2 106.161091
demand_55 4 3 132.545615
demand_56 4 5 325.919202
demand_57 4 6 47.070748
demand_58 4 7 300.087184
demand_59 4 8 112.218884
demand_60 4 9 317.348782
demand_61 4 10 186.868734
demand_62 4 11 175.417462
demand_63 4 12 200.477625
demand_64 4 13 241.230857
demand_65 5 0 842.748666
demand_66 5 1 1059.384340
demand_67 5 2 866.066197
demand_68 5 3 1081.312140
demand_69 5 4 2906.579122
demand_70 5 6 384.004947
demand_71 5 7 2448.122599
demand_72 5 8 915.485902
demand_73 5 9 2588.943374
demand_74 5 10 1524.482204
demand_75 5 11 1431.062289
demand_76 5 12 1635.504054
demand_77 5 13 1967.970455
demand_78 6 0 598.356157
demand_79 6 1 752.168670
demand_80 6 2 614.911732
demand_81 6 3 767.737528
demand_82 6 4 2063.687058
demand_83 6 5 1887.805964
demand_84 6 7 1738.180422
demand_85 6 8 649.999993
demand_86 6 9 1838.163941
demand_87 6 10 1082.390695
demand_88 6 11 1016.062044
demand_89 6 12 1161.216815
demand_90 6 13 1397.269776
demand_91 7 0 771.546544
demand_92 7 1 969.879110
demand_93 7 2 792.894025
demand_94 7 3 989.954276
demand_95 7 4 2661.008161
demand_96 7 5 2434.219402
demand_97 7 6 351.561149
demand_98 7 8 838.138360
demand_99 7 9 2370.208812
demand_100 7 10 1395.681802
demand_101 7 11 1310.154745
demand_102 7 12 1497.323641
demand_103 7 13 1801.700632
demand_104 8 0 357.804388
demand_105 8 1 449.781033
demand_106 8 2 367.704273
demand_107 8 3 459.090883
demand_108 8 4 1234.041425
demand_109 8 5 1128.868232
demand_110 8 6 163.036336
demand_111 8 7 1039.395307
demand_112 8 9 1099.183348
demand_113 8 10 647.246853
demand_114 8 11 607.583717
demand_115 8 12 694.383214
demand_116 8 13 835.537917
demand_117 9 0 354.066019
demand_118 9 1 445.081684
demand_119 9 2 363.862469
demand_120 9 3 454.294264
demand_121 9 4 1221.148060
demand_122 9 5 1117.073726
demand_123 9 6 161.332920
demand_124 9 7 1028.535621
demand_125 9 8 384.625289
demand_126 9 10 640.484366
demand_127 9 11 601.235633
demand_128 9 12 687.128242
demand_129 9 13 826.808149
demand_130 10 0 69.402872
demand_131 10 1 87.243467
demand_132 10 2 71.323140
demand_133 10 3 89.049287
demand_134 10 4 239.365480
demand_135 10 5 218.965167
demand_136 10 6 31.623955
demand_137 10 7 201.610215
demand_138 10 8 75.393001
demand_139 10 9 213.207226
demand_140 10 11 117.852258
demand_141 10 12 134.688648
demand_142 10 13 162.068250
demand_143 11 0 92.729313
demand_144 11 1 116.566167
demand_145 11 2 95.294987
demand_146 11 3 118.978927
demand_147 11 4 319.816685
demand_148 11 5 292.559787
demand_149 11 6 42.252828
demand_150 11 7 269.371802
demand_151 11 8 100.732736
demand_152 11 9 284.866592
demand_153 11 10 167.741811
demand_154 11 12 179.957766
demand_155 11 13 216.539706
demand_156 12 0 347.960371
demand_157 12 1 437.406528
demand_158 12 2 357.587888
demand_159 12 3 446.460243
demand_160 12 4 1200.090124
demand_161 12 5 1097.810486
demand_162 12 6 158.550834
demand_163 12 7 1010.799166
demand_164 12 8 377.992666
demand_165 12 9 1068.942301
demand_166 12 10 629.439613
demand_167 12 11 590.867700
demand_168 12 13 812.550358
demand_169 13 0 28.006809
demand_170 13 1 35.206196
demand_171 13 2 28.781713
demand_172 13 3 35.934916
demand_173 13 4 96.593456
demand_174 13 5 88.361121
demand_175 13 6 12.761519
demand_176 13 7 81.357710
demand_177 13 8 30.424063
demand_178 13 9 86.037564
demand_179 13 10 50.662651
demand_180 13 11 47.558056
demand_181 13 12 54.352207
