DEMANDS 182
label src dest bw
demand_0 0 1 1364.077073
demand_1 0 2 358.917342
demand_2 0 3 372.366615
demand_3 0 4 707.174884
demand_4 0 5 356.740489
demand_5 0 6 5201.303791
demand_6 0 7 1688.121318
demand_7 0 8 1398.178587
demand_8 0 9 4449.153760
demand_9 0 10 1570.022341
demand_10 0 11 2443.182639
demand_11 0 12 4561.276938
demand_12 0 13 1291.614505
demand_13 1 0 22.177299
demand_14 1 2 4.572160
demand_15 1 3 4.743487
demand_16 1 4 9.008528
demand_17 1 5 4.544430
demand_18 1 6 66.258136
demand_19 1 7 21.504564
demand_20 1 8 17.811055
demand_21 1 9 56.676681
demand_22 1 10 20.000130
demand_23 1 11 31.123106
demand_24 1 12 58.104991
demand_25 1 13 16.453561
demand_26 2 0 622.928708
demand_27 2 1 488.085167
demand_28 2 3 133.237795
demand_29 2 4 253.036707
demand_30 2 5 127.646556
demand_31 2 6 1861.096618
demand_32 2 7 604.032566
demand_33 2 8 500.287148
demand_34 2 9 1591.967197
demand_35 2 10 561.775160
demand_36 2 11 874.203686
demand_37 2 12 1632.086382
demand_38 2 13 462.157083
demand_39 3 0 653.646902
demand_40 3 1 512.153884
demand_41 3 2 134.758449
demand_42 3 4 265.514589
demand_43 3 5 133.941132
demand_44 3 6 1952.872012
demand_45 3 7 633.818944
demand_46 3 8 524.957576
demand_47 3 9 1670.471136
demand_48 3 10 589.477718
demand_49 3 11 917.312887
demand_50 3 12 1712.568700
demand_51 3 13 484.947221
demand_52 4 0 5.495521
demand_53 4 1 4.305922
demand_54 4 2 1.132979
demand_55 4 3 1.175433
demand_56 4 5 1.126107
demand_57 4 6 16.418726
demand_58 4 7 5.328818
demand_59 4 8 4.413569
demand_60 4 9 14.044447
demand_61 4 10 4.956020
demand_62 4 11 7.712287
demand_63 4 12 14.398381
demand_64 4 13 4.077182
demand_65 5 0 1003.750814
demand_66 5 1 786.471835
demand_67 5 2 206.937266
demand_68 5 3 214.691575
demand_69 5 4 407.728522
demand_70 5 6 2998.862026
demand_71 5 7 973.302679
demand_72 5 8 806.133392
demand_73 5 9 2565.202648
demand_74 5 10 905.211571
demand_75 5 11 1408.640589
demand_76 5 12 2629.848351
demand_77 5 13 744.692840
demand_78 6 0 2555.979045
demand_79 6 1 2002.693796
demand_80 6 2 526.950822
demand_81 6 3 546.696608
demand_82 6 4 1038.251269
demand_83 6 5 523.754836
demand_84 6 7 2478.445065
demand_85 6 8 2052.760534
demand_86 6 9 6532.103507
demand_87 6 10 2305.055971
demand_88 6 11 3587.001651
demand_89 6 12 6696.719127
demand_90 6 13 1896.306599
demand_91 7 0 177.060905
demand_92 7 1 138.733053
demand_93 7 2 36.503581
demand_94 7 3 37.871436
demand_95 7 4 71.923011
demand_96 7 5 36.282185
demand_97 7 6 528.997054
demand_98 7 8 142.201337
demand_99 7 9 452.499859
demand_100 7 10 159.678655
demand_101 7 11 248.483163
demand_102 7 12 463.903313
demand_103 7 13 131.363269
demand_104 8 0 206.554434
demand_105 8 1 161.842204
demand_106 8 2 42.584085
demand_107 8 3 44.179786
demand_108 8 4 83.903428
demand_109 8 5 42.325810
demand_110 8 6 617.113569
demand_111 8 7 200.288738
demand_112 8 9 527.874023
demand_113 8 10 186.276774
demand_114 8 11 289.873697
demand_115 8 12 541.176982
demand_116 8 13 153.244815
demand_117 9 0 622.452941
demand_118 9 1 487.712388
demand_119 9 2 128.327378
demand_120 9 3 133.136033
demand_121 9 4 252.843449
demand_122 9 5 127.549065
demand_123 9 6 1859.675191
demand_124 9 7 603.571231
demand_125 9 8 499.905050
demand_126 9 10 561.346100
demand_127 9 11 873.536006
demand_128 9 12 1630.839863
demand_129 9 13 461.804107
demand_130 10 0 87.909563
demand_131 10 1 68.880039
demand_132 10 2 18.123786
demand_133 10 3 18.802916
demand_134 10 4 35.709297
demand_135 10 5 18.013864
demand_136 10 6 262.643522
demand_137 10 7 85.242882
demand_138 10 8 70.602019
demand_139 10 9 224.663173
demand_140 10 11 123.370239
demand_141 10 12 230.324912
demand_142 10 13 65.220990
demand_143 11 0 604.437101
demand_144 11 1 473.596384
demand_145 11 2 124.613161
demand_146 11 3 129.282638
demand_147 11 4 245.525326
demand_148 11 5 123.857375
demand_149 11 6 1805.850061
demand_150 11 7 586.101890
demand_151 11 8 485.436150
demand_152 11 9 1544.709733
demand_153 11 10 545.098893
demand_154 11 12 1583.637982
demand_155 11 13 448.437974
demand_156 12 0 404.430578
demand_157 12 1 316.884683
demand_158 12 2 83.379019
demand_159 12 3 86.503379
demand_160 12 4 164.281692
demand_161 12 5 82.873321
demand_162 12 6 1208.299396
demand_163 12 7 392.162437
demand_164 12 8 324.806704
demand_165 12 9 1033.569662
demand_166 12 10 364.727215
demand_167 12 11 567.568484
demand_168 12 13 300.051120
demand_169 13 0 508.658925
demand_170 13 1 398.551027
demand_171 13 2 104.867150
demand_172 13 3 108.796709
demand_173 13 4 206.619759
demand_174 13 5 104.231125
demand_175 13 6 1519.697831
demand_176 13 7 493.229084
demand_177 13 8 408.514682
demand_178 13 9 1299.937398
demand_179 13 10 458.723359
demand_180 13 11 713.840126
demand_181 13 12 1332.697137
