DEMANDS 272
label src dest bw
demand_0 0 1 862.484590
demand_1 0 2 1015.540362
demand_2 0 3 812.985266
demand_3 0 4 789.652902
demand_4 0 5 1467.684782
demand_5 0 6 1514.274094
demand_6 0 7 1334.398410
demand_7 0 8 970.464882
demand_8 0 9 434.383000
demand_9 0 10 516.149240
demand_10 0 11 245.347107
demand_11 0 12 1047.643991
demand_12 0 13 1146.871040
demand_13 0 14 638.720415
demand_14 0 15 1470.004677
demand_15 0 16 976.527971
demand_16 1 0 1527.998509
demand_17 1 2 904.933347
demand_18 1 3 252.668258
demand_19 1 4 347.992610
demand_20 1 5 440.024386
demand_21 1 6 852.214165
demand_22 1 7 893.489272
demand_23 1 8 888.047043
demand_24 1 9 475.449817
demand_25 1 10 990.381395
demand_26 1 11 1124.977051
demand_27 1 12 245.643744
demand_28 1 13 480.654018
demand_29 1 14 373.243207
demand_30 1 15 1498.694218
demand_31 1 16 1135.152132
demand_32 2 0 268.067587
demand_33 2 1 911.423849
demand_34 2 3 350.427215
demand_35 2 4 301.730535
demand_36 2 5 1007.072523
demand_37 2 6 1413.796428
demand_38 2 7 1404.724243
demand_39 2 8 300.353749
demand_40 2 9 622.623456
demand_41 2 10 516.099680
demand_42 2 11 519.293734
demand_43 2 12 402.977893
demand_44 2 13 234.535252
demand_45 2 14 1282.294508
demand_46 2 15 784.789904
demand_47 2 16 1192.154003
demand_48 3 0 1240.575116
demand_49 3 1 242.473933
demand_50 3 2 791.326123
demand_51 3 4 557.071782
demand_52 3 5 1331.411729
demand_53 3 6 595.005579
demand_54 3 7 1107.807967
demand_55 3 8 587.587990
demand_56 3 9 1263.394114
demand_57 3 10 184.895412
demand_58 3 11 437.830446
demand_59 3 12 1031.731695
demand_60 3 13 1129.633349
demand_61 3 14 579.762182
demand_62 3 15 347.845675
demand_63 3 16 985.376358
demand_64 4 0 770.826959
demand_65 4 1 485.002909
demand_66 4 2 514.892085
demand_67 4 3 1295.756322
demand_68 4 5 1008.639316
demand_69 4 6 172.282541
demand_70 4 7 283.913665
demand_71 4 8 162.743174
demand_72 4 9 394.774492
demand_73 4 10 652.005838
demand_74 4 11 272.446087
demand_75 4 12 543.997108
demand_76 4 13 967.330396
demand_77 4 14 1187.492843
demand_78 4 15 1311.017606
demand_79 4 16 1487.161710
demand_80 5 0 1308.681549
demand_81 5 1 1106.468509
demand_82 5 2 444.691279
demand_83 5 3 196.077941
demand_84 5 4 955.974134
demand_85 5 6 521.324032
demand_86 5 7 1246.825468
demand_87 5 8 829.496005
demand_88 5 9 1102.659884
demand_89 5 10 744.355140
demand_90 5 11 263.099949
demand_91 5 12 1259.885808
demand_92 5 13 1413.823097
demand_93 5 14 1470.408753
demand_94 5 15 412.990391
demand_95 5 16 1125.304468
demand_96 6 0 1053.295291
demand_97 6 1 564.542207
demand_98 6 2 1277.952133
demand_99 6 3 808.421451
demand_100 6 4 1474.754247
demand_101 6 5 336.835833
demand_102 6 7 882.250482
demand_103 6 8 1517.052496
demand_104 6 9 747.540073
demand_105 6 10 719.709236
demand_106 6 11 377.328020
demand_107 6 12 1446.758123
demand_108 6 13 614.682868
demand_109 6 14 159.552054
demand_110 6 15 339.641368
demand_111 6 16 309.536619
demand_112 7 0 1396.838896
demand_113 7 1 1087.456117
demand_114 7 2 494.185296
demand_115 7 3 663.576040
demand_116 7 4 393.074475
demand_117 7 5 1255.282123
demand_118 7 6 687.629301
demand_119 7 8 863.045699
demand_120 7 9 1291.196253
demand_121 7 10 1183.913620
demand_122 7 11 647.024223
demand_123 7 12 1287.640001
demand_124 7 13 1205.096317
demand_125 7 14 1027.647568
demand_126 7 15 657.191356
demand_127 7 16 674.472354
demand_128 8 0 409.146033
demand_129 8 1 345.059866
demand_130 8 2 751.619621
demand_131 8 3 1232.112405
demand_132 8 4 182.600125
demand_133 8 5 762.019721
demand_134 8 6 1383.320072
demand_135 8 7 889.209945
demand_136 8 9 900.718187
demand_137 8 10 496.207871
demand_138 8 11 424.843172
demand_139 8 12 501.292251
demand_140 8 13 697.449279
demand_141 8 14 187.506093
demand_142 8 15 1071.863017
demand_143 8 16 437.134570
demand_144 9 0 1447.632954
demand_145 9 1 617.817415
demand_146 9 2 950.906985
demand_147 9 3 475.824907
demand_148 9 4 862.279705
demand_149 9 5 681.093300
demand_150 9 6 173.090183
demand_151 9 7 1518.177299
demand_152 9 8 1288.168064
demand_153 9 10 324.770752
demand_154 9 11 1311.799501
demand_155 9 12 1307.840314
demand_156 9 13 1338.963749
demand_157 9 14 1381.760558
demand_158 9 15 334.324192
demand_159 9 16 1486.027115
demand_160 10 0 672.562952
demand_161 10 1 735.591787
demand_162 10 2 1069.267732
demand_163 10 3 1034.990305
demand_164 10 4 1349.179958
demand_165 10 5 897.374331
demand_166 10 6 277.950014
demand_167 10 7 716.493463
demand_168 10 8 221.936712
demand_169 10 9 1045.074491
demand_170 10 11 1307.290569
demand_171 10 12 920.265465
demand_172 10 13 869.356937
demand_173 10 14 1025.101420
demand_174 10 15 1412.657776
demand_175 10 16 385.360173
demand_176 11 0 851.879127
demand_177 11 1 1274.919584
demand_178 11 2 957.099820
demand_179 11 3 222.745812
demand_180 11 4 794.326425
demand_181 11 5 359.192556
demand_182 11 6 827.831420
demand_183 11 7 356.926087
demand_184 11 8 1258.879278
demand_185 11 9 875.251950
demand_186 11 10 1317.797149
demand_187 11 12 1517.762118
demand_188 11 13 448.508306
demand_189 11 14 900.849302
demand_190 11 15 646.220605
demand_191 11 16 770.532814
demand_192 12 0 417.153749
demand_193 12 1 1500.253765
demand_194 12 2 1502.916221
demand_195 12 3 1029.191646
demand_196 12 4 873.016417
demand_197 12 5 1166.703709
demand_198 12 6 609.846009
demand_199 12 7 257.630238
demand_200 12 8 880.572683
demand_201 12 9 674.017175
demand_202 12 10 1151.420553
demand_203 12 11 1211.504136
demand_204 12 13 664.943484
demand_205 12 14 609.070269
demand_206 12 15 1005.810403
demand_207 12 16 1170.522299
demand_208 13 0 500.310281
demand_209 13 1 323.165713
demand_210 13 2 517.139501
demand_211 13 3 1526.231839
demand_212 13 4 308.489568
demand_213 13 5 990.657302
demand_214 13 6 1453.934892
demand_215 13 7 998.826608
demand_216 13 8 706.633243
demand_217 13 9 990.058394
demand_218 13 10 1376.383744
demand_219 13 11 899.840333
demand_220 13 12 958.517257
demand_221 13 14 433.372244
demand_222 13 15 877.212679
demand_223 13 16 1021.658902
demand_224 14 0 970.345484
demand_225 14 1 494.970435
demand_226 14 2 495.820698
demand_227 14 3 635.296656
demand_228 14 4 1236.922930
demand_229 14 5 1243.157270
demand_230 14 6 1136.859554
demand_231 14 7 576.656942
demand_232 14 8 738.396370
demand_233 14 9 746.220798
demand_234 14 10 1066.364726
demand_235 14 11 1284.699166
demand_236 14 12 1394.485435
demand_237 14 13 1236.665567
demand_238 14 15 770.649329
demand_239 14 16 551.172880
demand_240 15 0 744.129293
demand_241 15 1 1064.096026
demand_242 15 2 324.300758
demand_243 15 3 1396.466484
demand_244 15 4 813.325690
demand_245 15 5 744.681703
demand_246 15 6 1353.608255
demand_247 15 7 646.096212
demand_248 15 8 304.079749
demand_249 15 9 635.678158
demand_250 15 10 525.752265
demand_251 15 11 1218.591963
demand_252 15 12 1155.620963
demand_253 15 13 578.372735
demand_254 15 14 894.993909
demand_255 15 16 420.016031
demand_256 16 0 927.627709
demand_257 16 1 1135.463124
demand_258 16 2 548.454250
demand_259 16 3 1071.715034
demand_260 16 4 698.617008
demand_261 16 5 755.969456
demand_262 16 6 1464.838335
demand_263 16 7 1455.993967
demand_264 16 8 1169.097066
demand_265 16 9 807.916982
demand_266 16 10 469.304687
demand_267 16 11 1282.348071
demand_268 16 12 1041.296864
demand_269 16 13 1104.704774
demand_270 16 14 543.494188
demand_271 16 15 1413.313285
