DEMANDS 272
label src dest bw
demand_0 0 1 1261.363013
demand_1 0 2 1334.917025
demand_2 0 3 771.763872
demand_3 0 4 1128.446918
demand_4 0 5 608.804392
demand_5 0 6 314.506218
demand_6 0 7 814.606165
demand_7 0 8 1071.250493
demand_8 0 9 413.093434
demand_9 0 10 589.865018
demand_10 0 11 581.480221
demand_11 0 12 933.585352
demand_12 0 13 239.932822
demand_13 0 14 250.402589
demand_14 0 15 1005.341672
demand_15 0 16 701.602158
demand_16 1 0 407.082884
demand_17 1 2 1314.408221
demand_18 1 3 450.800565
demand_19 1 4 169.536822
demand_20 1 5 959.765515
demand_21 1 6 1383.458689
demand_22 1 7 1112.680514
demand_23 1 8 1217.926456
demand_24 1 9 710.248377
demand_25 1 10 802.599354
demand_26 1 11 169.221446
demand_27 1 12 590.043997
demand_28 1 13 1414.478506
demand_29 1 14 1221.857690
demand_30 1 15 664.396965
demand_31 1 16 676.270276
demand_32 2 0 564.188838
demand_33 2 1 735.777529
demand_34 2 3 1062.388976
demand_35 2 4 1165.201069
demand_36 2 5 1090.453825
demand_37 2 6 1394.884920
demand_38 2 7 1080.413687
demand_39 2 8 408.706440
demand_40 2 9 160.602256
demand_41 2 10 262.936507
demand_42 2 11 422.262970
demand_43 2 12 626.494957
demand_44 2 13 1231.333673
demand_45 2 14 526.165378
demand_46 2 15 973.820616
demand_47 2 16 1154.333762
demand_48 3 0 493.178541
demand_49 3 1 1121.608147
demand_50 3 2 570.204048
demand_51 3 4 792.598626
demand_52 3 5 1197.207273
demand_53 3 6 791.726749
demand_54 3 7 600.689679
demand_55 3 8 1312.358173
demand_56 3 9 1333.489489
demand_57 3 10 800.984390
demand_58 3 11 1009.354878
demand_59 3 12 736.146865
demand_60 3 13 846.227713
demand_61 3 14 1263.385247
demand_62 3 15 371.303835
demand_63 3 16 744.327481
demand_64 4 0 333.031079
demand_65 4 1 413.493355
demand_66 4 2 174.502051
demand_67 4 3 887.035640
demand_68 4 5 752.525625
demand_69 4 6 808.555846
demand_70 4 7 154.785526
demand_71 4 8 634.971679
demand_72 4 9 654.788884
demand_73 4 10 725.875504
demand_74 4 11 667.223606
demand_75 4 12 1157.322333
demand_76 4 13 1108.585635
demand_77 4 14 748.161974
demand_78 4 15 197.623808
demand_79 4 16 1071.007634
demand_80 5 0 480.608968
demand_81 5 1 1072.640745
demand_82 5 2 314.816535
demand_83 5 3 578.609312
demand_84 5 4 1043.252309
demand_85 5 6 547.183500
demand_86 5 7 778.963279
demand_87 5 8 1019.667514
demand_88 5 9 423.077666
demand_89 5 10 647.477281
demand_90 5 11 511.691608
demand_91 5 12 591.221215
demand_92 5 13 212.336784
demand_93 5 14 253.611330
demand_94 5 15 1240.283713
demand_95 5 16 994.953382
demand_96 6 0 873.669051
demand_97 6 1 969.087037
demand_98 6 2 1075.520694
demand_99 6 3 592.772550
demand_100 6 4 638.596862
demand_101 6 5 784.663118
demand_102 6 7 1240.980676
demand_103 6 8 1016.965972
demand_104 6 9 1132.662920
demand_105 6 10 912.324485
demand_106 6 11 847.498482
demand_107 6 12 1392.533680
demand_108 6 13 596.294614
demand_109 6 14 463.834590
demand_110 6 15 652.142620
demand_111 6 16 1289.711080
demand_112 7 0 1209.675692
demand_113 7 1 1277.011730
demand_114 7 2 521.853903
demand_115 7 3 1225.274461
demand_116 7 4 155.664934
demand_117 7 5 583.172027
demand_118 7 6 1270.464006
demand_119 7 8 1385.233483
demand_120 7 9 313.394423
demand_121 7 10 1168.220345
demand_122 7 11 795.555810
demand_123 7 12 800.303983
demand_124 7 13 218.970873
demand_125 7 14 663.615983
demand_126 7 15 1173.365132
demand_127 7 16 1134.403361
demand_128 8 0 523.600365
demand_129 8 1 267.643160
demand_130 8 2 559.860904
demand_131 8 3 224.805861
demand_132 8 4 822.863158
demand_133 8 5 1320.129729
demand_134 8 6 1222.957901
demand_135 8 7 1137.006062
demand_136 8 9 752.055947
demand_137 8 10 630.996230
demand_138 8 11 417.286999
demand_139 8 12 715.058545
demand_140 8 13 759.773503
demand_141 8 14 718.017818
demand_142 8 15 1223.696765
demand_143 8 16 340.946812
demand_144 9 0 186.378834
demand_145 9 1 377.186944
demand_146 9 2 545.973543
demand_147 9 3 563.212359
demand_148 9 4 612.874969
demand_149 9 5 660.750758
demand_150 9 6 716.601591
demand_151 9 7 1095.055470
demand_152 9 8 1009.953176
demand_153 9 10 847.711732
demand_154 9 11 929.895158
demand_155 9 12 436.006336
demand_156 9 13 1255.142064
demand_157 9 14 803.350722
demand_158 9 15 598.054545
demand_159 9 16 680.125940
demand_160 10 0 773.726549
demand_161 10 1 1051.656110
demand_162 10 2 391.890916
demand_163 10 3 464.197237
demand_164 10 4 825.443539
demand_165 10 5 1116.302717
demand_166 10 6 865.683367
demand_167 10 7 987.943539
demand_168 10 8 442.399913
demand_169 10 9 1378.583222
demand_170 10 11 683.102334
demand_171 10 12 617.480161
demand_172 10 13 1055.793857
demand_173 10 14 913.179281
demand_174 10 15 1204.166269
demand_175 10 16 1342.444101
demand_176 11 0 1093.927695
demand_177 11 1 971.623570
demand_178 11 2 889.958912
demand_179 11 3 1326.816850
demand_180 11 4 1258.356379
demand_181 11 5 558.958824
demand_182 11 6 1286.948560
demand_183 11 7 158.916421
demand_184 11 8 167.228530
demand_185 11 9 475.196902
demand_186 11 10 1164.365528
demand_187 11 12 420.972216
demand_188 11 13 474.495225
demand_189 11 14 1075.373446
demand_190 11 15 846.524227
demand_191 11 16 1113.086897
demand_192 12 0 1066.788838
demand_193 12 1 745.397019
demand_194 12 2 980.061339
demand_195 12 3 1049.168584
demand_196 12 4 755.377288
demand_197 12 5 833.101798
demand_198 12 6 427.856188
demand_199 12 7 556.575015
demand_200 12 8 1379.328036
demand_201 12 9 147.073091
demand_202 12 10 507.149463
demand_203 12 11 371.475499
demand_204 12 13 1248.119562
demand_205 12 14 483.705677
demand_206 12 15 419.255335
demand_207 12 16 964.196121
demand_208 13 0 1233.628826
demand_209 13 1 1410.367503
demand_210 13 2 582.199169
demand_211 13 3 392.705600
demand_212 13 4 581.596009
demand_213 13 5 460.222174
demand_214 13 6 595.649439
demand_215 13 7 374.666306
demand_216 13 8 786.307439
demand_217 13 9 1001.249776
demand_218 13 10 739.277922
demand_219 13 11 339.277764
demand_220 13 12 193.993753
demand_221 13 14 647.492526
demand_222 13 15 833.526496
demand_223 13 16 750.241555
demand_224 14 0 1066.317172
demand_225 14 1 914.804861
demand_226 14 2 831.939715
demand_227 14 3 212.728586
demand_228 14 4 1244.617379
demand_229 14 5 661.261109
demand_230 14 6 1409.329061
demand_231 14 7 1181.903811
demand_232 14 8 672.489914
demand_233 14 9 1326.078387
demand_234 14 10 584.440006
demand_235 14 11 284.947827
demand_236 14 12 1311.487850
demand_237 14 13 1218.121560
demand_238 14 15 687.823712
demand_239 14 16 599.279778
demand_240 15 0 779.012897
demand_241 15 1 1410.219625
demand_242 15 2 660.658874
demand_243 15 3 236.525692
demand_244 15 4 361.112018
demand_245 15 5 591.503588
demand_246 15 6 1266.612648
demand_247 15 7 804.239624
demand_248 15 8 418.144133
demand_249 15 9 513.855009
demand_250 15 10 641.653716
demand_251 15 11 901.718402
demand_252 15 12 544.507562
demand_253 15 13 1077.483998
demand_254 15 14 275.923649
demand_255 15 16 594.620292
demand_256 16 0 841.870366
demand_257 16 1 1333.096815
demand_258 16 2 1055.897152
demand_259 16 3 315.553523
demand_260 16 4 965.856887
demand_261 16 5 614.463588
demand_262 16 6 323.384505
demand_263 16 7 1123.068432
demand_264 16 8 1101.945684
demand_265 16 9 892.173701
demand_266 16 10 685.467990
demand_267 16 11 1214.820688
demand_268 16 12 725.656651
demand_269 16 13 1020.920821
demand_270 16 14 1389.517147
demand_271 16 15 1368.571718
