DEMANDS 272
label src dest bw
demand_0 0 1 409.718224
demand_1 0 2 233.780006
demand_2 0 3 667.753238
demand_3 0 4 546.059257
demand_4 0 5 905.753880
demand_5 0 6 589.174678
demand_6 0 7 587.133827
demand_7 0 8 314.842997
demand_8 0 9 510.030478
demand_9 0 10 1453.392115
demand_10 0 11 530.159643
demand_11 0 12 1171.037822
demand_12 0 13 1380.047461
demand_13 0 14 1297.207904
demand_14 0 15 454.439519
demand_15 0 16 393.255166
demand_16 1 0 222.962546
demand_17 1 2 212.671691
demand_18 1 3 439.859876
demand_19 1 4 1567.705677
demand_20 1 5 683.645020
demand_21 1 6 1231.415523
demand_22 1 7 825.894979
demand_23 1 8 877.095606
demand_24 1 9 1492.114520
demand_25 1 10 311.601176
demand_26 1 11 814.054012
demand_27 1 12 356.963811
demand_28 1 13 917.548586
demand_29 1 14 579.397824
demand_30 1 15 916.695909
demand_31 1 16 1097.366410
demand_32 2 0 671.695415
demand_33 2 1 1037.169076
demand_34 2 3 1065.009836
demand_35 2 4 750.321288
demand_36 2 5 726.672097
demand_37 2 6 708.557188
demand_38 2 7 730.835706
demand_39 2 8 269.527607
demand_40 2 9 237.266747
demand_41 2 10 267.641258
demand_42 2 11 1139.821050
demand_43 2 12 198.171760
demand_44 2 13 862.652844
demand_45 2 14 344.360418
demand_46 2 15 200.427519
demand_47 2 16 1060.438824
demand_48 3 0 787.076822
demand_49 3 1 1533.888120
demand_50 3 2 622.865437
demand_51 3 4 433.070040
demand_52 3 5 1123.388077
demand_53 3 6 653.004320
demand_54 3 7 1246.286294
demand_55 3 8 1275.620543
demand_56 3 9 784.076685
demand_57 3 10 536.773533
demand_58 3 11 190.748215
demand_59 3 12 681.590244
demand_60 3 13 295.049288
demand_61 3 14 1184.810888
demand_62 3 15 806.073551
demand_63 3 16 892.327104
demand_64 4 0 1124.126725
demand_65 4 1 757.821033
demand_66 4 2 1009.555356
demand_67 4 3 1320.899817
demand_68 4 5 795.374284
demand_69 4 6 1411.453955
demand_70 4 7 468.353995
demand_71 4 8 307.894027
demand_72 4 9 173.944106
demand_73 4 10 1453.832199
demand_74 4 11 1056.308944
demand_75 4 12 467.453344
demand_76 4 13 930.551416
demand_77 4 14 1457.870329
demand_78 4 15 1394.105976
demand_79 4 16 337.236915
demand_80 5 0 585.974466
demand_81 5 1 574.167566
demand_82 5 2 961.000658
demand_83 5 3 1207.270080
demand_84 5 4 623.217579
demand_85 5 6 1015.742304
demand_86 5 7 885.515885
demand_87 5 8 1456.459031
demand_88 5 9 441.464522
demand_89 5 10 159.300047
demand_90 5 11 258.320095
demand_91 5 12 751.045590
demand_92 5 13 861.840424
demand_93 5 14 967.565384
demand_94 5 15 1400.756586
demand_95 5 16 440.550950
demand_96 6 0 752.011319
demand_97 6 1 1474.085838
demand_98 6 2 670.228938
demand_99 6 3 178.174034
demand_100 6 4 1428.099708
demand_101 6 5 1026.405824
demand_102 6 7 1528.710866
demand_103 6 8 1035.193596
demand_104 6 9 1479.715954
demand_105 6 10 1003.291925
demand_106 6 11 353.747538
demand_107 6 12 1115.375470
demand_108 6 13 928.837159
demand_109 6 14 169.754143
demand_110 6 15 1251.561821
demand_111 6 16 328.523338
demand_112 7 0 887.944168
demand_113 7 1 1097.542734
demand_114 7 2 1234.809840
demand_115 7 3 1486.237980
demand_116 7 4 332.144396
demand_117 7 5 453.655642
demand_118 7 6 673.163161
demand_119 7 8 723.911604
demand_120 7 9 990.528509
demand_121 7 10 1561.166307
demand_122 7 11 1020.908254
demand_123 7 12 1121.940166
demand_124 7 13 292.902437
demand_125 7 14 770.156610
demand_126 7 15 339.450104
demand_127 7 16 461.295474
demand_128 8 0 1357.938630
demand_129 8 1 679.692420
demand_130 8 2 479.392020
demand_131 8 3 1371.878184
demand_132 8 4 814.983086
demand_133 8 5 1115.011321
demand_134 8 6 690.834692
demand_135 8 7 1169.144500
demand_136 8 9 672.671632
demand_137 8 10 936.159388
demand_138 8 11 985.249261
demand_139 8 12 319.995534
demand_140 8 13 382.366418
demand_141 8 14 1210.121930
demand_142 8 15 824.294647
demand_143 8 16 1047.318975
demand_144 9 0 1304.178890
demand_145 9 1 250.221894
demand_146 9 2 580.697960
demand_147 9 3 1037.965088
demand_148 9 4 853.745387
demand_149 9 5 1271.975874
demand_150 9 6 1342.008015
demand_151 9 7 1232.498280
demand_152 9 8 328.618110
demand_153 9 10 1527.016431
demand_154 9 11 1377.354962
demand_155 9 12 297.252781
demand_156 9 13 641.074951
demand_157 9 14 208.016191
demand_158 9 15 986.057628
demand_159 9 16 1283.512364
demand_160 10 0 1526.152292
demand_161 10 1 1525.268161
demand_162 10 2 268.628226
demand_163 10 3 417.978866
demand_164 10 4 1405.224318
demand_165 10 5 1208.815809
demand_166 10 6 392.934765
demand_167 10 7 776.496687
demand_168 10 8 881.252201
demand_169 10 9 464.090373
demand_170 10 11 300.576892
demand_171 10 12 508.710804
demand_172 10 13 1522.593849
demand_173 10 14 1318.070565
demand_174 10 15 771.702848
demand_175 10 16 1326.499014
demand_176 11 0 224.136004
demand_177 11 1 1244.615152
demand_178 11 2 1521.165869
demand_179 11 3 200.593523
demand_180 11 4 991.786668
demand_181 11 5 1214.215621
demand_182 11 6 437.316479
demand_183 11 7 795.931994
demand_184 11 8 514.085196
demand_185 11 9 1311.585809
demand_186 11 10 1500.340313
demand_187 11 12 527.476402
demand_188 11 13 345.221416
demand_189 11 14 394.143955
demand_190 11 15 736.782351
demand_191 11 16 841.065037
demand_192 12 0 363.372198
demand_193 12 1 1170.726745
demand_194 12 2 679.501547
demand_195 12 3 380.969294
demand_196 12 4 1008.955090
demand_197 12 5 597.965917
demand_198 12 6 1459.818687
demand_199 12 7 1243.689414
demand_200 12 8 921.046550
demand_201 12 9 535.976656
demand_202 12 10 1192.592764
demand_203 12 11 167.334215
demand_204 12 13 1422.961593
demand_205 12 14 452.541503
demand_206 12 15 1345.587409
demand_207 12 16 846.256324
demand_208 13 0 1406.733628
demand_209 13 1 846.508455
demand_210 13 2 855.614525
demand_211 13 3 452.842461
demand_212 13 4 527.392393
demand_213 13 5 1037.780311
demand_214 13 6 800.049848
demand_215 13 7 1440.985740
demand_216 13 8 941.062428
demand_217 13 9 1150.305436
demand_218 13 10 446.873156
demand_219 13 11 530.625087
demand_220 13 12 746.070946
demand_221 13 14 193.883827
demand_222 13 15 1158.681916
demand_223 13 16 750.033714
demand_224 14 0 185.292351
demand_225 14 1 1114.706507
demand_226 14 2 672.557157
demand_227 14 3 475.347296
demand_228 14 4 876.086448
demand_229 14 5 361.025552
demand_230 14 6 1486.459105
demand_231 14 7 179.491143
demand_232 14 8 1185.334961
demand_233 14 9 1369.905182
demand_234 14 10 1390.007852
demand_235 14 11 903.502348
demand_236 14 12 733.973867
demand_237 14 13 1206.039466
demand_238 14 15 1287.799126
demand_239 14 16 537.697829
demand_240 15 0 530.215240
demand_241 15 1 507.012406
demand_242 15 2 1372.156031
demand_243 15 3 1495.662344
demand_244 15 4 374.561594
demand_245 15 5 1492.610283
demand_246 15 6 868.059812
demand_247 15 7 612.373599
demand_248 15 8 1230.633681
demand_249 15 9 1464.480712
demand_250 15 10 525.032064
demand_251 15 11 273.650021
demand_252 15 12 232.600181
demand_253 15 13 1294.448563
demand_254 15 14 597.382682
demand_255 15 16 1075.381161
demand_256 16 0 399.156082
demand_257 16 1 1287.362752
demand_258 16 2 725.634983
demand_259 16 3 242.318827
demand_260 16 4 1008.095605
demand_261 16 5 403.195078
demand_262 16 6 763.858887
demand_263 16 7 748.176930
demand_264 16 8 1468.414089
demand_265 16 9 1468.559932
demand_266 16 10 597.142241
demand_267 16 11 511.081227
demand_268 16 12 1387.005610
demand_269 16 13 1126.104361
demand_270 16 14 610.336471
demand_271 16 15 1102.700258
