DEMANDS 272
label src dest bw
demand_0 0 1 660.802840
demand_1 0 2 708.302118
demand_2 0 3 294.864274
demand_3 0 4 483.326045
demand_4 0 5 1039.553011
demand_5 0 6 1479.302820
demand_6 0 7 1513.859802
demand_7 0 8 1181.514586
demand_8 0 9 458.545685
demand_9 0 10 924.284379
demand_10 0 11 454.851092
demand_11 0 12 1198.797909
demand_12 0 13 1049.454708
demand_13 0 14 1060.917838
demand_14 0 15 1385.376247
demand_15 0 16 787.899175
demand_16 1 0 1269.895056
demand_17 1 2 937.740413
demand_18 1 3 442.141307
demand_19 1 4 974.183357
demand_20 1 5 380.751743
demand_21 1 6 718.020401
demand_22 1 7 1137.631022
demand_23 1 8 1454.916361
demand_24 1 9 539.815722
demand_25 1 10 782.928578
demand_26 1 11 1221.408995
demand_27 1 12 1230.823103
demand_28 1 13 565.164376
demand_29 1 14 1241.482920
demand_30 1 15 1087.400129
demand_31 1 16 1023.484399
demand_32 2 0 914.915554
demand_33 2 1 942.379418
demand_34 2 3 300.139096
demand_35 2 4 537.028321
demand_36 2 5 1091.626953
demand_37 2 6 999.414530
demand_38 2 7 476.000702
demand_39 2 8 1529.514032
demand_40 2 9 1039.147393
demand_41 2 10 1293.500097
demand_42 2 11 536.849826
demand_43 2 12 1528.013067
demand_44 2 13 701.592443
demand_45 2 14 1533.880125
demand_46 2 15 491.320998
demand_47 2 16 1368.491217
demand_48 3 0 617.257724
demand_49 3 1 890.572069
demand_50 3 2 823.660446
demand_51 3 4 262.581779
demand_52 3 5 1000.246459
demand_53 3 6 418.912576
demand_54 3 7 1397.105261
demand_55 3 8 615.130386
demand_56 3 9 1520.631088
demand_57 3 10 806.549947
demand_58 3 11 1076.198119
demand_59 3 12 704.775162
demand_60 3 13 1271.782266
demand_61 3 14 814.369606
demand_62 3 15 1241.625692
demand_63 3 16 1330.135972
demand_64 4 0 1569.319339
demand_65 4 1 303.005939
demand_66 4 2 901.895578
demand_67 4 3 658.795750
demand_68 4 5 233.807721
demand_69 4 6 432.856692
demand_70 4 7 581.775402
demand_71 4 8 906.088412
demand_72 4 9 418.279228
demand_73 4 10 1363.203975
demand_74 4 11 602.036985
demand_75 4 12 266.784437
demand_76 4 13 384.403584
demand_77 4 14 952.554346
demand_78 4 15 562.904465
demand_79 4 16 730.566148
demand_80 5 0 878.927972
demand_81 5 1 1277.928348
demand_82 5 2 883.665399
demand_83 5 3 785.987902
demand_84 5 4 1132.433263
demand_85 5 6 1432.688870
demand_86 5 7 1422.099826
demand_87 5 8 1215.192773
demand_88 5 9 294.970117
demand_89 5 10 225.664984
demand_90 5 11 376.013888
demand_91 5 12 486.483170
demand_92 5 13 892.095451
demand_93 5 14 261.462580
demand_94 5 15 603.916224
demand_95 5 16 642.402406
demand_96 6 0 1533.296872
demand_97 6 1 905.452607
demand_98 6 2 905.601082
demand_99 6 3 352.907557
demand_100 6 4 1499.552584
demand_101 6 5 991.307806
demand_102 6 7 867.054721
demand_103 6 8 710.648350
demand_104 6 9 565.888028
demand_105 6 10 1573.718352
demand_106 6 11 569.829978
demand_107 6 12 882.389281
demand_108 6 13 1110.013138
demand_109 6 14 1429.628450
demand_110 6 15 881.758015
demand_111 6 16 162.490741
demand_112 7 0 1121.212794
demand_113 7 1 1043.553054
demand_114 7 2 222.422414
demand_115 7 3 817.264353
demand_116 7 4 915.481381
demand_117 7 5 919.987543
demand_118 7 6 984.469573
demand_119 7 8 1384.834190
demand_120 7 9 1133.458924
demand_121 7 10 938.216241
demand_122 7 11 1579.078350
demand_123 7 12 292.545653
demand_124 7 13 525.440184
demand_125 7 14 1034.980997
demand_126 7 15 1390.586602
demand_127 7 16 357.100275
demand_128 8 0 412.566088
demand_129 8 1 1289.603002
demand_130 8 2 460.200516
demand_131 8 3 253.889663
demand_132 8 4 344.586461
demand_133 8 5 474.549564
demand_134 8 6 1345.022291
demand_135 8 7 648.944850
demand_136 8 9 767.274344
demand_137 8 10 656.936810
demand_138 8 11 377.015902
demand_139 8 12 501.494740
demand_140 8 13 1017.681251
demand_141 8 14 705.006271
demand_142 8 15 535.500789
demand_143 8 16 1569.462084
demand_144 9 0 845.563811
demand_145 9 1 475.257053
demand_146 9 2 1517.750660
demand_147 9 3 319.389194
demand_148 9 4 928.794127
demand_149 9 5 699.131608
demand_150 9 6 248.380818
demand_151 9 7 967.525204
demand_152 9 8 588.158327
demand_153 9 10 1565.768292
demand_154 9 11 446.004723
demand_155 9 12 1528.716570
demand_156 9 13 815.623906
demand_157 9 14 560.189773
demand_158 9 15 1050.737960
demand_159 9 16 307.590929
demand_160 10 0 962.918582
demand_161 10 1 891.444624
demand_162 10 2 1258.918939
demand_163 10 3 645.189368
demand_164 10 4 1480.359761
demand_165 10 5 514.492282
demand_166 10 6 585.561016
demand_167 10 7 1110.431974
demand_168 10 8 177.542009
demand_169 10 9 1093.878136
demand_170 10 11 772.630617
demand_171 10 12 199.328708
demand_172 10 13 747.871865
demand_173 10 14 1445.694231
demand_174 10 15 938.976195
demand_175 10 16 277.375988
demand_176 11 0 1308.257412
demand_177 11 1 1003.372220
demand_178 11 2 445.433516
demand_179 11 3 545.650445
demand_180 11 4 207.564529
demand_181 11 5 1382.840748
demand_182 11 6 1531.228193
demand_183 11 7 1265.456282
demand_184 11 8 765.201816
demand_185 11 9 771.965744
demand_186 11 10 1362.545790
demand_187 11 12 677.578082
demand_188 11 13 515.756532
demand_189 11 14 1353.217384
demand_190 11 15 1430.842916
demand_191 11 16 291.125130
demand_192 12 0 276.673210
demand_193 12 1 860.086898
demand_194 12 2 463.266792
demand_195 12 3 465.424253
demand_196 12 4 681.227514
demand_197 12 5 1446.058086
demand_198 12 6 507.004407
demand_199 12 7 1510.233636
demand_200 12 8 444.700507
demand_201 12 9 1239.860047
demand_202 12 10 895.895659
demand_203 12 11 1213.203382
demand_204 12 13 762.314842
demand_205 12 14 519.360921
demand_206 12 15 176.557971
demand_207 12 16 636.573195
demand_208 13 0 768.307819
demand_209 13 1 626.066702
demand_210 13 2 721.703839
demand_211 13 3 1464.671465
demand_212 13 4 1054.460957
demand_213 13 5 1378.366066
demand_214 13 6 302.456632
demand_215 13 7 1328.068557
demand_216 13 8 469.318432
demand_217 13 9 182.041839
demand_218 13 10 1416.233036
demand_219 13 11 1236.851152
demand_220 13 12 503.735125
demand_221 13 14 199.427629
demand_222 13 15 508.104511
demand_223 13 16 561.488026
demand_224 14 0 194.065939
demand_225 14 1 962.259860
demand_226 14 2 1531.286231
demand_227 14 3 359.892691
demand_228 14 4 325.666465
demand_229 14 5 1113.311756
demand_230 14 6 1454.033624
demand_231 14 7 1414.806304
demand_232 14 8 587.676172
demand_233 14 9 1442.043248
demand_234 14 10 761.245954
demand_235 14 11 1106.081911
demand_236 14 12 976.990642
demand_237 14 13 541.171858
demand_238 14 15 1129.678993
demand_239 14 16 1416.077432
demand_240 15 0 1092.863607
demand_241 15 1 446.718141
demand_242 15 2 575.193135
demand_243 15 3 1235.726787
demand_244 15 4 1014.970657
demand_245 15 5 989.486734
demand_246 15 6 502.842215
demand_247 15 7 291.230157
demand_248 15 8 649.786321
demand_249 15 9 1252.578470
demand_250 15 10 887.168154
demand_251 15 11 516.503187
demand_252 15 12 999.325941
demand_253 15 13 976.571624
demand_254 15 14 1358.018512
demand_255 15 16 1000.300389
demand_256 16 0 341.389670
demand_257 16 1 1041.603802
demand_258 16 2 968.116581
demand_259 16 3 1314.622000
demand_260 16 4 776.522115
demand_261 16 5 1144.977128
demand_262 16 6 1393.152175
demand_263 16 7 425.288762
demand_264 16 8 1343.594001
demand_265 16 9 1449.691059
demand_266 16 10 1102.456498
demand_267 16 11 1109.071427
demand_268 16 12 272.010709
demand_269 16 13 696.474762
demand_270 16 14 778.526185
demand_271 16 15 1140.523567
