DEMANDS 272
label src dest bw
demand_0 0 1 148.321800
demand_1 0 2 841.222029
demand_2 0 3 251.009950
demand_3 0 4 1000.736281
demand_4 0 5 1156.059282
demand_5 0 6 929.790455
demand_6 0 7 573.925855
demand_7 0 8 1060.146588
demand_8 0 9 795.031525
demand_9 0 10 1388.731953
demand_10 0 11 896.434442
demand_11 0 12 373.997986
demand_12 0 13 266.522056
demand_13 0 14 235.354801
demand_14 0 15 1349.962171
demand_15 0 16 1007.201005
demand_16 1 0 685.449279
demand_17 1 2 732.332439
demand_18 1 3 849.238336
demand_19 1 4 725.838982
demand_20 1 5 1297.930389
demand_21 1 6 246.801457
demand_22 1 7 951.878025
demand_23 1 8 611.577009
demand_24 1 9 267.619513
demand_25 1 10 192.680251
demand_26 1 11 1098.094609
demand_27 1 12 409.520350
demand_28 1 13 505.193064
demand_29 1 14 255.226539
demand_30 1 15 741.744407
demand_31 1 16 1346.716111
demand_32 2 0 318.702633
demand_33 2 1 1262.458562
demand_34 2 3 180.133698
demand_35 2 4 416.426489
demand_36 2 5 621.624359
demand_37 2 6 693.671388
demand_38 2 7 790.207357
demand_39 2 8 645.628675
demand_40 2 9 1087.209434
demand_41 2 10 1179.312862
demand_42 2 11 1149.124179
demand_43 2 12 1155.488851
demand_44 2 13 216.112155
demand_45 2 14 1164.165426
demand_46 2 15 1285.846282
demand_47 2 16 821.412131
demand_48 3 0 1348.041252
demand_49 3 1 665.947307
demand_50 3 2 480.126519
demand_51 3 4 1122.997934
demand_52 3 5 534.678234
demand_53 3 6 154.424452
demand_54 3 7 505.114810
demand_55 3 8 838.897720
demand_56 3 9 1340.293726
demand_57 3 10 753.653659
demand_58 3 11 1125.401615
demand_59 3 12 554.639942
demand_60 3 13 1052.657702
demand_61 3 14 1092.087536
demand_62 3 15 1152.947764
demand_63 3 16 934.666188
demand_64 4 0 795.885694
demand_65 4 1 829.245360
demand_66 4 2 623.986104
demand_67 4 3 1125.857703
demand_68 4 5 234.460208
demand_69 4 6 851.919420
demand_70 4 7 976.306395
demand_71 4 8 715.033423
demand_72 4 9 466.900755
demand_73 4 10 163.479354
demand_74 4 11 151.466448
demand_75 4 12 731.608557
demand_76 4 13 505.913767
demand_77 4 14 367.610874
demand_78 4 15 476.498388
demand_79 4 16 1085.915213
demand_80 5 0 346.779286
demand_81 5 1 523.600595
demand_82 5 2 333.410677
demand_83 5 3 1023.322823
demand_84 5 4 634.776143
demand_85 5 6 802.474893
demand_86 5 7 1317.753239
demand_87 5 8 1316.423363
demand_88 5 9 1294.556335
demand_89 5 10 883.931135
demand_90 5 11 819.969826
demand_91 5 12 810.983752
demand_92 5 13 319.327363
demand_93 5 14 1280.663040
demand_94 5 15 336.478259
demand_95 5 16 321.142585
demand_96 6 0 1126.117384
demand_97 6 1 1292.491729
demand_98 6 2 393.246714
demand_99 6 3 975.904088
demand_100 6 4 254.732143
demand_101 6 5 379.281159
demand_102 6 7 1435.978278
demand_103 6 8 913.677622
demand_104 6 9 580.958573
demand_105 6 10 668.308795
demand_106 6 11 487.117927
demand_107 6 12 786.488390
demand_108 6 13 1271.063518
demand_109 6 14 358.455973
demand_110 6 15 941.483293
demand_111 6 16 215.011287
demand_112 7 0 1156.359031
demand_113 7 1 204.122301
demand_114 7 2 720.023516
demand_115 7 3 392.080713
demand_116 7 4 992.529779
demand_117 7 5 704.427763
demand_118 7 6 1245.049373
demand_119 7 8 1219.155409
demand_120 7 9 1195.586749
demand_121 7 10 668.378143
demand_122 7 11 572.315787
demand_123 7 12 1189.328122
demand_124 7 13 182.834000
demand_125 7 14 1099.811283
demand_126 7 15 533.030903
demand_127 7 16 1176.197799
demand_128 8 0 1064.908347
demand_129 8 1 805.916365
demand_130 8 2 307.105906
demand_131 8 3 401.234421
demand_132 8 4 516.618324
demand_133 8 5 1358.740496
demand_134 8 6 397.084680
demand_135 8 7 1315.539601
demand_136 8 9 853.635607
demand_137 8 10 1416.989793
demand_138 8 11 1232.171629
demand_139 8 12 961.970560
demand_140 8 13 423.471885
demand_141 8 14 566.754729
demand_142 8 15 396.075492
demand_143 8 16 1393.274399
demand_144 9 0 159.863741
demand_145 9 1 542.680873
demand_146 9 2 1000.760308
demand_147 9 3 980.638101
demand_148 9 4 1374.350421
demand_149 9 5 201.394112
demand_150 9 6 427.118249
demand_151 9 7 970.645628
demand_152 9 8 1402.593276
demand_153 9 10 1353.899742
demand_154 9 11 345.702111
demand_155 9 12 1110.751396
demand_156 9 13 779.520130
demand_157 9 14 761.820812
demand_158 9 15 370.849710
demand_159 9 16 463.693657
demand_160 10 0 289.634053
demand_161 10 1 768.983087
demand_162 10 2 1036.714015
demand_163 10 3 1069.543448
demand_164 10 4 306.397479
demand_165 10 5 1105.506549
demand_166 10 6 1278.710044
demand_167 10 7 925.133925
demand_168 10 8 535.433502
demand_169 10 9 885.067231
demand_170 10 11 663.625721
demand_171 10 12 787.125803
demand_172 10 13 1391.577952
demand_173 10 14 605.097351
demand_174 10 15 632.600489
demand_175 10 16 281.105187
demand_176 11 0 1294.529783
demand_177 11 1 434.392084
demand_178 11 2 1129.325177
demand_179 11 3 1417.860297
demand_180 11 4 1091.855591
demand_181 11 5 1155.110430
demand_182 11 6 156.042676
demand_183 11 7 1388.121471
demand_184 11 8 1155.240948
demand_185 11 9 876.884491
demand_186 11 10 396.056764
demand_187 11 12 971.803027
demand_188 11 13 834.674824
demand_189 11 14 499.010515
demand_190 11 15 379.736137
demand_191 11 16 596.176559
demand_192 12 0 288.849684
demand_193 12 1 368.372136
demand_194 12 2 1068.534425
demand_195 12 3 517.153696
demand_196 12 4 553.020357
demand_197 12 5 1323.401403
demand_198 12 6 471.563084
demand_199 12 7 782.031383
demand_200 12 8 428.938284
demand_201 12 9 584.549934
demand_202 12 10 1351.883694
demand_203 12 11 264.194018
demand_204 12 13 1298.337423
demand_205 12 14 235.577452
demand_206 12 15 944.577503
demand_207 12 16 467.992882
demand_208 13 0 644.330947
demand_209 13 1 240.741237
demand_210 13 2 222.936206
demand_211 13 3 1273.077720
demand_212 13 4 329.441304
demand_213 13 5 1206.441973
demand_214 13 6 382.860025
demand_215 13 7 1113.688831
demand_216 13 8 604.969213
demand_217 13 9 960.808714
demand_218 13 10 1047.544264
demand_219 13 11 941.300359
demand_220 13 12 614.423719
demand_221 13 14 1343.721086
demand_222 13 15 1009.829624
demand_223 13 16 1010.650104
demand_224 14 0 449.954342
demand_225 14 1 1213.417839
demand_226 14 2 624.963234
demand_227 14 3 1115.017679
demand_228 14 4 558.172474
demand_229 14 5 665.673895
demand_230 14 6 606.892180
demand_231 14 7 500.964783
demand_232 14 8 1400.728027
demand_233 14 9 283.408356
demand_234 14 10 1225.154496
demand_235 14 11 1090.209348
demand_236 14 12 1009.517038
demand_237 14 13 156.016688
demand_238 14 15 719.316711
demand_239 14 16 1266.074567
demand_240 15 0 172.556913
demand_241 15 1 691.669949
demand_242 15 2 158.330670
demand_243 15 3 634.596423
demand_244 15 4 1105.870881
demand_245 15 5 204.644985
demand_246 15 6 1187.376485
demand_247 15 7 1058.780486
demand_248 15 8 395.754530
demand_249 15 9 169.606475
demand_250 15 10 216.057981
demand_251 15 11 749.582227
demand_252 15 12 274.471534
demand_253 15 13 221.460462
demand_254 15 14 748.110252
demand_255 15 16 520.804665
demand_256 16 0 914.844532
demand_257 16 1 1391.335068
demand_258 16 2 364.148839
demand_259 16 3 1297.215358
demand_260 16 4 1240.833961
demand_261 16 5 415.302780
demand_262 16 6 865.332666
demand_263 16 7 717.534713
demand_264 16 8 1292.830653
demand_265 16 9 1242.731153
demand_266 16 10 619.585804
demand_267 16 11 747.871904
demand_268 16 12 194.358981
demand_269 16 13 1214.448444
demand_270 16 14 1393.799647
demand_271 16 15 332.913108
