DEMANDS 272
label src dest bw
demand_0 0 1 653.359704
demand_1 0 2 1285.563629
demand_2 0 3 814.407144
demand_3 0 4 880.121324
demand_4 0 5 1082.746549
demand_5 0 6 421.843714
demand_6 0 7 242.703043
demand_7 0 8 634.478919
demand_8 0 9 1322.582926
demand_9 0 10 756.462563
demand_10 0 11 726.003271
demand_11 0 12 380.702875
demand_12 0 13 395.454483
demand_13 0 14 781.593923
demand_14 0 15 1241.709226
demand_15 0 16 616.769204
demand_16 1 0 1313.761766
demand_17 1 2 1012.238379
demand_18 1 3 1288.827491
demand_19 1 4 1031.360171
demand_20 1 5 270.697726
demand_21 1 6 884.195314
demand_22 1 7 566.176439
demand_23 1 8 910.201456
demand_24 1 9 1257.208115
demand_25 1 10 197.342245
demand_26 1 11 816.686915
demand_27 1 12 1011.306145
demand_28 1 13 1219.224479
demand_29 1 14 1376.073232
demand_30 1 15 748.621376
demand_31 1 16 626.484153
demand_32 2 0 399.599226
demand_33 2 1 357.745932
demand_34 2 3 618.080993
demand_35 2 4 1468.003852
demand_36 2 5 643.997133
demand_37 2 6 1342.974889
demand_38 2 7 1386.572939
demand_39 2 8 229.499517
demand_40 2 9 607.261426
demand_41 2 10 1481.596048
demand_42 2 11 830.212521
demand_43 2 12 1449.569045
demand_44 2 13 406.912746
demand_45 2 14 206.014101
demand_46 2 15 1476.140163
demand_47 2 16 975.244537
demand_48 3 0 475.560139
demand_49 3 1 743.219974
demand_50 3 2 619.836803
demand_51 3 4 731.965781
demand_52 3 5 624.337732
demand_53 3 6 929.695717
demand_54 3 7 1112.553004
demand_55 3 8 909.441338
demand_56 3 9 555.559340
demand_57 3 10 708.703127
demand_58 3 11 833.551821
demand_59 3 12 1301.266514
demand_60 3 13 242.697261
demand_61 3 14 676.870667
demand_62 3 15 530.815811
demand_63 3 16 1057.046943
demand_64 4 0 447.196727
demand_65 4 1 262.396902
demand_66 4 2 179.351115
demand_67 4 3 199.503994
demand_68 4 5 1164.681622
demand_69 4 6 915.633944
demand_70 4 7 394.521564
demand_71 4 8 877.469915
demand_72 4 9 1243.853579
demand_73 4 10 894.666196
demand_74 4 11 707.337550
demand_75 4 12 525.710292
demand_76 4 13 980.505697
demand_77 4 14 747.619435
demand_78 4 15 462.176866
demand_79 4 16 954.486603
demand_80 5 0 1290.009386
demand_81 5 1 192.044525
demand_82 5 2 1482.568701
demand_83 5 3 396.603573
demand_84 5 4 915.610865
demand_85 5 6 595.233551
demand_86 5 7 825.814757
demand_87 5 8 329.327210
demand_88 5 9 1168.733500
demand_89 5 10 377.396156
demand_90 5 11 1103.771453
demand_91 5 12 1021.600782
demand_92 5 13 314.522540
demand_93 5 14 1235.634235
demand_94 5 15 286.824809
demand_95 5 16 1228.876030
demand_96 6 0 1133.231182
demand_97 6 1 1304.084754
demand_98 6 2 1342.053506
demand_99 6 3 936.163835
demand_100 6 4 891.269838
demand_101 6 5 1119.705996
demand_102 6 7 588.985777
demand_103 6 8 456.720347
demand_104 6 9 670.822907
demand_105 6 10 481.521306
demand_106 6 11 1023.293687
demand_107 6 12 1163.132190
demand_108 6 13 899.987840
demand_109 6 14 314.054690
demand_110 6 15 732.960005
demand_111 6 16 738.469211
demand_112 7 0 157.466634
demand_113 7 1 818.574046
demand_114 7 2 1144.775411
demand_115 7 3 733.512588
demand_116 7 4 1190.498763
demand_117 7 5 1343.013954
demand_118 7 6 520.256435
demand_119 7 8 435.094246
demand_120 7 9 227.482355
demand_121 7 10 149.011435
demand_122 7 11 479.476913
demand_123 7 12 550.736258
demand_124 7 13 464.580570
demand_125 7 14 1191.782954
demand_126 7 15 415.538839
demand_127 7 16 567.998245
demand_128 8 0 248.837264
demand_129 8 1 903.426538
demand_130 8 2 168.759257
demand_131 8 3 857.213556
demand_132 8 4 1296.426572
demand_133 8 5 1322.303623
demand_134 8 6 1143.842950
demand_135 8 7 655.452493
demand_136 8 9 1140.412618
demand_137 8 10 1033.177742
demand_138 8 11 478.778902
demand_139 8 12 935.143588
demand_140 8 13 411.411110
demand_141 8 14 1036.493671
demand_142 8 15 391.478159
demand_143 8 16 330.384499
demand_144 9 0 1349.191700
demand_145 9 1 492.034527
demand_146 9 2 427.647068
demand_147 9 3 426.876688
demand_148 9 4 476.648996
demand_149 9 5 232.571054
demand_150 9 6 1350.400868
demand_151 9 7 1125.645498
demand_152 9 8 831.893947
demand_153 9 10 781.626621
demand_154 9 11 507.130057
demand_155 9 12 536.807291
demand_156 9 13 852.878497
demand_157 9 14 471.346049
demand_158 9 15 676.759917
demand_159 9 16 224.135369
demand_160 10 0 1260.496753
demand_161 10 1 483.694452
demand_162 10 2 779.423161
demand_163 10 3 420.179981
demand_164 10 4 384.437058
demand_165 10 5 215.743761
demand_166 10 6 495.448383
demand_167 10 7 867.058574
demand_168 10 8 314.265985
demand_169 10 9 198.379653
demand_170 10 11 226.722228
demand_171 10 12 1359.227800
demand_172 10 13 623.087115
demand_173 10 14 1405.225571
demand_174 10 15 757.283438
demand_175 10 16 315.362876
demand_176 11 0 892.109533
demand_177 11 1 775.572491
demand_178 11 2 1375.028306
demand_179 11 3 555.972957
demand_180 11 4 1219.294872
demand_181 11 5 1224.863896
demand_182 11 6 1080.199240
demand_183 11 7 951.740423
demand_184 11 8 778.009755
demand_185 11 9 380.625401
demand_186 11 10 344.017443
demand_187 11 12 930.705552
demand_188 11 13 892.164437
demand_189 11 14 1426.920437
demand_190 11 15 668.178273
demand_191 11 16 411.648345
demand_192 12 0 798.438096
demand_193 12 1 1159.090075
demand_194 12 2 700.278870
demand_195 12 3 625.511017
demand_196 12 4 482.661641
demand_197 12 5 1357.154446
demand_198 12 6 297.342319
demand_199 12 7 875.336963
demand_200 12 8 334.923556
demand_201 12 9 1262.493669
demand_202 12 10 762.505694
demand_203 12 11 716.739464
demand_204 12 13 603.272045
demand_205 12 14 632.516572
demand_206 12 15 864.486823
demand_207 12 16 1464.546377
demand_208 13 0 154.314855
demand_209 13 1 1013.339294
demand_210 13 2 1251.213332
demand_211 13 3 1196.494691
demand_212 13 4 1262.294439
demand_213 13 5 1254.818208
demand_214 13 6 1285.662693
demand_215 13 7 1053.308167
demand_216 13 8 960.710277
demand_217 13 9 519.420655
demand_218 13 10 836.825508
demand_219 13 11 1298.572672
demand_220 13 12 1102.578368
demand_221 13 14 1372.144662
demand_222 13 15 367.880456
demand_223 13 16 988.155834
demand_224 14 0 1356.808007
demand_225 14 1 632.395310
demand_226 14 2 273.785951
demand_227 14 3 1208.081924
demand_228 14 4 804.900261
demand_229 14 5 391.029802
demand_230 14 6 482.596552
demand_231 14 7 1254.849279
demand_232 14 8 423.621075
demand_233 14 9 222.619594
demand_234 14 10 815.354169
demand_235 14 11 254.335000
demand_236 14 12 921.595679
demand_237 14 13 214.422555
demand_238 14 15 177.549773
demand_239 14 16 919.281310
demand_240 15 0 539.034139
demand_241 15 1 1360.985303
demand_242 15 2 688.304171
demand_243 15 3 1286.921048
demand_244 15 4 1157.390033
demand_245 15 5 560.490146
demand_246 15 6 212.116156
demand_247 15 7 1346.385402
demand_248 15 8 1436.841350
demand_249 15 9 255.753865
demand_250 15 10 373.467615
demand_251 15 11 787.664572
demand_252 15 12 1075.065414
demand_253 15 13 1012.754614
demand_254 15 14 787.226871
demand_255 15 16 1476.627818
demand_256 16 0 981.508939
demand_257 16 1 791.055920
demand_258 16 2 1462.737495
demand_259 16 3 316.641011
demand_260 16 4 814.678963
demand_261 16 5 1181.448799
demand_262 16 6 1465.420010
demand_263 16 7 864.951377
demand_264 16 8 353.389388
demand_265 16 9 1279.531066
demand_266 16 10 156.123172
demand_267 16 11 1036.930116
demand_268 16 12 246.444163
demand_269 16 13 651.502951
demand_270 16 14 1270.920953
demand_271 16 15 957.204958
