DEMANDS 272
label src dest bw
demand_0 0 1 809.925765
demand_1 0 2 774.172435
demand_2 0 3 558.858711
demand_3 0 4 1275.108856
demand_4 0 5 191.365507
demand_5 0 6 1229.498512
demand_6 0 7 946.651093
demand_7 0 8 383.349738
demand_8 0 9 774.672068
demand_9 0 10 628.600528
demand_10 0 11 480.702227
demand_11 0 12 1330.903711
demand_12 0 13 1239.715366
demand_13 0 14 1144.553933
demand_14 0 15 1419.728038
demand_15 0 16 1350.685131
demand_16 1 0 420.354154
demand_17 1 2 1328.942202
demand_18 1 3 1370.526292
demand_19 1 4 308.543771
demand_20 1 5 875.878417
demand_21 1 6 927.542764
demand_22 1 7 448.782529
demand_23 1 8 751.889245
demand_24 1 9 277.726519
demand_25 1 10 995.669590
demand_26 1 11 1457.273631
demand_27 1 12 1142.900309
demand_28 1 13 519.738300
demand_29 1 14 1355.096700
demand_30 1 15 967.137270
demand_31 1 16 1338.736658
demand_32 2 0 641.836649
demand_33 2 1 865.726938
demand_34 2 3 1138.576308
demand_35 2 4 691.419585
demand_36 2 5 916.638031
demand_37 2 6 632.784871
demand_38 2 7 1192.840438
demand_39 2 8 1056.851132
demand_40 2 9 367.532040
demand_41 2 10 1445.443870
demand_42 2 11 1118.398110
demand_43 2 12 1099.337743
demand_44 2 13 753.837644
demand_45 2 14 352.866596
demand_46 2 15 888.360564
demand_47 2 16 241.601770
demand_48 3 0 887.738526
demand_49 3 1 661.165388
demand_50 3 2 198.145443
demand_51 3 4 1450.528489
demand_52 3 5 266.098880
demand_53 3 6 1395.560165
demand_54 3 7 1510.451685
demand_55 3 8 1044.497095
demand_56 3 9 1527.177606
demand_57 3 10 745.767900
demand_58 3 11 1245.455710
demand_59 3 12 401.367948
demand_60 3 13 1316.549705
demand_61 3 14 463.719401
demand_62 3 15 165.490900
demand_63 3 16 1514.381481
demand_64 4 0 189.073131
demand_65 4 1 292.584618
demand_66 4 2 413.130230
demand_67 4 3 1406.325252
demand_68 4 5 263.922057
demand_69 4 6 1429.521004
demand_70 4 7 1336.466654
demand_71 4 8 780.977408
demand_72 4 9 283.703906
demand_73 4 10 1488.560730
demand_74 4 11 186.674306
demand_75 4 12 276.108589
demand_76 4 13 1302.104920
demand_77 4 14 1375.220554
demand_78 4 15 1510.458802
demand_79 4 16 267.122558
demand_80 5 0 516.415063
demand_81 5 1 1472.057776
demand_82 5 2 534.705712
demand_83 5 3 1124.449913
demand_84 5 4 1277.654458
demand_85 5 6 666.905307
demand_86 5 7 1236.865553
demand_87 5 8 526.021545
demand_88 5 9 1170.592163
demand_89 5 10 1086.635783
demand_90 5 11 1126.861103
demand_91 5 12 158.865118
demand_92 5 13 1233.301039
demand_93 5 14 1508.717890
demand_94 5 15 1178.054265
demand_95 5 16 1138.399801
demand_96 6 0 1053.835529
demand_97 6 1 1030.625228
demand_98 6 2 312.536172
demand_99 6 3 1152.228031
demand_100 6 4 896.016770
demand_101 6 5 296.424551
demand_102 6 7 1446.118425
demand_103 6 8 180.562484
demand_104 6 9 1295.314060
demand_105 6 10 1009.203691
demand_106 6 11 242.925416
demand_107 6 12 772.153226
demand_108 6 13 978.707293
demand_109 6 14 1231.518157
demand_110 6 15 1296.733381
demand_111 6 16 1382.235608
demand_112 7 0 1102.622438
demand_113 7 1 985.418759
demand_114 7 2 189.596371
demand_115 7 3 1090.726915
demand_116 7 4 812.296805
demand_117 7 5 835.305107
demand_118 7 6 596.527675
demand_119 7 8 392.942416
demand_120 7 9 649.304725
demand_121 7 10 190.141422
demand_122 7 11 1331.270148
demand_123 7 12 1201.301680
demand_124 7 13 435.670948
demand_125 7 14 681.565734
demand_126 7 15 958.146540
demand_127 7 16 456.274468
demand_128 8 0 381.246404
demand_129 8 1 993.953307
demand_130 8 2 294.798822
demand_131 8 3 1022.724981
demand_132 8 4 495.454909
demand_133 8 5 247.651923
demand_134 8 6 1362.609394
demand_135 8 7 1231.223032
demand_136 8 9 225.186404
demand_137 8 10 232.495462
demand_138 8 11 663.300607
demand_139 8 12 798.038977
demand_140 8 13 511.427342
demand_141 8 14 1453.258712
demand_142 8 15 1043.350373
demand_143 8 16 443.565066
demand_144 9 0 1203.021487
demand_145 9 1 1088.096149
demand_146 9 2 1169.780773
demand_147 9 3 1121.761472
demand_148 9 4 170.509084
demand_149 9 5 240.927340
demand_150 9 6 388.729312
demand_151 9 7 566.096075
demand_152 9 8 1288.800206
demand_153 9 10 1507.661380
demand_154 9 11 961.025280
demand_155 9 12 476.153824
demand_156 9 13 1444.622513
demand_157 9 14 493.991464
demand_158 9 15 229.936771
demand_159 9 16 346.129348
demand_160 10 0 274.945556
demand_161 10 1 842.775248
demand_162 10 2 1262.760793
demand_163 10 3 663.897095
demand_164 10 4 855.069396
demand_165 10 5 1344.763635
demand_166 10 6 786.865804
demand_167 10 7 943.615130
demand_168 10 8 184.500413
demand_169 10 9 1409.354515
demand_170 10 11 755.739230
demand_171 10 12 460.374350
demand_172 10 13 230.135494
demand_173 10 14 1476.717434
demand_174 10 15 573.946968
demand_175 10 16 1217.517252
demand_176 11 0 720.988579
demand_177 11 1 1337.733748
demand_178 11 2 808.439054
demand_179 11 3 198.395464
demand_180 11 4 527.313084
demand_181 11 5 190.800953
demand_182 11 6 976.988450
demand_183 11 7 1100.542497
demand_184 11 8 1091.960493
demand_185 11 9 948.015570
demand_186 11 10 349.281385
demand_187 11 12 863.296674
demand_188 11 13 1413.976533
demand_189 11 14 647.598344
demand_190 11 15 1180.057689
demand_191 11 16 292.480970
demand_192 12 0 873.251299
demand_193 12 1 1031.079331
demand_194 12 2 1329.535040
demand_195 12 3 1343.370783
demand_196 12 4 1172.344367
demand_197 12 5 1311.952357
demand_198 12 6 888.620450
demand_199 12 7 386.610314
demand_200 12 8 801.535619
demand_201 12 9 997.589456
demand_202 12 10 938.806793
demand_203 12 11 456.116315
demand_204 12 13 322.092767
demand_205 12 14 448.467417
demand_206 12 15 702.761217
demand_207 12 16 690.389949
demand_208 13 0 724.305265
demand_209 13 1 975.507666
demand_210 13 2 330.029730
demand_211 13 3 522.431617
demand_212 13 4 493.497662
demand_213 13 5 1242.278996
demand_214 13 6 361.348179
demand_215 13 7 651.806633
demand_216 13 8 1073.044241
demand_217 13 9 902.576255
demand_218 13 10 1310.447051
demand_219 13 11 249.540644
demand_220 13 12 168.013655
demand_221 13 14 862.827134
demand_222 13 15 548.487166
demand_223 13 16 1283.233055
demand_224 14 0 310.037139
demand_225 14 1 1148.276681
demand_226 14 2 1426.485415
demand_227 14 3 533.805141
demand_228 14 4 531.437236
demand_229 14 5 824.802571
demand_230 14 6 764.571546
demand_231 14 7 698.310992
demand_232 14 8 546.303896
demand_233 14 9 470.957522
demand_234 14 10 693.589704
demand_235 14 11 1291.791811
demand_236 14 12 623.203602
demand_237 14 13 1245.451403
demand_238 14 15 392.238200
demand_239 14 16 552.764521
demand_240 15 0 1330.919059
demand_241 15 1 709.969599
demand_242 15 2 1062.264269
demand_243 15 3 1172.964662
demand_244 15 4 637.602859
demand_245 15 5 243.241169
demand_246 15 6 432.937399
demand_247 15 7 1088.203735
demand_248 15 8 594.371193
demand_249 15 9 433.266912
demand_250 15 10 318.912663
demand_251 15 11 252.903602
demand_252 15 12 229.391423
demand_253 15 13 1181.007097
demand_254 15 14 1285.149941
demand_255 15 16 941.205114
demand_256 16 0 537.263128
demand_257 16 1 1532.111355
demand_258 16 2 655.921275
demand_259 16 3 305.515683
demand_260 16 4 498.665421
demand_261 16 5 1287.987404
demand_262 16 6 1069.957070
demand_263 16 7 202.114775
demand_264 16 8 1238.970841
demand_265 16 9 583.084438
demand_266 16 10 1239.403480
demand_267 16 11 517.604102
demand_268 16 12 1208.718566
demand_269 16 13 539.976515
demand_270 16 14 303.674335
demand_271 16 15 1494.779379
