DEMANDS 272
label src dest bw
demand_0 0 1 261.491907
demand_1 0 2 1421.898129
demand_2 0 3 773.961090
demand_3 0 4 337.493979
demand_4 0 5 970.932692
demand_5 0 6 1344.925494
demand_6 0 7 772.020556
demand_7 0 8 1140.610042
demand_8 0 9 1124.678023
demand_9 0 10 1147.306254
demand_10 0 11 1259.026357
demand_11 0 12 1065.474279
demand_12 0 13 1515.313145
demand_13 0 14 310.339357
demand_14 0 15 1282.222486
demand_15 0 16 1333.772922
demand_16 1 0 533.004595
demand_17 1 2 1339.575186
demand_18 1 3 909.125205
demand_19 1 4 887.614835
demand_20 1 5 296.379382
demand_21 1 6 1455.729993
demand_22 1 7 1099.266415
demand_23 1 8 404.065577
demand_24 1 9 464.715617
demand_25 1 10 818.314695
demand_26 1 11 773.109818
demand_27 1 12 1414.015437
demand_28 1 13 471.652035
demand_29 1 14 989.534583
demand_30 1 15 548.824598
demand_31 1 16 900.073042
demand_32 2 0 523.603999
demand_33 2 1 904.633165
demand_34 2 3 598.206138
demand_35 2 4 926.135444
demand_36 2 5 499.152059
demand_37 2 6 290.231718
demand_38 2 7 424.823417
demand_39 2 8 369.446589
demand_40 2 9 1421.212755
demand_41 2 10 582.109910
demand_42 2 11 542.694724
demand_43 2 12 166.197905
demand_44 2 13 1002.246444
demand_45 2 14 1279.741397
demand_46 2 15 1003.105219
demand_47 2 16 1026.235696
demand_48 3 0 1386.810129
demand_49 3 1 1188.065111
demand_50 3 2 1238.486768
demand_51 3 4 1543.792028
demand_52 3 5 893.905432
demand_53 3 6 912.940103
demand_54 3 7 274.326502
demand_55 3 8 183.975797
demand_56 3 9 530.418922
demand_57 3 10 1246.345717
demand_58 3 11 1527.487581
demand_59 3 12 601.865257
demand_60 3 13 861.560849
demand_61 3 14 444.294430
demand_62 3 15 1124.096162
demand_63 3 16 1340.087405
demand_64 4 0 1250.442264
demand_65 4 1 626.544358
demand_66 4 2 354.613722
demand_67 4 3 413.538538
demand_68 4 5 1248.365546
demand_69 4 6 333.859745
demand_70 4 7 1303.825047
demand_71 4 8 1145.639065
demand_72 4 9 1136.407641
demand_73 4 10 1089.626621
demand_74 4 11 1483.528320
demand_75 4 12 1352.092469
demand_76 4 13 562.373625
demand_77 4 14 1188.021404
demand_78 4 15 734.054798
demand_79 4 16 1150.062872
demand_80 5 0 570.658331
demand_81 5 1 1147.650759
demand_82 5 2 286.048525
demand_83 5 3 665.859728
demand_84 5 4 278.377051
demand_85 5 6 843.200068
demand_86 5 7 505.108951
demand_87 5 8 1112.943858
demand_88 5 9 1322.077882
demand_89 5 10 409.382543
demand_90 5 11 185.303746
demand_91 5 12 1193.356337
demand_92 5 13 1120.353853
demand_93 5 14 1286.418497
demand_94 5 15 455.821718
demand_95 5 16 1545.787718
demand_96 6 0 797.486734
demand_97 6 1 1064.172931
demand_98 6 2 637.229912
demand_99 6 3 1005.447675
demand_100 6 4 1369.102502
demand_101 6 5 208.912761
demand_102 6 7 757.057162
demand_103 6 8 1040.599941
demand_104 6 9 956.985133
demand_105 6 10 726.861289
demand_106 6 11 171.130663
demand_107 6 12 1413.666533
demand_108 6 13 1551.273158
demand_109 6 14 502.530775
demand_110 6 15 475.425800
demand_111 6 16 636.007872
demand_112 7 0 951.168775
demand_113 7 1 1325.573010
demand_114 7 2 199.531825
demand_115 7 3 1069.590822
demand_116 7 4 890.821948
demand_117 7 5 447.336721
demand_118 7 6 578.415635
demand_119 7 8 1561.732936
demand_120 7 9 1063.321964
demand_121 7 10 729.133164
demand_122 7 11 889.996896
demand_123 7 12 775.456813
demand_124 7 13 288.875497
demand_125 7 14 1371.027028
demand_126 7 15 1254.508518
demand_127 7 16 1136.958175
demand_128 8 0 1099.218738
demand_129 8 1 1397.245202
demand_130 8 2 406.869173
demand_131 8 3 806.755680
demand_132 8 4 1493.061078
demand_133 8 5 1257.360652
demand_134 8 6 1356.555033
demand_135 8 7 1474.878409
demand_136 8 9 1475.670039
demand_137 8 10 1241.411280
demand_138 8 11 998.385250
demand_139 8 12 1358.585631
demand_140 8 13 1124.047215
demand_141 8 14 259.120385
demand_142 8 15 167.148570
demand_143 8 16 1269.428962
demand_144 9 0 158.084089
demand_145 9 1 236.368172
demand_146 9 2 1537.410863
demand_147 9 3 655.222210
demand_148 9 4 1244.093996
demand_149 9 5 741.040064
demand_150 9 6 684.494276
demand_151 9 7 1360.682379
demand_152 9 8 191.299268
demand_153 9 10 1291.083294
demand_154 9 11 1133.740939
demand_155 9 12 925.392444
demand_156 9 13 811.053451
demand_157 9 14 794.426816
demand_158 9 15 1447.865312
demand_159 9 16 267.014244
demand_160 10 0 1299.760515
demand_161 10 1 925.262083
demand_162 10 2 611.849071
demand_163 10 3 1389.472329
demand_164 10 4 229.421542
demand_165 10 5 838.741016
demand_166 10 6 1017.628036
demand_167 10 7 240.472492
demand_168 10 8 1391.042926
demand_169 10 9 1099.871142
demand_170 10 11 861.312339
demand_171 10 12 622.462346
demand_172 10 13 958.918170
demand_173 10 14 1166.523397
demand_174 10 15 215.322570
demand_175 10 16 1497.535173
demand_176 11 0 1405.870364
demand_177 11 1 304.693348
demand_178 11 2 1524.016973
demand_179 11 3 800.839587
demand_180 11 4 434.717551
demand_181 11 5 769.012359
demand_182 11 6 1538.216179
demand_183 11 7 1172.642466
demand_184 11 8 930.963181
demand_185 11 9 1504.258773
demand_186 11 10 706.327877
demand_187 11 12 729.576661
demand_188 11 13 868.310089
demand_189 11 14 392.082552
demand_190 11 15 851.748431
demand_191 11 16 610.505455
demand_192 12 0 1088.717818
demand_193 12 1 221.512514
demand_194 12 2 1000.736656
demand_195 12 3 489.586793
demand_196 12 4 471.016632
demand_197 12 5 947.005547
demand_198 12 6 1222.987101
demand_199 12 7 832.845417
demand_200 12 8 1134.759569
demand_201 12 9 1125.947756
demand_202 12 10 1233.241583
demand_203 12 11 996.791558
demand_204 12 13 1339.263861
demand_205 12 14 189.374411
demand_206 12 15 445.769168
demand_207 12 16 1533.303269
demand_208 13 0 326.317227
demand_209 13 1 1453.897996
demand_210 13 2 296.353888
demand_211 13 3 726.421078
demand_212 13 4 1360.836631
demand_213 13 5 157.856286
demand_214 13 6 605.867709
demand_215 13 7 1316.045122
demand_216 13 8 988.172976
demand_217 13 9 444.954074
demand_218 13 10 416.378808
demand_219 13 11 1219.560529
demand_220 13 12 857.014757
demand_221 13 14 1314.376258
demand_222 13 15 1125.019498
demand_223 13 16 1371.062237
demand_224 14 0 1202.209336
demand_225 14 1 384.588664
demand_226 14 2 207.900693
demand_227 14 3 283.957509
demand_228 14 4 534.728586
demand_229 14 5 1401.974362
demand_230 14 6 1249.812970
demand_231 14 7 1159.025548
demand_232 14 8 934.261944
demand_233 14 9 1004.766298
demand_234 14 10 627.368849
demand_235 14 11 432.343534
demand_236 14 12 1049.300869
demand_237 14 13 560.366895
demand_238 14 15 1384.478451
demand_239 14 16 188.831053
demand_240 15 0 367.512297
demand_241 15 1 1095.209918
demand_242 15 2 786.384196
demand_243 15 3 1435.620068
demand_244 15 4 662.356885
demand_245 15 5 1412.292470
demand_246 15 6 491.701882
demand_247 15 7 1359.874978
demand_248 15 8 1261.729650
demand_249 15 9 1055.025774
demand_250 15 10 440.513652
demand_251 15 11 1044.017540
demand_252 15 12 1507.303585
demand_253 15 13 535.972282
demand_254 15 14 193.093905
demand_255 15 16 361.213458
demand_256 16 0 1529.484109
demand_257 16 1 359.168978
demand_258 16 2 763.905974
demand_259 16 3 1446.918325
demand_260 16 4 750.300793
demand_261 16 5 336.830654
demand_262 16 6 1337.231049
demand_263 16 7 340.281976
demand_264 16 8 1122.606058
demand_265 16 9 771.818976
demand_266 16 10 214.096493
demand_267 16 11 405.840101
demand_268 16 12 1227.611615
demand_269 16 13 1144.461638
demand_270 16 14 217.502828
demand_271 16 15 1162.777066
