DEMANDS 272
label src dest bw
demand_0 0 1 227.870610
demand_1 0 2 998.127301
demand_2 0 3 329.240911
demand_3 0 4 327.258175
demand_4 0 5 1215.623606
demand_5 0 6 834.774206
demand_6 0 7 707.949524
demand_7 0 8 931.146046
demand_8 0 9 809.760997
demand_9 0 10 604.092509
demand_10 0 11 340.406973
demand_11 0 12 1354.661114
demand_12 0 13 266.759759
demand_13 0 14 1295.302092
demand_14 0 15 865.756799
demand_15 0 16 893.652758
demand_16 1 0 1296.584214
demand_17 1 2 364.974087
demand_18 1 3 552.790094
demand_19 1 4 1255.165486
demand_20 1 5 1471.480191
demand_21 1 6 1410.994228
demand_22 1 7 569.569526
demand_23 1 8 800.513513
demand_24 1 9 667.356797
demand_25 1 10 1331.429388
demand_26 1 11 641.305977
demand_27 1 12 670.166985
demand_28 1 13 197.636596
demand_29 1 14 1007.670759
demand_30 1 15 162.398459
demand_31 1 16 416.446412
demand_32 2 0 1340.310807
demand_33 2 1 153.282296
demand_34 2 3 298.093454
demand_35 2 4 992.080821
demand_36 2 5 1500.313927
demand_37 2 6 916.475073
demand_38 2 7 809.441704
demand_39 2 8 291.816710
demand_40 2 9 860.082848
demand_41 2 10 533.967121
demand_42 2 11 1039.843146
demand_43 2 12 1487.188228
demand_44 2 13 1020.653924
demand_45 2 14 559.688206
demand_46 2 15 341.189421
demand_47 2 16 809.659717
demand_48 3 0 376.350951
demand_49 3 1 524.563213
demand_50 3 2 282.529247
demand_51 3 4 1407.321075
demand_52 3 5 808.009755
demand_53 3 6 1123.936464
demand_54 3 7 409.936053
demand_55 3 8 433.932357
demand_56 3 9 480.638457
demand_57 3 10 386.866335
demand_58 3 11 646.204032
demand_59 3 12 1476.703480
demand_60 3 13 536.397734
demand_61 3 14 1473.766774
demand_62 3 15 1399.048049
demand_63 3 16 1002.839200
demand_64 4 0 311.249820
demand_65 4 1 1306.557696
demand_66 4 2 1207.623423
demand_67 4 3 1252.597914
demand_68 4 5 927.923828
demand_69 4 6 200.937295
demand_70 4 7 870.172228
demand_71 4 8 618.432555
demand_72 4 9 595.061788
demand_73 4 10 970.041497
demand_74 4 11 1266.142697
demand_75 4 12 519.043340
demand_76 4 13 830.253367
demand_77 4 14 1269.704475
demand_78 4 15 730.873423
demand_79 4 16 814.477696
demand_80 5 0 1166.962381
demand_81 5 1 1205.389619
demand_82 5 2 858.368317
demand_83 5 3 1008.434376
demand_84 5 4 533.781358
demand_85 5 6 1259.945113
demand_86 5 7 1331.420671
demand_87 5 8 763.869601
demand_88 5 9 991.413118
demand_89 5 10 511.829229
demand_90 5 11 1131.729786
demand_91 5 12 662.438418
demand_92 5 13 617.085808
demand_93 5 14 1088.704525
demand_94 5 15 941.649450
demand_95 5 16 1290.838186
demand_96 6 0 1044.734656
demand_97 6 1 948.213341
demand_98 6 2 977.724361
demand_99 6 3 499.664277
demand_100 6 4 708.950057
demand_101 6 5 1227.566689
demand_102 6 7 733.613298
demand_103 6 8 196.714244
demand_104 6 9 935.585572
demand_105 6 10 531.325849
demand_106 6 11 1307.750942
demand_107 6 12 625.857659
demand_108 6 13 1233.186639
demand_109 6 14 1315.890286
demand_110 6 15 150.519528
demand_111 6 16 1222.913007
demand_112 7 0 551.830120
demand_113 7 1 746.035703
demand_114 7 2 548.248387
demand_115 7 3 1286.747020
demand_116 7 4 1237.641237
demand_117 7 5 570.836053
demand_118 7 6 381.318582
demand_119 7 8 427.357134
demand_120 7 9 1179.395287
demand_121 7 10 1304.728331
demand_122 7 11 1075.717096
demand_123 7 12 281.775408
demand_124 7 13 171.986074
demand_125 7 14 1380.069916
demand_126 7 15 1238.729915
demand_127 7 16 893.037370
demand_128 8 0 1424.822494
demand_129 8 1 535.577579
demand_130 8 2 350.505421
demand_131 8 3 1247.949133
demand_132 8 4 199.045367
demand_133 8 5 668.360532
demand_134 8 6 783.338400
demand_135 8 7 1448.366823
demand_136 8 9 172.311500
demand_137 8 10 795.770964
demand_138 8 11 194.946974
demand_139 8 12 823.612183
demand_140 8 13 919.006836
demand_141 8 14 251.508231
demand_142 8 15 1295.115379
demand_143 8 16 1414.184906
demand_144 9 0 187.601271
demand_145 9 1 1314.778541
demand_146 9 2 1279.050100
demand_147 9 3 856.909476
demand_148 9 4 204.857227
demand_149 9 5 414.382042
demand_150 9 6 426.589253
demand_151 9 7 1293.150710
demand_152 9 8 1445.561810
demand_153 9 10 805.263170
demand_154 9 11 209.479471
demand_155 9 12 468.276866
demand_156 9 13 276.130859
demand_157 9 14 1320.553739
demand_158 9 15 744.555448
demand_159 9 16 214.634851
demand_160 10 0 1069.561512
demand_161 10 1 638.506609
demand_162 10 2 1020.567942
demand_163 10 3 848.131868
demand_164 10 4 753.784139
demand_165 10 5 796.108343
demand_166 10 6 239.100035
demand_167 10 7 238.608016
demand_168 10 8 260.531961
demand_169 10 9 411.433312
demand_170 10 11 1080.657704
demand_171 10 12 259.880085
demand_172 10 13 1376.235372
demand_173 10 14 155.559835
demand_174 10 15 519.093533
demand_175 10 16 1337.859715
demand_176 11 0 714.804940
demand_177 11 1 560.662002
demand_178 11 2 425.926165
demand_179 11 3 978.398997
demand_180 11 4 1412.360539
demand_181 11 5 996.285545
demand_182 11 6 976.967584
demand_183 11 7 1169.367072
demand_184 11 8 1055.784748
demand_185 11 9 587.399700
demand_186 11 10 1304.500168
demand_187 11 12 636.149768
demand_188 11 13 1492.918567
demand_189 11 14 579.640073
demand_190 11 15 162.259930
demand_191 11 16 1408.954559
demand_192 12 0 679.059376
demand_193 12 1 1418.774486
demand_194 12 2 977.942803
demand_195 12 3 817.755591
demand_196 12 4 1366.992172
demand_197 12 5 691.521466
demand_198 12 6 1365.650371
demand_199 12 7 835.827400
demand_200 12 8 378.530887
demand_201 12 9 868.796438
demand_202 12 10 1025.299564
demand_203 12 11 502.518839
demand_204 12 13 680.815170
demand_205 12 14 1112.452378
demand_206 12 15 695.999270
demand_207 12 16 363.463572
demand_208 13 0 1348.506964
demand_209 13 1 636.133676
demand_210 13 2 1231.100837
demand_211 13 3 622.356971
demand_212 13 4 952.505016
demand_213 13 5 311.599982
demand_214 13 6 1379.503797
demand_215 13 7 1349.290021
demand_216 13 8 1245.657504
demand_217 13 9 1264.323014
demand_218 13 10 383.588210
demand_219 13 11 522.779853
demand_220 13 12 289.588092
demand_221 13 14 1370.314690
demand_222 13 15 758.430789
demand_223 13 16 1148.822321
demand_224 14 0 151.036984
demand_225 14 1 1111.477864
demand_226 14 2 949.290097
demand_227 14 3 314.410259
demand_228 14 4 238.164772
demand_229 14 5 742.679009
demand_230 14 6 659.733776
demand_231 14 7 259.509300
demand_232 14 8 630.988496
demand_233 14 9 392.982515
demand_234 14 10 888.093458
demand_235 14 11 555.547703
demand_236 14 12 1241.644427
demand_237 14 13 1018.928989
demand_238 14 15 1007.711048
demand_239 14 16 610.456362
demand_240 15 0 914.982989
demand_241 15 1 1473.434567
demand_242 15 2 738.760824
demand_243 15 3 1328.816602
demand_244 15 4 1381.873546
demand_245 15 5 229.149380
demand_246 15 6 974.190526
demand_247 15 7 856.066007
demand_248 15 8 735.992000
demand_249 15 9 1187.957947
demand_250 15 10 1167.828223
demand_251 15 11 1259.927932
demand_252 15 12 612.636116
demand_253 15 13 1459.032433
demand_254 15 14 1360.516611
demand_255 15 16 1304.923468
demand_256 16 0 552.214825
demand_257 16 1 359.778364
demand_258 16 2 1194.106717
demand_259 16 3 764.382366
demand_260 16 4 1347.041749
demand_261 16 5 868.388901
demand_262 16 6 1070.029742
demand_263 16 7 244.520262
demand_264 16 8 751.522260
demand_265 16 9 1105.510342
demand_266 16 10 1135.674827
demand_267 16 11 638.879623
demand_268 16 12 1142.782333
demand_269 16 13 1181.798246
demand_270 16 14 913.739220
demand_271 16 15 1202.967055
