DEMANDS 272
label src dest bw
demand_0 0 1 825.514291
demand_1 0 2 1110.291716
demand_2 0 3 418.801317
demand_3 0 4 1213.964468
demand_4 0 5 1122.087746
demand_5 0 6 652.411790
demand_6 0 7 1484.063854
demand_7 0 8 279.601733
demand_8 0 9 719.120483
demand_9 0 10 235.890390
demand_10 0 11 562.254867
demand_11 0 12 1516.870021
demand_12 0 13 1414.535057
demand_13 0 14 772.281391
demand_14 0 15 1411.693515
demand_15 0 16 551.450714
demand_16 1 0 920.040683
demand_17 1 2 781.317735
demand_18 1 3 177.171957
demand_19 1 4 1452.060302
demand_20 1 5 578.041484
demand_21 1 6 1305.273644
demand_22 1 7 182.914982
demand_23 1 8 948.260105
demand_24 1 9 979.973412
demand_25 1 10 1314.364359
demand_26 1 11 583.613402
demand_27 1 12 1445.207649
demand_28 1 13 1167.343444
demand_29 1 14 1388.329739
demand_30 1 15 1339.741132
demand_31 1 16 1386.586040
demand_32 2 0 1143.517877
demand_33 2 1 874.383415
demand_34 2 3 1200.481272
demand_35 2 4 455.084489
demand_36 2 5 1177.805362
demand_37 2 6 1205.590142
demand_38 2 7 670.829489
demand_39 2 8 652.971733
demand_40 2 9 1266.449228
demand_41 2 10 342.994035
demand_42 2 11 1014.462183
demand_43 2 12 1416.317243
demand_44 2 13 547.101939
demand_45 2 14 1505.765522
demand_46 2 15 279.447781
demand_47 2 16 1138.286321
demand_48 3 0 1450.062269
demand_49 3 1 1062.634579
demand_50 3 2 280.308819
demand_51 3 4 1504.101443
demand_52 3 5 851.579555
demand_53 3 6 357.781869
demand_54 3 7 851.798954
demand_55 3 8 894.826150
demand_56 3 9 158.965639
demand_57 3 10 578.864147
demand_58 3 11 250.768675
demand_59 3 12 683.763456
demand_60 3 13 969.672608
demand_61 3 14 1229.603064
demand_62 3 15 1006.649410
demand_63 3 16 688.534746
demand_64 4 0 1348.864626
demand_65 4 1 1409.531423
demand_66 4 2 545.580669
demand_67 4 3 1283.984544
demand_68 4 5 372.074731
demand_69 4 6 1247.451583
demand_70 4 7 1185.198157
demand_71 4 8 748.423977
demand_72 4 9 1253.059888
demand_73 4 10 1510.207892
demand_74 4 11 580.522829
demand_75 4 12 196.528170
demand_76 4 13 1112.329599
demand_77 4 14 362.900271
demand_78 4 15 1327.999572
demand_79 4 16 890.988256
demand_80 5 0 307.587213
demand_81 5 1 1287.304228
demand_82 5 2 1315.980688
demand_83 5 3 419.634740
demand_84 5 4 1411.214694
demand_85 5 6 800.792845
demand_86 5 7 391.344641
demand_87 5 8 504.862605
demand_88 5 9 363.219649
demand_89 5 10 933.810244
demand_90 5 11 1339.748618
demand_91 5 12 1172.066380
demand_92 5 13 925.170126
demand_93 5 14 1123.769158
demand_94 5 15 870.690014
demand_95 5 16 786.602455
demand_96 6 0 541.570133
demand_97 6 1 1070.500585
demand_98 6 2 496.883818
demand_99 6 3 640.646400
demand_100 6 4 1328.425932
demand_101 6 5 663.171650
demand_102 6 7 1032.243979
demand_103 6 8 428.943608
demand_104 6 9 333.634632
demand_105 6 10 280.672979
demand_106 6 11 243.821884
demand_107 6 12 632.222851
demand_108 6 13 485.329362
demand_109 6 14 381.647598
demand_110 6 15 1427.270717
demand_111 6 16 896.845421
demand_112 7 0 519.320713
demand_113 7 1 326.044713
demand_114 7 2 1249.022359
demand_115 7 3 1208.607834
demand_116 7 4 908.208278
demand_117 7 5 190.272683
demand_118 7 6 467.870961
demand_119 7 8 948.605918
demand_120 7 9 1018.986238
demand_121 7 10 1216.485498
demand_122 7 11 1074.839813
demand_123 7 12 604.519247
demand_124 7 13 259.297657
demand_125 7 14 467.803263
demand_126 7 15 1500.464776
demand_127 7 16 800.651602
demand_128 8 0 1137.975801
demand_129 8 1 1105.452702
demand_130 8 2 560.222929
demand_131 8 3 1277.399262
demand_132 8 4 1082.688194
demand_133 8 5 460.039349
demand_134 8 6 1156.687808
demand_135 8 7 902.323211
demand_136 8 9 406.332978
demand_137 8 10 1390.232942
demand_138 8 11 774.758281
demand_139 8 12 485.909511
demand_140 8 13 1407.476443
demand_141 8 14 249.909537
demand_142 8 15 1142.077097
demand_143 8 16 601.207250
demand_144 9 0 252.797113
demand_145 9 1 1522.129198
demand_146 9 2 990.717250
demand_147 9 3 697.478493
demand_148 9 4 417.527824
demand_149 9 5 1251.519042
demand_150 9 6 811.086360
demand_151 9 7 690.497727
demand_152 9 8 1517.079012
demand_153 9 10 833.343774
demand_154 9 11 260.942055
demand_155 9 12 1492.108560
demand_156 9 13 1485.531847
demand_157 9 14 916.506467
demand_158 9 15 228.731253
demand_159 9 16 842.137090
demand_160 10 0 1399.971053
demand_161 10 1 1019.371923
demand_162 10 2 859.369245
demand_163 10 3 473.427714
demand_164 10 4 716.887482
demand_165 10 5 178.653798
demand_166 10 6 470.734111
demand_167 10 7 1370.121205
demand_168 10 8 1287.311993
demand_169 10 9 952.763463
demand_170 10 11 609.968194
demand_171 10 12 295.022387
demand_172 10 13 981.537500
demand_173 10 14 1264.727591
demand_174 10 15 648.991505
demand_175 10 16 1002.094868
demand_176 11 0 1032.752868
demand_177 11 1 751.730023
demand_178 11 2 1057.729301
demand_179 11 3 1229.966514
demand_180 11 4 1111.519424
demand_181 11 5 1460.693542
demand_182 11 6 1029.515623
demand_183 11 7 1223.790885
demand_184 11 8 1091.291239
demand_185 11 9 494.384449
demand_186 11 10 1172.889769
demand_187 11 12 1315.030542
demand_188 11 13 1185.714858
demand_189 11 14 646.646935
demand_190 11 15 408.007896
demand_191 11 16 1433.754480
demand_192 12 0 506.242550
demand_193 12 1 736.803667
demand_194 12 2 912.206653
demand_195 12 3 1262.224617
demand_196 12 4 1173.365988
demand_197 12 5 278.215069
demand_198 12 6 891.682587
demand_199 12 7 856.648285
demand_200 12 8 1452.084049
demand_201 12 9 429.183197
demand_202 12 10 878.661977
demand_203 12 11 537.170714
demand_204 12 13 359.538008
demand_205 12 14 1198.020887
demand_206 12 15 1029.746433
demand_207 12 16 1277.141662
demand_208 13 0 684.511953
demand_209 13 1 421.033515
demand_210 13 2 777.956829
demand_211 13 3 830.431946
demand_212 13 4 1432.273459
demand_213 13 5 873.887631
demand_214 13 6 851.317441
demand_215 13 7 903.230093
demand_216 13 8 320.205351
demand_217 13 9 514.911695
demand_218 13 10 395.787976
demand_219 13 11 883.092265
demand_220 13 12 1212.752069
demand_221 13 14 180.602062
demand_222 13 15 467.597668
demand_223 13 16 1345.477450
demand_224 14 0 1180.678157
demand_225 14 1 619.145766
demand_226 14 2 1118.989697
demand_227 14 3 155.504206
demand_228 14 4 345.348799
demand_229 14 5 1078.188835
demand_230 14 6 986.134507
demand_231 14 7 911.943167
demand_232 14 8 1030.052512
demand_233 14 9 530.882563
demand_234 14 10 1096.722904
demand_235 14 11 513.805153
demand_236 14 12 416.183284
demand_237 14 13 871.932848
demand_238 14 15 842.818382
demand_239 14 16 741.043837
demand_240 15 0 706.056394
demand_241 15 1 996.427716
demand_242 15 2 1462.953473
demand_243 15 3 236.587813
demand_244 15 4 1513.845715
demand_245 15 5 423.850492
demand_246 15 6 560.336457
demand_247 15 7 971.287087
demand_248 15 8 1131.731586
demand_249 15 9 1315.117365
demand_250 15 10 1429.634348
demand_251 15 11 1332.961370
demand_252 15 12 291.592843
demand_253 15 13 527.390111
demand_254 15 14 1209.419904
demand_255 15 16 1253.702102
demand_256 16 0 1042.230542
demand_257 16 1 1036.721856
demand_258 16 2 1336.112619
demand_259 16 3 714.071814
demand_260 16 4 847.683682
demand_261 16 5 1311.375764
demand_262 16 6 1011.453738
demand_263 16 7 410.532108
demand_264 16 8 522.320478
demand_265 16 9 1488.409304
demand_266 16 10 234.869071
demand_267 16 11 619.968636
demand_268 16 12 764.149681
demand_269 16 13 381.107754
demand_270 16 14 1208.766976
demand_271 16 15 672.568404
