DEMANDS 272
label src dest bw
demand_0 0 1 1067.946587
demand_1 0 2 854.964925
demand_2 0 3 1317.684180
demand_3 0 4 1061.534382
demand_4 0 5 1017.961351
demand_5 0 6 407.246720
demand_6 0 7 517.329711
demand_7 0 8 1096.741253
demand_8 0 9 1446.254631
demand_9 0 10 1448.725347
demand_10 0 11 1010.314255
demand_11 0 12 244.942239
demand_12 0 13 1113.944306
demand_13 0 14 1103.647433
demand_14 0 15 564.839596
demand_15 0 16 533.383330
demand_16 1 0 648.280437
demand_17 1 2 517.674300
demand_18 1 3 1240.026769
demand_19 1 4 248.635814
demand_20 1 5 1329.955704
demand_21 1 6 1121.284058
demand_22 1 7 838.098437
demand_23 1 8 1162.227362
demand_24 1 9 832.864860
demand_25 1 10 756.584558
demand_26 1 11 1498.988991
demand_27 1 12 325.366255
demand_28 1 13 964.977596
demand_29 1 14 1457.507435
demand_30 1 15 830.370256
demand_31 1 16 351.136203
demand_32 2 0 914.504488
demand_33 2 1 494.836512
demand_34 2 3 182.973025
demand_35 2 4 930.242955
demand_36 2 5 554.929963
demand_37 2 6 1183.250134
demand_38 2 7 938.619615
demand_39 2 8 246.170416
demand_40 2 9 1496.595710
demand_41 2 10 299.039318
demand_42 2 11 721.697079
demand_43 2 12 950.205430
demand_44 2 13 715.790220
demand_45 2 14 1407.125955
demand_46 2 15 1143.331690
demand_47 2 16 807.864464
demand_48 3 0 898.973759
demand_49 3 1 1055.508431
demand_50 3 2 705.643035
demand_51 3 4 1416.703029
demand_52 3 5 1437.765223
demand_53 3 6 1281.993972
demand_54 3 7 356.586230
demand_55 3 8 1140.902805
demand_56 3 9 740.525173
demand_57 3 10 1444.006874
demand_58 3 11 1014.720842
demand_59 3 12 1057.040670
demand_60 3 13 207.842981
demand_61 3 14 1204.641755
demand_62 3 15 1379.708071
demand_63 3 16 214.156189
demand_64 4 0 830.785783
demand_65 4 1 1238.759356
demand_66 4 2 454.358467
demand_67 4 3 1200.166234
demand_68 4 5 981.542418
demand_69 4 6 1074.104395
demand_70 4 7 1033.627727
demand_71 4 8 503.855496
demand_72 4 9 620.463470
demand_73 4 10 234.358150
demand_74 4 11 201.811048
demand_75 4 12 197.631773
demand_76 4 13 329.604580
demand_77 4 14 668.496135
demand_78 4 15 901.010318
demand_79 4 16 621.931112
demand_80 5 0 256.892038
demand_81 5 1 902.569729
demand_82 5 2 594.758421
demand_83 5 3 160.203755
demand_84 5 4 677.908182
demand_85 5 6 224.959853
demand_86 5 7 1015.770413
demand_87 5 8 428.094581
demand_88 5 9 865.828112
demand_89 5 10 1147.481820
demand_90 5 11 1212.026864
demand_91 5 12 650.153758
demand_92 5 13 731.573576
demand_93 5 14 240.585802
demand_94 5 15 654.871609
demand_95 5 16 1465.222994
demand_96 6 0 540.023176
demand_97 6 1 273.888410
demand_98 6 2 616.127318
demand_99 6 3 916.307182
demand_100 6 4 512.250792
demand_101 6 5 741.636013
demand_102 6 7 931.037672
demand_103 6 8 1351.076777
demand_104 6 9 1066.886855
demand_105 6 10 921.063687
demand_106 6 11 851.567430
demand_107 6 12 470.043393
demand_108 6 13 250.786680
demand_109 6 14 1273.696629
demand_110 6 15 425.168284
demand_111 6 16 627.569988
demand_112 7 0 1174.457138
demand_113 7 1 306.762143
demand_114 7 2 295.771862
demand_115 7 3 186.170468
demand_116 7 4 457.916994
demand_117 7 5 1367.302777
demand_118 7 6 1087.022949
demand_119 7 8 1447.788187
demand_120 7 9 865.045027
demand_121 7 10 631.860004
demand_122 7 11 1380.250101
demand_123 7 12 1338.145079
demand_124 7 13 239.909465
demand_125 7 14 602.393247
demand_126 7 15 283.610132
demand_127 7 16 475.143190
demand_128 8 0 681.857762
demand_129 8 1 827.712696
demand_130 8 2 781.852031
demand_131 8 3 868.914349
demand_132 8 4 652.908371
demand_133 8 5 422.297359
demand_134 8 6 1110.449924
demand_135 8 7 289.954114
demand_136 8 9 1160.398280
demand_137 8 10 1355.819325
demand_138 8 11 1319.573147
demand_139 8 12 1155.498457
demand_140 8 13 1158.349781
demand_141 8 14 521.601476
demand_142 8 15 582.800548
demand_143 8 16 980.347143
demand_144 9 0 746.553021
demand_145 9 1 280.986382
demand_146 9 2 156.701126
demand_147 9 3 855.281526
demand_148 9 4 985.670079
demand_149 9 5 573.416880
demand_150 9 6 863.369418
demand_151 9 7 815.885866
demand_152 9 8 478.943513
demand_153 9 10 334.132643
demand_154 9 11 1449.945947
demand_155 9 12 417.204948
demand_156 9 13 1263.425645
demand_157 9 14 1255.863473
demand_158 9 15 279.558399
demand_159 9 16 368.294428
demand_160 10 0 890.860210
demand_161 10 1 836.967644
demand_162 10 2 496.492797
demand_163 10 3 1356.215042
demand_164 10 4 1428.157010
demand_165 10 5 200.658358
demand_166 10 6 1359.377730
demand_167 10 7 876.191993
demand_168 10 8 330.387910
demand_169 10 9 485.491777
demand_170 10 11 679.608225
demand_171 10 12 911.218580
demand_172 10 13 483.790742
demand_173 10 14 888.007690
demand_174 10 15 1394.072307
demand_175 10 16 1365.041275
demand_176 11 0 185.714043
demand_177 11 1 1000.925061
demand_178 11 2 1346.073365
demand_179 11 3 379.954037
demand_180 11 4 752.967064
demand_181 11 5 882.786661
demand_182 11 6 659.519547
demand_183 11 7 1475.866330
demand_184 11 8 1476.809661
demand_185 11 9 700.970673
demand_186 11 10 1202.114584
demand_187 11 12 270.525990
demand_188 11 13 243.705509
demand_189 11 14 1155.245198
demand_190 11 15 867.732948
demand_191 11 16 342.471201
demand_192 12 0 662.348666
demand_193 12 1 378.580170
demand_194 12 2 266.828227
demand_195 12 3 665.373377
demand_196 12 4 268.427838
demand_197 12 5 1049.372006
demand_198 12 6 1159.780897
demand_199 12 7 245.368204
demand_200 12 8 1406.585047
demand_201 12 9 175.818009
demand_202 12 10 1176.373710
demand_203 12 11 722.032388
demand_204 12 13 919.836990
demand_205 12 14 293.162192
demand_206 12 15 580.895260
demand_207 12 16 385.041255
demand_208 13 0 1166.255941
demand_209 13 1 1089.774244
demand_210 13 2 1365.692000
demand_211 13 3 1461.363834
demand_212 13 4 762.458836
demand_213 13 5 1035.077182
demand_214 13 6 961.560905
demand_215 13 7 1349.497260
demand_216 13 8 380.225814
demand_217 13 9 364.757456
demand_218 13 10 1214.028110
demand_219 13 11 1048.847769
demand_220 13 12 381.499271
demand_221 13 14 269.174253
demand_222 13 15 1379.654969
demand_223 13 16 1392.363360
demand_224 14 0 992.833272
demand_225 14 1 291.216619
demand_226 14 2 196.449744
demand_227 14 3 377.860477
demand_228 14 4 1102.822919
demand_229 14 5 1438.576958
demand_230 14 6 524.152939
demand_231 14 7 1369.374455
demand_232 14 8 337.265391
demand_233 14 9 1134.880173
demand_234 14 10 1389.443190
demand_235 14 11 549.729120
demand_236 14 12 391.303323
demand_237 14 13 595.373411
demand_238 14 15 1020.326719
demand_239 14 16 480.672909
demand_240 15 0 1068.863106
demand_241 15 1 1249.544070
demand_242 15 2 641.028473
demand_243 15 3 850.170329
demand_244 15 4 1079.208970
demand_245 15 5 611.448501
demand_246 15 6 1079.316634
demand_247 15 7 971.670259
demand_248 15 8 228.742516
demand_249 15 9 418.802440
demand_250 15 10 965.504121
demand_251 15 11 965.448110
demand_252 15 12 728.847574
demand_253 15 13 186.648770
demand_254 15 14 1030.990735
demand_255 15 16 353.248210
demand_256 16 0 331.317283
demand_257 16 1 301.386677
demand_258 16 2 1163.988381
demand_259 16 3 1053.579942
demand_260 16 4 598.780829
demand_261 16 5 973.912239
demand_262 16 6 190.509427
demand_263 16 7 1103.897127
demand_264 16 8 547.713402
demand_265 16 9 325.463824
demand_266 16 10 566.847087
demand_267 16 11 698.762761
demand_268 16 12 873.644575
demand_269 16 13 1053.886812
demand_270 16 14 301.572924
demand_271 16 15 266.024809
