DEMANDS 272
label src dest bw
demand_0 0 1 1054.223149
demand_1 0 2 679.775349
demand_2 0 3 891.049904
demand_3 0 4 1086.731612
demand_4 0 5 390.728186
demand_5 0 6 886.279899
demand_6 0 7 939.483380
demand_7 0 8 848.547678
demand_8 0 9 1170.619275
demand_9 0 10 848.003285
demand_10 0 11 664.844693
demand_11 0 12 249.601056
demand_12 0 13 1071.039130
demand_13 0 14 1433.558780
demand_14 0 15 328.537737
demand_15 0 16 342.125639
demand_16 1 0 411.030149
demand_17 1 2 1356.771649
demand_18 1 3 1182.789517
demand_19 1 4 1321.327416
demand_20 1 5 1396.499820
demand_21 1 6 1151.751758
demand_22 1 7 1300.546843
demand_23 1 8 548.022029
demand_24 1 9 773.011795
demand_25 1 10 1061.120241
demand_26 1 11 1304.767351
demand_27 1 12 1149.290806
demand_28 1 13 478.404745
demand_29 1 14 489.797784
demand_30 1 15 233.029758
demand_31 1 16 427.191395
demand_32 2 0 760.355897
demand_33 2 1 281.415830
demand_34 2 3 1402.563925
demand_35 2 4 293.976507
demand_36 2 5 637.506932
demand_37 2 6 906.317984
demand_38 2 7 644.658392
demand_39 2 8 742.220637
demand_40 2 9 269.379039
demand_41 2 10 992.346809
demand_42 2 11 1056.439472
demand_43 2 12 1189.157881
demand_44 2 13 253.830058
demand_45 2 14 602.910629
demand_46 2 15 1311.989900
demand_47 2 16 144.380794
demand_48 3 0 497.858485
demand_49 3 1 390.364056
demand_50 3 2 615.810085
demand_51 3 4 968.954126
demand_52 3 5 1258.153997
demand_53 3 6 1224.365823
demand_54 3 7 422.406006
demand_55 3 8 387.588018
demand_56 3 9 1259.691037
demand_57 3 10 509.449680
demand_58 3 11 364.638966
demand_59 3 12 1023.506944
demand_60 3 13 480.250184
demand_61 3 14 259.007549
demand_62 3 15 1089.189924
demand_63 3 16 873.125445
demand_64 4 0 657.786786
demand_65 4 1 359.004620
demand_66 4 2 1439.021040
demand_67 4 3 849.357752
demand_68 4 5 1245.833920
demand_69 4 6 659.127149
demand_70 4 7 861.110407
demand_71 4 8 436.952107
demand_72 4 9 1149.994478
demand_73 4 10 1033.047534
demand_74 4 11 980.542574
demand_75 4 12 1216.882522
demand_76 4 13 800.685975
demand_77 4 14 1101.673717
demand_78 4 15 912.929549
demand_79 4 16 164.024041
demand_80 5 0 465.761333
demand_81 5 1 255.030022
demand_82 5 2 742.119855
demand_83 5 3 279.812959
demand_84 5 4 1169.620976
demand_85 5 6 734.061587
demand_86 5 7 489.983392
demand_87 5 8 816.565520
demand_88 5 9 1074.627194
demand_89 5 10 1409.895356
demand_90 5 11 1109.109117
demand_91 5 12 165.229425
demand_92 5 13 517.903037
demand_93 5 14 1225.845481
demand_94 5 15 258.735057
demand_95 5 16 1056.408959
demand_96 6 0 199.425324
demand_97 6 1 1066.448284
demand_98 6 2 320.494018
demand_99 6 3 1174.175189
demand_100 6 4 249.903782
demand_101 6 5 329.550988
demand_102 6 7 555.143195
demand_103 6 8 982.214644
demand_104 6 9 939.951999
demand_105 6 10 919.712389
demand_106 6 11 591.587532
demand_107 6 12 934.748592
demand_108 6 13 785.314526
demand_109 6 14 1128.133499
demand_110 6 15 1430.272126
demand_111 6 16 978.182136
demand_112 7 0 514.115112
demand_113 7 1 1220.900548
demand_114 7 2 492.253117
demand_115 7 3 194.556572
demand_116 7 4 1061.625067
demand_117 7 5 1018.935950
demand_118 7 6 595.915512
demand_119 7 8 256.717595
demand_120 7 9 467.103430
demand_121 7 10 478.342488
demand_122 7 11 229.930264
demand_123 7 12 606.506814
demand_124 7 13 1041.983229
demand_125 7 14 894.190239
demand_126 7 15 609.346806
demand_127 7 16 471.101620
demand_128 8 0 454.344240
demand_129 8 1 1390.519824
demand_130 8 2 1299.151286
demand_131 8 3 1321.465736
demand_132 8 4 382.254850
demand_133 8 5 718.629533
demand_134 8 6 525.516741
demand_135 8 7 154.381061
demand_136 8 9 544.194236
demand_137 8 10 310.514463
demand_138 8 11 1357.471552
demand_139 8 12 1197.121905
demand_140 8 13 983.383259
demand_141 8 14 316.036514
demand_142 8 15 412.986260
demand_143 8 16 197.885408
demand_144 9 0 854.292614
demand_145 9 1 861.762516
demand_146 9 2 1381.874046
demand_147 9 3 974.718094
demand_148 9 4 1001.395506
demand_149 9 5 699.104257
demand_150 9 6 985.203721
demand_151 9 7 1260.658291
demand_152 9 8 1030.161773
demand_153 9 10 429.851117
demand_154 9 11 1419.235619
demand_155 9 12 844.974014
demand_156 9 13 267.567710
demand_157 9 14 1431.004597
demand_158 9 15 617.547520
demand_159 9 16 270.063139
demand_160 10 0 821.189374
demand_161 10 1 881.383305
demand_162 10 2 152.782648
demand_163 10 3 261.877541
demand_164 10 4 1390.250996
demand_165 10 5 482.268910
demand_166 10 6 177.962194
demand_167 10 7 1342.797991
demand_168 10 8 644.319349
demand_169 10 9 851.860506
demand_170 10 11 846.648216
demand_171 10 12 238.220963
demand_172 10 13 398.889066
demand_173 10 14 1133.900722
demand_174 10 15 1017.186336
demand_175 10 16 1153.604431
demand_176 11 0 462.001180
demand_177 11 1 495.459339
demand_178 11 2 379.181897
demand_179 11 3 1085.810097
demand_180 11 4 1278.486481
demand_181 11 5 1206.918893
demand_182 11 6 555.491710
demand_183 11 7 912.480950
demand_184 11 8 1130.498760
demand_185 11 9 415.760376
demand_186 11 10 1191.771659
demand_187 11 12 1417.235240
demand_188 11 13 269.288602
demand_189 11 14 804.527364
demand_190 11 15 301.163787
demand_191 11 16 975.309229
demand_192 12 0 574.750590
demand_193 12 1 1417.330442
demand_194 12 2 665.929904
demand_195 12 3 858.199011
demand_196 12 4 1156.137783
demand_197 12 5 1063.429633
demand_198 12 6 1430.112889
demand_199 12 7 249.844086
demand_200 12 8 1381.280009
demand_201 12 9 529.865897
demand_202 12 10 848.602520
demand_203 12 11 1148.347016
demand_204 12 13 377.108235
demand_205 12 14 984.155551
demand_206 12 15 1249.711619
demand_207 12 16 1061.988327
demand_208 13 0 989.277619
demand_209 13 1 1203.191059
demand_210 13 2 1162.973116
demand_211 13 3 501.352333
demand_212 13 4 159.026543
demand_213 13 5 700.693313
demand_214 13 6 850.547349
demand_215 13 7 172.657324
demand_216 13 8 776.094966
demand_217 13 9 676.706094
demand_218 13 10 1018.979513
demand_219 13 11 1339.054286
demand_220 13 12 1202.631580
demand_221 13 14 935.894277
demand_222 13 15 680.662550
demand_223 13 16 412.597319
demand_224 14 0 1088.372964
demand_225 14 1 1273.674846
demand_226 14 2 1392.387592
demand_227 14 3 1257.423458
demand_228 14 4 449.225695
demand_229 14 5 308.082613
demand_230 14 6 1123.339029
demand_231 14 7 1097.570211
demand_232 14 8 337.231621
demand_233 14 9 1292.786476
demand_234 14 10 442.347205
demand_235 14 11 1192.161319
demand_236 14 12 1373.046634
demand_237 14 13 615.014738
demand_238 14 15 1029.049372
demand_239 14 16 192.886625
demand_240 15 0 1186.941647
demand_241 15 1 694.929379
demand_242 15 2 444.312776
demand_243 15 3 144.742678
demand_244 15 4 567.857238
demand_245 15 5 1383.876843
demand_246 15 6 671.171392
demand_247 15 7 586.662697
demand_248 15 8 972.175927
demand_249 15 9 658.240130
demand_250 15 10 443.162928
demand_251 15 11 914.941865
demand_252 15 12 920.454966
demand_253 15 13 1400.165527
demand_254 15 14 1334.002310
demand_255 15 16 1368.857032
demand_256 16 0 585.283555
demand_257 16 1 1312.756462
demand_258 16 2 1199.048928
demand_259 16 3 844.938619
demand_260 16 4 860.537732
demand_261 16 5 712.530469
demand_262 16 6 839.684404
demand_263 16 7 1421.038575
demand_264 16 8 1323.460372
demand_265 16 9 670.687683
demand_266 16 10 757.780620
demand_267 16 11 232.422970
demand_268 16 12 231.862896
demand_269 16 13 1270.942620
demand_270 16 14 332.719114
demand_271 16 15 888.278899
