DEMANDS 272
label src dest bw
demand_0 0 1 303.345270
demand_1 0 2 554.422037
demand_2 0 3 1012.294896
demand_3 0 4 929.219833
demand_4 0 5 1275.102381
demand_5 0 6 540.282893
demand_6 0 7 556.829276
demand_7 0 8 470.891817
demand_8 0 9 729.424954
demand_9 0 10 1032.110887
demand_10 0 11 1074.551180
demand_11 0 12 334.490016
demand_12 0 13 1011.905407
demand_13 0 14 337.392635
demand_14 0 15 1144.325980
demand_15 0 16 241.328795
demand_16 1 0 263.537307
demand_17 1 2 347.680856
demand_18 1 3 226.854162
demand_19 1 4 814.107758
demand_20 1 5 1325.300344
demand_21 1 6 866.524585
demand_22 1 7 789.000872
demand_23 1 8 486.973614
demand_24 1 9 1299.370424
demand_25 1 10 259.364664
demand_26 1 11 756.107070
demand_27 1 12 749.841132
demand_28 1 13 1056.068453
demand_29 1 14 1315.901679
demand_30 1 15 657.464592
demand_31 1 16 1112.833960
demand_32 2 0 614.716893
demand_33 2 1 803.544464
demand_34 2 3 1046.594326
demand_35 2 4 510.267335
demand_36 2 5 1157.755832
demand_37 2 6 333.486838
demand_38 2 7 1018.056224
demand_39 2 8 865.046691
demand_40 2 9 1385.034945
demand_41 2 10 1113.597201
demand_42 2 11 220.120126
demand_43 2 12 543.299475
demand_44 2 13 874.688744
demand_45 2 14 319.998786
demand_46 2 15 695.540946
demand_47 2 16 1041.128551
demand_48 3 0 1064.825592
demand_49 3 1 1351.680869
demand_50 3 2 1384.661434
demand_51 3 4 175.296556
demand_52 3 5 255.267425
demand_53 3 6 593.804620
demand_54 3 7 586.500792
demand_55 3 8 838.158247
demand_56 3 9 314.528449
demand_57 3 10 546.196661
demand_58 3 11 864.152547
demand_59 3 12 1259.759458
demand_60 3 13 1251.303062
demand_61 3 14 711.366136
demand_62 3 15 959.441749
demand_63 3 16 1099.065744
demand_64 4 0 391.129743
demand_65 4 1 213.625954
demand_66 4 2 990.508127
demand_67 4 3 446.551060
demand_68 4 5 1218.092417
demand_69 4 6 623.909661
demand_70 4 7 1282.064142
demand_71 4 8 1358.132302
demand_72 4 9 670.726645
demand_73 4 10 679.765180
demand_74 4 11 507.166621
demand_75 4 12 619.922431
demand_76 4 13 390.450436
demand_77 4 14 506.213559
demand_78 4 15 1297.416892
demand_79 4 16 372.062876
demand_80 5 0 421.415724
demand_81 5 1 501.675381
demand_82 5 2 175.048327
demand_83 5 3 264.111153
demand_84 5 4 758.767480
demand_85 5 6 529.155823
demand_86 5 7 791.799569
demand_87 5 8 1293.591163
demand_88 5 9 922.771399
demand_89 5 10 203.062970
demand_90 5 11 982.259432
demand_91 5 12 367.728325
demand_92 5 13 742.140484
demand_93 5 14 1319.311128
demand_94 5 15 924.074752
demand_95 5 16 1165.718541
demand_96 6 0 387.134543
demand_97 6 1 309.013848
demand_98 6 2 1174.359749
demand_99 6 3 900.471476
demand_100 6 4 787.597142
demand_101 6 5 555.269899
demand_102 6 7 1346.770421
demand_103 6 8 395.466442
demand_104 6 9 633.400482
demand_105 6 10 1307.431237
demand_106 6 11 669.757913
demand_107 6 12 1405.237593
demand_108 6 13 814.062524
demand_109 6 14 934.011778
demand_110 6 15 844.655032
demand_111 6 16 1024.055037
demand_112 7 0 781.824443
demand_113 7 1 1007.181020
demand_114 7 2 1026.628847
demand_115 7 3 607.631373
demand_116 7 4 1027.283516
demand_117 7 5 1121.913649
demand_118 7 6 985.748219
demand_119 7 8 1182.635425
demand_120 7 9 683.680306
demand_121 7 10 351.901229
demand_122 7 11 818.653547
demand_123 7 12 920.867892
demand_124 7 13 783.472881
demand_125 7 14 790.807844
demand_126 7 15 1321.926866
demand_127 7 16 744.742933
demand_128 8 0 1379.537959
demand_129 8 1 834.557379
demand_130 8 2 269.670111
demand_131 8 3 614.203491
demand_132 8 4 246.007660
demand_133 8 5 1040.715268
demand_134 8 6 874.532080
demand_135 8 7 1044.954887
demand_136 8 9 298.688880
demand_137 8 10 1315.335896
demand_138 8 11 1345.548691
demand_139 8 12 1396.475097
demand_140 8 13 800.536080
demand_141 8 14 613.062675
demand_142 8 15 1130.146112
demand_143 8 16 740.811462
demand_144 9 0 412.247547
demand_145 9 1 857.326927
demand_146 9 2 587.208682
demand_147 9 3 874.439993
demand_148 9 4 341.057879
demand_149 9 5 1155.599343
demand_150 9 6 843.371927
demand_151 9 7 291.368228
demand_152 9 8 447.890992
demand_153 9 10 1040.274724
demand_154 9 11 1140.625712
demand_155 9 12 1251.216367
demand_156 9 13 694.720488
demand_157 9 14 809.143623
demand_158 9 15 162.865958
demand_159 9 16 1205.132884
demand_160 10 0 883.964052
demand_161 10 1 1384.836435
demand_162 10 2 670.967362
demand_163 10 3 318.846702
demand_164 10 4 237.511771
demand_165 10 5 315.501058
demand_166 10 6 688.464230
demand_167 10 7 1260.164858
demand_168 10 8 834.765850
demand_169 10 9 849.048305
demand_170 10 11 226.857168
demand_171 10 12 1000.001276
demand_172 10 13 1233.566558
demand_173 10 14 1053.803253
demand_174 10 15 1318.019986
demand_175 10 16 248.377595
demand_176 11 0 261.882377
demand_177 11 1 654.310151
demand_178 11 2 951.814204
demand_179 11 3 468.275083
demand_180 11 4 408.586965
demand_181 11 5 169.525582
demand_182 11 6 540.035629
demand_183 11 7 723.558954
demand_184 11 8 174.400089
demand_185 11 9 450.378487
demand_186 11 10 146.560455
demand_187 11 12 265.647484
demand_188 11 13 617.382718
demand_189 11 14 1289.793537
demand_190 11 15 1286.568725
demand_191 11 16 996.815385
demand_192 12 0 1015.895113
demand_193 12 1 1241.101523
demand_194 12 2 535.396098
demand_195 12 3 1353.719259
demand_196 12 4 1376.823293
demand_197 12 5 820.263234
demand_198 12 6 611.246990
demand_199 12 7 345.934496
demand_200 12 8 1029.209984
demand_201 12 9 1200.553982
demand_202 12 10 523.550242
demand_203 12 11 1352.586026
demand_204 12 13 1186.319939
demand_205 12 14 264.619744
demand_206 12 15 871.324190
demand_207 12 16 475.129005
demand_208 13 0 856.190890
demand_209 13 1 524.542620
demand_210 13 2 880.705153
demand_211 13 3 1406.635361
demand_212 13 4 492.262496
demand_213 13 5 760.990187
demand_214 13 6 168.749929
demand_215 13 7 501.332526
demand_216 13 8 332.780963
demand_217 13 9 202.638526
demand_218 13 10 800.449519
demand_219 13 11 1309.696813
demand_220 13 12 861.834050
demand_221 13 14 212.047876
demand_222 13 15 927.141558
demand_223 13 16 571.113665
demand_224 14 0 820.002148
demand_225 14 1 462.301428
demand_226 14 2 554.700206
demand_227 14 3 162.752349
demand_228 14 4 1180.110505
demand_229 14 5 246.948160
demand_230 14 6 606.149204
demand_231 14 7 1277.208249
demand_232 14 8 1030.742411
demand_233 14 9 1427.783769
demand_234 14 10 529.147814
demand_235 14 11 768.668214
demand_236 14 12 894.816061
demand_237 14 13 325.239410
demand_238 14 15 795.286135
demand_239 14 16 1119.838397
demand_240 15 0 143.479461
demand_241 15 1 744.770329
demand_242 15 2 197.097043
demand_243 15 3 697.226345
demand_244 15 4 687.303122
demand_245 15 5 188.380715
demand_246 15 6 832.530775
demand_247 15 7 920.243532
demand_248 15 8 1359.378294
demand_249 15 9 1075.897996
demand_250 15 10 979.489736
demand_251 15 11 343.319715
demand_252 15 12 920.908749
demand_253 15 13 1167.860114
demand_254 15 14 229.428426
demand_255 15 16 549.845340
demand_256 16 0 171.628081
demand_257 16 1 883.258268
demand_258 16 2 1071.357428
demand_259 16 3 996.060467
demand_260 16 4 734.600095
demand_261 16 5 824.980236
demand_262 16 6 1200.569591
demand_263 16 7 1111.575875
demand_264 16 8 1125.105339
demand_265 16 9 216.247004
demand_266 16 10 1185.818895
demand_267 16 11 1096.963856
demand_268 16 12 1023.070340
demand_269 16 13 227.035761
demand_270 16 14 1054.897629
demand_271 16 15 964.433807
