DEMANDS 272
label src dest bw
demand_0 0 1 985.730483
demand_1 0 2 623.409573
demand_2 0 3 927.228623
demand_3 0 4 1012.674236
demand_4 0 5 1016.481781
demand_5 0 6 1365.584499
demand_6 0 7 958.534047
demand_7 0 8 799.345820
demand_8 0 9 252.703626
demand_9 0 10 638.625875
demand_10 0 11 514.347721
demand_11 0 12 315.755134
demand_12 0 13 155.265326
demand_13 0 14 671.113651
demand_14 0 15 773.276227
demand_15 0 16 169.729131
demand_16 1 0 858.992363
demand_17 1 2 241.739662
demand_18 1 3 664.497183
demand_19 1 4 544.655276
demand_20 1 5 1129.312480
demand_21 1 6 912.161761
demand_22 1 7 676.911332
demand_23 1 8 571.526432
demand_24 1 9 174.400366
demand_25 1 10 256.990822
demand_26 1 11 1236.309796
demand_27 1 12 771.380931
demand_28 1 13 462.037218
demand_29 1 14 1117.428511
demand_30 1 15 834.300519
demand_31 1 16 636.252344
demand_32 2 0 967.309620
demand_33 2 1 362.210147
demand_34 2 3 1050.710392
demand_35 2 4 193.833657
demand_36 2 5 910.759795
demand_37 2 6 402.785394
demand_38 2 7 461.185784
demand_39 2 8 653.535975
demand_40 2 9 1056.698168
demand_41 2 10 1157.352795
demand_42 2 11 1288.553858
demand_43 2 12 424.821025
demand_44 2 13 158.938644
demand_45 2 14 1116.849424
demand_46 2 15 376.291422
demand_47 2 16 1158.778021
demand_48 3 0 1360.131155
demand_49 3 1 147.295907
demand_50 3 2 1292.923121
demand_51 3 4 1277.701478
demand_52 3 5 1406.483646
demand_53 3 6 1242.441345
demand_54 3 7 514.044932
demand_55 3 8 1285.714965
demand_56 3 9 766.072099
demand_57 3 10 771.749383
demand_58 3 11 1303.044157
demand_59 3 12 1132.549417
demand_60 3 13 989.924050
demand_61 3 14 655.628668
demand_62 3 15 1216.540153
demand_63 3 16 661.348629
demand_64 4 0 227.729719
demand_65 4 1 954.901342
demand_66 4 2 359.986112
demand_67 4 3 1268.936321
demand_68 4 5 433.475058
demand_69 4 6 247.262795
demand_70 4 7 855.145476
demand_71 4 8 1232.553059
demand_72 4 9 202.955674
demand_73 4 10 1032.492726
demand_74 4 11 797.840049
demand_75 4 12 207.416957
demand_76 4 13 1048.158647
demand_77 4 14 1313.387590
demand_78 4 15 149.649716
demand_79 4 16 441.763996
demand_80 5 0 1413.706494
demand_81 5 1 1118.774172
demand_82 5 2 1116.225642
demand_83 5 3 751.759921
demand_84 5 4 612.515855
demand_85 5 6 627.278336
demand_86 5 7 752.070899
demand_87 5 8 447.340231
demand_88 5 9 1243.464281
demand_89 5 10 880.640168
demand_90 5 11 464.977411
demand_91 5 12 327.808037
demand_92 5 13 363.478021
demand_93 5 14 143.491338
demand_94 5 15 1194.060451
demand_95 5 16 1134.398871
demand_96 6 0 160.886205
demand_97 6 1 575.576476
demand_98 6 2 432.008729
demand_99 6 3 1161.241095
demand_100 6 4 1352.134734
demand_101 6 5 644.975288
demand_102 6 7 1170.150811
demand_103 6 8 426.028277
demand_104 6 9 797.658797
demand_105 6 10 1247.319265
demand_106 6 11 178.284318
demand_107 6 12 1038.529331
demand_108 6 13 1098.050963
demand_109 6 14 733.682550
demand_110 6 15 1102.233532
demand_111 6 16 431.071902
demand_112 7 0 1004.180687
demand_113 7 1 1018.435626
demand_114 7 2 987.867239
demand_115 7 3 1055.546135
demand_116 7 4 1017.446894
demand_117 7 5 252.769667
demand_118 7 6 1052.745097
demand_119 7 8 782.199229
demand_120 7 9 512.062576
demand_121 7 10 937.076606
demand_122 7 11 690.135688
demand_123 7 12 259.342239
demand_124 7 13 1203.313312
demand_125 7 14 422.907393
demand_126 7 15 982.304798
demand_127 7 16 659.901271
demand_128 8 0 446.631143
demand_129 8 1 443.134374
demand_130 8 2 250.007758
demand_131 8 3 1148.621658
demand_132 8 4 1068.386905
demand_133 8 5 1322.161303
demand_134 8 6 461.640111
demand_135 8 7 823.597565
demand_136 8 9 241.039544
demand_137 8 10 1254.974902
demand_138 8 11 1352.954790
demand_139 8 12 521.383025
demand_140 8 13 144.762200
demand_141 8 14 1301.137568
demand_142 8 15 551.114983
demand_143 8 16 180.132582
demand_144 9 0 381.612642
demand_145 9 1 719.666710
demand_146 9 2 534.049769
demand_147 9 3 167.679766
demand_148 9 4 1272.904676
demand_149 9 5 333.642847
demand_150 9 6 1154.087955
demand_151 9 7 1405.269551
demand_152 9 8 1111.819870
demand_153 9 10 919.845986
demand_154 9 11 1292.682481
demand_155 9 12 232.835054
demand_156 9 13 1355.208466
demand_157 9 14 1261.074379
demand_158 9 15 542.947558
demand_159 9 16 199.578471
demand_160 10 0 400.551143
demand_161 10 1 961.763072
demand_162 10 2 878.024157
demand_163 10 3 1047.080145
demand_164 10 4 1092.697018
demand_165 10 5 1296.012380
demand_166 10 6 1021.993469
demand_167 10 7 699.853247
demand_168 10 8 778.875984
demand_169 10 9 259.057536
demand_170 10 11 596.580748
demand_171 10 12 1396.938637
demand_172 10 13 1009.609709
demand_173 10 14 721.652822
demand_174 10 15 1233.043626
demand_175 10 16 693.139509
demand_176 11 0 834.449443
demand_177 11 1 1034.758829
demand_178 11 2 779.975122
demand_179 11 3 1290.629672
demand_180 11 4 360.549894
demand_181 11 5 1150.424523
demand_182 11 6 521.950386
demand_183 11 7 1072.163041
demand_184 11 8 406.310758
demand_185 11 9 680.450375
demand_186 11 10 861.435461
demand_187 11 12 600.061552
demand_188 11 13 477.052680
demand_189 11 14 848.486538
demand_190 11 15 1243.942671
demand_191 11 16 189.729974
demand_192 12 0 538.549637
demand_193 12 1 1099.294317
demand_194 12 2 1284.441428
demand_195 12 3 1245.558577
demand_196 12 4 1066.217513
demand_197 12 5 519.179936
demand_198 12 6 553.206159
demand_199 12 7 241.234444
demand_200 12 8 467.403399
demand_201 12 9 740.357414
demand_202 12 10 404.564976
demand_203 12 11 1295.202870
demand_204 12 13 527.885944
demand_205 12 14 1184.590910
demand_206 12 15 1399.640852
demand_207 12 16 165.940591
demand_208 13 0 1122.832880
demand_209 13 1 179.750223
demand_210 13 2 1363.014780
demand_211 13 3 601.436986
demand_212 13 4 901.530389
demand_213 13 5 953.694632
demand_214 13 6 372.116310
demand_215 13 7 864.504719
demand_216 13 8 338.397181
demand_217 13 9 953.985234
demand_218 13 10 470.097104
demand_219 13 11 1063.325655
demand_220 13 12 1186.268576
demand_221 13 14 1263.004829
demand_222 13 15 936.085779
demand_223 13 16 790.586176
demand_224 14 0 1123.008673
demand_225 14 1 1036.105856
demand_226 14 2 1153.909315
demand_227 14 3 1339.936121
demand_228 14 4 1290.535297
demand_229 14 5 1402.667563
demand_230 14 6 920.459860
demand_231 14 7 1177.628886
demand_232 14 8 578.941782
demand_233 14 9 1221.267444
demand_234 14 10 181.520168
demand_235 14 11 532.131383
demand_236 14 12 1068.245211
demand_237 14 13 1072.817094
demand_238 14 15 617.629576
demand_239 14 16 702.256706
demand_240 15 0 1070.388384
demand_241 15 1 400.140148
demand_242 15 2 1063.470009
demand_243 15 3 278.629346
demand_244 15 4 439.309702
demand_245 15 5 377.385730
demand_246 15 6 1148.071141
demand_247 15 7 164.278386
demand_248 15 8 621.874808
demand_249 15 9 172.852933
demand_250 15 10 249.417030
demand_251 15 11 343.707664
demand_252 15 12 1420.005145
demand_253 15 13 962.064463
demand_254 15 14 1277.927963
demand_255 15 16 663.419576
demand_256 16 0 145.253877
demand_257 16 1 1351.278455
demand_258 16 2 777.489586
demand_259 16 3 316.842064
demand_260 16 4 1095.117328
demand_261 16 5 912.906205
demand_262 16 6 431.909721
demand_263 16 7 293.460675
demand_264 16 8 1225.448433
demand_265 16 9 1123.332536
demand_266 16 10 749.291447
demand_267 16 11 615.146980
demand_268 16 12 1207.846970
demand_269 16 13 1088.710192
demand_270 16 14 696.809672
demand_271 16 15 196.244606
