DEMANDS 272
label src dest bw
demand_0 0 1 1189.869154
demand_1 0 2 980.659306
demand_2 0 3 946.013987
demand_3 0 4 1128.123649
demand_4 0 5 1220.555879
demand_5 0 6 390.290140
demand_6 0 7 967.532825
demand_7 0 8 1164.106231
demand_8 0 9 1111.538388
demand_9 0 10 1144.776061
demand_10 0 11 261.448227
demand_11 0 12 848.450812
demand_12 0 13 636.349496
demand_13 0 14 164.923364
demand_14 0 15 608.532161
demand_15 0 16 1461.022679
demand_16 1 0 668.667437
demand_17 1 2 759.934964
demand_18 1 3 1439.164545
demand_19 1 4 698.870914
demand_20 1 5 540.895640
demand_21 1 6 245.903890
demand_22 1 7 222.196128
demand_23 1 8 1133.293593
demand_24 1 9 1203.413602
demand_25 1 10 665.718849
demand_26 1 11 221.785005
demand_27 1 12 741.552642
demand_28 1 13 1403.580531
demand_29 1 14 1298.802437
demand_30 1 15 1079.456256
demand_31 1 16 273.468560
demand_32 2 0 871.104086
demand_33 2 1 584.922294
demand_34 2 3 590.539390
demand_35 2 4 767.786855
demand_36 2 5 638.722793
demand_37 2 6 1011.337594
demand_38 2 7 1395.796606
demand_39 2 8 1316.779911
demand_40 2 9 1360.610998
demand_41 2 10 1290.513542
demand_42 2 11 274.851548
demand_43 2 12 1314.643897
demand_44 2 13 1001.337652
demand_45 2 14 237.531188
demand_46 2 15 391.675029
demand_47 2 16 861.041250
demand_48 3 0 876.595832
demand_49 3 1 762.658338
demand_50 3 2 1091.584832
demand_51 3 4 602.195515
demand_52 3 5 1034.094048
demand_53 3 6 1285.526175
demand_54 3 7 902.452604
demand_55 3 8 1111.782762
demand_56 3 9 232.257551
demand_57 3 10 615.442396
demand_58 3 11 1078.498728
demand_59 3 12 983.748991
demand_60 3 13 622.870211
demand_61 3 14 245.331278
demand_62 3 15 366.523510
demand_63 3 16 567.628629
demand_64 4 0 1128.854469
demand_65 4 1 368.816753
demand_66 4 2 1004.196197
demand_67 4 3 1089.026357
demand_68 4 5 224.614312
demand_69 4 6 260.621323
demand_70 4 7 1321.953164
demand_71 4 8 280.621991
demand_72 4 9 801.214937
demand_73 4 10 602.762119
demand_74 4 11 787.506569
demand_75 4 12 1426.961172
demand_76 4 13 754.350018
demand_77 4 14 988.144408
demand_78 4 15 254.518846
demand_79 4 16 1218.212482
demand_80 5 0 273.802933
demand_81 5 1 671.105286
demand_82 5 2 662.107714
demand_83 5 3 890.707184
demand_84 5 4 458.120664
demand_85 5 6 538.888051
demand_86 5 7 1180.937009
demand_87 5 8 1434.978417
demand_88 5 9 844.076763
demand_89 5 10 727.323800
demand_90 5 11 1105.090276
demand_91 5 12 511.072599
demand_92 5 13 496.543392
demand_93 5 14 702.145520
demand_94 5 15 824.052756
demand_95 5 16 1411.978214
demand_96 6 0 751.105812
demand_97 6 1 1097.911717
demand_98 6 2 219.868494
demand_99 6 3 411.757389
demand_100 6 4 1514.846724
demand_101 6 5 1161.046172
demand_102 6 7 1078.415174
demand_103 6 8 439.849776
demand_104 6 9 401.649267
demand_105 6 10 1153.804809
demand_106 6 11 1567.051819
demand_107 6 12 417.690071
demand_108 6 13 1327.953448
demand_109 6 14 675.453775
demand_110 6 15 214.501961
demand_111 6 16 228.675068
demand_112 7 0 1448.421800
demand_113 7 1 337.225424
demand_114 7 2 542.339347
demand_115 7 3 1360.435531
demand_116 7 4 1102.980131
demand_117 7 5 1584.416201
demand_118 7 6 242.906692
demand_119 7 8 703.265773
demand_120 7 9 1508.950384
demand_121 7 10 915.376928
demand_122 7 11 1581.266145
demand_123 7 12 1587.513211
demand_124 7 13 1363.194516
demand_125 7 14 180.125558
demand_126 7 15 793.377652
demand_127 7 16 567.307227
demand_128 8 0 1558.422974
demand_129 8 1 778.334304
demand_130 8 2 450.726214
demand_131 8 3 778.403763
demand_132 8 4 965.798676
demand_133 8 5 882.401287
demand_134 8 6 423.636171
demand_135 8 7 873.576758
demand_136 8 9 1545.769409
demand_137 8 10 1234.955822
demand_138 8 11 667.148021
demand_139 8 12 997.030303
demand_140 8 13 1428.609837
demand_141 8 14 236.134929
demand_142 8 15 1465.451984
demand_143 8 16 1346.178373
demand_144 9 0 515.171813
demand_145 9 1 1266.706027
demand_146 9 2 238.948164
demand_147 9 3 620.789695
demand_148 9 4 216.759797
demand_149 9 5 1342.825664
demand_150 9 6 594.127476
demand_151 9 7 1517.257677
demand_152 9 8 547.869301
demand_153 9 10 454.146632
demand_154 9 11 917.656893
demand_155 9 12 1576.038550
demand_156 9 13 1057.702152
demand_157 9 14 1166.636699
demand_158 9 15 1362.081464
demand_159 9 16 1485.528491
demand_160 10 0 921.615155
demand_161 10 1 1084.285171
demand_162 10 2 668.377060
demand_163 10 3 908.853984
demand_164 10 4 1522.271263
demand_165 10 5 1524.091519
demand_166 10 6 961.164431
demand_167 10 7 1227.460121
demand_168 10 8 580.329619
demand_169 10 9 599.023377
demand_170 10 11 1489.910137
demand_171 10 12 973.011639
demand_172 10 13 1180.516863
demand_173 10 14 1125.630135
demand_174 10 15 415.571519
demand_175 10 16 527.310611
demand_176 11 0 931.136628
demand_177 11 1 597.398506
demand_178 11 2 1238.209358
demand_179 11 3 165.201169
demand_180 11 4 775.969825
demand_181 11 5 1553.995711
demand_182 11 6 626.404632
demand_183 11 7 827.712541
demand_184 11 8 1372.526032
demand_185 11 9 1173.209766
demand_186 11 10 1364.473075
demand_187 11 12 818.040482
demand_188 11 13 1383.578776
demand_189 11 14 417.257463
demand_190 11 15 842.922104
demand_191 11 16 1581.434111
demand_192 12 0 307.349022
demand_193 12 1 1439.414973
demand_194 12 2 1315.153297
demand_195 12 3 710.666221
demand_196 12 4 366.134209
demand_197 12 5 605.134590
demand_198 12 6 1386.381531
demand_199 12 7 748.140612
demand_200 12 8 1445.971547
demand_201 12 9 1228.679833
demand_202 12 10 350.715911
demand_203 12 11 1099.841101
demand_204 12 13 528.336833
demand_205 12 14 1568.564386
demand_206 12 15 962.092036
demand_207 12 16 655.048088
demand_208 13 0 1543.337285
demand_209 13 1 892.977279
demand_210 13 2 1238.621582
demand_211 13 3 1432.571444
demand_212 13 4 880.498125
demand_213 13 5 282.145468
demand_214 13 6 1460.069495
demand_215 13 7 320.893906
demand_216 13 8 1097.430481
demand_217 13 9 342.968605
demand_218 13 10 789.683770
demand_219 13 11 1097.323040
demand_220 13 12 999.111413
demand_221 13 14 1515.679538
demand_222 13 15 1091.678846
demand_223 13 16 1301.809970
demand_224 14 0 777.712747
demand_225 14 1 1352.496274
demand_226 14 2 730.242948
demand_227 14 3 229.567873
demand_228 14 4 1224.956158
demand_229 14 5 249.157395
demand_230 14 6 1219.037488
demand_231 14 7 1181.964771
demand_232 14 8 368.172431
demand_233 14 9 1028.685585
demand_234 14 10 1299.449169
demand_235 14 11 204.218137
demand_236 14 12 1521.786868
demand_237 14 13 226.474852
demand_238 14 15 1240.976387
demand_239 14 16 1468.218837
demand_240 15 0 758.912306
demand_241 15 1 1021.276705
demand_242 15 2 1455.332216
demand_243 15 3 1491.812207
demand_244 15 4 389.015565
demand_245 15 5 1099.775233
demand_246 15 6 1201.474227
demand_247 15 7 1201.856149
demand_248 15 8 758.870422
demand_249 15 9 577.679015
demand_250 15 10 1226.830697
demand_251 15 11 1361.488007
demand_252 15 12 690.110187
demand_253 15 13 748.109469
demand_254 15 14 269.084331
demand_255 15 16 1111.147180
demand_256 16 0 214.162335
demand_257 16 1 393.192656
demand_258 16 2 1502.675543
demand_259 16 3 449.209085
demand_260 16 4 392.638734
demand_261 16 5 719.427864
demand_262 16 6 1461.686046
demand_263 16 7 1370.990104
demand_264 16 8 587.035913
demand_265 16 9 1358.823930
demand_266 16 10 1210.669616
demand_267 16 11 1426.617689
demand_268 16 12 736.529750
demand_269 16 13 1497.287702
demand_270 16 14 1398.964846
demand_271 16 15 526.948136
