DEMANDS 272
label src dest bw
demand_0 0 1 842.574775
demand_1 0 2 397.367697
demand_2 0 3 235.049166
demand_3 0 4 1179.236453
demand_4 0 5 1007.685271
demand_5 0 6 982.983546
demand_6 0 7 901.682751
demand_7 0 8 197.184460
demand_8 0 9 615.716768
demand_9 0 10 1387.612868
demand_10 0 11 224.734349
demand_11 0 12 1280.414885
demand_12 0 13 1297.810590
demand_13 0 14 213.112615
demand_14 0 15 1002.544843
demand_15 0 16 870.364752
demand_16 1 0 930.451923
demand_17 1 2 780.785580
demand_18 1 3 517.467990
demand_19 1 4 536.818988
demand_20 1 5 883.176785
demand_21 1 6 665.919307
demand_22 1 7 1181.488644
demand_23 1 8 695.379912
demand_24 1 9 334.844861
demand_25 1 10 344.039781
demand_26 1 11 218.427386
demand_27 1 12 1088.704642
demand_28 1 13 529.717592
demand_29 1 14 406.891286
demand_30 1 15 1237.507136
demand_31 1 16 891.688190
demand_32 2 0 254.008660
demand_33 2 1 861.498064
demand_34 2 3 354.612442
demand_35 2 4 1034.509180
demand_36 2 5 301.452087
demand_37 2 6 730.190801
demand_38 2 7 1311.849489
demand_39 2 8 1192.737481
demand_40 2 9 235.152069
demand_41 2 10 1407.445768
demand_42 2 11 1011.456151
demand_43 2 12 1089.674833
demand_44 2 13 1122.239113
demand_45 2 14 1311.526374
demand_46 2 15 321.769279
demand_47 2 16 1166.091771
demand_48 3 0 1246.209424
demand_49 3 1 1234.803379
demand_50 3 2 184.177594
demand_51 3 4 658.470505
demand_52 3 5 720.022525
demand_53 3 6 829.507808
demand_54 3 7 793.054689
demand_55 3 8 317.152126
demand_56 3 9 1438.427957
demand_57 3 10 232.163057
demand_58 3 11 906.516292
demand_59 3 12 908.473702
demand_60 3 13 1398.976805
demand_61 3 14 405.144819
demand_62 3 15 255.302859
demand_63 3 16 1306.442108
demand_64 4 0 166.503025
demand_65 4 1 1190.540658
demand_66 4 2 1154.557845
demand_67 4 3 1290.921412
demand_68 4 5 1348.782213
demand_69 4 6 505.420893
demand_70 4 7 456.271103
demand_71 4 8 553.618183
demand_72 4 9 1085.561310
demand_73 4 10 254.528282
demand_74 4 11 1032.833817
demand_75 4 12 1273.170274
demand_76 4 13 1055.694417
demand_77 4 14 1176.739355
demand_78 4 15 609.765609
demand_79 4 16 435.014228
demand_80 5 0 468.076990
demand_81 5 1 1101.014812
demand_82 5 2 230.095612
demand_83 5 3 741.668601
demand_84 5 4 786.232995
demand_85 5 6 987.387394
demand_86 5 7 285.297218
demand_87 5 8 899.065921
demand_88 5 9 1406.865454
demand_89 5 10 823.002375
demand_90 5 11 894.096208
demand_91 5 12 1443.185271
demand_92 5 13 1239.485903
demand_93 5 14 799.975731
demand_94 5 15 251.135189
demand_95 5 16 1289.612584
demand_96 6 0 1082.204065
demand_97 6 1 1107.185478
demand_98 6 2 1227.339041
demand_99 6 3 1124.080580
demand_100 6 4 688.260930
demand_101 6 5 821.721837
demand_102 6 7 1257.435891
demand_103 6 8 1273.613278
demand_104 6 9 553.596872
demand_105 6 10 302.652375
demand_106 6 11 829.933781
demand_107 6 12 735.382563
demand_108 6 13 1324.067115
demand_109 6 14 793.356247
demand_110 6 15 808.292309
demand_111 6 16 625.315147
demand_112 7 0 1174.011423
demand_113 7 1 1390.553857
demand_114 7 2 316.608174
demand_115 7 3 1013.960487
demand_116 7 4 360.880321
demand_117 7 5 551.542163
demand_118 7 6 1415.117068
demand_119 7 8 779.900657
demand_120 7 9 855.916164
demand_121 7 10 1079.691860
demand_122 7 11 1048.518471
demand_123 7 12 194.435258
demand_124 7 13 1312.096514
demand_125 7 14 393.511852
demand_126 7 15 1172.726793
demand_127 7 16 991.393862
demand_128 8 0 783.241439
demand_129 8 1 1365.766197
demand_130 8 2 500.258309
demand_131 8 3 1214.942632
demand_132 8 4 1058.511136
demand_133 8 5 455.155106
demand_134 8 6 1397.617581
demand_135 8 7 914.593627
demand_136 8 9 911.482721
demand_137 8 10 352.315671
demand_138 8 11 704.250912
demand_139 8 12 454.486404
demand_140 8 13 934.383260
demand_141 8 14 619.386475
demand_142 8 15 367.630842
demand_143 8 16 601.841673
demand_144 9 0 427.562663
demand_145 9 1 1189.140492
demand_146 9 2 1185.439066
demand_147 9 3 361.941321
demand_148 9 4 1131.151086
demand_149 9 5 219.287780
demand_150 9 6 451.136198
demand_151 9 7 999.495724
demand_152 9 8 1088.973251
demand_153 9 10 776.217304
demand_154 9 11 589.194762
demand_155 9 12 657.593129
demand_156 9 13 1273.528110
demand_157 9 14 817.362910
demand_158 9 15 1294.396014
demand_159 9 16 1388.604696
demand_160 10 0 1374.548812
demand_161 10 1 793.271679
demand_162 10 2 934.397637
demand_163 10 3 417.915866
demand_164 10 4 1401.406462
demand_165 10 5 1441.614610
demand_166 10 6 1234.900648
demand_167 10 7 852.163515
demand_168 10 8 255.581512
demand_169 10 9 558.040035
demand_170 10 11 285.224472
demand_171 10 12 414.946487
demand_172 10 13 573.311878
demand_173 10 14 804.525814
demand_174 10 15 1299.160693
demand_175 10 16 488.608405
demand_176 11 0 841.983929
demand_177 11 1 1253.918451
demand_178 11 2 325.207892
demand_179 11 3 671.403315
demand_180 11 4 892.337050
demand_181 11 5 390.172798
demand_182 11 6 163.902865
demand_183 11 7 924.248864
demand_184 11 8 166.528024
demand_185 11 9 915.326323
demand_186 11 10 682.483914
demand_187 11 12 446.085612
demand_188 11 13 395.218186
demand_189 11 14 1345.096293
demand_190 11 15 920.876080
demand_191 11 16 370.678275
demand_192 12 0 1084.026654
demand_193 12 1 458.982442
demand_194 12 2 1356.260049
demand_195 12 3 1092.954522
demand_196 12 4 1034.720046
demand_197 12 5 1441.614737
demand_198 12 6 854.600171
demand_199 12 7 798.877236
demand_200 12 8 1325.170203
demand_201 12 9 1408.416229
demand_202 12 10 148.788675
demand_203 12 11 1237.162995
demand_204 12 13 877.599271
demand_205 12 14 1373.607342
demand_206 12 15 1089.235173
demand_207 12 16 1403.896691
demand_208 13 0 1142.688032
demand_209 13 1 492.396895
demand_210 13 2 324.140451
demand_211 13 3 1329.716036
demand_212 13 4 823.517963
demand_213 13 5 1261.237133
demand_214 13 6 218.500663
demand_215 13 7 710.437343
demand_216 13 8 415.811022
demand_217 13 9 1289.014239
demand_218 13 10 1057.187485
demand_219 13 11 227.865320
demand_220 13 12 953.101606
demand_221 13 14 1247.907510
demand_222 13 15 190.250809
demand_223 13 16 950.281246
demand_224 14 0 1361.527899
demand_225 14 1 344.767335
demand_226 14 2 1101.702649
demand_227 14 3 343.926846
demand_228 14 4 1248.783413
demand_229 14 5 385.677670
demand_230 14 6 659.427574
demand_231 14 7 618.854240
demand_232 14 8 668.407159
demand_233 14 9 1446.087343
demand_234 14 10 406.850203
demand_235 14 11 630.737556
demand_236 14 12 1156.138462
demand_237 14 13 730.813696
demand_238 14 15 876.298163
demand_239 14 16 1148.793984
demand_240 15 0 1458.648575
demand_241 15 1 1219.861424
demand_242 15 2 722.262767
demand_243 15 3 594.922160
demand_244 15 4 587.089985
demand_245 15 5 1300.663106
demand_246 15 6 1132.722212
demand_247 15 7 247.155521
demand_248 15 8 836.873394
demand_249 15 9 1029.657547
demand_250 15 10 786.158938
demand_251 15 11 833.877019
demand_252 15 12 1273.619819
demand_253 15 13 586.613335
demand_254 15 14 323.357748
demand_255 15 16 946.449903
demand_256 16 0 1012.788315
demand_257 16 1 1428.775192
demand_258 16 2 1225.502979
demand_259 16 3 1168.301143
demand_260 16 4 1383.895726
demand_261 16 5 669.424092
demand_262 16 6 542.743941
demand_263 16 7 1056.246320
demand_264 16 8 880.408429
demand_265 16 9 823.220522
demand_266 16 10 438.306232
demand_267 16 11 999.185182
demand_268 16 12 1035.315742
demand_269 16 13 653.183462
demand_270 16 14 489.137942
demand_271 16 15 1457.306736
