DEMANDS 272
label src dest bw
demand_0 0 1 605.130419
demand_1 0 2 422.688325
demand_2 0 3 1343.313026
demand_3 0 4 1231.817633
demand_4 0 5 370.483174
demand_5 0 6 871.162220
demand_6 0 7 1482.559168
demand_7 0 8 225.703293
demand_8 0 9 1436.096517
demand_9 0 10 668.048886
demand_10 0 11 329.279003
demand_11 0 12 671.905035
demand_12 0 13 393.261723
demand_13 0 14 198.863099
demand_14 0 15 1008.629742
demand_15 0 16 1528.476204
demand_16 1 0 1157.301767
demand_17 1 2 209.890598
demand_18 1 3 1213.231995
demand_19 1 4 520.529938
demand_20 1 5 375.439947
demand_21 1 6 592.697306
demand_22 1 7 1424.485822
demand_23 1 8 956.184077
demand_24 1 9 970.976803
demand_25 1 10 213.468626
demand_26 1 11 1305.357125
demand_27 1 12 1035.273492
demand_28 1 13 1509.350042
demand_29 1 14 1444.738038
demand_30 1 15 330.272313
demand_31 1 16 877.644379
demand_32 2 0 1440.895935
demand_33 2 1 214.699493
demand_34 2 3 667.853536
demand_35 2 4 1441.898171
demand_36 2 5 940.519166
demand_37 2 6 1377.569660
demand_38 2 7 1274.734426
demand_39 2 8 1278.618665
demand_40 2 9 978.504921
demand_41 2 10 641.885502
demand_42 2 11 719.240650
demand_43 2 12 959.094257
demand_44 2 13 221.149832
demand_45 2 14 258.790274
demand_46 2 15 1169.183458
demand_47 2 16 585.077462
demand_48 3 0 1126.232044
demand_49 3 1 1014.497290
demand_50 3 2 831.111920
demand_51 3 4 1138.889240
demand_52 3 5 1359.397599
demand_53 3 6 906.960014
demand_54 3 7 1325.034627
demand_55 3 8 764.019105
demand_56 3 9 572.872343
demand_57 3 10 1488.178395
demand_58 3 11 838.735747
demand_59 3 12 1330.498027
demand_60 3 13 932.486108
demand_61 3 14 1353.653734
demand_62 3 15 1487.977023
demand_63 3 16 1314.636938
demand_64 4 0 414.758183
demand_65 4 1 969.322723
demand_66 4 2 1408.283752
demand_67 4 3 851.464319
demand_68 4 5 1382.977872
demand_69 4 6 969.881415
demand_70 4 7 545.907927
demand_71 4 8 871.815690
demand_72 4 9 441.496719
demand_73 4 10 992.269137
demand_74 4 11 359.625429
demand_75 4 12 1511.356656
demand_76 4 13 1235.128868
demand_77 4 14 1239.663088
demand_78 4 15 1201.194567
demand_79 4 16 1059.777103
demand_80 5 0 1316.558951
demand_81 5 1 1257.071691
demand_82 5 2 812.662662
demand_83 5 3 702.634701
demand_84 5 4 200.642529
demand_85 5 6 259.296980
demand_86 5 7 1311.714087
demand_87 5 8 596.139575
demand_88 5 9 772.113828
demand_89 5 10 474.894516
demand_90 5 11 999.230365
demand_91 5 12 1033.136937
demand_92 5 13 935.775818
demand_93 5 14 563.494942
demand_94 5 15 1400.244246
demand_95 5 16 572.541693
demand_96 6 0 1162.328036
demand_97 6 1 1283.073872
demand_98 6 2 1432.131932
demand_99 6 3 1204.404466
demand_100 6 4 558.924320
demand_101 6 5 191.423225
demand_102 6 7 1504.375156
demand_103 6 8 579.949212
demand_104 6 9 449.849977
demand_105 6 10 767.346941
demand_106 6 11 1275.394249
demand_107 6 12 156.428235
demand_108 6 13 188.205144
demand_109 6 14 501.608149
demand_110 6 15 744.108894
demand_111 6 16 1496.183707
demand_112 7 0 1252.995549
demand_113 7 1 1006.918343
demand_114 7 2 1386.945024
demand_115 7 3 196.259658
demand_116 7 4 493.534456
demand_117 7 5 743.759191
demand_118 7 6 262.178970
demand_119 7 8 179.143881
demand_120 7 9 204.960786
demand_121 7 10 200.796379
demand_122 7 11 696.970149
demand_123 7 12 1148.999122
demand_124 7 13 1512.522951
demand_125 7 14 771.585840
demand_126 7 15 1343.448328
demand_127 7 16 1362.940965
demand_128 8 0 691.509992
demand_129 8 1 1010.834553
demand_130 8 2 360.903994
demand_131 8 3 1001.744459
demand_132 8 4 346.687889
demand_133 8 5 1110.555742
demand_134 8 6 1357.688705
demand_135 8 7 771.450336
demand_136 8 9 1382.012765
demand_137 8 10 279.159026
demand_138 8 11 1115.918949
demand_139 8 12 466.871715
demand_140 8 13 1524.640954
demand_141 8 14 382.635036
demand_142 8 15 1262.349902
demand_143 8 16 323.195985
demand_144 9 0 336.676248
demand_145 9 1 1090.309945
demand_146 9 2 240.525728
demand_147 9 3 481.546988
demand_148 9 4 1097.232108
demand_149 9 5 308.271482
demand_150 9 6 532.902421
demand_151 9 7 1035.267434
demand_152 9 8 1429.880676
demand_153 9 10 519.194299
demand_154 9 11 1309.495564
demand_155 9 12 1481.155663
demand_156 9 13 1248.999839
demand_157 9 14 911.477100
demand_158 9 15 1079.007589
demand_159 9 16 419.606352
demand_160 10 0 269.358745
demand_161 10 1 849.374754
demand_162 10 2 928.664194
demand_163 10 3 201.356056
demand_164 10 4 296.638002
demand_165 10 5 1344.951120
demand_166 10 6 953.849727
demand_167 10 7 749.556850
demand_168 10 8 1229.226358
demand_169 10 9 591.836472
demand_170 10 11 340.605670
demand_171 10 12 182.204908
demand_172 10 13 273.971148
demand_173 10 14 790.532725
demand_174 10 15 558.841305
demand_175 10 16 929.404707
demand_176 11 0 513.943061
demand_177 11 1 559.577109
demand_178 11 2 1199.610072
demand_179 11 3 1280.157500
demand_180 11 4 452.434321
demand_181 11 5 1395.066181
demand_182 11 6 1392.258596
demand_183 11 7 206.067566
demand_184 11 8 522.197810
demand_185 11 9 844.146129
demand_186 11 10 591.647610
demand_187 11 12 645.207706
demand_188 11 13 1187.460752
demand_189 11 14 322.728963
demand_190 11 15 1378.552167
demand_191 11 16 1217.464880
demand_192 12 0 764.632783
demand_193 12 1 525.809540
demand_194 12 2 380.177571
demand_195 12 3 780.519843
demand_196 12 4 1421.469475
demand_197 12 5 678.502531
demand_198 12 6 256.146888
demand_199 12 7 1398.132224
demand_200 12 8 1217.423007
demand_201 12 9 1066.542641
demand_202 12 10 1366.486221
demand_203 12 11 206.688376
demand_204 12 13 1113.059114
demand_205 12 14 483.186225
demand_206 12 15 1163.791199
demand_207 12 16 1412.289272
demand_208 13 0 1162.392007
demand_209 13 1 1478.528150
demand_210 13 2 401.407106
demand_211 13 3 281.333933
demand_212 13 4 406.732420
demand_213 13 5 1276.818944
demand_214 13 6 1505.316057
demand_215 13 7 1434.012670
demand_216 13 8 1111.683818
demand_217 13 9 1445.647237
demand_218 13 10 928.257178
demand_219 13 11 1070.814257
demand_220 13 12 204.880433
demand_221 13 14 719.294331
demand_222 13 15 1433.377104
demand_223 13 16 1182.813632
demand_224 14 0 1215.029485
demand_225 14 1 1495.734848
demand_226 14 2 219.944505
demand_227 14 3 317.659081
demand_228 14 4 1439.058499
demand_229 14 5 853.898728
demand_230 14 6 908.086510
demand_231 14 7 1280.834926
demand_232 14 8 1427.184460
demand_233 14 9 1164.583373
demand_234 14 10 183.875462
demand_235 14 11 348.773909
demand_236 14 12 747.030476
demand_237 14 13 306.671063
demand_238 14 15 1400.780800
demand_239 14 16 439.668101
demand_240 15 0 284.563729
demand_241 15 1 494.474135
demand_242 15 2 886.249194
demand_243 15 3 173.576914
demand_244 15 4 1412.576025
demand_245 15 5 1192.117564
demand_246 15 6 1255.406611
demand_247 15 7 1483.144038
demand_248 15 8 1050.223273
demand_249 15 9 643.669126
demand_250 15 10 428.560913
demand_251 15 11 854.909612
demand_252 15 12 194.983823
demand_253 15 13 478.401523
demand_254 15 14 1412.818517
demand_255 15 16 255.153159
demand_256 16 0 842.219340
demand_257 16 1 1415.879640
demand_258 16 2 274.189312
demand_259 16 3 610.928968
demand_260 16 4 719.005419
demand_261 16 5 857.202337
demand_262 16 6 1343.086895
demand_263 16 7 634.922517
demand_264 16 8 1319.142749
demand_265 16 9 850.110379
demand_266 16 10 374.889078
demand_267 16 11 323.421060
demand_268 16 12 1376.215365
demand_269 16 13 505.046654
demand_270 16 14 1056.054080
demand_271 16 15 585.369955
