DEMANDS 272
label src dest bw
demand_0 0 1 785.808177
demand_1 0 2 1038.871517
demand_2 0 3 1396.224229
demand_3 0 4 1091.358185
demand_4 0 5 1398.288010
demand_5 0 6 1156.873673
demand_6 0 7 1091.635043
demand_7 0 8 331.035621
demand_8 0 9 210.450183
demand_9 0 10 449.097950
demand_10 0 11 531.446851
demand_11 0 12 354.525193
demand_12 0 13 1373.723091
demand_13 0 14 577.686008
demand_14 0 15 1289.866583
demand_15 0 16 508.597128
demand_16 1 0 759.523210
demand_17 1 2 340.862193
demand_18 1 3 1408.542135
demand_19 1 4 1317.523390
demand_20 1 5 1332.931087
demand_21 1 6 1162.323484
demand_22 1 7 648.602088
demand_23 1 8 442.784309
demand_24 1 9 681.930239
demand_25 1 10 1323.459183
demand_26 1 11 869.739733
demand_27 1 12 340.940351
demand_28 1 13 378.716059
demand_29 1 14 1556.330425
demand_30 1 15 1465.998780
demand_31 1 16 256.264067
demand_32 2 0 360.314649
demand_33 2 1 1294.884084
demand_34 2 3 1168.827949
demand_35 2 4 806.231756
demand_36 2 5 1416.405194
demand_37 2 6 319.541388
demand_38 2 7 1421.189856
demand_39 2 8 282.826344
demand_40 2 9 1021.416904
demand_41 2 10 1270.582205
demand_42 2 11 396.909390
demand_43 2 12 1501.076011
demand_44 2 13 1125.583271
demand_45 2 14 327.258632
demand_46 2 15 660.697062
demand_47 2 16 423.638932
demand_48 3 0 1542.108922
demand_49 3 1 1043.296855
demand_50 3 2 1348.058474
demand_51 3 4 1173.866196
demand_52 3 5 622.667486
demand_53 3 6 1437.958155
demand_54 3 7 1537.596517
demand_55 3 8 460.633003
demand_56 3 9 678.964904
demand_57 3 10 415.744123
demand_58 3 11 835.595427
demand_59 3 12 810.974107
demand_60 3 13 643.289946
demand_61 3 14 334.204579
demand_62 3 15 332.348413
demand_63 3 16 331.438727
demand_64 4 0 1141.428159
demand_65 4 1 1243.160448
demand_66 4 2 1554.719775
demand_67 4 3 749.326460
demand_68 4 5 550.200445
demand_69 4 6 618.358340
demand_70 4 7 232.562728
demand_71 4 8 1331.347984
demand_72 4 9 182.148331
demand_73 4 10 1151.074996
demand_74 4 11 932.734498
demand_75 4 12 202.794087
demand_76 4 13 512.394612
demand_77 4 14 1337.316962
demand_78 4 15 813.618377
demand_79 4 16 1247.433326
demand_80 5 0 1154.819254
demand_81 5 1 785.595783
demand_82 5 2 1098.006795
demand_83 5 3 268.300184
demand_84 5 4 1103.640129
demand_85 5 6 1180.116671
demand_86 5 7 1504.529423
demand_87 5 8 1159.914351
demand_88 5 9 1195.825852
demand_89 5 10 1558.404087
demand_90 5 11 1245.702892
demand_91 5 12 311.334924
demand_92 5 13 804.262513
demand_93 5 14 1267.515362
demand_94 5 15 183.568293
demand_95 5 16 1182.068875
demand_96 6 0 743.104248
demand_97 6 1 637.099967
demand_98 6 2 347.665466
demand_99 6 3 354.828897
demand_100 6 4 787.601081
demand_101 6 5 749.583290
demand_102 6 7 1029.645167
demand_103 6 8 189.926457
demand_104 6 9 857.166184
demand_105 6 10 626.468866
demand_106 6 11 788.163475
demand_107 6 12 1547.710742
demand_108 6 13 1561.754918
demand_109 6 14 1226.045237
demand_110 6 15 378.563394
demand_111 6 16 952.532169
demand_112 7 0 843.204396
demand_113 7 1 625.026666
demand_114 7 2 918.545154
demand_115 7 3 1539.663441
demand_116 7 4 688.349595
demand_117 7 5 398.125151
demand_118 7 6 1046.115335
demand_119 7 8 340.286703
demand_120 7 9 1385.480357
demand_121 7 10 898.128151
demand_122 7 11 359.282961
demand_123 7 12 262.188777
demand_124 7 13 1524.545318
demand_125 7 14 1501.483085
demand_126 7 15 210.422109
demand_127 7 16 1495.968308
demand_128 8 0 1155.847469
demand_129 8 1 629.164637
demand_130 8 2 415.004000
demand_131 8 3 313.887138
demand_132 8 4 369.933656
demand_133 8 5 1559.550348
demand_134 8 6 1062.017844
demand_135 8 7 764.867368
demand_136 8 9 775.814811
demand_137 8 10 892.904575
demand_138 8 11 1280.505393
demand_139 8 12 671.481370
demand_140 8 13 1089.096726
demand_141 8 14 776.075604
demand_142 8 15 1062.318949
demand_143 8 16 797.140645
demand_144 9 0 1473.548998
demand_145 9 1 1117.681333
demand_146 9 2 659.946607
demand_147 9 3 903.367723
demand_148 9 4 946.968566
demand_149 9 5 643.825178
demand_150 9 6 298.679055
demand_151 9 7 621.168964
demand_152 9 8 922.626175
demand_153 9 10 1139.769568
demand_154 9 11 1049.213349
demand_155 9 12 1376.522322
demand_156 9 13 1264.364045
demand_157 9 14 1210.085414
demand_158 9 15 1527.653490
demand_159 9 16 1172.552367
demand_160 10 0 1414.614366
demand_161 10 1 443.284394
demand_162 10 2 794.763478
demand_163 10 3 1177.168609
demand_164 10 4 1261.580667
demand_165 10 5 848.839975
demand_166 10 6 984.428823
demand_167 10 7 1387.087150
demand_168 10 8 804.964099
demand_169 10 9 855.194162
demand_170 10 11 473.354988
demand_171 10 12 444.736237
demand_172 10 13 391.211792
demand_173 10 14 1060.921835
demand_174 10 15 1451.938967
demand_175 10 16 733.173980
demand_176 11 0 463.849501
demand_177 11 1 1387.548214
demand_178 11 2 681.227866
demand_179 11 3 856.891468
demand_180 11 4 238.148511
demand_181 11 5 1141.641752
demand_182 11 6 1029.121842
demand_183 11 7 658.474001
demand_184 11 8 1141.497896
demand_185 11 9 908.318073
demand_186 11 10 1484.665364
demand_187 11 12 1541.845129
demand_188 11 13 222.360428
demand_189 11 14 367.397216
demand_190 11 15 1242.842062
demand_191 11 16 1408.967361
demand_192 12 0 1445.817977
demand_193 12 1 977.132601
demand_194 12 2 377.808445
demand_195 12 3 469.244762
demand_196 12 4 1473.333690
demand_197 12 5 938.892691
demand_198 12 6 840.108178
demand_199 12 7 750.886026
demand_200 12 8 456.991574
demand_201 12 9 801.253949
demand_202 12 10 1383.468178
demand_203 12 11 1167.068400
demand_204 12 13 1332.209725
demand_205 12 14 714.768777
demand_206 12 15 344.771995
demand_207 12 16 1309.153799
demand_208 13 0 1467.961501
demand_209 13 1 891.509071
demand_210 13 2 957.401566
demand_211 13 3 1225.565481
demand_212 13 4 1496.207574
demand_213 13 5 1168.421331
demand_214 13 6 972.869111
demand_215 13 7 1554.172802
demand_216 13 8 941.350931
demand_217 13 9 759.471824
demand_218 13 10 1322.071906
demand_219 13 11 1145.926571
demand_220 13 12 1356.210330
demand_221 13 14 1054.868948
demand_222 13 15 735.323267
demand_223 13 16 695.638454
demand_224 14 0 1485.749312
demand_225 14 1 1496.775562
demand_226 14 2 1201.582353
demand_227 14 3 438.112621
demand_228 14 4 993.835797
demand_229 14 5 1430.525758
demand_230 14 6 661.343310
demand_231 14 7 1192.038762
demand_232 14 8 1033.949344
demand_233 14 9 217.976354
demand_234 14 10 846.811612
demand_235 14 11 910.256118
demand_236 14 12 1509.483332
demand_237 14 13 1117.491187
demand_238 14 15 750.795381
demand_239 14 16 263.751786
demand_240 15 0 713.562172
demand_241 15 1 1260.982684
demand_242 15 2 223.272400
demand_243 15 3 1042.248918
demand_244 15 4 271.742891
demand_245 15 5 452.318005
demand_246 15 6 1504.640150
demand_247 15 7 893.370471
demand_248 15 8 384.885336
demand_249 15 9 344.147360
demand_250 15 10 712.088637
demand_251 15 11 1472.237026
demand_252 15 12 488.912630
demand_253 15 13 525.801708
demand_254 15 14 998.856114
demand_255 15 16 1052.489344
demand_256 16 0 458.206852
demand_257 16 1 1110.793000
demand_258 16 2 209.765037
demand_259 16 3 630.028958
demand_260 16 4 422.458162
demand_261 16 5 649.707317
demand_262 16 6 1273.070554
demand_263 16 7 553.983160
demand_264 16 8 1046.477111
demand_265 16 9 536.975314
demand_266 16 10 1351.082585
demand_267 16 11 1271.821169
demand_268 16 12 970.006284
demand_269 16 13 1406.076929
demand_270 16 14 289.033632
demand_271 16 15 1385.969990
