DEMANDS 272
label src dest bw
demand_0 0 1 1458.575608
demand_1 0 2 687.329578
demand_2 0 3 1036.085613
demand_3 0 4 1103.857263
demand_4 0 5 327.347590
demand_5 0 6 482.755444
demand_6 0 7 502.984381
demand_7 0 8 740.225009
demand_8 0 9 1308.332777
demand_9 0 10 1178.935003
demand_10 0 11 677.208967
demand_11 0 12 513.361462
demand_12 0 13 226.445178
demand_13 0 14 754.621468
demand_14 0 15 440.773092
demand_15 0 16 971.523479
demand_16 1 0 289.195965
demand_17 1 2 461.586059
demand_18 1 3 957.548557
demand_19 1 4 1473.684223
demand_20 1 5 442.018900
demand_21 1 6 1063.683040
demand_22 1 7 845.115005
demand_23 1 8 594.053230
demand_24 1 9 325.220826
demand_25 1 10 1264.111435
demand_26 1 11 1512.074307
demand_27 1 12 900.786113
demand_28 1 13 471.541437
demand_29 1 14 984.056524
demand_30 1 15 396.318327
demand_31 1 16 1373.789683
demand_32 2 0 964.103043
demand_33 2 1 1146.077744
demand_34 2 3 532.608681
demand_35 2 4 1238.258792
demand_36 2 5 335.627647
demand_37 2 6 703.422983
demand_38 2 7 1020.288258
demand_39 2 8 736.922621
demand_40 2 9 375.906454
demand_41 2 10 869.531388
demand_42 2 11 988.915723
demand_43 2 12 952.788582
demand_44 2 13 1283.702464
demand_45 2 14 1509.364130
demand_46 2 15 1439.828415
demand_47 2 16 1396.534589
demand_48 3 0 618.474500
demand_49 3 1 1231.552109
demand_50 3 2 1177.146379
demand_51 3 4 952.485306
demand_52 3 5 748.792756
demand_53 3 6 1072.758327
demand_54 3 7 478.928180
demand_55 3 8 775.056908
demand_56 3 9 1419.864948
demand_57 3 10 1484.413939
demand_58 3 11 1212.006974
demand_59 3 12 602.894215
demand_60 3 13 1010.670759
demand_61 3 14 416.844653
demand_62 3 15 494.948927
demand_63 3 16 313.893177
demand_64 4 0 167.221557
demand_65 4 1 1321.678708
demand_66 4 2 883.745123
demand_67 4 3 833.027441
demand_68 4 5 1051.248723
demand_69 4 6 465.142441
demand_70 4 7 1002.852845
demand_71 4 8 429.168865
demand_72 4 9 829.029990
demand_73 4 10 1459.154978
demand_74 4 11 1505.203289
demand_75 4 12 391.437634
demand_76 4 13 1175.473257
demand_77 4 14 685.180241
demand_78 4 15 1049.595576
demand_79 4 16 1176.773003
demand_80 5 0 494.189745
demand_81 5 1 830.908234
demand_82 5 2 737.895332
demand_83 5 3 552.436596
demand_84 5 4 1511.700937
demand_85 5 6 620.435333
demand_86 5 7 428.000465
demand_87 5 8 1294.142530
demand_88 5 9 652.357408
demand_89 5 10 1130.727232
demand_90 5 11 707.989143
demand_91 5 12 688.039244
demand_92 5 13 845.144164
demand_93 5 14 1249.873492
demand_94 5 15 168.232312
demand_95 5 16 213.621320
demand_96 6 0 1388.357473
demand_97 6 1 1190.163117
demand_98 6 2 1340.494565
demand_99 6 3 1516.540177
demand_100 6 4 952.136727
demand_101 6 5 1466.533924
demand_102 6 7 732.514442
demand_103 6 8 384.478528
demand_104 6 9 196.944352
demand_105 6 10 955.900377
demand_106 6 11 1168.478397
demand_107 6 12 1215.366359
demand_108 6 13 587.055456
demand_109 6 14 1383.898088
demand_110 6 15 557.017710
demand_111 6 16 530.467451
demand_112 7 0 1168.472142
demand_113 7 1 1499.385474
demand_114 7 2 157.786158
demand_115 7 3 1456.114409
demand_116 7 4 1059.779256
demand_117 7 5 635.310191
demand_118 7 6 647.037550
demand_119 7 8 905.345643
demand_120 7 9 1424.811249
demand_121 7 10 1086.532059
demand_122 7 11 596.000543
demand_123 7 12 606.974540
demand_124 7 13 397.475402
demand_125 7 14 1044.397011
demand_126 7 15 1203.597041
demand_127 7 16 527.059129
demand_128 8 0 916.806670
demand_129 8 1 681.143963
demand_130 8 2 619.322707
demand_131 8 3 1329.312225
demand_132 8 4 933.658131
demand_133 8 5 1490.750102
demand_134 8 6 1192.131380
demand_135 8 7 1300.745823
demand_136 8 9 1287.461739
demand_137 8 10 1158.963046
demand_138 8 11 1044.156774
demand_139 8 12 475.361978
demand_140 8 13 1352.514888
demand_141 8 14 191.706682
demand_142 8 15 1153.136294
demand_143 8 16 687.617811
demand_144 9 0 275.576955
demand_145 9 1 931.587150
demand_146 9 2 675.527075
demand_147 9 3 353.318720
demand_148 9 4 558.851411
demand_149 9 5 304.587511
demand_150 9 6 1060.946550
demand_151 9 7 1151.189096
demand_152 9 8 773.707248
demand_153 9 10 347.667786
demand_154 9 11 276.504097
demand_155 9 12 814.134959
demand_156 9 13 988.057074
demand_157 9 14 1063.410455
demand_158 9 15 590.018968
demand_159 9 16 1220.908038
demand_160 10 0 296.896058
demand_161 10 1 1154.118124
demand_162 10 2 737.389976
demand_163 10 3 1007.839548
demand_164 10 4 1343.141672
demand_165 10 5 1476.649948
demand_166 10 6 420.001737
demand_167 10 7 857.646839
demand_168 10 8 1477.624905
demand_169 10 9 432.261900
demand_170 10 11 918.552634
demand_171 10 12 1338.366746
demand_172 10 13 723.866327
demand_173 10 14 933.845407
demand_174 10 15 296.969479
demand_175 10 16 364.443298
demand_176 11 0 968.521329
demand_177 11 1 396.193336
demand_178 11 2 281.783855
demand_179 11 3 598.752760
demand_180 11 4 1098.635152
demand_181 11 5 1009.808430
demand_182 11 6 1202.506727
demand_183 11 7 1373.384658
demand_184 11 8 201.487067
demand_185 11 9 854.657099
demand_186 11 10 449.235600
demand_187 11 12 1495.961967
demand_188 11 13 1212.761297
demand_189 11 14 912.390875
demand_190 11 15 283.324722
demand_191 11 16 387.833224
demand_192 12 0 1156.923183
demand_193 12 1 163.781429
demand_194 12 2 453.821098
demand_195 12 3 261.190489
demand_196 12 4 279.057048
demand_197 12 5 941.148396
demand_198 12 6 917.266568
demand_199 12 7 1280.212074
demand_200 12 8 803.591494
demand_201 12 9 269.748396
demand_202 12 10 651.491484
demand_203 12 11 203.756296
demand_204 12 13 1318.602694
demand_205 12 14 279.032047
demand_206 12 15 1492.899369
demand_207 12 16 1050.156684
demand_208 13 0 993.793602
demand_209 13 1 1326.215946
demand_210 13 2 848.798795
demand_211 13 3 905.605991
demand_212 13 4 1329.870198
demand_213 13 5 633.598188
demand_214 13 6 1324.867084
demand_215 13 7 1508.319227
demand_216 13 8 1339.007224
demand_217 13 9 581.101667
demand_218 13 10 1303.781853
demand_219 13 11 750.427925
demand_220 13 12 1401.319979
demand_221 13 14 206.667580
demand_222 13 15 385.710746
demand_223 13 16 1119.965086
demand_224 14 0 829.437450
demand_225 14 1 1488.197154
demand_226 14 2 1153.327809
demand_227 14 3 541.077850
demand_228 14 4 208.868254
demand_229 14 5 369.497688
demand_230 14 6 1002.835840
demand_231 14 7 604.163558
demand_232 14 8 881.556939
demand_233 14 9 1449.803060
demand_234 14 10 822.597943
demand_235 14 11 1166.991076
demand_236 14 12 1239.224835
demand_237 14 13 422.932932
demand_238 14 15 1083.439559
demand_239 14 16 1253.766393
demand_240 15 0 863.028614
demand_241 15 1 833.383947
demand_242 15 2 811.530550
demand_243 15 3 693.393214
demand_244 15 4 671.900903
demand_245 15 5 559.203445
demand_246 15 6 1254.028567
demand_247 15 7 770.934819
demand_248 15 8 836.528386
demand_249 15 9 745.542760
demand_250 15 10 493.237206
demand_251 15 11 1005.889460
demand_252 15 12 552.612049
demand_253 15 13 221.172060
demand_254 15 14 178.944360
demand_255 15 16 364.858633
demand_256 16 0 339.485905
demand_257 16 1 218.747623
demand_258 16 2 476.051748
demand_259 16 3 1069.480506
demand_260 16 4 488.117338
demand_261 16 5 1396.663025
demand_262 16 6 722.794337
demand_263 16 7 514.150102
demand_264 16 8 720.159163
demand_265 16 9 388.730344
demand_266 16 10 1415.549198
demand_267 16 11 1146.594499
demand_268 16 12 184.516985
demand_269 16 13 352.503336
demand_270 16 14 1098.679986
demand_271 16 15 1066.045367
