DEMANDS 272
label src dest bw
demand_0 0 1 610.423041
demand_1 0 2 1380.305775
demand_2 0 3 186.184717
demand_3 0 4 150.810924
demand_4 0 5 1188.171139
demand_5 0 6 202.941898
demand_6 0 7 782.054852
demand_7 0 8 627.702550
demand_8 0 9 1465.544797
demand_9 0 10 425.147038
demand_10 0 11 1349.446854
demand_11 0 12 754.232719
demand_12 0 13 1177.522812
demand_13 0 14 179.352818
demand_14 0 15 687.360042
demand_15 0 16 226.783761
demand_16 1 0 542.733122
demand_17 1 2 1465.104176
demand_18 1 3 1149.991061
demand_19 1 4 1241.228336
demand_20 1 5 948.868693
demand_21 1 6 1402.037919
demand_22 1 7 1460.846108
demand_23 1 8 1204.727269
demand_24 1 9 390.104275
demand_25 1 10 459.963694
demand_26 1 11 448.387252
demand_27 1 12 445.161340
demand_28 1 13 404.078410
demand_29 1 14 884.659194
demand_30 1 15 546.689939
demand_31 1 16 1169.638213
demand_32 2 0 490.221906
demand_33 2 1 334.489606
demand_34 2 3 356.188252
demand_35 2 4 434.842559
demand_36 2 5 361.137277
demand_37 2 6 330.860975
demand_38 2 7 1382.139720
demand_39 2 8 881.530713
demand_40 2 9 592.896158
demand_41 2 10 1203.614367
demand_42 2 11 507.386114
demand_43 2 12 426.127078
demand_44 2 13 370.384025
demand_45 2 14 984.482067
demand_46 2 15 375.880927
demand_47 2 16 893.412959
demand_48 3 0 921.958637
demand_49 3 1 866.932591
demand_50 3 2 1044.077028
demand_51 3 4 1084.744353
demand_52 3 5 722.309303
demand_53 3 6 1188.041770
demand_54 3 7 867.774404
demand_55 3 8 688.460347
demand_56 3 9 181.308318
demand_57 3 10 698.546824
demand_58 3 11 1056.897600
demand_59 3 12 1460.476400
demand_60 3 13 1181.693603
demand_61 3 14 699.800878
demand_62 3 15 1118.748575
demand_63 3 16 621.083929
demand_64 4 0 399.937785
demand_65 4 1 1082.592502
demand_66 4 2 592.599311
demand_67 4 3 403.712797
demand_68 4 5 266.932436
demand_69 4 6 1043.277131
demand_70 4 7 402.214792
demand_71 4 8 834.291816
demand_72 4 9 1359.445888
demand_73 4 10 1389.835217
demand_74 4 11 1215.585809
demand_75 4 12 707.851356
demand_76 4 13 997.163188
demand_77 4 14 1458.674821
demand_78 4 15 1000.020180
demand_79 4 16 512.840120
demand_80 5 0 244.887301
demand_81 5 1 893.227627
demand_82 5 2 873.769606
demand_83 5 3 473.583620
demand_84 5 4 886.497021
demand_85 5 6 237.924807
demand_86 5 7 1180.934435
demand_87 5 8 1206.195734
demand_88 5 9 388.712832
demand_89 5 10 1160.363185
demand_90 5 11 1002.369700
demand_91 5 12 1122.550708
demand_92 5 13 948.641844
demand_93 5 14 474.609238
demand_94 5 15 562.706713
demand_95 5 16 1361.356673
demand_96 6 0 1029.881715
demand_97 6 1 1365.441390
demand_98 6 2 1059.329946
demand_99 6 3 849.841768
demand_100 6 4 261.685608
demand_101 6 5 1118.479610
demand_102 6 7 1438.632713
demand_103 6 8 655.204650
demand_104 6 9 1321.203581
demand_105 6 10 1033.616561
demand_106 6 11 1134.231460
demand_107 6 12 782.709188
demand_108 6 13 723.970572
demand_109 6 14 654.636559
demand_110 6 15 1027.145422
demand_111 6 16 1344.732938
demand_112 7 0 402.440737
demand_113 7 1 176.014062
demand_114 7 2 598.284017
demand_115 7 3 1300.057427
demand_116 7 4 1194.462938
demand_117 7 5 617.345139
demand_118 7 6 1101.185923
demand_119 7 8 380.359995
demand_120 7 9 429.786237
demand_121 7 10 1435.731250
demand_122 7 11 214.720032
demand_123 7 12 1253.828480
demand_124 7 13 1172.793138
demand_125 7 14 1315.812272
demand_126 7 15 1270.732380
demand_127 7 16 1277.130531
demand_128 8 0 640.338919
demand_129 8 1 514.483914
demand_130 8 2 937.564877
demand_131 8 3 1019.491685
demand_132 8 4 384.764653
demand_133 8 5 959.075496
demand_134 8 6 646.418375
demand_135 8 7 982.507471
demand_136 8 9 278.155669
demand_137 8 10 272.622703
demand_138 8 11 1210.963508
demand_139 8 12 481.263424
demand_140 8 13 341.122971
demand_141 8 14 176.561519
demand_142 8 15 315.189902
demand_143 8 16 1270.354303
demand_144 9 0 1279.677458
demand_145 9 1 1258.312315
demand_146 9 2 778.780413
demand_147 9 3 267.173145
demand_148 9 4 988.712589
demand_149 9 5 1414.396086
demand_150 9 6 1370.148160
demand_151 9 7 839.542197
demand_152 9 8 1422.603062
demand_153 9 10 375.268783
demand_154 9 11 614.030949
demand_155 9 12 1051.542662
demand_156 9 13 1138.159428
demand_157 9 14 604.949113
demand_158 9 15 242.559140
demand_159 9 16 380.775263
demand_160 10 0 1346.844628
demand_161 10 1 1057.110675
demand_162 10 2 778.418127
demand_163 10 3 1237.665734
demand_164 10 4 768.044201
demand_165 10 5 1355.976609
demand_166 10 6 622.612571
demand_167 10 7 1275.676389
demand_168 10 8 1119.022498
demand_169 10 9 245.741891
demand_170 10 11 389.877239
demand_171 10 12 776.965054
demand_172 10 13 1165.804268
demand_173 10 14 1069.745396
demand_174 10 15 212.468003
demand_175 10 16 967.726967
demand_176 11 0 1360.864831
demand_177 11 1 1336.336614
demand_178 11 2 764.139349
demand_179 11 3 229.530015
demand_180 11 4 1270.710948
demand_181 11 5 1425.156135
demand_182 11 6 1365.186183
demand_183 11 7 980.947164
demand_184 11 8 531.771694
demand_185 11 9 331.284268
demand_186 11 10 923.514868
demand_187 11 12 1442.348338
demand_188 11 13 488.461346
demand_189 11 14 638.362758
demand_190 11 15 492.431428
demand_191 11 16 276.106266
demand_192 12 0 1115.975286
demand_193 12 1 323.144242
demand_194 12 2 1340.543187
demand_195 12 3 667.546652
demand_196 12 4 642.162746
demand_197 12 5 974.517762
demand_198 12 6 759.952434
demand_199 12 7 1380.047482
demand_200 12 8 215.580519
demand_201 12 9 520.480572
demand_202 12 10 272.511068
demand_203 12 11 852.871271
demand_204 12 13 166.681303
demand_205 12 14 332.157221
demand_206 12 15 332.718183
demand_207 12 16 545.579123
demand_208 13 0 1254.671440
demand_209 13 1 811.749506
demand_210 13 2 1108.604793
demand_211 13 3 179.819365
demand_212 13 4 786.068107
demand_213 13 5 705.185449
demand_214 13 6 900.783066
demand_215 13 7 998.185836
demand_216 13 8 176.836200
demand_217 13 9 1154.294781
demand_218 13 10 712.250661
demand_219 13 11 786.152405
demand_220 13 12 1182.370973
demand_221 13 14 1033.373067
demand_222 13 15 747.989264
demand_223 13 16 670.112427
demand_224 14 0 681.439489
demand_225 14 1 331.515844
demand_226 14 2 1255.346788
demand_227 14 3 995.245878
demand_228 14 4 1329.343792
demand_229 14 5 1421.249851
demand_230 14 6 1041.161642
demand_231 14 7 416.416724
demand_232 14 8 311.889098
demand_233 14 9 579.124633
demand_234 14 10 821.450304
demand_235 14 11 392.846213
demand_236 14 12 405.821002
demand_237 14 13 504.151700
demand_238 14 15 691.266584
demand_239 14 16 397.192060
demand_240 15 0 1325.344354
demand_241 15 1 757.255592
demand_242 15 2 837.469793
demand_243 15 3 1455.274259
demand_244 15 4 621.013885
demand_245 15 5 992.922442
demand_246 15 6 320.118849
demand_247 15 7 1264.220012
demand_248 15 8 525.331717
demand_249 15 9 1253.571324
demand_250 15 10 957.180325
demand_251 15 11 1290.503863
demand_252 15 12 1017.560167
demand_253 15 13 1414.671636
demand_254 15 14 830.987170
demand_255 15 16 687.403724
demand_256 16 0 671.456482
demand_257 16 1 428.134912
demand_258 16 2 774.102908
demand_259 16 3 779.779059
demand_260 16 4 1432.586466
demand_261 16 5 968.486662
demand_262 16 6 886.137463
demand_263 16 7 614.237597
demand_264 16 8 172.611687
demand_265 16 9 557.347796
demand_266 16 10 540.896695
demand_267 16 11 188.988988
demand_268 16 12 1349.858749
demand_269 16 13 265.546519
demand_270 16 14 1402.978129
demand_271 16 15 379.304825
