DEMANDS 272
label src dest bw
demand_0 0 1 1465.676720
demand_1 0 2 573.651921
demand_2 0 3 234.947093
demand_3 0 4 746.735501
demand_4 0 5 832.826440
demand_5 0 6 1488.701007
demand_6 0 7 1170.906261
demand_7 0 8 704.174720
demand_8 0 9 974.714908
demand_9 0 10 1259.452031
demand_10 0 11 476.480135
demand_11 0 12 877.821687
demand_12 0 13 393.539446
demand_13 0 14 699.522144
demand_14 0 15 550.132252
demand_15 0 16 443.249387
demand_16 1 0 279.204915
demand_17 1 2 586.752140
demand_18 1 3 253.218179
demand_19 1 4 303.218816
demand_20 1 5 298.154056
demand_21 1 6 742.418036
demand_22 1 7 465.873680
demand_23 1 8 1179.651077
demand_24 1 9 1325.227215
demand_25 1 10 1238.726295
demand_26 1 11 1230.633492
demand_27 1 12 1144.235851
demand_28 1 13 1145.290180
demand_29 1 14 1274.722935
demand_30 1 15 340.632396
demand_31 1 16 222.727243
demand_32 2 0 820.169567
demand_33 2 1 565.341199
demand_34 2 3 986.881252
demand_35 2 4 686.266442
demand_36 2 5 930.862085
demand_37 2 6 235.031323
demand_38 2 7 1245.393412
demand_39 2 8 1167.227305
demand_40 2 9 368.900844
demand_41 2 10 978.228295
demand_42 2 11 159.779742
demand_43 2 12 1058.767936
demand_44 2 13 479.449142
demand_45 2 14 315.050039
demand_46 2 15 1435.091917
demand_47 2 16 571.267749
demand_48 3 0 630.178167
demand_49 3 1 502.516900
demand_50 3 2 1478.421944
demand_51 3 4 529.107354
demand_52 3 5 346.598793
demand_53 3 6 1037.373738
demand_54 3 7 927.932971
demand_55 3 8 1107.470449
demand_56 3 9 1336.216122
demand_57 3 10 954.356307
demand_58 3 11 396.977649
demand_59 3 12 379.160751
demand_60 3 13 294.675204
demand_61 3 14 738.108855
demand_62 3 15 1451.344317
demand_63 3 16 627.082453
demand_64 4 0 210.071577
demand_65 4 1 495.618500
demand_66 4 2 1261.619333
demand_67 4 3 933.451587
demand_68 4 5 1464.727449
demand_69 4 6 537.506424
demand_70 4 7 894.902465
demand_71 4 8 755.962694
demand_72 4 9 660.898858
demand_73 4 10 212.437422
demand_74 4 11 457.425953
demand_75 4 12 347.260224
demand_76 4 13 1023.940144
demand_77 4 14 1132.962487
demand_78 4 15 413.846164
demand_79 4 16 1308.068280
demand_80 5 0 1149.190884
demand_81 5 1 573.571226
demand_82 5 2 423.029341
demand_83 5 3 1396.573769
demand_84 5 4 1214.748514
demand_85 5 6 554.153640
demand_86 5 7 836.091270
demand_87 5 8 477.128057
demand_88 5 9 623.065769
demand_89 5 10 1136.727920
demand_90 5 11 1118.414332
demand_91 5 12 1519.058522
demand_92 5 13 686.004478
demand_93 5 14 778.144424
demand_94 5 15 1288.946926
demand_95 5 16 1234.345771
demand_96 6 0 795.078641
demand_97 6 1 1040.538488
demand_98 6 2 198.560913
demand_99 6 3 1408.792421
demand_100 6 4 665.295605
demand_101 6 5 1185.783166
demand_102 6 7 927.079901
demand_103 6 8 1176.502983
demand_104 6 9 1023.885897
demand_105 6 10 473.956721
demand_106 6 11 723.304284
demand_107 6 12 764.642018
demand_108 6 13 563.736238
demand_109 6 14 1167.460452
demand_110 6 15 166.092363
demand_111 6 16 473.228152
demand_112 7 0 739.954694
demand_113 7 1 251.824835
demand_114 7 2 851.700627
demand_115 7 3 1241.082657
demand_116 7 4 1356.762318
demand_117 7 5 359.002499
demand_118 7 6 531.041956
demand_119 7 8 916.254289
demand_120 7 9 477.480810
demand_121 7 10 440.108086
demand_122 7 11 640.974124
demand_123 7 12 589.349112
demand_124 7 13 524.749210
demand_125 7 14 1518.265983
demand_126 7 15 1255.235666
demand_127 7 16 222.137032
demand_128 8 0 1160.267507
demand_129 8 1 1000.685429
demand_130 8 2 1515.752783
demand_131 8 3 782.293659
demand_132 8 4 931.262227
demand_133 8 5 412.642040
demand_134 8 6 506.979377
demand_135 8 7 695.008777
demand_136 8 9 1104.125384
demand_137 8 10 1202.732801
demand_138 8 11 1105.058357
demand_139 8 12 1388.827510
demand_140 8 13 644.697163
demand_141 8 14 1208.286528
demand_142 8 15 1352.496685
demand_143 8 16 205.520773
demand_144 9 0 247.392317
demand_145 9 1 503.571229
demand_146 9 2 1047.766769
demand_147 9 3 1043.577840
demand_148 9 4 637.382317
demand_149 9 5 598.304973
demand_150 9 6 1069.503679
demand_151 9 7 1435.206986
demand_152 9 8 1053.926222
demand_153 9 10 196.163596
demand_154 9 11 397.441144
demand_155 9 12 541.907963
demand_156 9 13 958.152633
demand_157 9 14 518.643236
demand_158 9 15 1338.606445
demand_159 9 16 1513.860192
demand_160 10 0 153.369102
demand_161 10 1 295.864378
demand_162 10 2 593.439313
demand_163 10 3 660.985644
demand_164 10 4 804.688034
demand_165 10 5 1350.776442
demand_166 10 6 297.869009
demand_167 10 7 534.397622
demand_168 10 8 415.526468
demand_169 10 9 649.977051
demand_170 10 11 666.332124
demand_171 10 12 753.217462
demand_172 10 13 308.600089
demand_173 10 14 1504.127294
demand_174 10 15 1219.263931
demand_175 10 16 803.510240
demand_176 11 0 1002.453951
demand_177 11 1 1333.084685
demand_178 11 2 965.063337
demand_179 11 3 529.113065
demand_180 11 4 1221.552032
demand_181 11 5 1157.216750
demand_182 11 6 956.905001
demand_183 11 7 234.878094
demand_184 11 8 952.426849
demand_185 11 9 1310.745296
demand_186 11 10 208.348116
demand_187 11 12 1274.551527
demand_188 11 13 409.268256
demand_189 11 14 308.507144
demand_190 11 15 198.293808
demand_191 11 16 1050.640775
demand_192 12 0 353.349447
demand_193 12 1 985.321627
demand_194 12 2 1094.559657
demand_195 12 3 487.873161
demand_196 12 4 812.734462
demand_197 12 5 1426.652178
demand_198 12 6 208.779186
demand_199 12 7 1417.880488
demand_200 12 8 485.814019
demand_201 12 9 1091.622192
demand_202 12 10 408.164105
demand_203 12 11 801.765685
demand_204 12 13 1246.440410
demand_205 12 14 1243.013822
demand_206 12 15 645.646340
demand_207 12 16 230.928907
demand_208 13 0 855.159308
demand_209 13 1 1258.324826
demand_210 13 2 1029.854850
demand_211 13 3 929.036653
demand_212 13 4 1430.801948
demand_213 13 5 910.002639
demand_214 13 6 572.148304
demand_215 13 7 671.962559
demand_216 13 8 762.616560
demand_217 13 9 733.937561
demand_218 13 10 431.875876
demand_219 13 11 1199.461545
demand_220 13 12 1212.455093
demand_221 13 14 249.656587
demand_222 13 15 623.622730
demand_223 13 16 1083.302997
demand_224 14 0 1182.620462
demand_225 14 1 504.358959
demand_226 14 2 351.664965
demand_227 14 3 334.226918
demand_228 14 4 790.177133
demand_229 14 5 719.712779
demand_230 14 6 792.667573
demand_231 14 7 343.411429
demand_232 14 8 743.622659
demand_233 14 9 791.324665
demand_234 14 10 514.697261
demand_235 14 11 1081.155592
demand_236 14 12 780.434986
demand_237 14 13 230.189585
demand_238 14 15 327.783962
demand_239 14 16 299.036240
demand_240 15 0 466.717855
demand_241 15 1 420.501897
demand_242 15 2 824.652333
demand_243 15 3 1231.795037
demand_244 15 4 963.570571
demand_245 15 5 943.439587
demand_246 15 6 1122.802463
demand_247 15 7 457.984562
demand_248 15 8 1405.622983
demand_249 15 9 864.151325
demand_250 15 10 769.136731
demand_251 15 11 646.677454
demand_252 15 12 853.884243
demand_253 15 13 860.395776
demand_254 15 14 177.385607
demand_255 15 16 590.475889
demand_256 16 0 1159.472118
demand_257 16 1 1180.374030
demand_258 16 2 770.763436
demand_259 16 3 1436.850612
demand_260 16 4 856.542039
demand_261 16 5 1029.853684
demand_262 16 6 158.158956
demand_263 16 7 365.395185
demand_264 16 8 796.558195
demand_265 16 9 1138.713680
demand_266 16 10 1304.802241
demand_267 16 11 245.021507
demand_268 16 12 294.760055
demand_269 16 13 584.430314
demand_270 16 14 428.065433
demand_271 16 15 854.668086
