DEMANDS 272
label src dest bw
demand_0 0 1 1372.312200
demand_1 0 2 964.906281
demand_2 0 3 1283.105556
demand_3 0 4 466.331427
demand_4 0 5 370.586417
demand_5 0 6 996.091657
demand_6 0 7 1052.428866
demand_7 0 8 984.634874
demand_8 0 9 1118.569771
demand_9 0 10 425.670993
demand_10 0 11 380.603759
demand_11 0 12 234.178840
demand_12 0 13 1202.469040
demand_13 0 14 594.304608
demand_14 0 15 478.907651
demand_15 0 16 647.551030
demand_16 1 0 892.020869
demand_17 1 2 1293.332996
demand_18 1 3 228.802107
demand_19 1 4 1310.027498
demand_20 1 5 222.694487
demand_21 1 6 1245.908699
demand_22 1 7 343.002694
demand_23 1 8 457.898132
demand_24 1 9 1529.042516
demand_25 1 10 306.744057
demand_26 1 11 340.811821
demand_27 1 12 1325.010864
demand_28 1 13 178.697189
demand_29 1 14 414.365037
demand_30 1 15 984.341116
demand_31 1 16 607.109590
demand_32 2 0 813.435675
demand_33 2 1 1090.581378
demand_34 2 3 497.214708
demand_35 2 4 1140.794313
demand_36 2 5 687.933326
demand_37 2 6 421.464226
demand_38 2 7 1410.448383
demand_39 2 8 1319.769023
demand_40 2 9 1198.116791
demand_41 2 10 1513.240410
demand_42 2 11 285.048978
demand_43 2 12 968.150912
demand_44 2 13 1141.159523
demand_45 2 14 1072.642385
demand_46 2 15 673.471798
demand_47 2 16 1319.228985
demand_48 3 0 1181.862783
demand_49 3 1 261.109870
demand_50 3 2 1517.592138
demand_51 3 4 574.866062
demand_52 3 5 520.365552
demand_53 3 6 1494.248973
demand_54 3 7 283.560141
demand_55 3 8 1408.037920
demand_56 3 9 887.689666
demand_57 3 10 933.098576
demand_58 3 11 903.233944
demand_59 3 12 1328.929172
demand_60 3 13 977.155523
demand_61 3 14 1029.614901
demand_62 3 15 1306.700474
demand_63 3 16 1139.920573
demand_64 4 0 188.538287
demand_65 4 1 560.335016
demand_66 4 2 1479.356500
demand_67 4 3 1049.564989
demand_68 4 5 465.028724
demand_69 4 6 1306.109389
demand_70 4 7 1445.608820
demand_71 4 8 966.499429
demand_72 4 9 1198.172662
demand_73 4 10 1429.091745
demand_74 4 11 602.944553
demand_75 4 12 218.161711
demand_76 4 13 358.610559
demand_77 4 14 247.481990
demand_78 4 15 565.416431
demand_79 4 16 348.451533
demand_80 5 0 187.791015
demand_81 5 1 333.230578
demand_82 5 2 1193.979922
demand_83 5 3 404.251308
demand_84 5 4 1221.651638
demand_85 5 6 1505.417216
demand_86 5 7 235.798809
demand_87 5 8 694.630965
demand_88 5 9 1437.238116
demand_89 5 10 1460.516068
demand_90 5 11 1015.709527
demand_91 5 12 237.937807
demand_92 5 13 552.588473
demand_93 5 14 802.398677
demand_94 5 15 455.027249
demand_95 5 16 1212.174242
demand_96 6 0 443.842525
demand_97 6 1 735.747941
demand_98 6 2 1354.314423
demand_99 6 3 434.646177
demand_100 6 4 486.975113
demand_101 6 5 1497.647138
demand_102 6 7 1421.506121
demand_103 6 8 1050.242239
demand_104 6 9 874.824387
demand_105 6 10 324.983546
demand_106 6 11 864.847949
demand_107 6 12 211.423353
demand_108 6 13 302.311090
demand_109 6 14 501.091849
demand_110 6 15 401.272231
demand_111 6 16 1286.560646
demand_112 7 0 1004.557574
demand_113 7 1 400.465475
demand_114 7 2 474.731314
demand_115 7 3 511.051841
demand_116 7 4 320.587202
demand_117 7 5 1333.162695
demand_118 7 6 445.722544
demand_119 7 8 1481.151618
demand_120 7 9 1384.245088
demand_121 7 10 1382.244860
demand_122 7 11 1250.956303
demand_123 7 12 333.989541
demand_124 7 13 732.800052
demand_125 7 14 479.709188
demand_126 7 15 412.083938
demand_127 7 16 1494.467883
demand_128 8 0 1037.971574
demand_129 8 1 789.253614
demand_130 8 2 1298.027955
demand_131 8 3 1078.009563
demand_132 8 4 1338.181910
demand_133 8 5 628.124076
demand_134 8 6 795.237292
demand_135 8 7 377.857240
demand_136 8 9 364.507830
demand_137 8 10 1083.100441
demand_138 8 11 722.336243
demand_139 8 12 734.570361
demand_140 8 13 647.072082
demand_141 8 14 1119.427820
demand_142 8 15 555.648623
demand_143 8 16 685.534698
demand_144 9 0 1099.891070
demand_145 9 1 1460.438489
demand_146 9 2 850.365175
demand_147 9 3 498.636478
demand_148 9 4 416.534206
demand_149 9 5 1154.010038
demand_150 9 6 156.485779
demand_151 9 7 1419.172668
demand_152 9 8 252.303698
demand_153 9 10 1194.331160
demand_154 9 11 592.428038
demand_155 9 12 225.021288
demand_156 9 13 628.252164
demand_157 9 14 346.805358
demand_158 9 15 1005.553479
demand_159 9 16 198.862083
demand_160 10 0 1519.216230
demand_161 10 1 786.405804
demand_162 10 2 1381.981117
demand_163 10 3 905.386704
demand_164 10 4 256.813154
demand_165 10 5 1212.286845
demand_166 10 6 1193.385055
demand_167 10 7 446.913718
demand_168 10 8 1393.341992
demand_169 10 9 833.044748
demand_170 10 11 492.956236
demand_171 10 12 468.325634
demand_172 10 13 617.992805
demand_173 10 14 838.134752
demand_174 10 15 1506.482678
demand_175 10 16 1084.867181
demand_176 11 0 284.301816
demand_177 11 1 198.722802
demand_178 11 2 751.535463
demand_179 11 3 667.391498
demand_180 11 4 1092.552560
demand_181 11 5 274.431874
demand_182 11 6 330.124322
demand_183 11 7 956.956338
demand_184 11 8 369.442125
demand_185 11 9 356.279314
demand_186 11 10 1442.229604
demand_187 11 12 1073.319968
demand_188 11 13 722.906782
demand_189 11 14 1097.850290
demand_190 11 15 572.238254
demand_191 11 16 312.110576
demand_192 12 0 292.944884
demand_193 12 1 1391.325280
demand_194 12 2 1214.560191
demand_195 12 3 174.385707
demand_196 12 4 563.392588
demand_197 12 5 522.445852
demand_198 12 6 1529.981002
demand_199 12 7 563.482955
demand_200 12 8 601.848369
demand_201 12 9 1362.941399
demand_202 12 10 836.695176
demand_203 12 11 425.335625
demand_204 12 13 1406.688848
demand_205 12 14 984.838575
demand_206 12 15 1391.525668
demand_207 12 16 504.969674
demand_208 13 0 1299.186181
demand_209 13 1 686.695026
demand_210 13 2 1251.253884
demand_211 13 3 211.270640
demand_212 13 4 1465.959015
demand_213 13 5 1459.257986
demand_214 13 6 1235.495978
demand_215 13 7 376.345257
demand_216 13 8 892.091062
demand_217 13 9 1420.109010
demand_218 13 10 572.021952
demand_219 13 11 1160.951697
demand_220 13 12 1019.490230
demand_221 13 14 1420.450287
demand_222 13 15 1503.972051
demand_223 13 16 1456.306822
demand_224 14 0 789.437547
demand_225 14 1 676.817870
demand_226 14 2 1094.061064
demand_227 14 3 502.050479
demand_228 14 4 522.212475
demand_229 14 5 563.061438
demand_230 14 6 1218.763231
demand_231 14 7 532.947104
demand_232 14 8 415.911213
demand_233 14 9 1116.675124
demand_234 14 10 1127.463622
demand_235 14 11 781.436807
demand_236 14 12 545.926613
demand_237 14 13 162.671494
demand_238 14 15 900.650981
demand_239 14 16 1317.409946
demand_240 15 0 190.190939
demand_241 15 1 1129.801402
demand_242 15 2 538.610505
demand_243 15 3 737.936934
demand_244 15 4 1492.077197
demand_245 15 5 1361.814962
demand_246 15 6 250.165673
demand_247 15 7 929.314490
demand_248 15 8 261.526235
demand_249 15 9 1219.663122
demand_250 15 10 1454.813959
demand_251 15 11 823.992001
demand_252 15 12 1398.753196
demand_253 15 13 643.272088
demand_254 15 14 499.720937
demand_255 15 16 808.136625
demand_256 16 0 750.871699
demand_257 16 1 744.273304
demand_258 16 2 899.929664
demand_259 16 3 1233.948115
demand_260 16 4 737.072845
demand_261 16 5 1251.107874
demand_262 16 6 294.635213
demand_263 16 7 552.190520
demand_264 16 8 911.468596
demand_265 16 9 999.888006
demand_266 16 10 1451.327465
demand_267 16 11 270.080551
demand_268 16 12 938.370090
demand_269 16 13 811.795778
demand_270 16 14 1385.913684
demand_271 16 15 255.976372
