DEMANDS 272
label src dest bw
demand_0 0 1 882.169251
demand_1 0 2 491.755771
demand_2 0 3 393.065310
demand_3 0 4 785.952987
demand_4 0 5 1223.521146
demand_5 0 6 1229.162017
demand_6 0 7 1179.172917
demand_7 0 8 509.938815
demand_8 0 9 634.900198
demand_9 0 10 371.005367
demand_10 0 11 584.620996
demand_11 0 12 807.594105
demand_12 0 13 674.395177
demand_13 0 14 159.174010
demand_14 0 15 981.874944
demand_15 0 16 230.103526
demand_16 1 0 624.898437
demand_17 1 2 931.202922
demand_18 1 3 369.323292
demand_19 1 4 1083.580650
demand_20 1 5 514.322788
demand_21 1 6 497.908943
demand_22 1 7 551.177439
demand_23 1 8 214.996966
demand_24 1 9 332.315326
demand_25 1 10 558.275479
demand_26 1 11 759.840206
demand_27 1 12 1115.964170
demand_28 1 13 787.909869
demand_29 1 14 1117.923946
demand_30 1 15 189.024807
demand_31 1 16 1411.458263
demand_32 2 0 626.363273
demand_33 2 1 783.369914
demand_34 2 3 950.668678
demand_35 2 4 481.121950
demand_36 2 5 1337.981391
demand_37 2 6 501.311435
demand_38 2 7 1374.209735
demand_39 2 8 253.131103
demand_40 2 9 1454.783678
demand_41 2 10 615.443822
demand_42 2 11 888.778724
demand_43 2 12 979.132660
demand_44 2 13 161.393556
demand_45 2 14 203.818126
demand_46 2 15 1446.201122
demand_47 2 16 238.890970
demand_48 3 0 972.204162
demand_49 3 1 1283.052201
demand_50 3 2 259.739411
demand_51 3 4 268.584676
demand_52 3 5 394.837253
demand_53 3 6 389.505366
demand_54 3 7 899.367256
demand_55 3 8 875.381369
demand_56 3 9 1002.530463
demand_57 3 10 254.953759
demand_58 3 11 713.344072
demand_59 3 12 623.386012
demand_60 3 13 1333.017732
demand_61 3 14 1214.726301
demand_62 3 15 897.329264
demand_63 3 16 1113.205013
demand_64 4 0 701.075052
demand_65 4 1 1354.304537
demand_66 4 2 1121.201160
demand_67 4 3 840.298968
demand_68 4 5 1161.297157
demand_69 4 6 751.578763
demand_70 4 7 1332.711635
demand_71 4 8 279.478723
demand_72 4 9 544.417889
demand_73 4 10 1255.167064
demand_74 4 11 199.261077
demand_75 4 12 1357.022290
demand_76 4 13 1267.566620
demand_77 4 14 278.650537
demand_78 4 15 535.891654
demand_79 4 16 709.300682
demand_80 5 0 342.156156
demand_81 5 1 351.015770
demand_82 5 2 1222.478660
demand_83 5 3 269.761017
demand_84 5 4 701.970540
demand_85 5 6 1152.602026
demand_86 5 7 629.278334
demand_87 5 8 1365.056775
demand_88 5 9 1382.745227
demand_89 5 10 167.260245
demand_90 5 11 1371.025696
demand_91 5 12 1328.307595
demand_92 5 13 422.658842
demand_93 5 14 1433.538272
demand_94 5 15 540.794621
demand_95 5 16 1308.602499
demand_96 6 0 360.954453
demand_97 6 1 316.577369
demand_98 6 2 627.289632
demand_99 6 3 1430.301584
demand_100 6 4 1104.971424
demand_101 6 5 679.625945
demand_102 6 7 374.069412
demand_103 6 8 1459.481848
demand_104 6 9 1323.874114
demand_105 6 10 561.242571
demand_106 6 11 352.644741
demand_107 6 12 303.980223
demand_108 6 13 930.454615
demand_109 6 14 817.357618
demand_110 6 15 710.107642
demand_111 6 16 727.222527
demand_112 7 0 826.988563
demand_113 7 1 1238.475912
demand_114 7 2 1173.320604
demand_115 7 3 1014.627653
demand_116 7 4 1449.102673
demand_117 7 5 370.678589
demand_118 7 6 1422.057345
demand_119 7 8 711.053139
demand_120 7 9 895.695982
demand_121 7 10 191.079775
demand_122 7 11 1096.087408
demand_123 7 12 599.584275
demand_124 7 13 499.628100
demand_125 7 14 864.992711
demand_126 7 15 423.909818
demand_127 7 16 183.108914
demand_128 8 0 931.554697
demand_129 8 1 1132.337558
demand_130 8 2 1252.863286
demand_131 8 3 847.833964
demand_132 8 4 1062.589759
demand_133 8 5 1118.078173
demand_134 8 6 260.376373
demand_135 8 7 599.640264
demand_136 8 9 1013.908891
demand_137 8 10 1058.852077
demand_138 8 11 1292.398346
demand_139 8 12 317.782633
demand_140 8 13 831.787309
demand_141 8 14 1031.021760
demand_142 8 15 847.373008
demand_143 8 16 377.199436
demand_144 9 0 756.692072
demand_145 9 1 579.409293
demand_146 9 2 1360.361009
demand_147 9 3 880.282214
demand_148 9 4 491.992908
demand_149 9 5 937.296990
demand_150 9 6 860.995257
demand_151 9 7 237.363411
demand_152 9 8 703.921388
demand_153 9 10 1220.610073
demand_154 9 11 340.929938
demand_155 9 12 1316.531486
demand_156 9 13 1439.592567
demand_157 9 14 583.556759
demand_158 9 15 847.882101
demand_159 9 16 630.531291
demand_160 10 0 1138.853783
demand_161 10 1 790.330070
demand_162 10 2 889.395549
demand_163 10 3 1338.605757
demand_164 10 4 253.060497
demand_165 10 5 596.260378
demand_166 10 6 154.719807
demand_167 10 7 571.657419
demand_168 10 8 821.674507
demand_169 10 9 909.992814
demand_170 10 11 188.598976
demand_171 10 12 384.115103
demand_172 10 13 439.162448
demand_173 10 14 737.611810
demand_174 10 15 301.372385
demand_175 10 16 487.731186
demand_176 11 0 298.025679
demand_177 11 1 1294.657422
demand_178 11 2 424.058306
demand_179 11 3 942.166580
demand_180 11 4 319.003966
demand_181 11 5 244.158223
demand_182 11 6 1217.438416
demand_183 11 7 379.431466
demand_184 11 8 504.892286
demand_185 11 9 334.089532
demand_186 11 10 815.244262
demand_187 11 12 1179.746371
demand_188 11 13 1372.038644
demand_189 11 14 784.855067
demand_190 11 15 299.242111
demand_191 11 16 1208.405789
demand_192 12 0 786.458223
demand_193 12 1 1106.216772
demand_194 12 2 667.088580
demand_195 12 3 1149.466652
demand_196 12 4 1023.431291
demand_197 12 5 1260.279478
demand_198 12 6 257.136301
demand_199 12 7 440.256644
demand_200 12 8 1257.963788
demand_201 12 9 1354.350623
demand_202 12 10 506.688692
demand_203 12 11 220.804841
demand_204 12 13 165.657789
demand_205 12 14 676.391963
demand_206 12 15 288.106362
demand_207 12 16 339.351127
demand_208 13 0 1216.332611
demand_209 13 1 411.605239
demand_210 13 2 1055.858211
demand_211 13 3 1450.749543
demand_212 13 4 622.104797
demand_213 13 5 1172.032424
demand_214 13 6 1279.779472
demand_215 13 7 410.620790
demand_216 13 8 911.694550
demand_217 13 9 1065.342877
demand_218 13 10 526.829196
demand_219 13 11 676.457013
demand_220 13 12 1245.106674
demand_221 13 14 1355.640961
demand_222 13 15 1011.064899
demand_223 13 16 664.127385
demand_224 14 0 1402.036227
demand_225 14 1 396.455279
demand_226 14 2 238.133969
demand_227 14 3 951.073726
demand_228 14 4 366.082468
demand_229 14 5 1074.608567
demand_230 14 6 423.585308
demand_231 14 7 173.893846
demand_232 14 8 262.704897
demand_233 14 9 182.676763
demand_234 14 10 1113.176752
demand_235 14 11 626.337595
demand_236 14 12 1102.046650
demand_237 14 13 1325.758600
demand_238 14 15 255.695552
demand_239 14 16 617.770091
demand_240 15 0 230.534012
demand_241 15 1 321.986834
demand_242 15 2 1088.136411
demand_243 15 3 231.941236
demand_244 15 4 606.989296
demand_245 15 5 845.334479
demand_246 15 6 1407.140383
demand_247 15 7 1030.916410
demand_248 15 8 603.517046
demand_249 15 9 990.724935
demand_250 15 10 520.147957
demand_251 15 11 1429.810180
demand_252 15 12 545.573585
demand_253 15 13 277.184261
demand_254 15 14 447.758636
demand_255 15 16 567.623308
demand_256 16 0 492.318440
demand_257 16 1 1311.625681
demand_258 16 2 808.320544
demand_259 16 3 676.265075
demand_260 16 4 1170.042399
demand_261 16 5 389.757736
demand_262 16 6 782.629306
demand_263 16 7 434.693006
demand_264 16 8 404.753377
demand_265 16 9 1219.315319
demand_266 16 10 1264.715690
demand_267 16 11 887.069970
demand_268 16 12 1334.585789
demand_269 16 13 1038.861551
demand_270 16 14 317.954679
demand_271 16 15 667.307036
