DEMANDS 272
label src dest bw
demand_0 0 1 516.967073
demand_1 0 2 976.243846
demand_2 0 3 267.044053
demand_3 0 4 1478.205224
demand_4 0 5 855.023907
demand_5 0 6 1362.832563
demand_6 0 7 284.126835
demand_7 0 8 272.813699
demand_8 0 9 176.519502
demand_9 0 10 1220.110202
demand_10 0 11 181.654415
demand_11 0 12 372.102627
demand_12 0 13 729.869398
demand_13 0 14 462.813360
demand_14 0 15 393.620872
demand_15 0 16 1335.062808
demand_16 1 0 606.663755
demand_17 1 2 1247.526603
demand_18 1 3 781.599803
demand_19 1 4 663.173595
demand_20 1 5 1036.554053
demand_21 1 6 752.952128
demand_22 1 7 378.116784
demand_23 1 8 821.962320
demand_24 1 9 1232.538396
demand_25 1 10 285.900578
demand_26 1 11 534.386170
demand_27 1 12 691.755639
demand_28 1 13 1255.200796
demand_29 1 14 358.990204
demand_30 1 15 660.973357
demand_31 1 16 1439.447641
demand_32 2 0 963.233664
demand_33 2 1 1143.461310
demand_34 2 3 440.831239
demand_35 2 4 600.748932
demand_36 2 5 314.396622
demand_37 2 6 398.786658
demand_38 2 7 446.330145
demand_39 2 8 322.283438
demand_40 2 9 1460.068983
demand_41 2 10 1128.151419
demand_42 2 11 414.077838
demand_43 2 12 278.730529
demand_44 2 13 229.900055
demand_45 2 14 254.735163
demand_46 2 15 1067.223481
demand_47 2 16 563.519061
demand_48 3 0 785.368097
demand_49 3 1 469.238908
demand_50 3 2 811.455238
demand_51 3 4 1280.308750
demand_52 3 5 348.705060
demand_53 3 6 788.373987
demand_54 3 7 173.758905
demand_55 3 8 625.112136
demand_56 3 9 714.504982
demand_57 3 10 508.398234
demand_58 3 11 664.858290
demand_59 3 12 524.356183
demand_60 3 13 1385.035830
demand_61 3 14 228.365827
demand_62 3 15 1013.526186
demand_63 3 16 1335.582707
demand_64 4 0 664.958256
demand_65 4 1 1215.223071
demand_66 4 2 778.394499
demand_67 4 3 719.416727
demand_68 4 5 1328.895967
demand_69 4 6 638.365160
demand_70 4 7 1004.977525
demand_71 4 8 506.478362
demand_72 4 9 1456.389679
demand_73 4 10 456.905967
demand_74 4 11 1092.322093
demand_75 4 12 857.081845
demand_76 4 13 512.431967
demand_77 4 14 399.186174
demand_78 4 15 810.956146
demand_79 4 16 598.038563
demand_80 5 0 461.588613
demand_81 5 1 1502.190061
demand_82 5 2 160.135619
demand_83 5 3 899.705104
demand_84 5 4 265.141024
demand_85 5 6 840.045116
demand_86 5 7 773.982891
demand_87 5 8 463.751746
demand_88 5 9 1046.216494
demand_89 5 10 1363.629742
demand_90 5 11 1398.898102
demand_91 5 12 157.694380
demand_92 5 13 1304.164290
demand_93 5 14 981.250068
demand_94 5 15 214.108900
demand_95 5 16 401.263582
demand_96 6 0 1378.583591
demand_97 6 1 373.858846
demand_98 6 2 336.977424
demand_99 6 3 270.519836
demand_100 6 4 357.295496
demand_101 6 5 992.908285
demand_102 6 7 958.680521
demand_103 6 8 270.094001
demand_104 6 9 924.470780
demand_105 6 10 1154.361200
demand_106 6 11 1332.670012
demand_107 6 12 486.727548
demand_108 6 13 425.420118
demand_109 6 14 1165.647143
demand_110 6 15 979.075424
demand_111 6 16 653.473872
demand_112 7 0 784.625988
demand_113 7 1 405.803671
demand_114 7 2 600.767943
demand_115 7 3 464.347608
demand_116 7 4 1034.565206
demand_117 7 5 843.978220
demand_118 7 6 200.725071
demand_119 7 8 397.457053
demand_120 7 9 1024.173705
demand_121 7 10 157.223520
demand_122 7 11 464.204354
demand_123 7 12 663.011981
demand_124 7 13 364.327650
demand_125 7 14 517.994322
demand_126 7 15 1304.290068
demand_127 7 16 666.048727
demand_128 8 0 350.472123
demand_129 8 1 984.571792
demand_130 8 2 368.727927
demand_131 8 3 1371.265347
demand_132 8 4 946.365818
demand_133 8 5 1409.821615
demand_134 8 6 222.918420
demand_135 8 7 1132.943029
demand_136 8 9 1482.174146
demand_137 8 10 841.450263
demand_138 8 11 596.705508
demand_139 8 12 1253.185147
demand_140 8 13 1475.865997
demand_141 8 14 1486.149727
demand_142 8 15 1506.847776
demand_143 8 16 1184.449429
demand_144 9 0 280.726745
demand_145 9 1 677.433402
demand_146 9 2 223.125808
demand_147 9 3 1121.139511
demand_148 9 4 455.029555
demand_149 9 5 609.220526
demand_150 9 6 953.119387
demand_151 9 7 1090.243394
demand_152 9 8 1194.597568
demand_153 9 10 230.075051
demand_154 9 11 942.168936
demand_155 9 12 656.521891
demand_156 9 13 1496.210832
demand_157 9 14 942.170280
demand_158 9 15 643.706888
demand_159 9 16 1462.351347
demand_160 10 0 682.441838
demand_161 10 1 351.118395
demand_162 10 2 843.353843
demand_163 10 3 1341.015097
demand_164 10 4 980.315379
demand_165 10 5 1474.201875
demand_166 10 6 703.102527
demand_167 10 7 253.585452
demand_168 10 8 303.632266
demand_169 10 9 699.836561
demand_170 10 11 1194.777831
demand_171 10 12 801.362142
demand_172 10 13 871.592536
demand_173 10 14 637.483233
demand_174 10 15 1331.626140
demand_175 10 16 234.554781
demand_176 11 0 1028.624790
demand_177 11 1 862.145029
demand_178 11 2 1113.602718
demand_179 11 3 372.377164
demand_180 11 4 1172.742137
demand_181 11 5 1390.377608
demand_182 11 6 221.549287
demand_183 11 7 850.135073
demand_184 11 8 1277.260324
demand_185 11 9 791.039124
demand_186 11 10 278.694151
demand_187 11 12 1467.999297
demand_188 11 13 1364.951205
demand_189 11 14 332.853156
demand_190 11 15 319.563999
demand_191 11 16 411.205398
demand_192 12 0 415.790589
demand_193 12 1 1025.754198
demand_194 12 2 578.346713
demand_195 12 3 784.737135
demand_196 12 4 547.749025
demand_197 12 5 809.843031
demand_198 12 6 741.707674
demand_199 12 7 1168.257831
demand_200 12 8 429.055460
demand_201 12 9 969.283816
demand_202 12 10 1486.859107
demand_203 12 11 422.265299
demand_204 12 13 958.973705
demand_205 12 14 1239.995657
demand_206 12 15 314.425740
demand_207 12 16 348.764577
demand_208 13 0 1471.766367
demand_209 13 1 1261.043197
demand_210 13 2 509.979159
demand_211 13 3 919.086041
demand_212 13 4 488.104879
demand_213 13 5 500.804188
demand_214 13 6 165.575103
demand_215 13 7 320.305086
demand_216 13 8 983.218980
demand_217 13 9 1401.994028
demand_218 13 10 485.999982
demand_219 13 11 646.212848
demand_220 13 12 1217.025728
demand_221 13 14 501.202296
demand_222 13 15 1485.178435
demand_223 13 16 248.772752
demand_224 14 0 1048.632912
demand_225 14 1 1305.361351
demand_226 14 2 176.640669
demand_227 14 3 963.574731
demand_228 14 4 343.446229
demand_229 14 5 1474.883754
demand_230 14 6 959.301506
demand_231 14 7 1018.335111
demand_232 14 8 1451.851538
demand_233 14 9 520.061935
demand_234 14 10 969.235153
demand_235 14 11 764.953170
demand_236 14 12 486.677126
demand_237 14 13 1014.326314
demand_238 14 15 621.433057
demand_239 14 16 627.011797
demand_240 15 0 577.160052
demand_241 15 1 355.469496
demand_242 15 2 262.909157
demand_243 15 3 246.560123
demand_244 15 4 1482.272852
demand_245 15 5 411.535973
demand_246 15 6 412.501314
demand_247 15 7 755.718200
demand_248 15 8 935.540635
demand_249 15 9 1486.673007
demand_250 15 10 1221.414187
demand_251 15 11 948.247630
demand_252 15 12 564.733564
demand_253 15 13 1238.117240
demand_254 15 14 806.905726
demand_255 15 16 199.323974
demand_256 16 0 1433.211081
demand_257 16 1 862.962552
demand_258 16 2 390.198241
demand_259 16 3 1248.659548
demand_260 16 4 413.548895
demand_261 16 5 1435.436985
demand_262 16 6 221.429526
demand_263 16 7 371.415852
demand_264 16 8 960.579722
demand_265 16 9 1056.244446
demand_266 16 10 273.695358
demand_267 16 11 961.674823
demand_268 16 12 1067.662258
demand_269 16 13 949.548990
demand_270 16 14 1474.693725
demand_271 16 15 731.307955
