DEMANDS 272
label src dest bw
demand_0 0 1 560.552983
demand_1 0 2 260.967917
demand_2 0 3 1237.619753
demand_3 0 4 798.088521
demand_4 0 5 924.883842
demand_5 0 6 1185.811290
demand_6 0 7 1358.880683
demand_7 0 8 1244.644444
demand_8 0 9 1195.023129
demand_9 0 10 499.801369
demand_10 0 11 1176.855441
demand_11 0 12 239.906922
demand_12 0 13 737.152059
demand_13 0 14 1021.667634
demand_14 0 15 519.516767
demand_15 0 16 561.637185
demand_16 1 0 1126.117752
demand_17 1 2 1347.577574
demand_18 1 3 1302.613091
demand_19 1 4 157.365076
demand_20 1 5 1464.623859
demand_21 1 6 1299.515664
demand_22 1 7 1510.488571
demand_23 1 8 843.397838
demand_24 1 9 1095.133328
demand_25 1 10 1195.961497
demand_26 1 11 817.046100
demand_27 1 12 1297.368436
demand_28 1 13 777.236384
demand_29 1 14 339.928001
demand_30 1 15 1066.224435
demand_31 1 16 834.784256
demand_32 2 0 1088.829882
demand_33 2 1 275.259340
demand_34 2 3 1096.759902
demand_35 2 4 852.189499
demand_36 2 5 1226.405408
demand_37 2 6 762.919504
demand_38 2 7 624.114454
demand_39 2 8 833.448491
demand_40 2 9 1458.858308
demand_41 2 10 592.587309
demand_42 2 11 1551.405614
demand_43 2 12 318.273234
demand_44 2 13 1531.016926
demand_45 2 14 1393.498368
demand_46 2 15 1498.102636
demand_47 2 16 492.134092
demand_48 3 0 1371.097533
demand_49 3 1 1294.654664
demand_50 3 2 388.004693
demand_51 3 4 576.293227
demand_52 3 5 959.982442
demand_53 3 6 1400.577264
demand_54 3 7 210.926881
demand_55 3 8 666.311535
demand_56 3 9 1082.429387
demand_57 3 10 1209.666316
demand_58 3 11 1518.299504
demand_59 3 12 332.595438
demand_60 3 13 723.347281
demand_61 3 14 940.554314
demand_62 3 15 830.856300
demand_63 3 16 869.524280
demand_64 4 0 711.514931
demand_65 4 1 1538.726011
demand_66 4 2 209.813380
demand_67 4 3 404.163582
demand_68 4 5 700.968119
demand_69 4 6 871.666794
demand_70 4 7 681.910023
demand_71 4 8 1263.719186
demand_72 4 9 1207.369001
demand_73 4 10 164.125737
demand_74 4 11 1063.245415
demand_75 4 12 758.126084
demand_76 4 13 529.820603
demand_77 4 14 538.349096
demand_78 4 15 161.805252
demand_79 4 16 827.339331
demand_80 5 0 922.021017
demand_81 5 1 1302.432904
demand_82 5 2 687.585919
demand_83 5 3 1419.574884
demand_84 5 4 861.098308
demand_85 5 6 677.249442
demand_86 5 7 1537.808338
demand_87 5 8 718.900928
demand_88 5 9 356.979737
demand_89 5 10 1387.264666
demand_90 5 11 1095.643815
demand_91 5 12 1352.730312
demand_92 5 13 204.404427
demand_93 5 14 687.854804
demand_94 5 15 394.820958
demand_95 5 16 1100.756619
demand_96 6 0 551.790541
demand_97 6 1 273.069515
demand_98 6 2 1078.516389
demand_99 6 3 1571.492784
demand_100 6 4 1195.547728
demand_101 6 5 1226.059477
demand_102 6 7 940.845518
demand_103 6 8 976.521758
demand_104 6 9 1229.114848
demand_105 6 10 866.664175
demand_106 6 11 832.524752
demand_107 6 12 1459.656261
demand_108 6 13 837.951112
demand_109 6 14 450.340663
demand_110 6 15 690.613845
demand_111 6 16 355.977079
demand_112 7 0 974.956476
demand_113 7 1 200.605094
demand_114 7 2 1392.008416
demand_115 7 3 1450.896249
demand_116 7 4 1078.543659
demand_117 7 5 1085.752573
demand_118 7 6 1154.012993
demand_119 7 8 818.256666
demand_120 7 9 1143.423142
demand_121 7 10 680.573899
demand_122 7 11 851.503684
demand_123 7 12 1080.384134
demand_124 7 13 253.706858
demand_125 7 14 914.165917
demand_126 7 15 1196.260958
demand_127 7 16 761.573427
demand_128 8 0 1078.757089
demand_129 8 1 973.009640
demand_130 8 2 536.891454
demand_131 8 3 1418.420058
demand_132 8 4 387.783558
demand_133 8 5 699.943160
demand_134 8 6 213.338450
demand_135 8 7 815.721027
demand_136 8 9 1053.266316
demand_137 8 10 1360.710878
demand_138 8 11 993.807430
demand_139 8 12 536.101028
demand_140 8 13 620.072713
demand_141 8 14 282.419933
demand_142 8 15 1061.496289
demand_143 8 16 971.755174
demand_144 9 0 1140.051118
demand_145 9 1 1125.004211
demand_146 9 2 1134.323511
demand_147 9 3 1410.251238
demand_148 9 4 1414.197611
demand_149 9 5 263.890954
demand_150 9 6 1186.232110
demand_151 9 7 1482.645358
demand_152 9 8 1196.545854
demand_153 9 10 241.836973
demand_154 9 11 249.113663
demand_155 9 12 595.269433
demand_156 9 13 202.472035
demand_157 9 14 1551.826593
demand_158 9 15 610.977815
demand_159 9 16 1052.269139
demand_160 10 0 281.754731
demand_161 10 1 1192.916485
demand_162 10 2 641.331402
demand_163 10 3 1305.258584
demand_164 10 4 532.332146
demand_165 10 5 244.602796
demand_166 10 6 386.772818
demand_167 10 7 224.271495
demand_168 10 8 619.262402
demand_169 10 9 1516.258288
demand_170 10 11 1103.078459
demand_171 10 12 1090.501792
demand_172 10 13 403.936965
demand_173 10 14 160.003364
demand_174 10 15 467.111098
demand_175 10 16 435.332277
demand_176 11 0 1338.007685
demand_177 11 1 1492.015351
demand_178 11 2 1312.839217
demand_179 11 3 1400.572989
demand_180 11 4 1187.175979
demand_181 11 5 357.820587
demand_182 11 6 318.521833
demand_183 11 7 1366.316020
demand_184 11 8 284.364653
demand_185 11 9 1545.028983
demand_186 11 10 1313.202509
demand_187 11 12 610.394810
demand_188 11 13 514.718458
demand_189 11 14 699.413031
demand_190 11 15 510.056829
demand_191 11 16 1541.937097
demand_192 12 0 239.881520
demand_193 12 1 623.680423
demand_194 12 2 263.366845
demand_195 12 3 414.055242
demand_196 12 4 536.334839
demand_197 12 5 282.764700
demand_198 12 6 885.804217
demand_199 12 7 591.100354
demand_200 12 8 1516.382848
demand_201 12 9 555.964627
demand_202 12 10 996.055534
demand_203 12 11 783.034564
demand_204 12 13 1554.864641
demand_205 12 14 1358.828037
demand_206 12 15 925.741077
demand_207 12 16 255.820323
demand_208 13 0 798.976747
demand_209 13 1 842.000604
demand_210 13 2 745.390904
demand_211 13 3 514.873623
demand_212 13 4 1292.152260
demand_213 13 5 695.589122
demand_214 13 6 301.938154
demand_215 13 7 1504.880835
demand_216 13 8 772.965091
demand_217 13 9 1396.410542
demand_218 13 10 350.447259
demand_219 13 11 1228.842601
demand_220 13 12 1003.278717
demand_221 13 14 212.943773
demand_222 13 15 1231.219329
demand_223 13 16 192.901600
demand_224 14 0 1028.071913
demand_225 14 1 258.656661
demand_226 14 2 1161.800554
demand_227 14 3 364.356288
demand_228 14 4 1179.333294
demand_229 14 5 229.160127
demand_230 14 6 270.359065
demand_231 14 7 470.787442
demand_232 14 8 1411.076428
demand_233 14 9 1282.600917
demand_234 14 10 880.300187
demand_235 14 11 1467.879117
demand_236 14 12 707.070650
demand_237 14 13 898.171255
demand_238 14 15 1553.055389
demand_239 14 16 754.439390
demand_240 15 0 601.338128
demand_241 15 1 586.765158
demand_242 15 2 975.934588
demand_243 15 3 908.924899
demand_244 15 4 210.719398
demand_245 15 5 1294.167227
demand_246 15 6 446.782644
demand_247 15 7 577.230609
demand_248 15 8 249.419176
demand_249 15 9 880.280684
demand_250 15 10 1032.374573
demand_251 15 11 1283.790791
demand_252 15 12 511.504503
demand_253 15 13 947.571965
demand_254 15 14 1411.282951
demand_255 15 16 1376.313837
demand_256 16 0 1283.718208
demand_257 16 1 985.821877
demand_258 16 2 1242.038043
demand_259 16 3 462.129708
demand_260 16 4 1407.741442
demand_261 16 5 574.795303
demand_262 16 6 376.518696
demand_263 16 7 626.302483
demand_264 16 8 701.558598
demand_265 16 9 605.624519
demand_266 16 10 438.140371
demand_267 16 11 913.360317
demand_268 16 12 765.590584
demand_269 16 13 571.026644
demand_270 16 14 656.542098
demand_271 16 15 1451.818811
