DEMANDS 272
label src dest bw
demand_0 0 1 829.380945
demand_1 0 2 1156.799179
demand_2 0 3 1184.321984
demand_3 0 4 1291.320666
demand_4 0 5 393.355814
demand_5 0 6 500.673524
demand_6 0 7 798.863879
demand_7 0 8 1118.420356
demand_8 0 9 402.604064
demand_9 0 10 382.600682
demand_10 0 11 854.946004
demand_11 0 12 518.116575
demand_12 0 13 1147.120531
demand_13 0 14 500.920425
demand_14 0 15 532.262566
demand_15 0 16 1412.134137
demand_16 1 0 1347.426660
demand_17 1 2 893.551965
demand_18 1 3 784.789077
demand_19 1 4 1006.059922
demand_20 1 5 852.056192
demand_21 1 6 1455.981816
demand_22 1 7 332.926449
demand_23 1 8 1429.150682
demand_24 1 9 961.142129
demand_25 1 10 1093.906640
demand_26 1 11 534.293669
demand_27 1 12 935.589265
demand_28 1 13 1133.565836
demand_29 1 14 989.829910
demand_30 1 15 1360.692930
demand_31 1 16 1315.219602
demand_32 2 0 994.177635
demand_33 2 1 535.055089
demand_34 2 3 1044.061780
demand_35 2 4 510.528742
demand_36 2 5 312.468237
demand_37 2 6 895.844001
demand_38 2 7 684.247131
demand_39 2 8 883.331484
demand_40 2 9 1269.986205
demand_41 2 10 273.385473
demand_42 2 11 612.271339
demand_43 2 12 1426.888322
demand_44 2 13 1358.939027
demand_45 2 14 1420.370003
demand_46 2 15 213.188169
demand_47 2 16 1308.413101
demand_48 3 0 1159.005186
demand_49 3 1 461.355614
demand_50 3 2 282.719559
demand_51 3 4 391.219466
demand_52 3 5 1136.308232
demand_53 3 6 1399.626669
demand_54 3 7 1186.112660
demand_55 3 8 391.629783
demand_56 3 9 819.719728
demand_57 3 10 253.299134
demand_58 3 11 834.443101
demand_59 3 12 322.240796
demand_60 3 13 407.435003
demand_61 3 14 288.481870
demand_62 3 15 978.463362
demand_63 3 16 1398.338964
demand_64 4 0 838.547315
demand_65 4 1 589.217624
demand_66 4 2 814.801344
demand_67 4 3 1449.050862
demand_68 4 5 979.171751
demand_69 4 6 625.921242
demand_70 4 7 1429.655094
demand_71 4 8 1175.417108
demand_72 4 9 197.190434
demand_73 4 10 1442.389344
demand_74 4 11 609.284573
demand_75 4 12 511.653440
demand_76 4 13 558.845473
demand_77 4 14 988.261352
demand_78 4 15 786.637837
demand_79 4 16 503.232639
demand_80 5 0 1390.435447
demand_81 5 1 685.196699
demand_82 5 2 498.367375
demand_83 5 3 1281.838158
demand_84 5 4 753.006976
demand_85 5 6 1067.743570
demand_86 5 7 743.244170
demand_87 5 8 1126.544506
demand_88 5 9 227.079111
demand_89 5 10 233.962824
demand_90 5 11 536.039434
demand_91 5 12 951.522447
demand_92 5 13 163.828207
demand_93 5 14 648.997018
demand_94 5 15 1040.150400
demand_95 5 16 1347.835620
demand_96 6 0 484.260966
demand_97 6 1 282.580833
demand_98 6 2 1243.037716
demand_99 6 3 876.921320
demand_100 6 4 152.794121
demand_101 6 5 625.872002
demand_102 6 7 1158.333428
demand_103 6 8 508.726796
demand_104 6 9 530.892855
demand_105 6 10 258.336067
demand_106 6 11 393.011736
demand_107 6 12 491.512259
demand_108 6 13 994.671115
demand_109 6 14 444.913864
demand_110 6 15 822.226070
demand_111 6 16 1060.516576
demand_112 7 0 1300.687428
demand_113 7 1 1207.734518
demand_114 7 2 1330.769686
demand_115 7 3 1273.930102
demand_116 7 4 722.020698
demand_117 7 5 921.192778
demand_118 7 6 1179.099664
demand_119 7 8 874.795621
demand_120 7 9 962.912305
demand_121 7 10 900.646598
demand_122 7 11 1114.655397
demand_123 7 12 1445.905294
demand_124 7 13 320.931793
demand_125 7 14 295.396780
demand_126 7 15 1069.066415
demand_127 7 16 223.003835
demand_128 8 0 882.189344
demand_129 8 1 784.918293
demand_130 8 2 272.211877
demand_131 8 3 1199.114534
demand_132 8 4 225.487309
demand_133 8 5 883.063170
demand_134 8 6 711.587426
demand_135 8 7 494.962225
demand_136 8 9 794.322775
demand_137 8 10 238.777529
demand_138 8 11 259.449346
demand_139 8 12 465.886659
demand_140 8 13 1380.858649
demand_141 8 14 633.037832
demand_142 8 15 394.666456
demand_143 8 16 1202.386539
demand_144 9 0 336.910193
demand_145 9 1 1288.613188
demand_146 9 2 531.453228
demand_147 9 3 216.077001
demand_148 9 4 894.284991
demand_149 9 5 430.192067
demand_150 9 6 375.169858
demand_151 9 7 531.275233
demand_152 9 8 1419.105584
demand_153 9 10 383.981983
demand_154 9 11 255.064516
demand_155 9 12 1277.365370
demand_156 9 13 1376.285820
demand_157 9 14 1321.618874
demand_158 9 15 1386.055658
demand_159 9 16 1325.403613
demand_160 10 0 1211.336578
demand_161 10 1 803.052378
demand_162 10 2 1457.256571
demand_163 10 3 1333.999236
demand_164 10 4 286.295350
demand_165 10 5 764.151358
demand_166 10 6 593.661603
demand_167 10 7 941.846892
demand_168 10 8 707.503749
demand_169 10 9 1026.799505
demand_170 10 11 1411.550420
demand_171 10 12 680.490881
demand_172 10 13 678.912294
demand_173 10 14 1148.054970
demand_174 10 15 1265.918436
demand_175 10 16 1442.568898
demand_176 11 0 994.856326
demand_177 11 1 546.577360
demand_178 11 2 382.806223
demand_179 11 3 697.576771
demand_180 11 4 1336.398069
demand_181 11 5 577.859064
demand_182 11 6 509.704989
demand_183 11 7 511.011903
demand_184 11 8 274.027095
demand_185 11 9 337.744095
demand_186 11 10 754.536994
demand_187 11 12 1333.476309
demand_188 11 13 928.688464
demand_189 11 14 302.931708
demand_190 11 15 320.508077
demand_191 11 16 409.925192
demand_192 12 0 1137.054842
demand_193 12 1 300.810023
demand_194 12 2 906.421802
demand_195 12 3 752.141658
demand_196 12 4 1183.420083
demand_197 12 5 342.411534
demand_198 12 6 154.097771
demand_199 12 7 277.897608
demand_200 12 8 824.425226
demand_201 12 9 870.989800
demand_202 12 10 998.098814
demand_203 12 11 370.789448
demand_204 12 13 1322.983687
demand_205 12 14 242.699587
demand_206 12 15 651.942294
demand_207 12 16 581.862251
demand_208 13 0 1190.363345
demand_209 13 1 519.145941
demand_210 13 2 338.223746
demand_211 13 3 926.670565
demand_212 13 4 153.605756
demand_213 13 5 1366.604892
demand_214 13 6 429.332020
demand_215 13 7 652.758881
demand_216 13 8 1116.373881
demand_217 13 9 1174.754576
demand_218 13 10 445.751641
demand_219 13 11 158.593964
demand_220 13 12 1223.420420
demand_221 13 14 1015.417446
demand_222 13 15 661.876103
demand_223 13 16 1291.543341
demand_224 14 0 537.237266
demand_225 14 1 1175.467400
demand_226 14 2 1451.186142
demand_227 14 3 539.313373
demand_228 14 4 1267.003068
demand_229 14 5 1338.157675
demand_230 14 6 1292.835382
demand_231 14 7 841.842094
demand_232 14 8 382.889327
demand_233 14 9 1109.989124
demand_234 14 10 201.654454
demand_235 14 11 811.820486
demand_236 14 12 247.097151
demand_237 14 13 555.186862
demand_238 14 15 1151.619019
demand_239 14 16 973.056514
demand_240 15 0 1201.128853
demand_241 15 1 961.642143
demand_242 15 2 593.710256
demand_243 15 3 441.955156
demand_244 15 4 172.076683
demand_245 15 5 606.387514
demand_246 15 6 1366.060832
demand_247 15 7 974.187266
demand_248 15 8 817.710495
demand_249 15 9 1171.563922
demand_250 15 10 307.269910
demand_251 15 11 767.940852
demand_252 15 12 1101.682435
demand_253 15 13 1195.457971
demand_254 15 14 298.575010
demand_255 15 16 682.018656
demand_256 16 0 215.379129
demand_257 16 1 1339.766951
demand_258 16 2 769.434492
demand_259 16 3 374.693973
demand_260 16 4 1176.099345
demand_261 16 5 1277.294495
demand_262 16 6 805.473890
demand_263 16 7 983.032938
demand_264 16 8 1005.432536
demand_265 16 9 240.639847
demand_266 16 10 456.419506
demand_267 16 11 483.966234
demand_268 16 12 619.250565
demand_269 16 13 184.049161
demand_270 16 14 1303.203690
demand_271 16 15 575.506915
