DEMANDS 272
label src dest bw
demand_0 0 1 991.494502
demand_1 0 2 1479.178468
demand_2 0 3 353.743207
demand_3 0 4 1277.712695
demand_4 0 5 659.849336
demand_5 0 6 414.095164
demand_6 0 7 515.083541
demand_7 0 8 1030.652247
demand_8 0 9 199.866661
demand_9 0 10 1472.294324
demand_10 0 11 1412.595553
demand_11 0 12 919.873419
demand_12 0 13 428.634538
demand_13 0 14 477.358277
demand_14 0 15 157.861526
demand_15 0 16 469.043087
demand_16 1 0 676.721868
demand_17 1 2 784.396081
demand_18 1 3 496.898606
demand_19 1 4 794.666628
demand_20 1 5 447.273876
demand_21 1 6 1087.864660
demand_22 1 7 783.040416
demand_23 1 8 979.072511
demand_24 1 9 609.486892
demand_25 1 10 466.170286
demand_26 1 11 454.523135
demand_27 1 12 393.406289
demand_28 1 13 186.119947
demand_29 1 14 1029.687670
demand_30 1 15 893.835588
demand_31 1 16 493.160422
demand_32 2 0 884.674934
demand_33 2 1 396.943688
demand_34 2 3 630.247670
demand_35 2 4 1543.167236
demand_36 2 5 477.920389
demand_37 2 6 189.928359
demand_38 2 7 364.259404
demand_39 2 8 826.743224
demand_40 2 9 646.700066
demand_41 2 10 1044.573146
demand_42 2 11 738.028796
demand_43 2 12 414.725243
demand_44 2 13 643.920966
demand_45 2 14 825.431558
demand_46 2 15 1270.270381
demand_47 2 16 714.950843
demand_48 3 0 763.876139
demand_49 3 1 1369.085582
demand_50 3 2 427.845008
demand_51 3 4 1158.572565
demand_52 3 5 1100.762267
demand_53 3 6 440.341007
demand_54 3 7 270.051670
demand_55 3 8 442.957642
demand_56 3 9 1363.246437
demand_57 3 10 1151.943391
demand_58 3 11 1083.341241
demand_59 3 12 711.410339
demand_60 3 13 262.109997
demand_61 3 14 475.788212
demand_62 3 15 434.542645
demand_63 3 16 380.100231
demand_64 4 0 1472.159531
demand_65 4 1 503.249688
demand_66 4 2 1410.556367
demand_67 4 3 1227.233686
demand_68 4 5 358.998631
demand_69 4 6 1384.928794
demand_70 4 7 258.986703
demand_71 4 8 1077.950626
demand_72 4 9 1034.000885
demand_73 4 10 597.251211
demand_74 4 11 781.574201
demand_75 4 12 1249.223356
demand_76 4 13 1363.575834
demand_77 4 14 1145.461760
demand_78 4 15 850.125383
demand_79 4 16 1500.044730
demand_80 5 0 620.023747
demand_81 5 1 530.151391
demand_82 5 2 936.243599
demand_83 5 3 1536.341198
demand_84 5 4 1393.010404
demand_85 5 6 328.197563
demand_86 5 7 690.843400
demand_87 5 8 744.358765
demand_88 5 9 401.846525
demand_89 5 10 170.059183
demand_90 5 11 1228.078576
demand_91 5 12 1477.774946
demand_92 5 13 508.517042
demand_93 5 14 1490.911136
demand_94 5 15 1231.033856
demand_95 5 16 1315.707480
demand_96 6 0 836.924325
demand_97 6 1 1458.988467
demand_98 6 2 665.678394
demand_99 6 3 898.829760
demand_100 6 4 962.260882
demand_101 6 5 488.482432
demand_102 6 7 1246.407006
demand_103 6 8 407.107150
demand_104 6 9 360.661932
demand_105 6 10 1029.408749
demand_106 6 11 410.477834
demand_107 6 12 584.233406
demand_108 6 13 1342.191002
demand_109 6 14 272.787944
demand_110 6 15 970.559619
demand_111 6 16 991.148614
demand_112 7 0 969.999332
demand_113 7 1 862.962192
demand_114 7 2 527.039383
demand_115 7 3 1174.612681
demand_116 7 4 579.026198
demand_117 7 5 1264.345921
demand_118 7 6 1429.100520
demand_119 7 8 771.697173
demand_120 7 9 378.706273
demand_121 7 10 1400.734303
demand_122 7 11 1455.547359
demand_123 7 12 1458.656777
demand_124 7 13 255.218480
demand_125 7 14 1275.101861
demand_126 7 15 1446.761935
demand_127 7 16 464.429430
demand_128 8 0 267.756119
demand_129 8 1 453.707120
demand_130 8 2 857.601094
demand_131 8 3 729.045898
demand_132 8 4 1185.223062
demand_133 8 5 1290.744999
demand_134 8 6 408.030555
demand_135 8 7 989.952562
demand_136 8 9 711.702870
demand_137 8 10 640.474506
demand_138 8 11 1271.090637
demand_139 8 12 612.076660
demand_140 8 13 1241.005858
demand_141 8 14 698.349883
demand_142 8 15 1470.011916
demand_143 8 16 819.904827
demand_144 9 0 901.792957
demand_145 9 1 396.862606
demand_146 9 2 688.344865
demand_147 9 3 1502.934312
demand_148 9 4 180.517191
demand_149 9 5 1337.938491
demand_150 9 6 811.407244
demand_151 9 7 1259.463557
demand_152 9 8 634.853719
demand_153 9 10 877.959956
demand_154 9 11 800.477965
demand_155 9 12 1092.192472
demand_156 9 13 1047.510887
demand_157 9 14 466.937646
demand_158 9 15 794.620108
demand_159 9 16 356.374983
demand_160 10 0 471.915246
demand_161 10 1 1423.678715
demand_162 10 2 1324.703738
demand_163 10 3 553.584723
demand_164 10 4 830.064434
demand_165 10 5 965.455973
demand_166 10 6 966.561547
demand_167 10 7 1208.094703
demand_168 10 8 1417.617894
demand_169 10 9 1061.249868
demand_170 10 11 945.096274
demand_171 10 12 702.433171
demand_172 10 13 602.381768
demand_173 10 14 1435.147429
demand_174 10 15 296.264166
demand_175 10 16 798.860479
demand_176 11 0 1281.061012
demand_177 11 1 1121.429430
demand_178 11 2 1489.618069
demand_179 11 3 648.154111
demand_180 11 4 445.162331
demand_181 11 5 351.852084
demand_182 11 6 1505.586722
demand_183 11 7 1539.049415
demand_184 11 8 1187.328621
demand_185 11 9 777.633673
demand_186 11 10 1048.314372
demand_187 11 12 1005.573605
demand_188 11 13 196.740341
demand_189 11 14 1291.867472
demand_190 11 15 1205.887394
demand_191 11 16 982.907649
demand_192 12 0 351.364918
demand_193 12 1 703.727669
demand_194 12 2 988.344923
demand_195 12 3 553.659633
demand_196 12 4 1248.908699
demand_197 12 5 609.095973
demand_198 12 6 703.773956
demand_199 12 7 949.184206
demand_200 12 8 874.506955
demand_201 12 9 179.989280
demand_202 12 10 527.451198
demand_203 12 11 984.704343
demand_204 12 13 491.735607
demand_205 12 14 266.664777
demand_206 12 15 924.456330
demand_207 12 16 639.759439
demand_208 13 0 1378.728804
demand_209 13 1 315.456459
demand_210 13 2 223.344801
demand_211 13 3 1376.331681
demand_212 13 4 1232.596784
demand_213 13 5 969.094102
demand_214 13 6 804.961491
demand_215 13 7 1364.051608
demand_216 13 8 1179.376322
demand_217 13 9 276.789404
demand_218 13 10 576.617094
demand_219 13 11 311.295510
demand_220 13 12 454.269151
demand_221 13 14 1490.664254
demand_222 13 15 424.154006
demand_223 13 16 967.685100
demand_224 14 0 975.953330
demand_225 14 1 336.209405
demand_226 14 2 700.065846
demand_227 14 3 391.754199
demand_228 14 4 926.193899
demand_229 14 5 1234.240508
demand_230 14 6 609.141621
demand_231 14 7 827.481976
demand_232 14 8 1043.308539
demand_233 14 9 189.528398
demand_234 14 10 370.620742
demand_235 14 11 569.100498
demand_236 14 12 1507.120789
demand_237 14 13 1433.076727
demand_238 14 15 575.537449
demand_239 14 16 1475.531754
demand_240 15 0 380.952882
demand_241 15 1 1460.996175
demand_242 15 2 1074.611652
demand_243 15 3 603.924615
demand_244 15 4 1177.350137
demand_245 15 5 1432.626339
demand_246 15 6 625.843200
demand_247 15 7 766.595077
demand_248 15 8 1280.560346
demand_249 15 9 611.186365
demand_250 15 10 546.174415
demand_251 15 11 626.582116
demand_252 15 12 1359.349616
demand_253 15 13 1483.580994
demand_254 15 14 1401.120640
demand_255 15 16 1398.853499
demand_256 16 0 1237.821790
demand_257 16 1 1221.949464
demand_258 16 2 770.142980
demand_259 16 3 728.095189
demand_260 16 4 1269.063219
demand_261 16 5 392.936349
demand_262 16 6 1386.900933
demand_263 16 7 1318.333444
demand_264 16 8 536.970545
demand_265 16 9 1151.089792
demand_266 16 10 866.880266
demand_267 16 11 818.853282
demand_268 16 12 1209.022759
demand_269 16 13 505.571351
demand_270 16 14 823.516496
demand_271 16 15 650.067526
