DEMANDS 272
label src dest bw
demand_0 0 1 822.554679
demand_1 0 2 434.588634
demand_2 0 3 991.005069
demand_3 0 4 1045.616174
demand_4 0 5 1137.336701
demand_5 0 6 306.806607
demand_6 0 7 1224.927277
demand_7 0 8 562.122650
demand_8 0 9 1236.294165
demand_9 0 10 1292.466425
demand_10 0 11 1056.078675
demand_11 0 12 793.083142
demand_12 0 13 1536.654432
demand_13 0 14 1441.703526
demand_14 0 15 440.321912
demand_15 0 16 1011.105648
demand_16 1 0 978.824347
demand_17 1 2 1166.974127
demand_18 1 3 1487.743343
demand_19 1 4 232.149068
demand_20 1 5 351.672342
demand_21 1 6 326.241795
demand_22 1 7 680.449764
demand_23 1 8 1307.774974
demand_24 1 9 1546.346132
demand_25 1 10 635.053399
demand_26 1 11 843.034844
demand_27 1 12 414.772162
demand_28 1 13 1449.522724
demand_29 1 14 1250.810331
demand_30 1 15 443.262358
demand_31 1 16 681.824585
demand_32 2 0 1010.578172
demand_33 2 1 216.225111
demand_34 2 3 1338.115690
demand_35 2 4 1074.484021
demand_36 2 5 186.256037
demand_37 2 6 1311.532371
demand_38 2 7 737.890226
demand_39 2 8 164.043521
demand_40 2 9 824.178084
demand_41 2 10 640.589908
demand_42 2 11 924.516119
demand_43 2 12 1498.510712
demand_44 2 13 1412.371311
demand_45 2 14 1234.363328
demand_46 2 15 823.838832
demand_47 2 16 1165.474478
demand_48 3 0 214.261821
demand_49 3 1 1130.869139
demand_50 3 2 758.034721
demand_51 3 4 1449.986007
demand_52 3 5 1510.479940
demand_53 3 6 1556.082379
demand_54 3 7 989.259686
demand_55 3 8 1553.657871
demand_56 3 9 998.712837
demand_57 3 10 632.725452
demand_58 3 11 838.518755
demand_59 3 12 792.630465
demand_60 3 13 1202.864292
demand_61 3 14 1059.270058
demand_62 3 15 1393.075760
demand_63 3 16 639.417582
demand_64 4 0 1146.672039
demand_65 4 1 757.500157
demand_66 4 2 451.559298
demand_67 4 3 215.567458
demand_68 4 5 1013.350120
demand_69 4 6 1503.071153
demand_70 4 7 1539.565198
demand_71 4 8 1360.510164
demand_72 4 9 1482.426196
demand_73 4 10 994.233757
demand_74 4 11 742.683423
demand_75 4 12 1545.854885
demand_76 4 13 260.950025
demand_77 4 14 1141.791159
demand_78 4 15 832.427898
demand_79 4 16 1276.169311
demand_80 5 0 852.837539
demand_81 5 1 621.639101
demand_82 5 2 355.443829
demand_83 5 3 780.071652
demand_84 5 4 1550.179061
demand_85 5 6 1292.386650
demand_86 5 7 625.765005
demand_87 5 8 309.977170
demand_88 5 9 473.558346
demand_89 5 10 1109.389390
demand_90 5 11 435.145095
demand_91 5 12 333.093241
demand_92 5 13 941.932949
demand_93 5 14 591.246199
demand_94 5 15 689.864859
demand_95 5 16 1040.778907
demand_96 6 0 946.660088
demand_97 6 1 740.965010
demand_98 6 2 670.050655
demand_99 6 3 811.297356
demand_100 6 4 1032.099987
demand_101 6 5 509.233279
demand_102 6 7 1168.730491
demand_103 6 8 1255.372574
demand_104 6 9 531.870966
demand_105 6 10 1320.978410
demand_106 6 11 1145.513146
demand_107 6 12 1357.221643
demand_108 6 13 1123.580471
demand_109 6 14 406.185558
demand_110 6 15 834.853005
demand_111 6 16 884.540025
demand_112 7 0 1134.746250
demand_113 7 1 289.121323
demand_114 7 2 164.767964
demand_115 7 3 898.463400
demand_116 7 4 271.073178
demand_117 7 5 825.263408
demand_118 7 6 194.376993
demand_119 7 8 1317.773009
demand_120 7 9 391.727198
demand_121 7 10 1554.005261
demand_122 7 11 1480.140278
demand_123 7 12 690.994189
demand_124 7 13 983.661890
demand_125 7 14 1222.349336
demand_126 7 15 1144.180901
demand_127 7 16 1078.399184
demand_128 8 0 847.143527
demand_129 8 1 1328.767420
demand_130 8 2 313.683752
demand_131 8 3 1324.730892
demand_132 8 4 496.157373
demand_133 8 5 207.104884
demand_134 8 6 221.983536
demand_135 8 7 401.529235
demand_136 8 9 498.459998
demand_137 8 10 1502.968128
demand_138 8 11 1060.295801
demand_139 8 12 918.455812
demand_140 8 13 1224.840151
demand_141 8 14 1528.125889
demand_142 8 15 396.690898
demand_143 8 16 865.658878
demand_144 9 0 1333.948610
demand_145 9 1 419.730923
demand_146 9 2 857.126714
demand_147 9 3 1093.520959
demand_148 9 4 311.724690
demand_149 9 5 757.197827
demand_150 9 6 1105.919213
demand_151 9 7 1561.090278
demand_152 9 8 384.027099
demand_153 9 10 628.834372
demand_154 9 11 1192.015186
demand_155 9 12 1045.579823
demand_156 9 13 1262.144865
demand_157 9 14 1195.467439
demand_158 9 15 856.346139
demand_159 9 16 621.532043
demand_160 10 0 513.933076
demand_161 10 1 1039.698349
demand_162 10 2 1236.436035
demand_163 10 3 1562.953254
demand_164 10 4 901.967726
demand_165 10 5 1192.034989
demand_166 10 6 1222.375196
demand_167 10 7 226.297474
demand_168 10 8 1089.888508
demand_169 10 9 1025.281193
demand_170 10 11 744.065135
demand_171 10 12 630.899974
demand_172 10 13 1069.233713
demand_173 10 14 667.793167
demand_174 10 15 702.443176
demand_175 10 16 765.584068
demand_176 11 0 350.457146
demand_177 11 1 420.431819
demand_178 11 2 416.704359
demand_179 11 3 509.732157
demand_180 11 4 969.243098
demand_181 11 5 727.358675
demand_182 11 6 671.237392
demand_183 11 7 708.849769
demand_184 11 8 564.908328
demand_185 11 9 737.559606
demand_186 11 10 1161.727520
demand_187 11 12 166.827531
demand_188 11 13 700.269865
demand_189 11 14 1548.278719
demand_190 11 15 815.950846
demand_191 11 16 196.304041
demand_192 12 0 1516.911251
demand_193 12 1 1331.015556
demand_194 12 2 350.938295
demand_195 12 3 286.551220
demand_196 12 4 795.355309
demand_197 12 5 1114.427131
demand_198 12 6 193.001092
demand_199 12 7 1489.245336
demand_200 12 8 310.204993
demand_201 12 9 569.846606
demand_202 12 10 211.803878
demand_203 12 11 712.752978
demand_204 12 13 599.283879
demand_205 12 14 1173.041585
demand_206 12 15 818.850144
demand_207 12 16 1296.686036
demand_208 13 0 1097.263363
demand_209 13 1 506.529541
demand_210 13 2 1364.175828
demand_211 13 3 824.309170
demand_212 13 4 345.416629
demand_213 13 5 1519.814137
demand_214 13 6 782.163925
demand_215 13 7 962.790311
demand_216 13 8 1499.686699
demand_217 13 9 898.805178
demand_218 13 10 687.904502
demand_219 13 11 697.124679
demand_220 13 12 766.731431
demand_221 13 14 1210.209058
demand_222 13 15 1052.487031
demand_223 13 16 538.473761
demand_224 14 0 354.246231
demand_225 14 1 1248.200924
demand_226 14 2 364.640041
demand_227 14 3 513.211150
demand_228 14 4 1574.174409
demand_229 14 5 570.810093
demand_230 14 6 819.218152
demand_231 14 7 1518.832443
demand_232 14 8 869.708056
demand_233 14 9 893.941872
demand_234 14 10 1471.338521
demand_235 14 11 681.467206
demand_236 14 12 1449.252981
demand_237 14 13 435.483309
demand_238 14 15 259.681780
demand_239 14 16 718.552990
demand_240 15 0 1587.792748
demand_241 15 1 320.446226
demand_242 15 2 392.493703
demand_243 15 3 344.982153
demand_244 15 4 1290.740629
demand_245 15 5 1414.202352
demand_246 15 6 1431.378243
demand_247 15 7 1070.428961
demand_248 15 8 754.261334
demand_249 15 9 288.911516
demand_250 15 10 1412.710829
demand_251 15 11 708.752384
demand_252 15 12 1428.385667
demand_253 15 13 636.051680
demand_254 15 14 205.980427
demand_255 15 16 818.164949
demand_256 16 0 567.222529
demand_257 16 1 271.985373
demand_258 16 2 681.161775
demand_259 16 3 425.656042
demand_260 16 4 1311.720291
demand_261 16 5 949.059257
demand_262 16 6 639.901138
demand_263 16 7 324.023378
demand_264 16 8 240.703006
demand_265 16 9 1085.082908
demand_266 16 10 1377.757169
demand_267 16 11 426.779343
demand_268 16 12 540.954295
demand_269 16 13 514.566269
demand_270 16 14 1093.390597
demand_271 16 15 1478.645450
