DEMANDS 272
label src dest bw
demand_0 0 1 1402.266647
demand_1 0 2 1155.978543
demand_2 0 3 1439.990909
demand_3 0 4 418.727933
demand_4 0 5 325.286374
demand_5 0 6 1337.043951
demand_6 0 7 235.739785
demand_7 0 8 244.519165
demand_8 0 9 858.561217
demand_9 0 10 262.967883
demand_10 0 11 647.225904
demand_11 0 12 1022.531199
demand_12 0 13 708.571824
demand_13 0 14 203.369320
demand_14 0 15 400.525147
demand_15 0 16 731.510384
demand_16 1 0 227.785285
demand_17 1 2 535.977498
demand_18 1 3 1383.283271
demand_19 1 4 516.624886
demand_20 1 5 496.798402
demand_21 1 6 679.784601
demand_22 1 7 1228.998972
demand_23 1 8 810.253771
demand_24 1 9 499.135260
demand_25 1 10 591.874507
demand_26 1 11 1423.730861
demand_27 1 12 387.434631
demand_28 1 13 463.458532
demand_29 1 14 1051.251346
demand_30 1 15 649.248232
demand_31 1 16 750.898095
demand_32 2 0 1031.271684
demand_33 2 1 258.155879
demand_34 2 3 452.631496
demand_35 2 4 830.920508
demand_36 2 5 236.366884
demand_37 2 6 264.065576
demand_38 2 7 255.844056
demand_39 2 8 569.070673
demand_40 2 9 1340.361492
demand_41 2 10 1236.867399
demand_42 2 11 1129.443615
demand_43 2 12 761.142615
demand_44 2 13 1283.208044
demand_45 2 14 512.004283
demand_46 2 15 252.785976
demand_47 2 16 341.410390
demand_48 3 0 794.603609
demand_49 3 1 544.036142
demand_50 3 2 541.485219
demand_51 3 4 155.408949
demand_52 3 5 905.681306
demand_53 3 6 1087.787810
demand_54 3 7 679.842933
demand_55 3 8 359.446945
demand_56 3 9 421.536117
demand_57 3 10 1142.614587
demand_58 3 11 614.956545
demand_59 3 12 653.334651
demand_60 3 13 1134.484048
demand_61 3 14 1283.355162
demand_62 3 15 1128.846289
demand_63 3 16 666.954059
demand_64 4 0 696.651484
demand_65 4 1 871.730042
demand_66 4 2 756.197201
demand_67 4 3 1275.660114
demand_68 4 5 1226.039268
demand_69 4 6 242.829660
demand_70 4 7 566.262027
demand_71 4 8 697.053003
demand_72 4 9 1013.064435
demand_73 4 10 973.944158
demand_74 4 11 821.360036
demand_75 4 12 609.394427
demand_76 4 13 201.109825
demand_77 4 14 194.143960
demand_78 4 15 1169.019423
demand_79 4 16 382.094215
demand_80 5 0 674.121718
demand_81 5 1 1228.424266
demand_82 5 2 721.515158
demand_83 5 3 857.224949
demand_84 5 4 165.783167
demand_85 5 6 712.520018
demand_86 5 7 754.417510
demand_87 5 8 563.751232
demand_88 5 9 957.312818
demand_89 5 10 448.678797
demand_90 5 11 344.692767
demand_91 5 12 637.404113
demand_92 5 13 976.662547
demand_93 5 14 617.933330
demand_94 5 15 869.663670
demand_95 5 16 1171.642341
demand_96 6 0 1040.544019
demand_97 6 1 1331.845419
demand_98 6 2 1157.525030
demand_99 6 3 611.425428
demand_100 6 4 1439.307077
demand_101 6 5 1335.068185
demand_102 6 7 867.296135
demand_103 6 8 909.906770
demand_104 6 9 772.560618
demand_105 6 10 583.101998
demand_106 6 11 249.887378
demand_107 6 12 531.099662
demand_108 6 13 226.235701
demand_109 6 14 549.585600
demand_110 6 15 362.723593
demand_111 6 16 1212.991432
demand_112 7 0 1316.066563
demand_113 7 1 1336.536273
demand_114 7 2 1409.477326
demand_115 7 3 753.373572
demand_116 7 4 760.860582
demand_117 7 5 1438.980928
demand_118 7 6 552.424626
demand_119 7 8 815.071699
demand_120 7 9 457.899286
demand_121 7 10 664.306556
demand_122 7 11 906.926834
demand_123 7 12 555.893012
demand_124 7 13 1412.837019
demand_125 7 14 1431.033376
demand_126 7 15 340.558379
demand_127 7 16 497.944205
demand_128 8 0 745.292589
demand_129 8 1 200.920100
demand_130 8 2 350.180940
demand_131 8 3 429.533039
demand_132 8 4 1223.120880
demand_133 8 5 191.346109
demand_134 8 6 1075.127753
demand_135 8 7 781.995923
demand_136 8 9 863.510103
demand_137 8 10 662.152756
demand_138 8 11 1236.946603
demand_139 8 12 1275.063834
demand_140 8 13 446.166926
demand_141 8 14 1008.834432
demand_142 8 15 468.472592
demand_143 8 16 1176.719119
demand_144 9 0 405.606256
demand_145 9 1 1124.640533
demand_146 9 2 1412.999514
demand_147 9 3 146.338259
demand_148 9 4 331.871227
demand_149 9 5 1444.138823
demand_150 9 6 469.523597
demand_151 9 7 618.785042
demand_152 9 8 856.066539
demand_153 9 10 757.434197
demand_154 9 11 232.010998
demand_155 9 12 1088.257092
demand_156 9 13 326.038596
demand_157 9 14 1389.307770
demand_158 9 15 204.678356
demand_159 9 16 311.936500
demand_160 10 0 1187.925470
demand_161 10 1 754.716180
demand_162 10 2 1385.835956
demand_163 10 3 1189.335114
demand_164 10 4 492.932524
demand_165 10 5 1333.967193
demand_166 10 6 632.301746
demand_167 10 7 453.184574
demand_168 10 8 396.212745
demand_169 10 9 1368.338056
demand_170 10 11 250.448712
demand_171 10 12 792.684007
demand_172 10 13 190.290738
demand_173 10 14 827.047113
demand_174 10 15 564.044453
demand_175 10 16 317.953253
demand_176 11 0 437.125801
demand_177 11 1 480.291555
demand_178 11 2 180.950390
demand_179 11 3 793.803116
demand_180 11 4 412.608724
demand_181 11 5 1376.638044
demand_182 11 6 896.995726
demand_183 11 7 1329.525358
demand_184 11 8 474.891201
demand_185 11 9 361.073083
demand_186 11 10 1173.084570
demand_187 11 12 516.593349
demand_188 11 13 802.792186
demand_189 11 14 866.124092
demand_190 11 15 387.998029
demand_191 11 16 363.322990
demand_192 12 0 214.485331
demand_193 12 1 294.703674
demand_194 12 2 1171.618603
demand_195 12 3 1256.591589
demand_196 12 4 782.343316
demand_197 12 5 901.787295
demand_198 12 6 384.180995
demand_199 12 7 723.488695
demand_200 12 8 604.104159
demand_201 12 9 597.984984
demand_202 12 10 1397.671131
demand_203 12 11 990.953206
demand_204 12 13 674.775347
demand_205 12 14 623.632418
demand_206 12 15 660.447924
demand_207 12 16 1415.963943
demand_208 13 0 1072.419450
demand_209 13 1 292.993604
demand_210 13 2 279.318587
demand_211 13 3 290.135821
demand_212 13 4 836.943046
demand_213 13 5 699.509187
demand_214 13 6 1367.332180
demand_215 13 7 1386.373252
demand_216 13 8 1018.190705
demand_217 13 9 1243.292603
demand_218 13 10 1344.786211
demand_219 13 11 825.469811
demand_220 13 12 1300.730602
demand_221 13 14 321.871660
demand_222 13 15 545.424254
demand_223 13 16 1379.606680
demand_224 14 0 610.043513
demand_225 14 1 375.775506
demand_226 14 2 956.709072
demand_227 14 3 295.654860
demand_228 14 4 973.531357
demand_229 14 5 291.399490
demand_230 14 6 1287.506868
demand_231 14 7 954.259412
demand_232 14 8 765.587584
demand_233 14 9 1122.233847
demand_234 14 10 646.088246
demand_235 14 11 1321.567680
demand_236 14 12 394.936271
demand_237 14 13 1440.683689
demand_238 14 15 428.023948
demand_239 14 16 180.006781
demand_240 15 0 1273.502576
demand_241 15 1 1156.477830
demand_242 15 2 561.716931
demand_243 15 3 983.120204
demand_244 15 4 149.080672
demand_245 15 5 1351.171457
demand_246 15 6 450.717007
demand_247 15 7 869.543599
demand_248 15 8 1041.141601
demand_249 15 9 356.910249
demand_250 15 10 467.759233
demand_251 15 11 1108.597163
demand_252 15 12 655.386862
demand_253 15 13 549.742408
demand_254 15 14 1227.156043
demand_255 15 16 1096.403621
demand_256 16 0 816.927119
demand_257 16 1 200.693304
demand_258 16 2 1003.260465
demand_259 16 3 834.426250
demand_260 16 4 1044.921633
demand_261 16 5 1181.286227
demand_262 16 6 868.861181
demand_263 16 7 1256.092844
demand_264 16 8 297.027121
demand_265 16 9 952.736249
demand_266 16 10 996.676256
demand_267 16 11 437.121718
demand_268 16 12 447.539405
demand_269 16 13 1140.659550
demand_270 16 14 316.793747
demand_271 16 15 344.794060
