DEMANDS 272
label src dest bw
demand_0 0 1 732.067454
demand_1 0 2 681.137746
demand_2 0 3 484.591493
demand_3 0 4 1280.603156
demand_4 0 5 386.397684
demand_5 0 6 170.623090
demand_6 0 7 1388.708463
demand_7 0 8 1032.776021
demand_8 0 9 779.837216
demand_9 0 10 1404.071404
demand_10 0 11 658.250057
demand_11 0 12 248.771498
demand_12 0 13 603.462652
demand_13 0 14 358.470207
demand_14 0 15 1427.739241
demand_15 0 16 1293.953819
demand_16 1 0 789.590532
demand_17 1 2 668.114484
demand_18 1 3 733.784536
demand_19 1 4 1085.521167
demand_20 1 5 468.241368
demand_21 1 6 957.531025
demand_22 1 7 330.827706
demand_23 1 8 407.451300
demand_24 1 9 250.937559
demand_25 1 10 1388.995848
demand_26 1 11 217.693697
demand_27 1 12 927.204532
demand_28 1 13 1088.288219
demand_29 1 14 1410.938077
demand_30 1 15 1216.898018
demand_31 1 16 833.282868
demand_32 2 0 577.458440
demand_33 2 1 606.822038
demand_34 2 3 248.083552
demand_35 2 4 870.289386
demand_36 2 5 361.287514
demand_37 2 6 530.176396
demand_38 2 7 1241.738844
demand_39 2 8 618.016394
demand_40 2 9 589.641045
demand_41 2 10 1071.853965
demand_42 2 11 186.340315
demand_43 2 12 761.309684
demand_44 2 13 1099.481503
demand_45 2 14 1153.809429
demand_46 2 15 459.729960
demand_47 2 16 544.475232
demand_48 3 0 323.261334
demand_49 3 1 922.245554
demand_50 3 2 357.078976
demand_51 3 4 1191.792052
demand_52 3 5 797.501361
demand_53 3 6 222.594342
demand_54 3 7 656.249951
demand_55 3 8 953.611023
demand_56 3 9 390.510089
demand_57 3 10 703.249913
demand_58 3 11 261.067377
demand_59 3 12 1100.856446
demand_60 3 13 658.120387
demand_61 3 14 593.975907
demand_62 3 15 662.798347
demand_63 3 16 167.636038
demand_64 4 0 756.060918
demand_65 4 1 1310.422578
demand_66 4 2 355.768432
demand_67 4 3 1246.763337
demand_68 4 5 503.860563
demand_69 4 6 1147.959999
demand_70 4 7 1233.119963
demand_71 4 8 1320.920190
demand_72 4 9 1412.941102
demand_73 4 10 704.747341
demand_74 4 11 1040.126230
demand_75 4 12 570.674812
demand_76 4 13 1185.479733
demand_77 4 14 711.913199
demand_78 4 15 810.637064
demand_79 4 16 1140.909367
demand_80 5 0 371.888056
demand_81 5 1 735.290294
demand_82 5 2 1316.869061
demand_83 5 3 1044.299825
demand_84 5 4 518.084367
demand_85 5 6 694.084191
demand_86 5 7 885.954474
demand_87 5 8 1407.469925
demand_88 5 9 876.547024
demand_89 5 10 1414.297098
demand_90 5 11 368.067233
demand_91 5 12 452.763441
demand_92 5 13 883.831992
demand_93 5 14 997.370998
demand_94 5 15 1402.563714
demand_95 5 16 1300.278459
demand_96 6 0 625.406183
demand_97 6 1 590.965170
demand_98 6 2 1254.868427
demand_99 6 3 652.111421
demand_100 6 4 1014.453540
demand_101 6 5 723.697686
demand_102 6 7 939.473842
demand_103 6 8 1168.429666
demand_104 6 9 1407.919290
demand_105 6 10 631.984885
demand_106 6 11 1022.695004
demand_107 6 12 1198.776035
demand_108 6 13 1054.968651
demand_109 6 14 1196.753773
demand_110 6 15 493.364276
demand_111 6 16 560.528870
demand_112 7 0 353.681168
demand_113 7 1 1209.728592
demand_114 7 2 1283.706533
demand_115 7 3 1222.578762
demand_116 7 4 1130.321246
demand_117 7 5 819.671326
demand_118 7 6 866.090752
demand_119 7 8 873.184666
demand_120 7 9 1441.506400
demand_121 7 10 1432.135435
demand_122 7 11 810.619982
demand_123 7 12 1130.918708
demand_124 7 13 1366.975806
demand_125 7 14 1060.839869
demand_126 7 15 708.972169
demand_127 7 16 304.207248
demand_128 8 0 967.325411
demand_129 8 1 1146.194084
demand_130 8 2 488.630029
demand_131 8 3 305.760440
demand_132 8 4 1087.872211
demand_133 8 5 496.459807
demand_134 8 6 490.103225
demand_135 8 7 407.617271
demand_136 8 9 1264.387451
demand_137 8 10 879.269737
demand_138 8 11 495.724255
demand_139 8 12 768.225689
demand_140 8 13 695.753231
demand_141 8 14 938.259050
demand_142 8 15 1082.797683
demand_143 8 16 747.808977
demand_144 9 0 649.582391
demand_145 9 1 215.209966
demand_146 9 2 194.967628
demand_147 9 3 387.201728
demand_148 9 4 183.368309
demand_149 9 5 1088.910106
demand_150 9 6 495.805499
demand_151 9 7 1285.632436
demand_152 9 8 318.393556
demand_153 9 10 1192.531550
demand_154 9 11 890.219898
demand_155 9 12 1147.854098
demand_156 9 13 1197.833803
demand_157 9 14 602.991096
demand_158 9 15 399.570101
demand_159 9 16 465.142624
demand_160 10 0 674.807995
demand_161 10 1 1227.987549
demand_162 10 2 1367.255570
demand_163 10 3 900.228855
demand_164 10 4 1192.795320
demand_165 10 5 885.782658
demand_166 10 6 608.445184
demand_167 10 7 1074.489923
demand_168 10 8 428.530873
demand_169 10 9 438.239202
demand_170 10 11 591.524667
demand_171 10 12 622.903043
demand_172 10 13 670.135104
demand_173 10 14 582.956247
demand_174 10 15 702.507482
demand_175 10 16 1262.076704
demand_176 11 0 208.375972
demand_177 11 1 335.036628
demand_178 11 2 991.368771
demand_179 11 3 1178.718509
demand_180 11 4 307.732076
demand_181 11 5 652.658938
demand_182 11 6 684.372783
demand_183 11 7 702.286149
demand_184 11 8 880.083618
demand_185 11 9 978.915061
demand_186 11 10 337.298227
demand_187 11 12 411.624907
demand_188 11 13 209.608433
demand_189 11 14 320.444512
demand_190 11 15 1164.570879
demand_191 11 16 988.041560
demand_192 12 0 580.429450
demand_193 12 1 691.692548
demand_194 12 2 1386.357093
demand_195 12 3 1319.573718
demand_196 12 4 703.317846
demand_197 12 5 833.137928
demand_198 12 6 1224.718652
demand_199 12 7 1370.173400
demand_200 12 8 841.127552
demand_201 12 9 836.834053
demand_202 12 10 739.856460
demand_203 12 11 730.357649
demand_204 12 13 364.134965
demand_205 12 14 637.506937
demand_206 12 15 1368.511830
demand_207 12 16 923.647556
demand_208 13 0 874.765903
demand_209 13 1 1364.277098
demand_210 13 2 837.508754
demand_211 13 3 1164.740967
demand_212 13 4 980.154952
demand_213 13 5 148.455552
demand_214 13 6 801.132430
demand_215 13 7 1042.655464
demand_216 13 8 206.900330
demand_217 13 9 526.171555
demand_218 13 10 1038.491601
demand_219 13 11 1263.339394
demand_220 13 12 247.390729
demand_221 13 14 676.640494
demand_222 13 15 1339.755144
demand_223 13 16 539.578651
demand_224 14 0 750.500302
demand_225 14 1 1078.703582
demand_226 14 2 523.654334
demand_227 14 3 1104.942144
demand_228 14 4 667.174896
demand_229 14 5 553.225338
demand_230 14 6 625.524158
demand_231 14 7 336.465645
demand_232 14 8 885.537998
demand_233 14 9 1240.915741
demand_234 14 10 207.920986
demand_235 14 11 1240.854157
demand_236 14 12 992.404333
demand_237 14 13 758.754799
demand_238 14 15 1417.873378
demand_239 14 16 997.356675
demand_240 15 0 371.619486
demand_241 15 1 475.186039
demand_242 15 2 1307.181905
demand_243 15 3 237.002849
demand_244 15 4 628.258423
demand_245 15 5 931.068605
demand_246 15 6 1429.142545
demand_247 15 7 1342.760092
demand_248 15 8 513.736491
demand_249 15 9 171.515623
demand_250 15 10 1075.368416
demand_251 15 11 1409.904035
demand_252 15 12 334.203309
demand_253 15 13 154.376843
demand_254 15 14 988.750778
demand_255 15 16 1431.553628
demand_256 16 0 1357.884582
demand_257 16 1 1089.755826
demand_258 16 2 1293.574617
demand_259 16 3 172.317809
demand_260 16 4 947.403441
demand_261 16 5 179.727074
demand_262 16 6 1090.876773
demand_263 16 7 832.334050
demand_264 16 8 1333.949181
demand_265 16 9 504.159232
demand_266 16 10 207.250531
demand_267 16 11 193.285293
demand_268 16 12 391.802469
demand_269 16 13 998.200155
demand_270 16 14 1182.268833
demand_271 16 15 799.189643
