DEMANDS 272
label src dest bw
demand_0 0 1 922.338590
demand_1 0 2 313.136209
demand_2 0 3 450.426581
demand_3 0 4 561.271293
demand_4 0 5 1242.606914
demand_5 0 6 995.369370
demand_6 0 7 835.372852
demand_7 0 8 179.459381
demand_8 0 9 1082.019741
demand_9 0 10 648.117459
demand_10 0 11 1169.490714
demand_11 0 12 468.140726
demand_12 0 13 215.154188
demand_13 0 14 1252.226518
demand_14 0 15 425.375097
demand_15 0 16 660.975055
demand_16 1 0 547.128946
demand_17 1 2 240.483764
demand_18 1 3 1222.227239
demand_19 1 4 1229.545796
demand_20 1 5 1386.465976
demand_21 1 6 635.857091
demand_22 1 7 1364.723408
demand_23 1 8 713.188202
demand_24 1 9 1000.024031
demand_25 1 10 247.959715
demand_26 1 11 1291.224054
demand_27 1 12 523.957102
demand_28 1 13 478.237454
demand_29 1 14 148.870555
demand_30 1 15 837.985888
demand_31 1 16 751.402030
demand_32 2 0 957.311111
demand_33 2 1 1395.096734
demand_34 2 3 1306.034410
demand_35 2 4 1307.943075
demand_36 2 5 815.001188
demand_37 2 6 275.519182
demand_38 2 7 374.000190
demand_39 2 8 1362.869063
demand_40 2 9 669.893323
demand_41 2 10 1250.137014
demand_42 2 11 1003.165135
demand_43 2 12 947.593236
demand_44 2 13 495.211923
demand_45 2 14 1290.774127
demand_46 2 15 407.268903
demand_47 2 16 660.226858
demand_48 3 0 1414.779141
demand_49 3 1 1084.553991
demand_50 3 2 712.295614
demand_51 3 4 860.347919
demand_52 3 5 669.000036
demand_53 3 6 1073.361753
demand_54 3 7 653.556464
demand_55 3 8 1000.562586
demand_56 3 9 1044.837292
demand_57 3 10 922.970406
demand_58 3 11 833.928534
demand_59 3 12 406.232142
demand_60 3 13 397.369151
demand_61 3 14 1161.411671
demand_62 3 15 514.133131
demand_63 3 16 982.399128
demand_64 4 0 526.023239
demand_65 4 1 327.335970
demand_66 4 2 659.652362
demand_67 4 3 539.666322
demand_68 4 5 454.023321
demand_69 4 6 895.491715
demand_70 4 7 456.514605
demand_71 4 8 1099.978258
demand_72 4 9 1064.599976
demand_73 4 10 1032.728512
demand_74 4 11 273.884777
demand_75 4 12 1350.833218
demand_76 4 13 786.933103
demand_77 4 14 1294.521932
demand_78 4 15 396.624300
demand_79 4 16 903.618004
demand_80 5 0 1378.709344
demand_81 5 1 1421.343744
demand_82 5 2 173.254087
demand_83 5 3 758.710998
demand_84 5 4 515.528992
demand_85 5 6 223.908649
demand_86 5 7 871.824654
demand_87 5 8 148.811304
demand_88 5 9 925.170304
demand_89 5 10 1256.751056
demand_90 5 11 1273.938166
demand_91 5 12 1364.507427
demand_92 5 13 1089.851952
demand_93 5 14 378.864790
demand_94 5 15 698.997887
demand_95 5 16 1276.881277
demand_96 6 0 468.941368
demand_97 6 1 710.056014
demand_98 6 2 932.418336
demand_99 6 3 274.665667
demand_100 6 4 769.989348
demand_101 6 5 199.554459
demand_102 6 7 541.405452
demand_103 6 8 1105.445704
demand_104 6 9 1058.647799
demand_105 6 10 1348.158859
demand_106 6 11 1137.278618
demand_107 6 12 417.946364
demand_108 6 13 1301.306571
demand_109 6 14 849.591209
demand_110 6 15 1224.370114
demand_111 6 16 1323.742434
demand_112 7 0 1203.959943
demand_113 7 1 647.154339
demand_114 7 2 908.406513
demand_115 7 3 696.461772
demand_116 7 4 1031.302146
demand_117 7 5 763.043839
demand_118 7 6 306.565371
demand_119 7 8 967.552715
demand_120 7 9 404.470353
demand_121 7 10 1096.374999
demand_122 7 11 277.566085
demand_123 7 12 151.662432
demand_124 7 13 570.684428
demand_125 7 14 1383.636135
demand_126 7 15 1040.047542
demand_127 7 16 672.112219
demand_128 8 0 296.949582
demand_129 8 1 219.609275
demand_130 8 2 1072.367515
demand_131 8 3 1301.921060
demand_132 8 4 162.825642
demand_133 8 5 890.415991
demand_134 8 6 1075.431455
demand_135 8 7 516.521356
demand_136 8 9 811.853133
demand_137 8 10 1185.889905
demand_138 8 11 906.022912
demand_139 8 12 627.120633
demand_140 8 13 241.630135
demand_141 8 14 765.886614
demand_142 8 15 741.921625
demand_143 8 16 374.794437
demand_144 9 0 232.124871
demand_145 9 1 793.415159
demand_146 9 2 567.306868
demand_147 9 3 417.010557
demand_148 9 4 263.529105
demand_149 9 5 1215.446950
demand_150 9 6 597.097120
demand_151 9 7 1201.172854
demand_152 9 8 175.551225
demand_153 9 10 145.169340
demand_154 9 11 1326.211985
demand_155 9 12 1005.414025
demand_156 9 13 1416.369895
demand_157 9 14 756.407882
demand_158 9 15 346.110046
demand_159 9 16 1361.899350
demand_160 10 0 354.988794
demand_161 10 1 615.248411
demand_162 10 2 1339.201242
demand_163 10 3 246.859696
demand_164 10 4 723.694830
demand_165 10 5 1278.662867
demand_166 10 6 551.366289
demand_167 10 7 1375.186567
demand_168 10 8 1419.645977
demand_169 10 9 764.745947
demand_170 10 11 553.782384
demand_171 10 12 1388.993977
demand_172 10 13 1421.369730
demand_173 10 14 712.489882
demand_174 10 15 199.607343
demand_175 10 16 714.856663
demand_176 11 0 1051.828933
demand_177 11 1 944.116790
demand_178 11 2 1001.208839
demand_179 11 3 1387.047121
demand_180 11 4 990.094161
demand_181 11 5 259.422264
demand_182 11 6 897.575388
demand_183 11 7 413.274964
demand_184 11 8 1160.562266
demand_185 11 9 590.941403
demand_186 11 10 785.776423
demand_187 11 12 1043.330586
demand_188 11 13 362.106342
demand_189 11 14 912.083821
demand_190 11 15 347.258989
demand_191 11 16 1200.908169
demand_192 12 0 568.395335
demand_193 12 1 842.461548
demand_194 12 2 1206.200322
demand_195 12 3 1383.394796
demand_196 12 4 561.778354
demand_197 12 5 255.482310
demand_198 12 6 1376.251075
demand_199 12 7 1409.311729
demand_200 12 8 1319.372144
demand_201 12 9 1231.526468
demand_202 12 10 774.578236
demand_203 12 11 742.462920
demand_204 12 13 858.157440
demand_205 12 14 279.211795
demand_206 12 15 1293.322512
demand_207 12 16 930.126162
demand_208 13 0 1412.823910
demand_209 13 1 1029.290486
demand_210 13 2 596.613500
demand_211 13 3 364.457320
demand_212 13 4 201.428976
demand_213 13 5 560.823876
demand_214 13 6 597.970508
demand_215 13 7 756.257000
demand_216 13 8 986.260848
demand_217 13 9 252.368126
demand_218 13 10 521.961898
demand_219 13 11 402.827099
demand_220 13 12 977.528472
demand_221 13 14 881.470922
demand_222 13 15 1015.491784
demand_223 13 16 420.125436
demand_224 14 0 170.822177
demand_225 14 1 192.215699
demand_226 14 2 727.218928
demand_227 14 3 1266.264963
demand_228 14 4 832.804995
demand_229 14 5 815.305500
demand_230 14 6 839.297028
demand_231 14 7 803.683948
demand_232 14 8 1277.461264
demand_233 14 9 667.641086
demand_234 14 10 1191.870719
demand_235 14 11 1208.129583
demand_236 14 12 903.274523
demand_237 14 13 396.415281
demand_238 14 15 1135.240897
demand_239 14 16 149.257019
demand_240 15 0 209.853852
demand_241 15 1 886.585500
demand_242 15 2 465.005962
demand_243 15 3 480.628686
demand_244 15 4 198.669299
demand_245 15 5 1290.868384
demand_246 15 6 856.230904
demand_247 15 7 172.528652
demand_248 15 8 875.705177
demand_249 15 9 1042.653903
demand_250 15 10 1057.695570
demand_251 15 11 713.538855
demand_252 15 12 686.691330
demand_253 15 13 496.664508
demand_254 15 14 1351.828475
demand_255 15 16 1153.367588
demand_256 16 0 1412.634900
demand_257 16 1 1305.067380
demand_258 16 2 664.098817
demand_259 16 3 701.669530
demand_260 16 4 940.907398
demand_261 16 5 557.619746
demand_262 16 6 184.034460
demand_263 16 7 352.871764
demand_264 16 8 854.762013
demand_265 16 9 830.099775
demand_266 16 10 1386.907314
demand_267 16 11 823.136120
demand_268 16 12 997.137737
demand_269 16 13 489.712241
demand_270 16 14 645.585881
demand_271 16 15 232.243804
