DEMANDS 272
label src dest bw
demand_0 0 1 215.290395
demand_1 0 2 627.833850
demand_2 0 3 1043.312669
demand_3 0 4 546.192304
demand_4 0 5 1465.149793
demand_5 0 6 371.356725
demand_6 0 7 689.550354
demand_7 0 8 968.668568
demand_8 0 9 827.468735
demand_9 0 10 394.392969
demand_10 0 11 454.962561
demand_11 0 12 1047.078745
demand_12 0 13 498.689612
demand_13 0 14 720.326232
demand_14 0 15 219.454081
demand_15 0 16 600.539196
demand_16 1 0 557.229828
demand_17 1 2 768.907879
demand_18 1 3 236.792208
demand_19 1 4 1196.146918
demand_20 1 5 1160.324579
demand_21 1 6 933.806219
demand_22 1 7 1140.167354
demand_23 1 8 958.116224
demand_24 1 9 1036.569459
demand_25 1 10 1252.186364
demand_26 1 11 1354.830309
demand_27 1 12 637.074514
demand_28 1 13 578.918638
demand_29 1 14 987.638728
demand_30 1 15 667.686332
demand_31 1 16 1346.933013
demand_32 2 0 1136.674623
demand_33 2 1 737.981874
demand_34 2 3 1365.425183
demand_35 2 4 179.908223
demand_36 2 5 785.712221
demand_37 2 6 387.167596
demand_38 2 7 1318.057034
demand_39 2 8 325.466714
demand_40 2 9 1179.957165
demand_41 2 10 1324.587077
demand_42 2 11 394.451027
demand_43 2 12 528.507349
demand_44 2 13 1426.581999
demand_45 2 14 1050.949568
demand_46 2 15 591.277457
demand_47 2 16 726.943860
demand_48 3 0 380.680696
demand_49 3 1 424.879560
demand_50 3 2 425.958632
demand_51 3 4 1331.470162
demand_52 3 5 1105.423677
demand_53 3 6 294.708553
demand_54 3 7 604.930006
demand_55 3 8 955.663133
demand_56 3 9 169.988135
demand_57 3 10 454.340503
demand_58 3 11 1118.561222
demand_59 3 12 532.822053
demand_60 3 13 674.339471
demand_61 3 14 211.066466
demand_62 3 15 256.048360
demand_63 3 16 503.510150
demand_64 4 0 193.021470
demand_65 4 1 394.592018
demand_66 4 2 794.151818
demand_67 4 3 1264.460982
demand_68 4 5 1054.404936
demand_69 4 6 1402.503499
demand_70 4 7 1033.711848
demand_71 4 8 892.948780
demand_72 4 9 589.399527
demand_73 4 10 308.195790
demand_74 4 11 1084.876393
demand_75 4 12 844.882182
demand_76 4 13 820.957955
demand_77 4 14 983.706754
demand_78 4 15 865.445570
demand_79 4 16 1379.979997
demand_80 5 0 330.804927
demand_81 5 1 441.984070
demand_82 5 2 1384.882116
demand_83 5 3 161.803582
demand_84 5 4 640.581084
demand_85 5 6 162.405101
demand_86 5 7 1108.327579
demand_87 5 8 891.545035
demand_88 5 9 340.106430
demand_89 5 10 1052.832912
demand_90 5 11 1095.285426
demand_91 5 12 413.567762
demand_92 5 13 706.795051
demand_93 5 14 989.444058
demand_94 5 15 884.322125
demand_95 5 16 1118.311310
demand_96 6 0 439.849179
demand_97 6 1 766.041518
demand_98 6 2 1382.595951
demand_99 6 3 1257.219706
demand_100 6 4 347.897806
demand_101 6 5 1368.056919
demand_102 6 7 1130.070230
demand_103 6 8 1460.391373
demand_104 6 9 291.930152
demand_105 6 10 220.989805
demand_106 6 11 595.726068
demand_107 6 12 585.018164
demand_108 6 13 961.026259
demand_109 6 14 988.726608
demand_110 6 15 1309.259965
demand_111 6 16 503.762436
demand_112 7 0 775.545729
demand_113 7 1 1394.853581
demand_114 7 2 195.390467
demand_115 7 3 1511.383215
demand_116 7 4 455.803110
demand_117 7 5 1020.879474
demand_118 7 6 362.620954
demand_119 7 8 703.854664
demand_120 7 9 324.429672
demand_121 7 10 750.836795
demand_122 7 11 671.163165
demand_123 7 12 1476.625855
demand_124 7 13 1169.465275
demand_125 7 14 212.500929
demand_126 7 15 173.433894
demand_127 7 16 978.397175
demand_128 8 0 1295.264331
demand_129 8 1 1511.353699
demand_130 8 2 1189.003704
demand_131 8 3 762.989606
demand_132 8 4 986.335041
demand_133 8 5 687.202122
demand_134 8 6 273.281307
demand_135 8 7 1414.449026
demand_136 8 9 705.263111
demand_137 8 10 1296.410153
demand_138 8 11 278.851168
demand_139 8 12 473.009247
demand_140 8 13 581.416786
demand_141 8 14 733.966916
demand_142 8 15 872.578733
demand_143 8 16 877.638182
demand_144 9 0 645.311085
demand_145 9 1 1468.425986
demand_146 9 2 1359.391392
demand_147 9 3 1098.006675
demand_148 9 4 1084.989425
demand_149 9 5 576.517359
demand_150 9 6 1008.072551
demand_151 9 7 230.472430
demand_152 9 8 550.053546
demand_153 9 10 1528.312272
demand_154 9 11 1009.665691
demand_155 9 12 306.911854
demand_156 9 13 880.511223
demand_157 9 14 1063.647609
demand_158 9 15 1531.690811
demand_159 9 16 1412.356232
demand_160 10 0 850.287004
demand_161 10 1 827.606107
demand_162 10 2 1394.581096
demand_163 10 3 1466.151423
demand_164 10 4 850.473703
demand_165 10 5 1408.686123
demand_166 10 6 1055.440436
demand_167 10 7 1500.145971
demand_168 10 8 1484.685577
demand_169 10 9 854.278066
demand_170 10 11 356.381965
demand_171 10 12 733.339646
demand_172 10 13 204.325273
demand_173 10 14 205.799367
demand_174 10 15 892.462705
demand_175 10 16 1355.755891
demand_176 11 0 706.857595
demand_177 11 1 240.678530
demand_178 11 2 1285.808955
demand_179 11 3 789.427409
demand_180 11 4 1091.994492
demand_181 11 5 1148.280739
demand_182 11 6 978.950870
demand_183 11 7 965.322363
demand_184 11 8 1253.809133
demand_185 11 9 971.096016
demand_186 11 10 707.786238
demand_187 11 12 1312.737276
demand_188 11 13 432.333647
demand_189 11 14 477.772600
demand_190 11 15 341.938314
demand_191 11 16 1296.744171
demand_192 12 0 1519.525206
demand_193 12 1 304.074266
demand_194 12 2 1342.017302
demand_195 12 3 313.003731
demand_196 12 4 1031.203435
demand_197 12 5 824.360374
demand_198 12 6 1261.331495
demand_199 12 7 987.140293
demand_200 12 8 1323.819481
demand_201 12 9 691.730609
demand_202 12 10 1434.015964
demand_203 12 11 352.794604
demand_204 12 13 974.264749
demand_205 12 14 974.867209
demand_206 12 15 1204.169025
demand_207 12 16 712.460920
demand_208 13 0 899.213460
demand_209 13 1 768.400887
demand_210 13 2 478.107520
demand_211 13 3 1455.496502
demand_212 13 4 173.442238
demand_213 13 5 1141.548605
demand_214 13 6 1496.208503
demand_215 13 7 643.420465
demand_216 13 8 1322.004302
demand_217 13 9 1492.770785
demand_218 13 10 399.165565
demand_219 13 11 521.450085
demand_220 13 12 582.475842
demand_221 13 14 483.794354
demand_222 13 15 415.641230
demand_223 13 16 978.757470
demand_224 14 0 1406.574603
demand_225 14 1 870.512261
demand_226 14 2 440.561392
demand_227 14 3 597.681327
demand_228 14 4 1199.821630
demand_229 14 5 934.562721
demand_230 14 6 443.616782
demand_231 14 7 1276.935988
demand_232 14 8 611.369606
demand_233 14 9 1177.065054
demand_234 14 10 326.860056
demand_235 14 11 1348.854352
demand_236 14 12 958.878573
demand_237 14 13 1425.412084
demand_238 14 15 954.982821
demand_239 14 16 671.570939
demand_240 15 0 954.197820
demand_241 15 1 734.082510
demand_242 15 2 1273.873801
demand_243 15 3 1402.662710
demand_244 15 4 784.136243
demand_245 15 5 333.960772
demand_246 15 6 1260.256014
demand_247 15 7 739.367332
demand_248 15 8 485.121706
demand_249 15 9 1143.100256
demand_250 15 10 219.206119
demand_251 15 11 370.237725
demand_252 15 12 813.207768
demand_253 15 13 1042.199290
demand_254 15 14 1093.542399
demand_255 15 16 428.992592
demand_256 16 0 706.602841
demand_257 16 1 806.875292
demand_258 16 2 653.176193
demand_259 16 3 952.967282
demand_260 16 4 582.895812
demand_261 16 5 875.846454
demand_262 16 6 639.097867
demand_263 16 7 915.249784
demand_264 16 8 228.041278
demand_265 16 9 628.310222
demand_266 16 10 321.978966
demand_267 16 11 1084.373107
demand_268 16 12 415.970192
demand_269 16 13 177.273731
demand_270 16 14 1504.865253
demand_271 16 15 1206.106281
