DEMANDS 272
label src dest bw
demand_0 0 1 1208.493719
demand_1 0 2 605.920328
demand_2 0 3 1182.675776
demand_3 0 4 883.158542
demand_4 0 5 478.969658
demand_5 0 6 283.793996
demand_6 0 7 222.702912
demand_7 0 8 1030.176598
demand_8 0 9 1062.402012
demand_9 0 10 1108.307377
demand_10 0 11 1180.659562
demand_11 0 12 246.231903
demand_12 0 13 563.142805
demand_13 0 14 1119.129267
demand_14 0 15 577.344617
demand_15 0 16 763.378731
demand_16 1 0 383.749356
demand_17 1 2 570.791353
demand_18 1 3 743.364542
demand_19 1 4 841.501900
demand_20 1 5 530.769284
demand_21 1 6 509.683328
demand_22 1 7 1036.560264
demand_23 1 8 452.532096
demand_24 1 9 1035.381289
demand_25 1 10 713.717995
demand_26 1 11 655.056749
demand_27 1 12 586.474822
demand_28 1 13 819.952352
demand_29 1 14 1443.084267
demand_30 1 15 843.188020
demand_31 1 16 1039.558697
demand_32 2 0 659.611948
demand_33 2 1 299.001131
demand_34 2 3 1074.742104
demand_35 2 4 689.137278
demand_36 2 5 744.844496
demand_37 2 6 581.886497
demand_38 2 7 269.003541
demand_39 2 8 747.055694
demand_40 2 9 1204.192833
demand_41 2 10 400.065439
demand_42 2 11 756.658457
demand_43 2 12 396.661708
demand_44 2 13 245.582259
demand_45 2 14 187.935241
demand_46 2 15 346.148645
demand_47 2 16 483.570319
demand_48 3 0 237.035276
demand_49 3 1 1363.625916
demand_50 3 2 863.822387
demand_51 3 4 1416.298905
demand_52 3 5 1324.382563
demand_53 3 6 659.500952
demand_54 3 7 643.372682
demand_55 3 8 1001.653834
demand_56 3 9 1270.496636
demand_57 3 10 727.795426
demand_58 3 11 845.667232
demand_59 3 12 359.888919
demand_60 3 13 875.028523
demand_61 3 14 312.435068
demand_62 3 15 1387.982550
demand_63 3 16 1436.414224
demand_64 4 0 541.821676
demand_65 4 1 1156.693368
demand_66 4 2 555.616697
demand_67 4 3 1430.587179
demand_68 4 5 515.334573
demand_69 4 6 1030.856845
demand_70 4 7 714.691537
demand_71 4 8 677.399200
demand_72 4 9 908.991005
demand_73 4 10 922.863185
demand_74 4 11 222.338437
demand_75 4 12 698.624286
demand_76 4 13 1058.303587
demand_77 4 14 174.426814
demand_78 4 15 1057.682214
demand_79 4 16 486.713065
demand_80 5 0 827.063598
demand_81 5 1 864.991220
demand_82 5 2 623.831873
demand_83 5 3 674.435923
demand_84 5 4 233.332478
demand_85 5 6 446.819276
demand_86 5 7 147.248741
demand_87 5 8 402.118714
demand_88 5 9 295.569632
demand_89 5 10 707.005643
demand_90 5 11 1144.574501
demand_91 5 12 1089.983846
demand_92 5 13 957.090492
demand_93 5 14 494.519494
demand_94 5 15 1032.141119
demand_95 5 16 394.459099
demand_96 6 0 1097.113699
demand_97 6 1 956.888584
demand_98 6 2 941.515811
demand_99 6 3 1053.248783
demand_100 6 4 855.581935
demand_101 6 5 913.314405
demand_102 6 7 939.390827
demand_103 6 8 548.870032
demand_104 6 9 1274.745285
demand_105 6 10 234.109035
demand_106 6 11 1256.573665
demand_107 6 12 888.983310
demand_108 6 13 445.639201
demand_109 6 14 1315.467546
demand_110 6 15 905.776640
demand_111 6 16 234.944856
demand_112 7 0 1233.142899
demand_113 7 1 1324.098856
demand_114 7 2 697.741711
demand_115 7 3 870.996954
demand_116 7 4 961.993457
demand_117 7 5 1417.732681
demand_118 7 6 1020.075272
demand_119 7 8 732.805952
demand_120 7 9 440.704667
demand_121 7 10 1309.108306
demand_122 7 11 490.062468
demand_123 7 12 264.779346
demand_124 7 13 1030.917122
demand_125 7 14 201.552624
demand_126 7 15 581.164117
demand_127 7 16 716.613386
demand_128 8 0 1313.068743
demand_129 8 1 711.688807
demand_130 8 2 1097.100331
demand_131 8 3 696.285206
demand_132 8 4 741.981780
demand_133 8 5 1121.238776
demand_134 8 6 524.173008
demand_135 8 7 899.385327
demand_136 8 9 995.948277
demand_137 8 10 1044.465482
demand_138 8 11 252.030207
demand_139 8 12 810.752215
demand_140 8 13 636.238677
demand_141 8 14 712.829409
demand_142 8 15 661.962529
demand_143 8 16 396.493413
demand_144 9 0 1275.827419
demand_145 9 1 741.129322
demand_146 9 2 1204.560044
demand_147 9 3 927.608902
demand_148 9 4 607.468296
demand_149 9 5 1071.045919
demand_150 9 6 1262.015004
demand_151 9 7 306.116298
demand_152 9 8 1147.961164
demand_153 9 10 854.194413
demand_154 9 11 865.449898
demand_155 9 12 1300.051782
demand_156 9 13 751.117775
demand_157 9 14 357.891000
demand_158 9 15 784.244528
demand_159 9 16 267.995470
demand_160 10 0 776.949543
demand_161 10 1 1044.551289
demand_162 10 2 1324.798688
demand_163 10 3 576.028255
demand_164 10 4 505.617930
demand_165 10 5 324.498842
demand_166 10 6 1424.382127
demand_167 10 7 1069.906834
demand_168 10 8 1156.253511
demand_169 10 9 581.898691
demand_170 10 11 419.714236
demand_171 10 12 314.829478
demand_172 10 13 924.906999
demand_173 10 14 1392.665043
demand_174 10 15 392.587304
demand_175 10 16 1401.488818
demand_176 11 0 812.223641
demand_177 11 1 239.640496
demand_178 11 2 195.263071
demand_179 11 3 1270.518176
demand_180 11 4 675.002731
demand_181 11 5 1371.730621
demand_182 11 6 880.538799
demand_183 11 7 211.491930
demand_184 11 8 703.766812
demand_185 11 9 201.758096
demand_186 11 10 313.095035
demand_187 11 12 625.866893
demand_188 11 13 1055.285755
demand_189 11 14 822.200036
demand_190 11 15 855.359063
demand_191 11 16 963.406968
demand_192 12 0 1166.609821
demand_193 12 1 860.006514
demand_194 12 2 342.481288
demand_195 12 3 283.898583
demand_196 12 4 285.691221
demand_197 12 5 325.896071
demand_198 12 6 433.027424
demand_199 12 7 1224.015543
demand_200 12 8 270.209435
demand_201 12 9 352.550034
demand_202 12 10 1301.870640
demand_203 12 11 1212.298890
demand_204 12 13 609.569559
demand_205 12 14 747.607060
demand_206 12 15 451.649402
demand_207 12 16 968.435981
demand_208 13 0 1230.272966
demand_209 13 1 468.113916
demand_210 13 2 179.001776
demand_211 13 3 1135.983597
demand_212 13 4 472.292633
demand_213 13 5 1096.214069
demand_214 13 6 293.195866
demand_215 13 7 1002.460155
demand_216 13 8 458.510101
demand_217 13 9 175.780627
demand_218 13 10 1329.283954
demand_219 13 11 840.296815
demand_220 13 12 594.714855
demand_221 13 14 1141.992462
demand_222 13 15 1403.400094
demand_223 13 16 1344.438864
demand_224 14 0 1430.052494
demand_225 14 1 1217.283235
demand_226 14 2 419.322897
demand_227 14 3 769.694918
demand_228 14 4 685.992182
demand_229 14 5 397.146057
demand_230 14 6 846.380558
demand_231 14 7 718.359733
demand_232 14 8 868.272533
demand_233 14 9 504.074254
demand_234 14 10 740.382467
demand_235 14 11 1144.476119
demand_236 14 12 343.681385
demand_237 14 13 1435.065059
demand_238 14 15 905.989526
demand_239 14 16 186.934165
demand_240 15 0 575.612624
demand_241 15 1 1004.814222
demand_242 15 2 840.101465
demand_243 15 3 973.203145
demand_244 15 4 1390.978800
demand_245 15 5 378.665846
demand_246 15 6 753.176476
demand_247 15 7 410.645998
demand_248 15 8 1378.588429
demand_249 15 9 452.116208
demand_250 15 10 434.098390
demand_251 15 11 522.473461
demand_252 15 12 1398.024425
demand_253 15 13 1069.325457
demand_254 15 14 1132.549644
demand_255 15 16 405.918036
demand_256 16 0 170.643727
demand_257 16 1 682.792481
demand_258 16 2 1323.607888
demand_259 16 3 162.298046
demand_260 16 4 447.286804
demand_261 16 5 880.968294
demand_262 16 6 1284.744380
demand_263 16 7 391.396680
demand_264 16 8 1225.375227
demand_265 16 9 704.653538
demand_266 16 10 1420.085808
demand_267 16 11 1313.337105
demand_268 16 12 1052.997092
demand_269 16 13 685.955258
demand_270 16 14 494.361496
demand_271 16 15 209.112639
