DEMANDS 272
label src dest bw
demand_0 0 1 315.260271
demand_1 0 2 610.141854
demand_2 0 3 1017.622986
demand_3 0 4 393.493045
demand_4 0 5 466.587390
demand_5 0 6 1119.752966
demand_6 0 7 861.171226
demand_7 0 8 806.034413
demand_8 0 9 745.505205
demand_9 0 10 255.348548
demand_10 0 11 1210.771452
demand_11 0 12 527.666631
demand_12 0 13 183.452103
demand_13 0 14 1016.202421
demand_14 0 15 1306.573417
demand_15 0 16 805.581462
demand_16 1 0 837.330559
demand_17 1 2 998.587969
demand_18 1 3 959.606138
demand_19 1 4 598.209364
demand_20 1 5 177.395227
demand_21 1 6 355.941340
demand_22 1 7 1275.447920
demand_23 1 8 230.423020
demand_24 1 9 618.384026
demand_25 1 10 291.824145
demand_26 1 11 267.090630
demand_27 1 12 250.962003
demand_28 1 13 255.027923
demand_29 1 14 171.746201
demand_30 1 15 1136.012798
demand_31 1 16 206.460378
demand_32 2 0 742.187104
demand_33 2 1 1355.179114
demand_34 2 3 421.904182
demand_35 2 4 608.381469
demand_36 2 5 183.417002
demand_37 2 6 534.625718
demand_38 2 7 385.531546
demand_39 2 8 305.550564
demand_40 2 9 676.502495
demand_41 2 10 1359.606523
demand_42 2 11 192.463449
demand_43 2 12 1375.534958
demand_44 2 13 305.751688
demand_45 2 14 243.464468
demand_46 2 15 356.962763
demand_47 2 16 1372.608896
demand_48 3 0 488.287468
demand_49 3 1 272.559537
demand_50 3 2 1312.094282
demand_51 3 4 855.706043
demand_52 3 5 1107.230970
demand_53 3 6 280.521233
demand_54 3 7 1155.807996
demand_55 3 8 991.441114
demand_56 3 9 609.203198
demand_57 3 10 979.950398
demand_58 3 11 439.972965
demand_59 3 12 1066.235900
demand_60 3 13 485.789382
demand_61 3 14 945.105065
demand_62 3 15 1191.729693
demand_63 3 16 193.792133
demand_64 4 0 904.496444
demand_65 4 1 556.959925
demand_66 4 2 801.673196
demand_67 4 3 791.357579
demand_68 4 5 543.665130
demand_69 4 6 1312.357820
demand_70 4 7 496.131761
demand_71 4 8 1197.353820
demand_72 4 9 854.943531
demand_73 4 10 976.389758
demand_74 4 11 1048.227534
demand_75 4 12 673.397645
demand_76 4 13 1299.952890
demand_77 4 14 225.642632
demand_78 4 15 998.768536
demand_79 4 16 551.158407
demand_80 5 0 1049.338300
demand_81 5 1 1135.152464
demand_82 5 2 681.379404
demand_83 5 3 257.995749
demand_84 5 4 443.804763
demand_85 5 6 1121.172497
demand_86 5 7 747.285268
demand_87 5 8 404.443825
demand_88 5 9 1039.495758
demand_89 5 10 1314.891909
demand_90 5 11 218.075638
demand_91 5 12 1158.606163
demand_92 5 13 652.636130
demand_93 5 14 1192.781394
demand_94 5 15 872.453230
demand_95 5 16 657.592514
demand_96 6 0 1043.110624
demand_97 6 1 897.887306
demand_98 6 2 849.120323
demand_99 6 3 143.746833
demand_100 6 4 862.874401
demand_101 6 5 856.523089
demand_102 6 7 528.202566
demand_103 6 8 421.314415
demand_104 6 9 304.849818
demand_105 6 10 976.342230
demand_106 6 11 747.082307
demand_107 6 12 1170.674636
demand_108 6 13 159.716411
demand_109 6 14 1262.510255
demand_110 6 15 621.943632
demand_111 6 16 1112.190089
demand_112 7 0 1260.138217
demand_113 7 1 452.683775
demand_114 7 2 780.632912
demand_115 7 3 1198.081621
demand_116 7 4 1203.514840
demand_117 7 5 893.329163
demand_118 7 6 427.035189
demand_119 7 8 742.052854
demand_120 7 9 488.783964
demand_121 7 10 996.414953
demand_122 7 11 919.072349
demand_123 7 12 498.957236
demand_124 7 13 569.659648
demand_125 7 14 947.901072
demand_126 7 15 676.218686
demand_127 7 16 403.155215
demand_128 8 0 910.385410
demand_129 8 1 822.030452
demand_130 8 2 1325.907166
demand_131 8 3 185.730808
demand_132 8 4 618.343349
demand_133 8 5 750.140328
demand_134 8 6 488.676218
demand_135 8 7 1277.689398
demand_136 8 9 835.227832
demand_137 8 10 519.911352
demand_138 8 11 214.573745
demand_139 8 12 1416.483678
demand_140 8 13 1395.492285
demand_141 8 14 715.049991
demand_142 8 15 1325.420073
demand_143 8 16 192.377848
demand_144 9 0 634.921476
demand_145 9 1 482.822198
demand_146 9 2 1183.224188
demand_147 9 3 1141.976081
demand_148 9 4 1100.196366
demand_149 9 5 947.339165
demand_150 9 6 452.628870
demand_151 9 7 1265.675731
demand_152 9 8 222.716569
demand_153 9 10 208.725457
demand_154 9 11 678.029650
demand_155 9 12 1369.709046
demand_156 9 13 279.947455
demand_157 9 14 1427.681058
demand_158 9 15 281.675693
demand_159 9 16 1287.418649
demand_160 10 0 221.009534
demand_161 10 1 949.493032
demand_162 10 2 1298.309288
demand_163 10 3 871.270531
demand_164 10 4 1038.038303
demand_165 10 5 1374.832595
demand_166 10 6 517.401663
demand_167 10 7 1323.378424
demand_168 10 8 933.411014
demand_169 10 9 321.287107
demand_170 10 11 223.361081
demand_171 10 12 1019.498063
demand_172 10 13 162.171664
demand_173 10 14 736.231922
demand_174 10 15 180.715697
demand_175 10 16 997.443452
demand_176 11 0 755.024245
demand_177 11 1 567.000671
demand_178 11 2 1088.744337
demand_179 11 3 221.210287
demand_180 11 4 304.680098
demand_181 11 5 861.133449
demand_182 11 6 1046.413714
demand_183 11 7 171.907712
demand_184 11 8 696.098213
demand_185 11 9 480.850231
demand_186 11 10 1312.099284
demand_187 11 12 975.967586
demand_188 11 13 872.928223
demand_189 11 14 1314.732011
demand_190 11 15 1305.795840
demand_191 11 16 569.307307
demand_192 12 0 732.192256
demand_193 12 1 703.249152
demand_194 12 2 453.892078
demand_195 12 3 603.986839
demand_196 12 4 1296.000539
demand_197 12 5 592.752275
demand_198 12 6 556.839857
demand_199 12 7 768.237875
demand_200 12 8 509.757087
demand_201 12 9 567.971424
demand_202 12 10 1241.727705
demand_203 12 11 1150.642227
demand_204 12 13 1080.737249
demand_205 12 14 705.390408
demand_206 12 15 1279.817596
demand_207 12 16 1108.398946
demand_208 13 0 727.106248
demand_209 13 1 1087.705572
demand_210 13 2 782.004196
demand_211 13 3 1246.691779
demand_212 13 4 356.066491
demand_213 13 5 357.576122
demand_214 13 6 1154.643189
demand_215 13 7 322.752172
demand_216 13 8 639.372412
demand_217 13 9 878.201170
demand_218 13 10 798.389677
demand_219 13 11 1321.213200
demand_220 13 12 247.004309
demand_221 13 14 1107.471779
demand_222 13 15 1271.947834
demand_223 13 16 1420.215634
demand_224 14 0 416.304501
demand_225 14 1 652.266257
demand_226 14 2 1340.994010
demand_227 14 3 1353.953862
demand_228 14 4 1068.700626
demand_229 14 5 630.098564
demand_230 14 6 558.562139
demand_231 14 7 1105.573971
demand_232 14 8 680.775396
demand_233 14 9 873.997211
demand_234 14 10 266.734132
demand_235 14 11 376.503382
demand_236 14 12 415.769711
demand_237 14 13 249.055784
demand_238 14 15 809.236922
demand_239 14 16 820.176748
demand_240 15 0 1083.538284
demand_241 15 1 1040.208694
demand_242 15 2 393.597009
demand_243 15 3 1005.718305
demand_244 15 4 892.560875
demand_245 15 5 1376.850951
demand_246 15 6 1072.755467
demand_247 15 7 894.346707
demand_248 15 8 1090.220920
demand_249 15 9 1133.815123
demand_250 15 10 1234.430875
demand_251 15 11 243.637318
demand_252 15 12 407.189311
demand_253 15 13 258.480189
demand_254 15 14 938.638258
demand_255 15 16 1080.391159
demand_256 16 0 302.354218
demand_257 16 1 962.351159
demand_258 16 2 1392.048546
demand_259 16 3 1161.352796
demand_260 16 4 965.213240
demand_261 16 5 1175.215827
demand_262 16 6 286.375860
demand_263 16 7 660.878835
demand_264 16 8 1422.231552
demand_265 16 9 746.891243
demand_266 16 10 453.549011
demand_267 16 11 242.116613
demand_268 16 12 342.703563
demand_269 16 13 781.119256
demand_270 16 14 1045.113922
demand_271 16 15 306.872234
