DEMANDS 272
label src dest bw
demand_0 0 1 759.922297
demand_1 0 2 1211.883001
demand_2 0 3 661.541230
demand_3 0 4 940.094849
demand_4 0 5 509.031300
demand_5 0 6 827.901430
demand_6 0 7 429.570028
demand_7 0 8 444.883152
demand_8 0 9 1347.824641
demand_9 0 10 958.320085
demand_10 0 11 163.283605
demand_11 0 12 1401.845935
demand_12 0 13 1071.487138
demand_13 0 14 1054.709007
demand_14 0 15 660.394809
demand_15 0 16 398.676275
demand_16 1 0 1358.769869
demand_17 1 2 424.872441
demand_18 1 3 201.171699
demand_19 1 4 1259.692646
demand_20 1 5 1266.383726
demand_21 1 6 1359.630004
demand_22 1 7 914.468542
demand_23 1 8 1388.790235
demand_24 1 9 651.017477
demand_25 1 10 339.342541
demand_26 1 11 884.430250
demand_27 1 12 627.510535
demand_28 1 13 512.780143
demand_29 1 14 162.928539
demand_30 1 15 731.755398
demand_31 1 16 1292.888219
demand_32 2 0 270.473081
demand_33 2 1 683.332390
demand_34 2 3 306.361914
demand_35 2 4 282.488394
demand_36 2 5 1316.651407
demand_37 2 6 924.725072
demand_38 2 7 483.676284
demand_39 2 8 1071.079950
demand_40 2 9 379.940804
demand_41 2 10 498.182317
demand_42 2 11 509.694599
demand_43 2 12 796.033567
demand_44 2 13 629.204739
demand_45 2 14 434.314108
demand_46 2 15 1161.437051
demand_47 2 16 1036.655630
demand_48 3 0 1216.482569
demand_49 3 1 601.351452
demand_50 3 2 565.640567
demand_51 3 4 1318.013016
demand_52 3 5 1120.621633
demand_53 3 6 888.717709
demand_54 3 7 1264.475450
demand_55 3 8 1001.268738
demand_56 3 9 163.253702
demand_57 3 10 1153.602339
demand_58 3 11 981.424719
demand_59 3 12 519.124554
demand_60 3 13 808.108554
demand_61 3 14 388.254296
demand_62 3 15 378.380389
demand_63 3 16 1103.132951
demand_64 4 0 826.925440
demand_65 4 1 1239.404276
demand_66 4 2 354.730642
demand_67 4 3 494.305033
demand_68 4 5 790.907787
demand_69 4 6 798.196949
demand_70 4 7 190.319704
demand_71 4 8 1067.773300
demand_72 4 9 481.373063
demand_73 4 10 1290.646758
demand_74 4 11 1253.910929
demand_75 4 12 579.806375
demand_76 4 13 580.184521
demand_77 4 14 973.572162
demand_78 4 15 1143.562802
demand_79 4 16 637.232317
demand_80 5 0 1369.820290
demand_81 5 1 1035.386902
demand_82 5 2 1222.652622
demand_83 5 3 1307.445601
demand_84 5 4 785.705945
demand_85 5 6 1084.334397
demand_86 5 7 308.712883
demand_87 5 8 549.810499
demand_88 5 9 1313.062984
demand_89 5 10 1406.227641
demand_90 5 11 258.985152
demand_91 5 12 1306.078826
demand_92 5 13 185.162228
demand_93 5 14 303.006758
demand_94 5 15 1256.696133
demand_95 5 16 1186.360754
demand_96 6 0 748.712028
demand_97 6 1 372.375657
demand_98 6 2 991.567396
demand_99 6 3 1058.150178
demand_100 6 4 995.087023
demand_101 6 5 1354.213556
demand_102 6 7 212.625144
demand_103 6 8 1322.502050
demand_104 6 9 371.995492
demand_105 6 10 215.689621
demand_106 6 11 1262.250896
demand_107 6 12 295.900903
demand_108 6 13 890.592114
demand_109 6 14 1361.691699
demand_110 6 15 590.723627
demand_111 6 16 756.803641
demand_112 7 0 894.147955
demand_113 7 1 1291.193588
demand_114 7 2 255.807326
demand_115 7 3 406.419629
demand_116 7 4 1238.089018
demand_117 7 5 1299.227606
demand_118 7 6 215.698521
demand_119 7 8 407.672475
demand_120 7 9 885.413348
demand_121 7 10 282.486842
demand_122 7 11 397.737478
demand_123 7 12 668.911606
demand_124 7 13 972.464676
demand_125 7 14 686.974100
demand_126 7 15 551.545703
demand_127 7 16 449.808756
demand_128 8 0 1391.945666
demand_129 8 1 916.074475
demand_130 8 2 502.896929
demand_131 8 3 422.679126
demand_132 8 4 1156.693823
demand_133 8 5 783.664081
demand_134 8 6 150.243227
demand_135 8 7 1128.444303
demand_136 8 9 804.804985
demand_137 8 10 565.606581
demand_138 8 11 341.578340
demand_139 8 12 493.674953
demand_140 8 13 1300.003440
demand_141 8 14 859.086978
demand_142 8 15 1063.470031
demand_143 8 16 823.128998
demand_144 9 0 351.209493
demand_145 9 1 994.442569
demand_146 9 2 383.000545
demand_147 9 3 823.507707
demand_148 9 4 1096.621619
demand_149 9 5 613.131608
demand_150 9 6 411.258568
demand_151 9 7 725.686761
demand_152 9 8 306.398608
demand_153 9 10 892.747226
demand_154 9 11 1265.962657
demand_155 9 12 617.396095
demand_156 9 13 849.389798
demand_157 9 14 511.340258
demand_158 9 15 1171.123767
demand_159 9 16 354.437983
demand_160 10 0 958.944353
demand_161 10 1 418.523160
demand_162 10 2 960.802901
demand_163 10 3 1289.704839
demand_164 10 4 1194.016807
demand_165 10 5 1338.554732
demand_166 10 6 1044.072225
demand_167 10 7 159.092071
demand_168 10 8 1266.501996
demand_169 10 9 1103.652732
demand_170 10 11 259.427005
demand_171 10 12 286.110495
demand_172 10 13 1366.247603
demand_173 10 14 984.627475
demand_174 10 15 592.583373
demand_175 10 16 607.272525
demand_176 11 0 1014.328652
demand_177 11 1 1230.294879
demand_178 11 2 499.239946
demand_179 11 3 547.363352
demand_180 11 4 506.589892
demand_181 11 5 926.907649
demand_182 11 6 1403.888644
demand_183 11 7 147.262531
demand_184 11 8 375.615871
demand_185 11 9 741.909569
demand_186 11 10 204.013639
demand_187 11 12 1324.051305
demand_188 11 13 427.948930
demand_189 11 14 1286.523975
demand_190 11 15 767.891100
demand_191 11 16 1269.299417
demand_192 12 0 1158.025175
demand_193 12 1 465.389597
demand_194 12 2 1373.025837
demand_195 12 3 444.156982
demand_196 12 4 1083.252010
demand_197 12 5 463.198732
demand_198 12 6 792.140659
demand_199 12 7 559.831383
demand_200 12 8 918.014878
demand_201 12 9 311.622817
demand_202 12 10 523.173704
demand_203 12 11 791.301570
demand_204 12 13 1044.815829
demand_205 12 14 479.375465
demand_206 12 15 950.989270
demand_207 12 16 973.773431
demand_208 13 0 1125.981354
demand_209 13 1 740.616333
demand_210 13 2 325.439767
demand_211 13 3 643.021225
demand_212 13 4 981.185047
demand_213 13 5 285.874626
demand_214 13 6 1263.637119
demand_215 13 7 1401.024724
demand_216 13 8 929.041113
demand_217 13 9 1008.483023
demand_218 13 10 779.131451
demand_219 13 11 1153.087458
demand_220 13 12 1018.543471
demand_221 13 14 735.848761
demand_222 13 15 910.713352
demand_223 13 16 1113.304705
demand_224 14 0 1258.300999
demand_225 14 1 543.406979
demand_226 14 2 675.419777
demand_227 14 3 777.915466
demand_228 14 4 1363.423297
demand_229 14 5 966.892889
demand_230 14 6 926.375907
demand_231 14 7 812.107253
demand_232 14 8 1036.574569
demand_233 14 9 887.443058
demand_234 14 10 918.192842
demand_235 14 11 788.439484
demand_236 14 12 520.700842
demand_237 14 13 898.098312
demand_238 14 15 776.044036
demand_239 14 16 183.009569
demand_240 15 0 903.030487
demand_241 15 1 862.892834
demand_242 15 2 1209.985560
demand_243 15 3 346.589116
demand_244 15 4 140.745803
demand_245 15 5 781.420167
demand_246 15 6 477.653300
demand_247 15 7 385.588701
demand_248 15 8 1318.635751
demand_249 15 9 718.070033
demand_250 15 10 1086.440854
demand_251 15 11 504.013963
demand_252 15 12 418.203477
demand_253 15 13 1180.488488
demand_254 15 14 536.716323
demand_255 15 16 824.073524
demand_256 16 0 1277.793875
demand_257 16 1 1140.232263
demand_258 16 2 1046.424864
demand_259 16 3 397.517499
demand_260 16 4 850.464795
demand_261 16 5 945.069051
demand_262 16 6 383.961839
demand_263 16 7 258.649214
demand_264 16 8 384.248462
demand_265 16 9 1005.356651
demand_266 16 10 762.562501
demand_267 16 11 503.686551
demand_268 16 12 295.603409
demand_269 16 13 784.159061
demand_270 16 14 1134.700121
demand_271 16 15 1130.192570
