DEMANDS 272
label src dest bw
demand_0 0 1 1017.554672
demand_1 0 2 826.465833
demand_2 0 3 614.403626
demand_3 0 4 669.956729
demand_4 0 5 894.116825
demand_5 0 6 1058.145574
demand_6 0 7 363.865898
demand_7 0 8 227.512365
demand_8 0 9 782.609625
demand_9 0 10 694.943021
demand_10 0 11 1353.134793
demand_11 0 12 674.619752
demand_12 0 13 458.701173
demand_13 0 14 659.118209
demand_14 0 15 953.487151
demand_15 0 16 888.892265
demand_16 1 0 1142.612736
demand_17 1 2 931.243061
demand_18 1 3 945.181953
demand_19 1 4 615.276104
demand_20 1 5 357.524413
demand_21 1 6 1095.559053
demand_22 1 7 647.956119
demand_23 1 8 987.098205
demand_24 1 9 549.748593
demand_25 1 10 231.003094
demand_26 1 11 204.691350
demand_27 1 12 707.094459
demand_28 1 13 1039.433416
demand_29 1 14 1150.631351
demand_30 1 15 445.736769
demand_31 1 16 975.021409
demand_32 2 0 1255.680089
demand_33 2 1 411.393921
demand_34 2 3 308.293266
demand_35 2 4 1172.554574
demand_36 2 5 193.391132
demand_37 2 6 603.997157
demand_38 2 7 1007.106346
demand_39 2 8 1200.380554
demand_40 2 9 700.502862
demand_41 2 10 243.195920
demand_42 2 11 261.789706
demand_43 2 12 1027.837000
demand_44 2 13 1158.880411
demand_45 2 14 554.515562
demand_46 2 15 624.925993
demand_47 2 16 1079.611860
demand_48 3 0 495.821688
demand_49 3 1 451.853731
demand_50 3 2 488.966158
demand_51 3 4 351.118594
demand_52 3 5 202.525091
demand_53 3 6 1211.306941
demand_54 3 7 1285.905709
demand_55 3 8 907.127586
demand_56 3 9 595.615236
demand_57 3 10 241.113043
demand_58 3 11 364.545016
demand_59 3 12 370.779947
demand_60 3 13 676.871074
demand_61 3 14 1285.322850
demand_62 3 15 476.379236
demand_63 3 16 970.046013
demand_64 4 0 1286.276970
demand_65 4 1 873.868904
demand_66 4 2 273.335200
demand_67 4 3 932.535725
demand_68 4 5 940.478169
demand_69 4 6 1034.210709
demand_70 4 7 1046.648697
demand_71 4 8 521.341603
demand_72 4 9 557.336943
demand_73 4 10 493.507547
demand_74 4 11 867.102355
demand_75 4 12 242.607060
demand_76 4 13 714.730280
demand_77 4 14 1196.422786
demand_78 4 15 1209.231727
demand_79 4 16 651.602932
demand_80 5 0 608.239226
demand_81 5 1 359.973418
demand_82 5 2 309.633665
demand_83 5 3 395.676939
demand_84 5 4 775.091560
demand_85 5 6 1087.414385
demand_86 5 7 321.983233
demand_87 5 8 301.093560
demand_88 5 9 376.180218
demand_89 5 10 1101.962318
demand_90 5 11 1125.490423
demand_91 5 12 1194.463242
demand_92 5 13 973.649303
demand_93 5 14 1282.325133
demand_94 5 15 1187.515702
demand_95 5 16 971.641730
demand_96 6 0 321.292611
demand_97 6 1 744.940169
demand_98 6 2 432.610147
demand_99 6 3 862.030314
demand_100 6 4 1111.966822
demand_101 6 5 845.256235
demand_102 6 7 1112.735871
demand_103 6 8 846.755913
demand_104 6 9 755.858059
demand_105 6 10 1047.402868
demand_106 6 11 789.439870
demand_107 6 12 161.724688
demand_108 6 13 1321.198461
demand_109 6 14 1406.976770
demand_110 6 15 993.026678
demand_111 6 16 649.849995
demand_112 7 0 279.599249
demand_113 7 1 879.984608
demand_114 7 2 1029.309168
demand_115 7 3 1228.010618
demand_116 7 4 422.796573
demand_117 7 5 535.405352
demand_118 7 6 888.619882
demand_119 7 8 941.105964
demand_120 7 9 621.563357
demand_121 7 10 1364.075942
demand_122 7 11 1331.336440
demand_123 7 12 899.732094
demand_124 7 13 530.171551
demand_125 7 14 197.123413
demand_126 7 15 1197.639613
demand_127 7 16 1065.677974
demand_128 8 0 1074.325055
demand_129 8 1 1372.193534
demand_130 8 2 1353.516358
demand_131 8 3 570.791733
demand_132 8 4 528.545362
demand_133 8 5 1037.266641
demand_134 8 6 1283.840640
demand_135 8 7 453.294751
demand_136 8 9 868.180891
demand_137 8 10 175.774900
demand_138 8 11 845.124179
demand_139 8 12 1299.501088
demand_140 8 13 502.370662
demand_141 8 14 916.137897
demand_142 8 15 697.732952
demand_143 8 16 1354.446019
demand_144 9 0 394.127030
demand_145 9 1 873.192863
demand_146 9 2 707.170823
demand_147 9 3 246.128283
demand_148 9 4 1270.464380
demand_149 9 5 369.076584
demand_150 9 6 1288.485392
demand_151 9 7 427.507906
demand_152 9 8 589.794853
demand_153 9 10 654.593035
demand_154 9 11 1405.175080
demand_155 9 12 269.048549
demand_156 9 13 1093.456796
demand_157 9 14 1380.645449
demand_158 9 15 1233.049813
demand_159 9 16 952.359769
demand_160 10 0 778.637753
demand_161 10 1 262.683061
demand_162 10 2 306.905856
demand_163 10 3 153.311739
demand_164 10 4 219.396846
demand_165 10 5 1047.515223
demand_166 10 6 935.771183
demand_167 10 7 1347.424904
demand_168 10 8 1330.096635
demand_169 10 9 592.338709
demand_170 10 11 592.068625
demand_171 10 12 528.657285
demand_172 10 13 901.362209
demand_173 10 14 559.626442
demand_174 10 15 365.878184
demand_175 10 16 261.265168
demand_176 11 0 1331.286230
demand_177 11 1 226.870565
demand_178 11 2 1168.098649
demand_179 11 3 455.289937
demand_180 11 4 1025.458968
demand_181 11 5 432.839324
demand_182 11 6 671.275847
demand_183 11 7 1011.451716
demand_184 11 8 1198.163533
demand_185 11 9 222.483613
demand_186 11 10 242.546230
demand_187 11 12 194.686906
demand_188 11 13 448.578242
demand_189 11 14 684.079945
demand_190 11 15 1327.370132
demand_191 11 16 694.110225
demand_192 12 0 1072.231882
demand_193 12 1 1056.743665
demand_194 12 2 1045.316516
demand_195 12 3 169.485685
demand_196 12 4 410.736578
demand_197 12 5 323.271238
demand_198 12 6 1315.305529
demand_199 12 7 1247.090003
demand_200 12 8 1125.955435
demand_201 12 9 238.425386
demand_202 12 10 1376.146460
demand_203 12 11 220.069362
demand_204 12 13 1226.755115
demand_205 12 14 1281.894594
demand_206 12 15 1004.043384
demand_207 12 16 1067.503218
demand_208 13 0 1401.885120
demand_209 13 1 1088.746039
demand_210 13 2 328.976956
demand_211 13 3 728.083627
demand_212 13 4 1085.584248
demand_213 13 5 1116.340373
demand_214 13 6 497.764295
demand_215 13 7 410.065404
demand_216 13 8 1416.595774
demand_217 13 9 743.700077
demand_218 13 10 1133.710239
demand_219 13 11 838.966455
demand_220 13 12 1315.366571
demand_221 13 14 754.347707
demand_222 13 15 738.134708
demand_223 13 16 1132.511497
demand_224 14 0 585.785816
demand_225 14 1 794.367973
demand_226 14 2 697.251056
demand_227 14 3 702.542904
demand_228 14 4 596.556348
demand_229 14 5 185.572402
demand_230 14 6 1157.059964
demand_231 14 7 1136.155438
demand_232 14 8 1032.965941
demand_233 14 9 1242.705989
demand_234 14 10 193.928099
demand_235 14 11 464.500504
demand_236 14 12 327.518923
demand_237 14 13 1091.473804
demand_238 14 15 897.495193
demand_239 14 16 999.292271
demand_240 15 0 1378.246495
demand_241 15 1 147.428499
demand_242 15 2 353.192859
demand_243 15 3 1178.183720
demand_244 15 4 1128.586457
demand_245 15 5 876.472820
demand_246 15 6 1271.435724
demand_247 15 7 230.347525
demand_248 15 8 170.534900
demand_249 15 9 287.024112
demand_250 15 10 825.146818
demand_251 15 11 838.825574
demand_252 15 12 581.983506
demand_253 15 13 1266.473951
demand_254 15 14 651.393016
demand_255 15 16 250.688204
demand_256 16 0 1212.353387
demand_257 16 1 997.037751
demand_258 16 2 1379.890959
demand_259 16 3 921.989221
demand_260 16 4 424.982273
demand_261 16 5 317.906549
demand_262 16 6 1186.628647
demand_263 16 7 397.127023
demand_264 16 8 490.438308
demand_265 16 9 888.464757
demand_266 16 10 329.744274
demand_267 16 11 922.946631
demand_268 16 12 324.681210
demand_269 16 13 835.797949
demand_270 16 14 1355.297901
demand_271 16 15 1417.065868
