DEMANDS 272
label src dest bw
demand_0 0 1 1134.936412
demand_1 0 2 699.943564
demand_2 0 3 1063.029440
demand_3 0 4 1387.226118
demand_4 0 5 827.427468
demand_5 0 6 779.821086
demand_6 0 7 233.300252
demand_7 0 8 483.446422
demand_8 0 9 778.244249
demand_9 0 10 1006.685519
demand_10 0 11 1165.277102
demand_11 0 12 626.744407
demand_12 0 13 225.511631
demand_13 0 14 508.547443
demand_14 0 15 1300.107725
demand_15 0 16 413.322664
demand_16 1 0 717.412503
demand_17 1 2 1327.636324
demand_18 1 3 173.241196
demand_19 1 4 906.466637
demand_20 1 5 1351.739833
demand_21 1 6 434.871117
demand_22 1 7 840.157243
demand_23 1 8 1299.515244
demand_24 1 9 311.148815
demand_25 1 10 808.215347
demand_26 1 11 1097.349837
demand_27 1 12 993.672075
demand_28 1 13 737.319585
demand_29 1 14 402.449723
demand_30 1 15 766.632097
demand_31 1 16 615.845761
demand_32 2 0 749.608961
demand_33 2 1 607.573736
demand_34 2 3 1208.812055
demand_35 2 4 1120.579776
demand_36 2 5 541.472330
demand_37 2 6 870.899376
demand_38 2 7 493.139636
demand_39 2 8 718.328281
demand_40 2 9 591.127238
demand_41 2 10 978.879194
demand_42 2 11 613.255485
demand_43 2 12 726.289186
demand_44 2 13 1057.754831
demand_45 2 14 667.568516
demand_46 2 15 1296.069655
demand_47 2 16 371.373798
demand_48 3 0 1085.515578
demand_49 3 1 679.518976
demand_50 3 2 684.715217
demand_51 3 4 949.558320
demand_52 3 5 807.570353
demand_53 3 6 669.981162
demand_54 3 7 143.343634
demand_55 3 8 259.043990
demand_56 3 9 1045.106983
demand_57 3 10 809.403763
demand_58 3 11 1028.250456
demand_59 3 12 1358.540080
demand_60 3 13 1011.377780
demand_61 3 14 209.198065
demand_62 3 15 534.922792
demand_63 3 16 896.335051
demand_64 4 0 441.007373
demand_65 4 1 1370.643977
demand_66 4 2 1345.267630
demand_67 4 3 1222.164479
demand_68 4 5 743.142004
demand_69 4 6 1213.344923
demand_70 4 7 308.526444
demand_71 4 8 534.771183
demand_72 4 9 731.261106
demand_73 4 10 1086.443275
demand_74 4 11 760.339003
demand_75 4 12 315.870136
demand_76 4 13 579.100837
demand_77 4 14 554.759293
demand_78 4 15 524.180387
demand_79 4 16 352.331174
demand_80 5 0 670.001279
demand_81 5 1 712.313352
demand_82 5 2 1128.544277
demand_83 5 3 1155.917267
demand_84 5 4 806.913013
demand_85 5 6 728.247323
demand_86 5 7 1132.764450
demand_87 5 8 1271.697595
demand_88 5 9 1001.194157
demand_89 5 10 1161.124741
demand_90 5 11 1337.705628
demand_91 5 12 193.310913
demand_92 5 13 1256.900321
demand_93 5 14 493.794367
demand_94 5 15 747.524295
demand_95 5 16 1156.388875
demand_96 6 0 1055.103053
demand_97 6 1 328.953251
demand_98 6 2 980.597204
demand_99 6 3 229.734985
demand_100 6 4 596.339698
demand_101 6 5 1176.856013
demand_102 6 7 686.308992
demand_103 6 8 905.582053
demand_104 6 9 1069.011036
demand_105 6 10 1187.552918
demand_106 6 11 1110.221266
demand_107 6 12 150.624809
demand_108 6 13 676.822211
demand_109 6 14 731.439204
demand_110 6 15 212.217853
demand_111 6 16 831.180226
demand_112 7 0 915.665343
demand_113 7 1 1196.756404
demand_114 7 2 1341.142057
demand_115 7 3 304.752636
demand_116 7 4 435.033894
demand_117 7 5 981.119611
demand_118 7 6 310.262987
demand_119 7 8 426.943079
demand_120 7 9 873.749047
demand_121 7 10 357.454549
demand_122 7 11 1137.880473
demand_123 7 12 1233.086437
demand_124 7 13 184.418195
demand_125 7 14 819.974759
demand_126 7 15 1156.631395
demand_127 7 16 1383.596187
demand_128 8 0 490.859070
demand_129 8 1 356.916192
demand_130 8 2 1258.211257
demand_131 8 3 1299.584139
demand_132 8 4 393.130818
demand_133 8 5 703.918270
demand_134 8 6 1057.637672
demand_135 8 7 1218.272298
demand_136 8 9 355.864395
demand_137 8 10 988.520735
demand_138 8 11 1170.494862
demand_139 8 12 841.716552
demand_140 8 13 351.331620
demand_141 8 14 186.780465
demand_142 8 15 500.125782
demand_143 8 16 1170.539936
demand_144 9 0 198.546541
demand_145 9 1 151.991820
demand_146 9 2 602.130125
demand_147 9 3 222.564129
demand_148 9 4 331.932176
demand_149 9 5 171.064561
demand_150 9 6 809.880445
demand_151 9 7 1028.932464
demand_152 9 8 685.479357
demand_153 9 10 312.933335
demand_154 9 11 563.587606
demand_155 9 12 893.470633
demand_156 9 13 1339.679969
demand_157 9 14 1405.782161
demand_158 9 15 449.264376
demand_159 9 16 155.002169
demand_160 10 0 1199.542230
demand_161 10 1 1321.785952
demand_162 10 2 725.665695
demand_163 10 3 1124.139660
demand_164 10 4 1244.834619
demand_165 10 5 918.014171
demand_166 10 6 1253.022380
demand_167 10 7 171.972299
demand_168 10 8 487.466637
demand_169 10 9 494.630587
demand_170 10 11 295.179971
demand_171 10 12 1301.534216
demand_172 10 13 180.297740
demand_173 10 14 998.191020
demand_174 10 15 232.394057
demand_175 10 16 601.065086
demand_176 11 0 674.074393
demand_177 11 1 372.587247
demand_178 11 2 805.160321
demand_179 11 3 822.964160
demand_180 11 4 545.356211
demand_181 11 5 1080.381388
demand_182 11 6 345.581662
demand_183 11 7 386.730717
demand_184 11 8 593.079432
demand_185 11 9 623.477276
demand_186 11 10 404.279783
demand_187 11 12 1311.718687
demand_188 11 13 1196.298336
demand_189 11 14 277.658868
demand_190 11 15 612.153490
demand_191 11 16 437.887598
demand_192 12 0 716.080992
demand_193 12 1 493.481173
demand_194 12 2 780.695413
demand_195 12 3 1316.678547
demand_196 12 4 628.744180
demand_197 12 5 969.617692
demand_198 12 6 900.189917
demand_199 12 7 1099.316105
demand_200 12 8 220.071485
demand_201 12 9 1090.234514
demand_202 12 10 1346.831400
demand_203 12 11 910.301388
demand_204 12 13 507.826945
demand_205 12 14 997.946703
demand_206 12 15 1048.487978
demand_207 12 16 977.670195
demand_208 13 0 328.676524
demand_209 13 1 1381.476548
demand_210 13 2 1358.431977
demand_211 13 3 682.386778
demand_212 13 4 897.663102
demand_213 13 5 192.002487
demand_214 13 6 1400.784806
demand_215 13 7 1184.390722
demand_216 13 8 952.261790
demand_217 13 9 1110.946817
demand_218 13 10 381.026559
demand_219 13 11 533.396736
demand_220 13 12 455.366496
demand_221 13 14 900.735085
demand_222 13 15 258.588638
demand_223 13 16 1282.296391
demand_224 14 0 730.343440
demand_225 14 1 708.099462
demand_226 14 2 274.900670
demand_227 14 3 1013.912746
demand_228 14 4 1182.033040
demand_229 14 5 943.406563
demand_230 14 6 449.798951
demand_231 14 7 1141.944415
demand_232 14 8 327.083231
demand_233 14 9 1195.257388
demand_234 14 10 881.191207
demand_235 14 11 510.110586
demand_236 14 12 795.262500
demand_237 14 13 942.516517
demand_238 14 15 470.900788
demand_239 14 16 1220.261110
demand_240 15 0 678.091966
demand_241 15 1 1278.128056
demand_242 15 2 1205.692125
demand_243 15 3 268.068621
demand_244 15 4 964.682962
demand_245 15 5 537.014115
demand_246 15 6 1101.990486
demand_247 15 7 832.695367
demand_248 15 8 724.386094
demand_249 15 9 1281.986618
demand_250 15 10 214.452057
demand_251 15 11 851.401406
demand_252 15 12 559.198171
demand_253 15 13 186.455066
demand_254 15 14 1101.309447
demand_255 15 16 857.035177
demand_256 16 0 1280.430817
demand_257 16 1 903.552725
demand_258 16 2 570.818690
demand_259 16 3 1396.435408
demand_260 16 4 288.915259
demand_261 16 5 208.526872
demand_262 16 6 1074.692694
demand_263 16 7 613.922688
demand_264 16 8 601.937066
demand_265 16 9 1257.996283
demand_266 16 10 558.411700
demand_267 16 11 1273.862494
demand_268 16 12 961.796511
demand_269 16 13 560.648248
demand_270 16 14 217.355021
demand_271 16 15 453.730648
