DEMANDS 272
label src dest bw
demand_0 0 1 1223.962308
demand_1 0 2 586.734099
demand_2 0 3 401.133778
demand_3 0 4 291.383346
demand_4 0 5 1412.567943
demand_5 0 6 1284.574977
demand_6 0 7 1267.947591
demand_7 0 8 250.849088
demand_8 0 9 1147.310452
demand_9 0 10 1278.187389
demand_10 0 11 363.810438
demand_11 0 12 1009.881874
demand_12 0 13 632.401613
demand_13 0 14 1221.924558
demand_14 0 15 1355.245840
demand_15 0 16 361.006127
demand_16 1 0 1241.248991
demand_17 1 2 728.968729
demand_18 1 3 1445.924396
demand_19 1 4 1118.997881
demand_20 1 5 886.542108
demand_21 1 6 1172.397204
demand_22 1 7 796.593594
demand_23 1 8 1333.529220
demand_24 1 9 1031.387390
demand_25 1 10 1288.891393
demand_26 1 11 1219.630366
demand_27 1 12 1343.957387
demand_28 1 13 747.458097
demand_29 1 14 519.496676
demand_30 1 15 1343.444649
demand_31 1 16 294.047441
demand_32 2 0 248.885362
demand_33 2 1 1089.278807
demand_34 2 3 833.502136
demand_35 2 4 1420.646672
demand_36 2 5 1459.951596
demand_37 2 6 1303.895698
demand_38 2 7 1329.086528
demand_39 2 8 252.433494
demand_40 2 9 857.830261
demand_41 2 10 195.992632
demand_42 2 11 1044.918006
demand_43 2 12 935.556936
demand_44 2 13 1189.511358
demand_45 2 14 810.319029
demand_46 2 15 485.348736
demand_47 2 16 407.854952
demand_48 3 0 443.069580
demand_49 3 1 1084.559520
demand_50 3 2 839.769119
demand_51 3 4 312.863655
demand_52 3 5 311.017556
demand_53 3 6 517.241465
demand_54 3 7 526.718884
demand_55 3 8 1294.856528
demand_56 3 9 1332.810311
demand_57 3 10 1373.267305
demand_58 3 11 278.438544
demand_59 3 12 999.429778
demand_60 3 13 1058.172008
demand_61 3 14 1102.585096
demand_62 3 15 206.164501
demand_63 3 16 847.273344
demand_64 4 0 1059.859639
demand_65 4 1 703.532641
demand_66 4 2 1441.418474
demand_67 4 3 583.408702
demand_68 4 5 1198.828991
demand_69 4 6 203.580833
demand_70 4 7 714.000523
demand_71 4 8 157.950554
demand_72 4 9 635.679811
demand_73 4 10 451.687930
demand_74 4 11 617.318288
demand_75 4 12 294.846315
demand_76 4 13 649.297862
demand_77 4 14 1311.716700
demand_78 4 15 1267.750854
demand_79 4 16 318.045515
demand_80 5 0 291.367449
demand_81 5 1 296.431037
demand_82 5 2 760.460507
demand_83 5 3 533.425587
demand_84 5 4 1258.614712
demand_85 5 6 239.410016
demand_86 5 7 523.083204
demand_87 5 8 811.412236
demand_88 5 9 376.907026
demand_89 5 10 263.413774
demand_90 5 11 515.638776
demand_91 5 12 346.349712
demand_92 5 13 1167.971938
demand_93 5 14 1021.836158
demand_94 5 15 889.171441
demand_95 5 16 363.090153
demand_96 6 0 251.560862
demand_97 6 1 305.404013
demand_98 6 2 598.204668
demand_99 6 3 1143.090535
demand_100 6 4 402.949500
demand_101 6 5 612.811992
demand_102 6 7 286.429559
demand_103 6 8 1438.193111
demand_104 6 9 1048.341367
demand_105 6 10 1004.054929
demand_106 6 11 167.269314
demand_107 6 12 154.169465
demand_108 6 13 744.920497
demand_109 6 14 1277.541766
demand_110 6 15 1070.854223
demand_111 6 16 241.690230
demand_112 7 0 536.042098
demand_113 7 1 1076.887930
demand_114 7 2 235.563177
demand_115 7 3 800.922103
demand_116 7 4 1372.464916
demand_117 7 5 752.989421
demand_118 7 6 202.663784
demand_119 7 8 303.544197
demand_120 7 9 1382.139419
demand_121 7 10 1301.597398
demand_122 7 11 1341.946377
demand_123 7 12 425.715480
demand_124 7 13 434.982144
demand_125 7 14 663.106844
demand_126 7 15 1008.633775
demand_127 7 16 1077.971653
demand_128 8 0 1158.537468
demand_129 8 1 511.473296
demand_130 8 2 713.417028
demand_131 8 3 524.092143
demand_132 8 4 1284.085430
demand_133 8 5 1034.757968
demand_134 8 6 949.840131
demand_135 8 7 202.600423
demand_136 8 9 289.399250
demand_137 8 10 579.172849
demand_138 8 11 511.264366
demand_139 8 12 985.448840
demand_140 8 13 560.950003
demand_141 8 14 321.095203
demand_142 8 15 428.753801
demand_143 8 16 1436.497962
demand_144 9 0 333.368731
demand_145 9 1 1442.898983
demand_146 9 2 1031.341348
demand_147 9 3 484.181002
demand_148 9 4 731.635219
demand_149 9 5 516.182027
demand_150 9 6 785.267717
demand_151 9 7 1134.280580
demand_152 9 8 1269.594586
demand_153 9 10 659.978395
demand_154 9 11 1218.937551
demand_155 9 12 952.923799
demand_156 9 13 846.719243
demand_157 9 14 931.375071
demand_158 9 15 1206.482722
demand_159 9 16 682.698511
demand_160 10 0 980.671564
demand_161 10 1 1307.017617
demand_162 10 2 1051.420473
demand_163 10 3 765.593342
demand_164 10 4 185.711143
demand_165 10 5 867.430308
demand_166 10 6 256.888462
demand_167 10 7 179.818309
demand_168 10 8 378.746385
demand_169 10 9 901.744509
demand_170 10 11 536.166138
demand_171 10 12 194.851024
demand_172 10 13 282.930118
demand_173 10 14 1290.994483
demand_174 10 15 237.983272
demand_175 10 16 816.014533
demand_176 11 0 656.599877
demand_177 11 1 303.897428
demand_178 11 2 459.735898
demand_179 11 3 578.227492
demand_180 11 4 792.740048
demand_181 11 5 1325.928483
demand_182 11 6 1206.505009
demand_183 11 7 464.335371
demand_184 11 8 962.313401
demand_185 11 9 207.796853
demand_186 11 10 841.130785
demand_187 11 12 1261.307585
demand_188 11 13 1394.815520
demand_189 11 14 976.747380
demand_190 11 15 514.492505
demand_191 11 16 211.854502
demand_192 12 0 789.890555
demand_193 12 1 1166.136311
demand_194 12 2 331.012791
demand_195 12 3 956.352550
demand_196 12 4 839.789706
demand_197 12 5 161.850211
demand_198 12 6 757.397637
demand_199 12 7 1207.420725
demand_200 12 8 517.375948
demand_201 12 9 1204.273813
demand_202 12 10 1278.910068
demand_203 12 11 362.610113
demand_204 12 13 1268.337253
demand_205 12 14 392.628045
demand_206 12 15 208.987564
demand_207 12 16 942.806445
demand_208 13 0 1298.009549
demand_209 13 1 694.339933
demand_210 13 2 298.683905
demand_211 13 3 1350.937397
demand_212 13 4 1405.755022
demand_213 13 5 652.238581
demand_214 13 6 789.463751
demand_215 13 7 495.106758
demand_216 13 8 1060.507325
demand_217 13 9 525.728694
demand_218 13 10 257.903341
demand_219 13 11 1043.490284
demand_220 13 12 871.509983
demand_221 13 14 833.936404
demand_222 13 15 290.610659
demand_223 13 16 957.955727
demand_224 14 0 1181.081974
demand_225 14 1 1369.880925
demand_226 14 2 1295.750023
demand_227 14 3 1168.572269
demand_228 14 4 1390.807209
demand_229 14 5 440.763726
demand_230 14 6 898.492546
demand_231 14 7 662.523929
demand_232 14 8 1168.738330
demand_233 14 9 1241.506040
demand_234 14 10 698.565830
demand_235 14 11 1345.428921
demand_236 14 12 568.874642
demand_237 14 13 1254.586950
demand_238 14 15 1130.339641
demand_239 14 16 1152.500193
demand_240 15 0 400.679107
demand_241 15 1 193.299836
demand_242 15 2 899.499641
demand_243 15 3 1421.107668
demand_244 15 4 447.781292
demand_245 15 5 1124.052023
demand_246 15 6 1267.985453
demand_247 15 7 1345.091905
demand_248 15 8 735.006274
demand_249 15 9 1369.437262
demand_250 15 10 1044.106687
demand_251 15 11 167.117773
demand_252 15 12 1256.488855
demand_253 15 13 918.669704
demand_254 15 14 284.328707
demand_255 15 16 1239.240191
demand_256 16 0 223.963869
demand_257 16 1 1408.199459
demand_258 16 2 1312.270039
demand_259 16 3 989.833986
demand_260 16 4 1294.289604
demand_261 16 5 905.541609
demand_262 16 6 1004.344107
demand_263 16 7 1262.757646
demand_264 16 8 357.140673
demand_265 16 9 1334.808967
demand_266 16 10 1143.293617
demand_267 16 11 462.563610
demand_268 16 12 182.857904
demand_269 16 13 1027.176616
demand_270 16 14 216.113858
demand_271 16 15 607.874916
