DEMANDS 272
label src dest bw
demand_0 0 1 412.541981
demand_1 0 2 341.942280
demand_2 0 3 1122.358517
demand_3 0 4 438.903948
demand_4 0 5 1005.013986
demand_5 0 6 907.954931
demand_6 0 7 690.704796
demand_7 0 8 1253.860773
demand_8 0 9 775.112045
demand_9 0 10 468.625339
demand_10 0 11 1236.222317
demand_11 0 12 1181.006418
demand_12 0 13 1145.498527
demand_13 0 14 1206.731921
demand_14 0 15 218.243227
demand_15 0 16 541.855774
demand_16 1 0 375.483876
demand_17 1 2 659.950452
demand_18 1 3 1297.056291
demand_19 1 4 516.824686
demand_20 1 5 1025.155741
demand_21 1 6 1254.954620
demand_22 1 7 502.277552
demand_23 1 8 816.009603
demand_24 1 9 894.005171
demand_25 1 10 353.134640
demand_26 1 11 1101.168027
demand_27 1 12 924.473856
demand_28 1 13 208.321304
demand_29 1 14 592.616759
demand_30 1 15 1013.608122
demand_31 1 16 407.930830
demand_32 2 0 323.525726
demand_33 2 1 711.553441
demand_34 2 3 529.661594
demand_35 2 4 1437.001262
demand_36 2 5 1308.500562
demand_37 2 6 1134.492409
demand_38 2 7 417.327809
demand_39 2 8 875.929573
demand_40 2 9 1093.640940
demand_41 2 10 1374.118025
demand_42 2 11 780.496184
demand_43 2 12 1220.885765
demand_44 2 13 540.607727
demand_45 2 14 466.141663
demand_46 2 15 762.625789
demand_47 2 16 1136.923603
demand_48 3 0 1165.090648
demand_49 3 1 981.636029
demand_50 3 2 532.450151
demand_51 3 4 1243.513149
demand_52 3 5 234.784688
demand_53 3 6 569.560173
demand_54 3 7 997.277319
demand_55 3 8 425.413828
demand_56 3 9 506.383301
demand_57 3 10 966.497758
demand_58 3 11 1426.935346
demand_59 3 12 287.851631
demand_60 3 13 341.705483
demand_61 3 14 1249.501893
demand_62 3 15 231.075673
demand_63 3 16 940.876610
demand_64 4 0 581.216220
demand_65 4 1 675.996085
demand_66 4 2 1212.077750
demand_67 4 3 1190.823266
demand_68 4 5 798.177716
demand_69 4 6 1434.860422
demand_70 4 7 426.180470
demand_71 4 8 1306.672341
demand_72 4 9 397.192003
demand_73 4 10 411.211545
demand_74 4 11 512.852604
demand_75 4 12 1142.356822
demand_76 4 13 543.680998
demand_77 4 14 497.194529
demand_78 4 15 697.310814
demand_79 4 16 315.295820
demand_80 5 0 705.996785
demand_81 5 1 316.723250
demand_82 5 2 235.716119
demand_83 5 3 832.022190
demand_84 5 4 617.293772
demand_85 5 6 1011.289530
demand_86 5 7 660.202744
demand_87 5 8 336.809860
demand_88 5 9 636.675853
demand_89 5 10 1096.331419
demand_90 5 11 789.518695
demand_91 5 12 1273.629899
demand_92 5 13 543.498694
demand_93 5 14 973.832203
demand_94 5 15 901.851473
demand_95 5 16 1425.742697
demand_96 6 0 310.210517
demand_97 6 1 193.425733
demand_98 6 2 301.767614
demand_99 6 3 1317.512268
demand_100 6 4 226.600230
demand_101 6 5 286.947850
demand_102 6 7 266.003125
demand_103 6 8 898.739433
demand_104 6 9 1064.769959
demand_105 6 10 1170.922944
demand_106 6 11 994.447930
demand_107 6 12 267.599562
demand_108 6 13 1024.259274
demand_109 6 14 1389.119249
demand_110 6 15 946.206929
demand_111 6 16 778.243511
demand_112 7 0 1196.144451
demand_113 7 1 592.793074
demand_114 7 2 993.161337
demand_115 7 3 1300.768348
demand_116 7 4 518.547130
demand_117 7 5 1315.030995
demand_118 7 6 950.944795
demand_119 7 8 214.380110
demand_120 7 9 201.517658
demand_121 7 10 1140.968202
demand_122 7 11 809.762097
demand_123 7 12 963.249963
demand_124 7 13 1283.894127
demand_125 7 14 236.452691
demand_126 7 15 640.013830
demand_127 7 16 144.556660
demand_128 8 0 1339.291580
demand_129 8 1 1045.213103
demand_130 8 2 957.467678
demand_131 8 3 1202.804085
demand_132 8 4 491.297810
demand_133 8 5 619.736447
demand_134 8 6 604.379689
demand_135 8 7 1241.091225
demand_136 8 9 217.739478
demand_137 8 10 1384.555726
demand_138 8 11 812.211882
demand_139 8 12 346.108348
demand_140 8 13 1056.670918
demand_141 8 14 369.506302
demand_142 8 15 1135.198420
demand_143 8 16 1272.101172
demand_144 9 0 1085.629691
demand_145 9 1 361.593709
demand_146 9 2 1157.922503
demand_147 9 3 430.833845
demand_148 9 4 437.479674
demand_149 9 5 934.847547
demand_150 9 6 810.937812
demand_151 9 7 687.920923
demand_152 9 8 820.399014
demand_153 9 10 1368.388811
demand_154 9 11 1321.634909
demand_155 9 12 514.844442
demand_156 9 13 1257.319979
demand_157 9 14 678.811602
demand_158 9 15 1384.238802
demand_159 9 16 787.320868
demand_160 10 0 795.889968
demand_161 10 1 856.929369
demand_162 10 2 1105.361261
demand_163 10 3 966.838586
demand_164 10 4 414.632271
demand_165 10 5 529.014539
demand_166 10 6 1192.551297
demand_167 10 7 554.191592
demand_168 10 8 955.432874
demand_169 10 9 1010.922724
demand_170 10 11 836.173829
demand_171 10 12 686.016953
demand_172 10 13 217.796325
demand_173 10 14 466.746555
demand_174 10 15 1325.644254
demand_175 10 16 390.710129
demand_176 11 0 236.399484
demand_177 11 1 1275.358052
demand_178 11 2 396.836503
demand_179 11 3 901.752376
demand_180 11 4 651.994233
demand_181 11 5 1019.273697
demand_182 11 6 1314.960869
demand_183 11 7 1280.089568
demand_184 11 8 774.884548
demand_185 11 9 437.983046
demand_186 11 10 604.775545
demand_187 11 12 1416.465777
demand_188 11 13 781.850949
demand_189 11 14 1185.534908
demand_190 11 15 277.015504
demand_191 11 16 560.601823
demand_192 12 0 319.049376
demand_193 12 1 1294.402766
demand_194 12 2 551.983072
demand_195 12 3 1430.500028
demand_196 12 4 598.587003
demand_197 12 5 593.258026
demand_198 12 6 1030.251272
demand_199 12 7 1339.234146
demand_200 12 8 181.282871
demand_201 12 9 183.855765
demand_202 12 10 255.368644
demand_203 12 11 1264.293883
demand_204 12 13 207.830444
demand_205 12 14 368.623276
demand_206 12 15 211.088539
demand_207 12 16 551.002999
demand_208 13 0 533.869800
demand_209 13 1 542.499355
demand_210 13 2 705.627011
demand_211 13 3 1408.698347
demand_212 13 4 494.148559
demand_213 13 5 1137.155330
demand_214 13 6 569.636612
demand_215 13 7 810.503152
demand_216 13 8 554.283584
demand_217 13 9 146.024101
demand_218 13 10 1216.791223
demand_219 13 11 1067.842199
demand_220 13 12 979.189056
demand_221 13 14 1100.521450
demand_222 13 15 562.002707
demand_223 13 16 560.502808
demand_224 14 0 1014.864778
demand_225 14 1 1258.000131
demand_226 14 2 542.504343
demand_227 14 3 491.547369
demand_228 14 4 677.284384
demand_229 14 5 1403.845226
demand_230 14 6 714.907654
demand_231 14 7 925.032249
demand_232 14 8 1145.696381
demand_233 14 9 1190.690662
demand_234 14 10 664.063551
demand_235 14 11 581.209338
demand_236 14 12 798.196013
demand_237 14 13 961.076560
demand_238 14 15 1154.410757
demand_239 14 16 978.021008
demand_240 15 0 541.996710
demand_241 15 1 1313.996718
demand_242 15 2 1031.047154
demand_243 15 3 581.560029
demand_244 15 4 189.185061
demand_245 15 5 1062.397432
demand_246 15 6 781.695676
demand_247 15 7 717.730070
demand_248 15 8 1123.885834
demand_249 15 9 412.571386
demand_250 15 10 1436.469657
demand_251 15 11 251.536261
demand_252 15 12 1010.202041
demand_253 15 13 512.226943
demand_254 15 14 977.554925
demand_255 15 16 989.815762
demand_256 16 0 861.973961
demand_257 16 1 1286.091429
demand_258 16 2 480.351060
demand_259 16 3 521.687256
demand_260 16 4 931.975407
demand_261 16 5 185.095319
demand_262 16 6 908.219860
demand_263 16 7 815.613523
demand_264 16 8 780.399746
demand_265 16 9 1330.364306
demand_266 16 10 287.247761
demand_267 16 11 241.835435
demand_268 16 12 227.035602
demand_269 16 13 942.815894
demand_270 16 14 1202.949910
demand_271 16 15 618.798147
