DEMANDS 272
label src dest bw
demand_0 0 1 598.383924
demand_1 0 2 1382.518396
demand_2 0 3 1356.982542
demand_3 0 4 1255.891116
demand_4 0 5 225.869120
demand_5 0 6 475.732625
demand_6 0 7 821.170023
demand_7 0 8 265.662732
demand_8 0 9 1186.628875
demand_9 0 10 675.522195
demand_10 0 11 733.226203
demand_11 0 12 1164.341064
demand_12 0 13 896.608317
demand_13 0 14 471.970684
demand_14 0 15 868.683823
demand_15 0 16 338.514922
demand_16 1 0 741.479613
demand_17 1 2 763.292779
demand_18 1 3 1097.048624
demand_19 1 4 1410.470566
demand_20 1 5 974.357013
demand_21 1 6 700.619445
demand_22 1 7 1330.665780
demand_23 1 8 578.242889
demand_24 1 9 1448.179228
demand_25 1 10 1087.303487
demand_26 1 11 1368.167316
demand_27 1 12 1456.186774
demand_28 1 13 1109.254002
demand_29 1 14 585.351632
demand_30 1 15 502.191738
demand_31 1 16 282.911534
demand_32 2 0 392.579200
demand_33 2 1 411.158289
demand_34 2 3 914.337567
demand_35 2 4 487.009093
demand_36 2 5 584.462587
demand_37 2 6 254.553325
demand_38 2 7 1093.657466
demand_39 2 8 530.366125
demand_40 2 9 832.545181
demand_41 2 10 432.647933
demand_42 2 11 637.823804
demand_43 2 12 601.064737
demand_44 2 13 355.188160
demand_45 2 14 1252.369575
demand_46 2 15 513.647579
demand_47 2 16 733.093666
demand_48 3 0 1466.373161
demand_49 3 1 1444.362948
demand_50 3 2 595.987979
demand_51 3 4 1071.638456
demand_52 3 5 1127.576277
demand_53 3 6 176.269640
demand_54 3 7 551.386454
demand_55 3 8 1277.944314
demand_56 3 9 1147.438428
demand_57 3 10 156.314316
demand_58 3 11 1116.404469
demand_59 3 12 262.344185
demand_60 3 13 379.178818
demand_61 3 14 1115.110648
demand_62 3 15 723.149904
demand_63 3 16 163.773377
demand_64 4 0 483.409477
demand_65 4 1 730.013646
demand_66 4 2 327.951536
demand_67 4 3 501.912811
demand_68 4 5 535.471981
demand_69 4 6 776.979624
demand_70 4 7 1120.677433
demand_71 4 8 1408.027007
demand_72 4 9 427.039016
demand_73 4 10 1466.184789
demand_74 4 11 1022.923208
demand_75 4 12 876.445754
demand_76 4 13 682.334685
demand_77 4 14 201.179154
demand_78 4 15 1005.595329
demand_79 4 16 288.182970
demand_80 5 0 1396.550465
demand_81 5 1 898.724321
demand_82 5 2 1397.445593
demand_83 5 3 257.080596
demand_84 5 4 1262.876518
demand_85 5 6 471.547214
demand_86 5 7 533.362062
demand_87 5 8 251.854324
demand_88 5 9 494.305559
demand_89 5 10 353.244356
demand_90 5 11 442.931059
demand_91 5 12 316.624188
demand_92 5 13 432.569391
demand_93 5 14 1024.932893
demand_94 5 15 909.990894
demand_95 5 16 944.805569
demand_96 6 0 1158.383624
demand_97 6 1 208.517871
demand_98 6 2 745.838266
demand_99 6 3 1371.373780
demand_100 6 4 857.359778
demand_101 6 5 777.494721
demand_102 6 7 1074.573089
demand_103 6 8 921.063964
demand_104 6 9 868.163797
demand_105 6 10 743.827872
demand_106 6 11 691.580688
demand_107 6 12 1422.833794
demand_108 6 13 1241.329674
demand_109 6 14 320.796934
demand_110 6 15 522.327787
demand_111 6 16 227.716852
demand_112 7 0 1305.967611
demand_113 7 1 1053.870225
demand_114 7 2 761.730557
demand_115 7 3 1128.490994
demand_116 7 4 454.865370
demand_117 7 5 289.592019
demand_118 7 6 388.037160
demand_119 7 8 1250.130919
demand_120 7 9 380.186238
demand_121 7 10 861.606212
demand_122 7 11 243.083757
demand_123 7 12 465.137255
demand_124 7 13 620.834248
demand_125 7 14 406.883132
demand_126 7 15 677.393707
demand_127 7 16 419.896610
demand_128 8 0 184.841147
demand_129 8 1 1027.425541
demand_130 8 2 858.904791
demand_131 8 3 936.234354
demand_132 8 4 226.645427
demand_133 8 5 1011.122782
demand_134 8 6 538.093524
demand_135 8 7 453.183294
demand_136 8 9 189.336795
demand_137 8 10 306.320511
demand_138 8 11 1102.241734
demand_139 8 12 327.576065
demand_140 8 13 843.783716
demand_141 8 14 897.150264
demand_142 8 15 1312.283212
demand_143 8 16 840.107918
demand_144 9 0 696.122864
demand_145 9 1 614.959933
demand_146 9 2 661.017484
demand_147 9 3 1390.298312
demand_148 9 4 1448.315291
demand_149 9 5 1297.664846
demand_150 9 6 1117.205320
demand_151 9 7 400.259882
demand_152 9 8 1257.940388
demand_153 9 10 875.885042
demand_154 9 11 1420.955101
demand_155 9 12 838.476335
demand_156 9 13 714.878657
demand_157 9 14 881.099274
demand_158 9 15 624.152725
demand_159 9 16 643.287383
demand_160 10 0 826.320468
demand_161 10 1 275.308461
demand_162 10 2 1071.941356
demand_163 10 3 190.904729
demand_164 10 4 1010.164756
demand_165 10 5 165.341241
demand_166 10 6 672.440030
demand_167 10 7 520.059011
demand_168 10 8 972.012327
demand_169 10 9 192.078841
demand_170 10 11 1465.384982
demand_171 10 12 1028.749125
demand_172 10 13 1379.725620
demand_173 10 14 219.833179
demand_174 10 15 876.885533
demand_175 10 16 419.387499
demand_176 11 0 1404.089957
demand_177 11 1 688.731407
demand_178 11 2 404.269448
demand_179 11 3 558.108168
demand_180 11 4 1448.434595
demand_181 11 5 355.299364
demand_182 11 6 866.355118
demand_183 11 7 788.652402
demand_184 11 8 1287.378685
demand_185 11 9 1077.403154
demand_186 11 10 1347.514876
demand_187 11 12 464.928829
demand_188 11 13 339.227461
demand_189 11 14 176.044383
demand_190 11 15 1008.047975
demand_191 11 16 553.299337
demand_192 12 0 1274.837392
demand_193 12 1 511.350531
demand_194 12 2 1006.865457
demand_195 12 3 896.081654
demand_196 12 4 219.472247
demand_197 12 5 1240.920315
demand_198 12 6 1150.705836
demand_199 12 7 1087.152063
demand_200 12 8 899.142529
demand_201 12 9 336.591448
demand_202 12 10 889.594869
demand_203 12 11 1383.283216
demand_204 12 13 602.932744
demand_205 12 14 335.705334
demand_206 12 15 400.111014
demand_207 12 16 530.712136
demand_208 13 0 1268.889978
demand_209 13 1 559.301397
demand_210 13 2 927.790099
demand_211 13 3 684.709565
demand_212 13 4 1321.484102
demand_213 13 5 1119.921658
demand_214 13 6 1227.970547
demand_215 13 7 1025.980819
demand_216 13 8 815.619971
demand_217 13 9 579.602357
demand_218 13 10 1046.360413
demand_219 13 11 1394.771939
demand_220 13 12 240.435580
demand_221 13 14 222.410732
demand_222 13 15 1235.128261
demand_223 13 16 1174.095272
demand_224 14 0 640.920801
demand_225 14 1 251.374256
demand_226 14 2 1300.143071
demand_227 14 3 832.242092
demand_228 14 4 792.353614
demand_229 14 5 1438.566083
demand_230 14 6 1066.768538
demand_231 14 7 255.124882
demand_232 14 8 542.967572
demand_233 14 9 868.176623
demand_234 14 10 1053.630831
demand_235 14 11 815.025520
demand_236 14 12 786.191382
demand_237 14 13 410.578244
demand_238 14 15 166.394927
demand_239 14 16 835.718448
demand_240 15 0 690.872017
demand_241 15 1 223.222081
demand_242 15 2 838.436965
demand_243 15 3 975.513978
demand_244 15 4 373.055404
demand_245 15 5 349.442626
demand_246 15 6 1115.959173
demand_247 15 7 771.985464
demand_248 15 8 990.983625
demand_249 15 9 1339.932744
demand_250 15 10 855.269769
demand_251 15 11 1239.587589
demand_252 15 12 949.699745
demand_253 15 13 266.314605
demand_254 15 14 495.932371
demand_255 15 16 270.249175
demand_256 16 0 616.630565
demand_257 16 1 472.128864
demand_258 16 2 532.482406
demand_259 16 3 821.420229
demand_260 16 4 265.423622
demand_261 16 5 1463.275624
demand_262 16 6 329.449034
demand_263 16 7 766.577378
demand_264 16 8 1401.268182
demand_265 16 9 1362.865032
demand_266 16 10 189.615736
demand_267 16 11 1313.122588
demand_268 16 12 183.678243
demand_269 16 13 968.920019
demand_270 16 14 1300.393756
demand_271 16 15 668.393852
