DEMANDS 272
label src dest bw
demand_0 0 1 570.490033
demand_1 0 2 528.337230
demand_2 0 3 264.997367
demand_3 0 4 575.750383
demand_4 0 5 1084.039753
demand_5 0 6 989.600036
demand_6 0 7 798.396995
demand_7 0 8 1371.931773
demand_8 0 9 957.245856
demand_9 0 10 1430.202424
demand_10 0 11 242.686956
demand_11 0 12 588.102614
demand_12 0 13 541.863945
demand_13 0 14 1064.573575
demand_14 0 15 1333.029319
demand_15 0 16 248.889771
demand_16 1 0 225.463291
demand_17 1 2 898.615356
demand_18 1 3 1011.421857
demand_19 1 4 156.128191
demand_20 1 5 690.913151
demand_21 1 6 656.518794
demand_22 1 7 238.905759
demand_23 1 8 1142.465783
demand_24 1 9 389.463871
demand_25 1 10 750.642667
demand_26 1 11 988.803901
demand_27 1 12 154.597258
demand_28 1 13 232.127964
demand_29 1 14 1112.176508
demand_30 1 15 348.129915
demand_31 1 16 837.222036
demand_32 2 0 1020.596406
demand_33 2 1 817.457565
demand_34 2 3 817.256690
demand_35 2 4 747.731181
demand_36 2 5 461.128085
demand_37 2 6 1325.540542
demand_38 2 7 283.585337
demand_39 2 8 768.466532
demand_40 2 9 1114.482897
demand_41 2 10 643.038746
demand_42 2 11 1118.671188
demand_43 2 12 1128.643403
demand_44 2 13 517.211818
demand_45 2 14 1016.908757
demand_46 2 15 371.595515
demand_47 2 16 1014.999688
demand_48 3 0 528.367973
demand_49 3 1 805.032667
demand_50 3 2 472.951658
demand_51 3 4 832.831112
demand_52 3 5 327.100103
demand_53 3 6 942.232205
demand_54 3 7 753.734960
demand_55 3 8 1376.554751
demand_56 3 9 607.944695
demand_57 3 10 1415.523842
demand_58 3 11 1199.237080
demand_59 3 12 1277.977440
demand_60 3 13 565.397387
demand_61 3 14 1256.060945
demand_62 3 15 1017.834071
demand_63 3 16 256.664314
demand_64 4 0 1233.237129
demand_65 4 1 1326.246220
demand_66 4 2 780.548874
demand_67 4 3 844.819354
demand_68 4 5 960.550241
demand_69 4 6 443.886462
demand_70 4 7 380.819760
demand_71 4 8 752.522505
demand_72 4 9 1220.732557
demand_73 4 10 655.273097
demand_74 4 11 1196.162835
demand_75 4 12 718.521028
demand_76 4 13 843.065410
demand_77 4 14 949.054863
demand_78 4 15 422.286455
demand_79 4 16 1390.381954
demand_80 5 0 1151.558157
demand_81 5 1 840.460083
demand_82 5 2 194.219290
demand_83 5 3 331.959000
demand_84 5 4 604.529938
demand_85 5 6 1353.962918
demand_86 5 7 540.523899
demand_87 5 8 581.982840
demand_88 5 9 561.899848
demand_89 5 10 576.490894
demand_90 5 11 1101.137033
demand_91 5 12 1295.238894
demand_92 5 13 409.542029
demand_93 5 14 1285.420095
demand_94 5 15 1432.999985
demand_95 5 16 1435.690255
demand_96 6 0 197.334689
demand_97 6 1 252.378975
demand_98 6 2 524.672910
demand_99 6 3 1235.248257
demand_100 6 4 1220.794109
demand_101 6 5 1398.121947
demand_102 6 7 442.205967
demand_103 6 8 1154.889842
demand_104 6 9 732.129796
demand_105 6 10 625.167008
demand_106 6 11 841.739279
demand_107 6 12 152.667706
demand_108 6 13 432.185939
demand_109 6 14 1254.208374
demand_110 6 15 821.798298
demand_111 6 16 419.416057
demand_112 7 0 370.736594
demand_113 7 1 738.259147
demand_114 7 2 893.317955
demand_115 7 3 1157.864216
demand_116 7 4 361.755097
demand_117 7 5 1421.629085
demand_118 7 6 789.777318
demand_119 7 8 216.861808
demand_120 7 9 807.881974
demand_121 7 10 988.915260
demand_122 7 11 726.155392
demand_123 7 12 514.548244
demand_124 7 13 1252.939129
demand_125 7 14 1397.460138
demand_126 7 15 1086.119433
demand_127 7 16 1415.582124
demand_128 8 0 444.394531
demand_129 8 1 1257.140920
demand_130 8 2 975.655254
demand_131 8 3 1155.227661
demand_132 8 4 388.526803
demand_133 8 5 1224.225131
demand_134 8 6 697.817487
demand_135 8 7 1245.092075
demand_136 8 9 1194.113147
demand_137 8 10 255.149461
demand_138 8 11 1409.165872
demand_139 8 12 1118.541009
demand_140 8 13 833.570491
demand_141 8 14 415.875166
demand_142 8 15 1064.750769
demand_143 8 16 1287.736222
demand_144 9 0 275.987659
demand_145 9 1 1314.090517
demand_146 9 2 1185.074951
demand_147 9 3 530.994401
demand_148 9 4 1152.342342
demand_149 9 5 222.206429
demand_150 9 6 206.398170
demand_151 9 7 419.914997
demand_152 9 8 1189.004961
demand_153 9 10 376.498971
demand_154 9 11 1287.762742
demand_155 9 12 368.137684
demand_156 9 13 924.473432
demand_157 9 14 1090.667634
demand_158 9 15 524.248250
demand_159 9 16 1286.991047
demand_160 10 0 790.549128
demand_161 10 1 284.118010
demand_162 10 2 1092.350201
demand_163 10 3 1256.954555
demand_164 10 4 416.021750
demand_165 10 5 1373.236427
demand_166 10 6 1345.401677
demand_167 10 7 570.077972
demand_168 10 8 332.776260
demand_169 10 9 1116.709833
demand_170 10 11 391.189034
demand_171 10 12 1101.089573
demand_172 10 13 337.400500
demand_173 10 14 1422.238651
demand_174 10 15 672.338432
demand_175 10 16 304.934630
demand_176 11 0 1216.723754
demand_177 11 1 1220.365152
demand_178 11 2 1199.804899
demand_179 11 3 545.463734
demand_180 11 4 280.691502
demand_181 11 5 1149.356949
demand_182 11 6 164.662829
demand_183 11 7 1295.771848
demand_184 11 8 872.302273
demand_185 11 9 993.250674
demand_186 11 10 355.239914
demand_187 11 12 1031.719354
demand_188 11 13 882.840744
demand_189 11 14 274.975919
demand_190 11 15 1358.207421
demand_191 11 16 1002.674960
demand_192 12 0 927.867484
demand_193 12 1 833.214513
demand_194 12 2 953.225852
demand_195 12 3 1152.589564
demand_196 12 4 495.357678
demand_197 12 5 308.593062
demand_198 12 6 233.747429
demand_199 12 7 451.340692
demand_200 12 8 734.442933
demand_201 12 9 592.024112
demand_202 12 10 630.626319
demand_203 12 11 1347.144755
demand_204 12 13 1119.671277
demand_205 12 14 277.023405
demand_206 12 15 492.524102
demand_207 12 16 985.465962
demand_208 13 0 1109.442782
demand_209 13 1 1309.767948
demand_210 13 2 701.614799
demand_211 13 3 1009.767992
demand_212 13 4 428.791995
demand_213 13 5 1055.963989
demand_214 13 6 1094.881117
demand_215 13 7 1426.149456
demand_216 13 8 314.169858
demand_217 13 9 999.311620
demand_218 13 10 1094.580455
demand_219 13 11 600.012991
demand_220 13 12 714.466925
demand_221 13 14 151.301281
demand_222 13 15 796.518294
demand_223 13 16 789.133310
demand_224 14 0 560.086042
demand_225 14 1 1102.908317
demand_226 14 2 859.758170
demand_227 14 3 1189.122263
demand_228 14 4 154.398376
demand_229 14 5 356.972840
demand_230 14 6 568.772087
demand_231 14 7 1038.789890
demand_232 14 8 1078.013735
demand_233 14 9 732.606719
demand_234 14 10 1065.725472
demand_235 14 11 743.210368
demand_236 14 12 852.198862
demand_237 14 13 544.166421
demand_238 14 15 381.068721
demand_239 14 16 1404.525990
demand_240 15 0 381.609308
demand_241 15 1 807.177129
demand_242 15 2 522.034914
demand_243 15 3 961.482500
demand_244 15 4 496.330807
demand_245 15 5 369.972017
demand_246 15 6 272.455021
demand_247 15 7 222.658603
demand_248 15 8 464.333229
demand_249 15 9 726.060850
demand_250 15 10 183.028730
demand_251 15 11 1167.860061
demand_252 15 12 818.519697
demand_253 15 13 1112.363031
demand_254 15 14 1171.618417
demand_255 15 16 1144.290513
demand_256 16 0 544.753263
demand_257 16 1 790.515271
demand_258 16 2 504.069484
demand_259 16 3 1343.666316
demand_260 16 4 1036.795484
demand_261 16 5 468.119846
demand_262 16 6 673.366369
demand_263 16 7 914.402073
demand_264 16 8 995.622745
demand_265 16 9 147.845238
demand_266 16 10 445.040511
demand_267 16 11 535.752045
demand_268 16 12 919.178066
demand_269 16 13 417.750454
demand_270 16 14 892.769661
demand_271 16 15 984.399671
