DEMANDS 272
label src dest bw
demand_0 0 1 1525.402031
demand_1 0 2 787.516344
demand_2 0 3 558.183066
demand_3 0 4 1244.655518
demand_4 0 5 578.443700
demand_5 0 6 1534.005900
demand_6 0 7 1467.447063
demand_7 0 8 445.462342
demand_8 0 9 643.615565
demand_9 0 10 456.361001
demand_10 0 11 578.325875
demand_11 0 12 641.509347
demand_12 0 13 1440.377034
demand_13 0 14 348.081973
demand_14 0 15 431.551911
demand_15 0 16 383.583967
demand_16 1 0 314.952348
demand_17 1 2 742.372071
demand_18 1 3 581.897876
demand_19 1 4 349.447581
demand_20 1 5 1236.443467
demand_21 1 6 1006.709737
demand_22 1 7 1026.910677
demand_23 1 8 1097.334585
demand_24 1 9 1201.823635
demand_25 1 10 729.043224
demand_26 1 11 403.229803
demand_27 1 12 400.061445
demand_28 1 13 621.728201
demand_29 1 14 1055.889892
demand_30 1 15 1484.084451
demand_31 1 16 535.012673
demand_32 2 0 276.717810
demand_33 2 1 1562.246395
demand_34 2 3 166.495227
demand_35 2 4 1477.875547
demand_36 2 5 668.782185
demand_37 2 6 1315.052850
demand_38 2 7 335.759341
demand_39 2 8 744.186306
demand_40 2 9 1378.691572
demand_41 2 10 419.466530
demand_42 2 11 1094.011715
demand_43 2 12 858.091799
demand_44 2 13 393.135340
demand_45 2 14 1451.309731
demand_46 2 15 528.438677
demand_47 2 16 1225.421687
demand_48 3 0 1401.032749
demand_49 3 1 512.843346
demand_50 3 2 1364.412677
demand_51 3 4 281.793896
demand_52 3 5 776.119103
demand_53 3 6 1443.648347
demand_54 3 7 1566.001097
demand_55 3 8 1495.599204
demand_56 3 9 897.575200
demand_57 3 10 1045.330028
demand_58 3 11 534.416807
demand_59 3 12 612.694318
demand_60 3 13 866.962647
demand_61 3 14 290.345922
demand_62 3 15 227.571876
demand_63 3 16 658.766193
demand_64 4 0 432.197101
demand_65 4 1 281.980435
demand_66 4 2 1432.747751
demand_67 4 3 847.600175
demand_68 4 5 1299.809175
demand_69 4 6 299.005350
demand_70 4 7 783.850641
demand_71 4 8 691.999568
demand_72 4 9 1039.776718
demand_73 4 10 477.541351
demand_74 4 11 315.151859
demand_75 4 12 633.275834
demand_76 4 13 915.577021
demand_77 4 14 459.735774
demand_78 4 15 1353.823243
demand_79 4 16 1005.772211
demand_80 5 0 1432.899453
demand_81 5 1 195.281620
demand_82 5 2 419.986632
demand_83 5 3 1219.907198
demand_84 5 4 350.939848
demand_85 5 6 870.547854
demand_86 5 7 1444.514356
demand_87 5 8 780.082325
demand_88 5 9 502.358403
demand_89 5 10 496.360960
demand_90 5 11 610.733804
demand_91 5 12 1154.311094
demand_92 5 13 903.311729
demand_93 5 14 189.566821
demand_94 5 15 1213.885743
demand_95 5 16 430.894503
demand_96 6 0 1444.493321
demand_97 6 1 1121.575699
demand_98 6 2 692.721972
demand_99 6 3 479.336592
demand_100 6 4 1549.726535
demand_101 6 5 1044.035632
demand_102 6 7 598.685552
demand_103 6 8 606.261762
demand_104 6 9 1193.430133
demand_105 6 10 1486.907524
demand_106 6 11 1131.326003
demand_107 6 12 193.801957
demand_108 6 13 1384.203387
demand_109 6 14 536.520740
demand_110 6 15 743.051552
demand_111 6 16 867.621969
demand_112 7 0 1565.159349
demand_113 7 1 763.147633
demand_114 7 2 992.875620
demand_115 7 3 611.050336
demand_116 7 4 230.909105
demand_117 7 5 671.857585
demand_118 7 6 159.499047
demand_119 7 8 913.766329
demand_120 7 9 1139.782975
demand_121 7 10 1132.805607
demand_122 7 11 573.499448
demand_123 7 12 1037.020036
demand_124 7 13 549.880521
demand_125 7 14 548.714043
demand_126 7 15 410.184372
demand_127 7 16 1087.442450
demand_128 8 0 1102.486644
demand_129 8 1 1146.578097
demand_130 8 2 607.270965
demand_131 8 3 779.888147
demand_132 8 4 1565.545886
demand_133 8 5 1191.277554
demand_134 8 6 1477.611789
demand_135 8 7 690.768170
demand_136 8 9 654.912505
demand_137 8 10 288.030915
demand_138 8 11 770.655940
demand_139 8 12 1344.812924
demand_140 8 13 329.422850
demand_141 8 14 1456.482749
demand_142 8 15 1268.508576
demand_143 8 16 1527.524640
demand_144 9 0 1546.050310
demand_145 9 1 612.471177
demand_146 9 2 501.399764
demand_147 9 3 1336.724472
demand_148 9 4 231.392574
demand_149 9 5 673.137587
demand_150 9 6 1350.403288
demand_151 9 7 893.995413
demand_152 9 8 1469.996403
demand_153 9 10 1522.165787
demand_154 9 11 1370.094008
demand_155 9 12 354.414387
demand_156 9 13 431.931362
demand_157 9 14 1015.964699
demand_158 9 15 436.796696
demand_159 9 16 354.752735
demand_160 10 0 722.647539
demand_161 10 1 1498.625679
demand_162 10 2 676.715037
demand_163 10 3 1159.296614
demand_164 10 4 980.327070
demand_165 10 5 599.511366
demand_166 10 6 610.082422
demand_167 10 7 1202.532689
demand_168 10 8 592.684152
demand_169 10 9 527.505630
demand_170 10 11 1012.070178
demand_171 10 12 640.386993
demand_172 10 13 654.474854
demand_173 10 14 1009.580315
demand_174 10 15 1048.432791
demand_175 10 16 392.702674
demand_176 11 0 741.645981
demand_177 11 1 946.339687
demand_178 11 2 1153.493177
demand_179 11 3 800.379753
demand_180 11 4 688.721954
demand_181 11 5 350.812547
demand_182 11 6 1493.954673
demand_183 11 7 416.352118
demand_184 11 8 1077.433953
demand_185 11 9 1087.382419
demand_186 11 10 289.655083
demand_187 11 12 1060.261356
demand_188 11 13 783.921525
demand_189 11 14 492.849048
demand_190 11 15 1230.460348
demand_191 11 16 796.200247
demand_192 12 0 1357.983640
demand_193 12 1 820.210491
demand_194 12 2 330.812590
demand_195 12 3 683.597984
demand_196 12 4 244.249291
demand_197 12 5 183.788632
demand_198 12 6 1227.325368
demand_199 12 7 1533.428301
demand_200 12 8 541.168431
demand_201 12 9 273.887013
demand_202 12 10 945.625831
demand_203 12 11 1100.827354
demand_204 12 13 1230.240671
demand_205 12 14 1310.039666
demand_206 12 15 1168.777002
demand_207 12 16 575.036198
demand_208 13 0 1325.101126
demand_209 13 1 1252.382129
demand_210 13 2 480.715980
demand_211 13 3 959.424382
demand_212 13 4 712.123224
demand_213 13 5 1114.132222
demand_214 13 6 263.399395
demand_215 13 7 528.970208
demand_216 13 8 778.865422
demand_217 13 9 1343.669577
demand_218 13 10 706.073487
demand_219 13 11 383.044572
demand_220 13 12 1487.811380
demand_221 13 14 674.982804
demand_222 13 15 1302.067665
demand_223 13 16 1196.156494
demand_224 14 0 205.885350
demand_225 14 1 876.531145
demand_226 14 2 812.946175
demand_227 14 3 383.539328
demand_228 14 4 552.004506
demand_229 14 5 1308.137476
demand_230 14 6 1456.287812
demand_231 14 7 525.131805
demand_232 14 8 777.976298
demand_233 14 9 1561.834694
demand_234 14 10 451.206653
demand_235 14 11 1059.403467
demand_236 14 12 820.888939
demand_237 14 13 1333.869237
demand_238 14 15 1426.221487
demand_239 14 16 1531.149886
demand_240 15 0 916.974624
demand_241 15 1 1522.391315
demand_242 15 2 1108.859036
demand_243 15 3 956.978487
demand_244 15 4 384.043502
demand_245 15 5 1140.930136
demand_246 15 6 635.927819
demand_247 15 7 331.728453
demand_248 15 8 1422.735813
demand_249 15 9 240.895014
demand_250 15 10 417.842176
demand_251 15 11 1384.267781
demand_252 15 12 1293.839598
demand_253 15 13 1221.788245
demand_254 15 14 1380.645281
demand_255 15 16 1122.998085
demand_256 16 0 1435.146874
demand_257 16 1 1035.947227
demand_258 16 2 878.404612
demand_259 16 3 855.562637
demand_260 16 4 1521.326273
demand_261 16 5 293.860525
demand_262 16 6 969.611973
demand_263 16 7 726.848163
demand_264 16 8 1551.480668
demand_265 16 9 1165.976393
demand_266 16 10 1529.849547
demand_267 16 11 1309.842048
demand_268 16 12 166.553322
demand_269 16 13 694.057429
demand_270 16 14 748.592262
demand_271 16 15 1509.743209
