DEMANDS 20
label src dest bw
demand_0 0 10 3762.813357
demand_1 0 14 2917.567498
demand_2 0 18 4887.525807
demand_3 0 23 3860.952541
demand_4 10 0 2651.792324
demand_5 10 14 2932.789175
demand_6 10 18 4810.750871
demand_7 10 23 3048.546873
demand_8 14 0 4185.098160
demand_9 14 10 3556.172021
demand_10 14 18 4579.189468
demand_11 14 23 4243.184755
demand_12 18 0 4210.525471
demand_13 18 10 4520.239336
demand_14 18 14 3980.460886
demand_15 18 23 3087.991291
demand_16 23 0 4097.347573
demand_17 23 10 2787.413696
demand_18 23 14 4722.170058
demand_19 23 18 3279.326188
