DEMANDS 20
label src dest bw
demand_0 0 10 4353.920078
demand_1 0 14 3031.341242
demand_2 0 18 4608.223263
demand_3 0 23 3864.697182
demand_4 10 0 3331.669371
demand_5 10 14 4033.657306
demand_6 10 18 3010.126558
demand_7 10 23 3412.886868
demand_8 14 0 4347.863405
demand_9 14 10 4414.180799
demand_10 14 18 4294.575409
demand_11 14 23 3646.303044
demand_12 18 0 4238.616387
demand_13 18 10 3454.922273
demand_14 18 14 3061.390878
demand_15 18 23 2626.444302
demand_16 23 0 4671.588985
demand_17 23 10 3313.695793
demand_18 23 14 3475.604082
demand_19 23 18 4059.745623
