DEMANDS 20
label src dest bw
demand_0 0 10 4203.636786
demand_1 0 14 3769.081438
demand_2 0 18 2958.979732
demand_3 0 23 3876.045229
demand_4 10 0 3107.531833
demand_5 10 14 3689.973515
demand_6 10 18 4207.828442
demand_7 10 23 4399.000441
demand_8 14 0 3140.779795
demand_9 14 10 2959.837921
demand_10 14 18 3461.789008
demand_11 14 23 4826.808389
demand_12 18 0 3074.796481
demand_13 18 10 2819.823675
demand_14 18 14 4271.504080
demand_15 18 23 3653.679713
demand_16 23 0 4387.558720
demand_17 23 10 3519.060730
demand_18 23 14 4369.778693
demand_19 23 18 3018.526831
