DEMANDS 20
label src dest bw
demand_0 0 10 4983.974168
demand_1 0 14 4701.007512
demand_2 0 18 3935.355641
demand_3 0 23 3101.714443
demand_4 10 0 4662.744083
demand_5 10 14 3766.756344
demand_6 10 18 3887.317330
demand_7 10 23 2523.771507
demand_8 14 0 4332.193705
demand_9 14 10 3627.681684
demand_10 14 18 3071.846275
demand_11 14 23 3012.250332
demand_12 18 0 2948.103643
demand_13 18 10 4896.240480
demand_14 18 14 4052.708930
demand_15 18 23 2650.453956
demand_16 23 0 3185.756574
demand_17 23 10 4679.002735
demand_18 23 14 4343.912045
demand_19 23 18 2758.433177
