DEMANDS 20
label src dest bw
demand_0 0 10 3161.494549
demand_1 0 14 2876.680412
demand_2 0 18 4438.580485
demand_3 0 23 3918.594080
demand_4 10 0 3018.795538
demand_5 10 14 3761.103464
demand_6 10 18 3753.870336
demand_7 10 23 2643.230256
demand_8 14 0 4660.533727
demand_9 14 10 4795.773241
demand_10 14 18 2595.852663
demand_11 14 23 3014.102196
demand_12 18 0 4021.201678
demand_13 18 10 2855.785758
demand_14 18 14 3807.526205
demand_15 18 23 3170.574641
demand_16 23 0 3323.521235
demand_17 23 10 4997.167629
demand_18 23 14 3415.375889
demand_19 23 18 2586.445781
