DEMANDS 20
label src dest bw
demand_0 0 10 4942.203023
demand_1 0 14 4769.370736
demand_2 0 18 3003.272906
demand_3 0 23 4311.286741
demand_4 10 0 3705.953678
demand_5 10 14 4427.099487
demand_6 10 18 3085.493492
demand_7 10 23 2510.714008
demand_8 14 0 3157.656508
demand_9 14 10 3626.852604
demand_10 14 18 2739.606328
demand_11 14 23 3612.503456
demand_12 18 0 4382.696636
demand_13 18 10 4054.479480
demand_14 18 14 3555.720843
demand_15 18 23 4603.335674
demand_16 23 0 4947.176056
demand_17 23 10 4980.112234
demand_18 23 14 2759.732261
demand_19 23 18 3770.576285
