DEMANDS 20
label src dest bw
demand_0 0 10 3501.752708
demand_1 0 14 4102.383232
demand_2 0 18 3783.519281
demand_3 0 23 4838.867427
demand_4 10 0 3849.764741
demand_5 10 14 4105.044149
demand_6 10 18 2908.542672
demand_7 10 23 3179.391084
demand_8 14 0 4279.630201
demand_9 14 10 3444.416752
demand_10 14 18 4976.782425
demand_11 14 23 4169.469741
demand_12 18 0 4124.452549
demand_13 18 10 3227.462277
demand_14 18 14 4618.879737
demand_15 18 23 3332.435880
demand_16 23 0 2902.427779
demand_17 23 10 2815.025903
demand_18 23 14 4729.281588
demand_19 23 18 3094.935526
