DEMANDS 20
label src dest bw
demand_0 0 10 4174.168283
demand_1 0 14 2791.610589
demand_2 0 18 4095.353400
demand_3 0 23 2715.888960
demand_4 10 0 3752.555029
demand_5 10 14 3191.026399
demand_6 10 18 3131.578646
demand_7 10 23 4936.443850
demand_8 14 0 2756.259784
demand_9 14 10 3976.361855
demand_10 14 18 2703.229031
demand_11 14 23 2734.544588
demand_12 18 0 2522.740047
demand_13 18 10 3075.562411
demand_14 18 14 3525.650159
demand_15 18 23 4658.616645
demand_16 23 0 3440.411783
demand_17 23 10 3665.735575
demand_18 23 14 4938.194816
demand_19 23 18 4709.216073
