DEMANDS 20
label src dest bw
demand_0 0 10 3417.456469
demand_1 0 14 3259.558370
demand_2 0 18 3858.738075
demand_3 0 23 3395.157129
demand_4 10 0 3312.498249
demand_5 10 14 4982.567358
demand_6 10 18 4396.391536
demand_7 10 23 4889.827982
demand_8 14 0 3152.929710
demand_9 14 10 2827.656995
demand_10 14 18 3016.569771
demand_11 14 23 3455.356605
demand_12 18 0 3535.923526
demand_13 18 10 4478.152563
demand_14 18 14 3219.418198
demand_15 18 23 3960.951000
demand_16 23 0 4334.991756
demand_17 23 10 2682.471973
demand_18 23 14 4057.338109
demand_19 23 18 2518.576712
