DEMANDS 20
label src dest bw
demand_0 0 10 2766.719077
demand_1 0 14 4103.890685
demand_2 0 18 4771.620385
demand_3 0 23 3131.900839
demand_4 10 0 3818.854014
demand_5 10 14 3508.312369
demand_6 10 18 3673.597684
demand_7 10 23 3994.908247
demand_8 14 0 3327.047209
demand_9 14 10 4867.104092
demand_10 14 18 4285.803847
demand_11 14 23 4377.922614
demand_12 18 0 4702.209292
demand_13 18 10 3887.882952
demand_14 18 14 2839.868637
demand_15 18 23 4295.536798
demand_16 23 0 2866.728927
demand_17 23 10 4989.766145
demand_18 23 14 4396.688532
demand_19 23 18 2769.718021
