DEMANDS 20
label src dest bw
demand_0 0 10 2926.501010
demand_1 0 14 3621.046573
demand_2 0 18 3474.466820
demand_3 0 23 4358.890500
demand_4 10 0 4090.251361
demand_5 10 14 4439.338679
demand_6 10 18 4752.630720
demand_7 10 23 2967.305704
demand_8 14 0 3743.667821
demand_9 14 10 3850.747309
demand_10 14 18 4052.695476
demand_11 14 23 3257.970682
demand_12 18 0 2757.422715
demand_13 18 10 3011.255014
demand_14 18 14 4677.896384
demand_15 18 23 3356.323935
demand_16 23 0 2530.793986
demand_17 23 10 4797.306024
demand_18 23 14 3261.978318
demand_19 23 18 2510.244537
