DEMANDS 20
label src dest bw
demand_0 0 10 3528.493498
demand_1 0 14 3165.098316
demand_2 0 18 2687.793720
demand_3 0 23 3048.975716
demand_4 10 0 3874.389010
demand_5 10 14 3870.610406
demand_6 10 18 2693.366588
demand_7 10 23 4659.684305
demand_8 14 0 4099.320721
demand_9 14 10 4851.424736
demand_10 14 18 3006.129393
demand_11 14 23 2915.646454
demand_12 18 0 3323.197214
demand_13 18 10 3705.137555
demand_14 18 14 2580.624042
demand_15 18 23 2898.638341
demand_16 23 0 4334.703461
demand_17 23 10 2562.846048
demand_18 23 14 4721.060106
demand_19 23 18 4083.154758
