DEMANDS 20
label src dest bw
demand_0 0 10 3985.696020
demand_1 0 14 2542.370230
demand_2 0 18 4075.662544
demand_3 0 23 3002.029444
demand_4 10 0 4288.582642
demand_5 10 14 3318.280569
demand_6 10 18 4605.203101
demand_7 10 23 3551.765520
demand_8 14 0 2954.931810
demand_9 14 10 3178.336878
demand_10 14 18 4190.254096
demand_11 14 23 4735.558939
demand_12 18 0 4717.404917
demand_13 18 10 4512.820913
demand_14 18 14 4961.119921
demand_15 18 23 3095.184040
demand_16 23 0 4694.873736
demand_17 23 10 4976.825265
demand_18 23 14 4912.598374
demand_19 23 18 4535.529500
