DEMANDS 20
label src dest bw
demand_0 0 10 3458.357490
demand_1 0 14 3596.165781
demand_2 0 18 4911.023861
demand_3 0 23 3295.172327
demand_4 10 0 4492.510298
demand_5 10 14 3965.345051
demand_6 10 18 2526.079646
demand_7 10 23 4671.844146
demand_8 14 0 3338.814828
demand_9 14 10 4656.283262
demand_10 14 18 2752.384124
demand_11 14 23 3153.791433
demand_12 18 0 3852.155332
demand_13 18 10 3717.066550
demand_14 18 14 3441.765275
demand_15 18 23 2659.638151
demand_16 23 0 3569.245327
demand_17 23 10 2659.602766
demand_18 23 14 3945.277489
demand_19 23 18 4423.441460
