DEMANDS 20
label src dest bw
demand_0 0 10 4312.659802
demand_1 0 14 4994.699350
demand_2 0 18 3875.342472
demand_3 0 23 2652.338369
demand_4 10 0 3265.977256
demand_5 10 14 4081.725689
demand_6 10 18 4996.625968
demand_7 10 23 4082.008290
demand_8 14 0 4660.935835
demand_9 14 10 3831.505032
demand_10 14 18 3738.511761
demand_11 14 23 2679.907771
demand_12 18 0 4836.704989
demand_13 18 10 4175.957148
demand_14 18 14 4167.979440
demand_15 18 23 3545.903086
demand_16 23 0 4872.823700
demand_17 23 10 3594.813640
demand_18 23 14 3940.988962
demand_19 23 18 4931.683210
