DEMANDS 20
label src dest bw
demand_0 0 10 3099.559986
demand_1 0 14 4356.406987
demand_2 0 18 3673.795489
demand_3 0 23 3924.820853
demand_4 10 0 2570.791805
demand_5 10 14 4926.227773
demand_6 10 18 4387.764669
demand_7 10 23 4241.107504
demand_8 14 0 3920.190131
demand_9 14 10 4247.907967
demand_10 14 18 3880.318626
demand_11 14 23 4891.902520
demand_12 18 0 3249.712868
demand_13 18 10 2650.790891
demand_14 18 14 4631.565408
demand_15 18 23 4634.971964
demand_16 23 0 2582.517305
demand_17 23 10 4311.774858
demand_18 23 14 4773.796856
demand_19 23 18 4471.073163
