DEMANDS 20
label src dest bw
demand_0 0 10 4233.809540
demand_1 0 14 3778.790691
demand_2 0 18 4288.734361
demand_3 0 23 3405.537152
demand_4 10 0 4858.576360
demand_5 10 14 3337.476335
demand_6 10 18 3376.930760
demand_7 10 23 3251.326222
demand_8 14 0 4638.719969
demand_9 14 10 4324.655841
demand_10 14 18 4486.517558
demand_11 14 23 2781.037915
demand_12 18 0 2780.971011
demand_13 18 10 2618.832986
demand_14 18 14 4727.203908
demand_15 18 23 3305.979998
demand_16 23 0 3541.998213
demand_17 23 10 4573.067199
demand_18 23 14 3497.573989
demand_19 23 18 4707.097050
