DEMANDS 20
label src dest bw
demand_0 0 10 3666.782404
demand_1 0 14 2670.163758
demand_2 0 18 4088.968280
demand_3 0 23 3818.554416
demand_4 10 0 4194.049855
demand_5 10 14 3234.862850
demand_6 10 18 2925.481756
demand_7 10 23 2646.340211
demand_8 14 0 4547.081927
demand_9 14 10 2731.604176
demand_10 14 18 2646.351933
demand_11 14 23 3936.702052
demand_12 18 0 4749.639139
demand_13 18 10 3065.729203
demand_14 18 14 2692.107652
demand_15 18 23 2855.896675
demand_16 23 0 2820.621862
demand_17 23 10 4076.284428
demand_18 23 14 4500.615630
demand_19 23 18 3787.396637
