DEMANDS 20
label src dest bw
demand_0 0 10 2888.248132
demand_1 0 14 3412.031215
demand_2 0 18 4821.718298
demand_3 0 23 2511.493131
demand_4 10 0 2725.294132
demand_5 10 14 3721.011581
demand_6 10 18 3587.117435
demand_7 10 23 4018.393981
demand_8 14 0 3260.216216
demand_9 14 10 4930.234563
demand_10 14 18 4799.529819
demand_11 14 23 4057.553711
demand_12 18 0 2766.382162
demand_13 18 10 3750.909091
demand_14 18 14 4472.443596
demand_15 18 23 4303.653174
demand_16 23 0 4648.857624
demand_17 23 10 2766.705569
demand_18 23 14 3938.363745
demand_19 23 18 2692.234901
