DEMANDS 20
label src dest bw
demand_0 0 10 2677.025820
demand_1 0 14 2539.958507
demand_2 0 18 4673.039240
demand_3 0 23 4361.374373
demand_4 10 0 4037.845699
demand_5 10 14 3687.337170
demand_6 10 18 2596.614169
demand_7 10 23 4586.553274
demand_8 14 0 3369.284499
demand_9 14 10 3228.440065
demand_10 14 18 3162.225360
demand_11 14 23 3971.139215
demand_12 18 0 2913.846334
demand_13 18 10 4930.074586
demand_14 18 14 3853.150695
demand_15 18 23 2960.633034
demand_16 23 0 4250.397817
demand_17 23 10 2553.287516
demand_18 23 14 3145.498944
demand_19 23 18 4259.872249
