DEMANDS 20
label src dest bw
demand_0 0 10 3830.523088
demand_1 0 14 3106.669148
demand_2 0 18 3515.072594
demand_3 0 23 4447.954288
demand_4 10 0 4400.684290
demand_5 10 14 2825.763599
demand_6 10 18 4041.573407
demand_7 10 23 4938.168200
demand_8 14 0 2955.767760
demand_9 14 10 2726.545077
demand_10 14 18 2793.690665
demand_11 14 23 4179.087879
demand_12 18 0 3879.001405
demand_13 18 10 3297.959126
demand_14 18 14 4800.041134
demand_15 18 23 4732.676999
demand_16 23 0 3401.768789
demand_17 23 10 4390.890660
demand_18 23 14 4676.703548
demand_19 23 18 4706.616577
