DEMANDS 20
label src dest bw
demand_0 0 10 2689.797695
demand_1 0 14 4949.581875
demand_2 0 18 4589.468533
demand_3 0 23 3965.991437
demand_4 10 0 2599.303847
demand_5 10 14 3348.392269
demand_6 10 18 2782.819225
demand_7 10 23 4746.997748
demand_8 14 0 4596.521613
demand_9 14 10 4103.507706
demand_10 14 18 4730.802539
demand_11 14 23 3439.935150
demand_12 18 0 2564.333497
demand_13 18 10 3961.037201
demand_14 18 14 3553.011627
demand_15 18 23 4205.458595
demand_16 23 0 3725.550370
demand_17 23 10 2958.758424
demand_18 23 14 3899.931897
demand_19 23 18 2502.045185
