DEMANDS 20
label src dest bw
demand_0 0 10 4042.413931
demand_1 0 14 3036.173247
demand_2 0 18 4099.801717
demand_3 0 23 3152.281778
demand_4 10 0 3128.714139
demand_5 10 14 3973.338728
demand_6 10 18 3392.251926
demand_7 10 23 3332.108807
demand_8 14 0 3293.103095
demand_9 14 10 3119.281697
demand_10 14 18 4727.448117
demand_11 14 23 3609.626753
demand_12 18 0 3333.268632
demand_13 18 10 4531.016504
demand_14 18 14 4393.593638
demand_15 18 23 2715.693489
demand_16 23 0 3554.608732
demand_17 23 10 4002.802037
demand_18 23 14 3063.354415
demand_19 23 18 2939.048462
