DEMANDS 20
label src dest bw
demand_0 0 10 4236.941281
demand_1 0 14 2776.676664
demand_2 0 18 3676.043905
demand_3 0 23 3729.484897
demand_4 10 0 2563.895132
demand_5 10 14 3726.833317
demand_6 10 18 4818.109977
demand_7 10 23 4723.685679
demand_8 14 0 4916.907137
demand_9 14 10 4464.641683
demand_10 14 18 4550.494151
demand_11 14 23 2908.218913
demand_12 18 0 4222.599186
demand_13 18 10 3511.213085
demand_14 18 14 3643.037519
demand_15 18 23 2773.318110
demand_16 23 0 3258.793858
demand_17 23 10 2689.169944
demand_18 23 14 2780.136828
demand_19 23 18 4281.217341
