DEMANDS 20
label src dest bw
demand_0 0 10 3225.904594
demand_1 0 14 4179.677571
demand_2 0 18 2849.650377
demand_3 0 23 2637.967525
demand_4 10 0 2653.305584
demand_5 10 14 4353.673699
demand_6 10 18 4716.392515
demand_7 10 23 4746.742260
demand_8 14 0 3402.813735
demand_9 14 10 3641.609610
demand_10 14 18 2975.380532
demand_11 14 23 3021.614771
demand_12 18 0 4144.259339
demand_13 18 10 3687.765002
demand_14 18 14 4906.299412
demand_15 18 23 2569.556648
demand_16 23 0 2994.844359
demand_17 23 10 4687.444512
demand_18 23 14 3146.271125
demand_19 23 18 3082.627433
