DEMANDS 20
label src dest bw
demand_0 0 10 2610.042397
demand_1 0 14 4582.144341
demand_2 0 18 3954.866277
demand_3 0 23 3917.701660
demand_4 10 0 4289.994900
demand_5 10 14 2966.526985
demand_6 10 18 3817.753955
demand_7 10 23 2534.341869
demand_8 14 0 2981.445126
demand_9 14 10 3178.647506
demand_10 14 18 4068.057981
demand_11 14 23 4785.179389
demand_12 18 0 2569.074092
demand_13 18 10 4752.667237
demand_14 18 14 4085.252636
demand_15 18 23 3352.684948
demand_16 23 0 2612.935035
demand_17 23 10 4599.280179
demand_18 23 14 4899.962756
demand_19 23 18 3371.166609
