DEMANDS 20
label src dest bw
demand_0 0 10 4700.269800
demand_1 0 14 4001.172516
demand_2 0 18 3040.126495
demand_3 0 23 2790.582307
demand_4 10 0 2786.964489
demand_5 10 14 2554.477855
demand_6 10 18 4223.852749
demand_7 10 23 3353.702331
demand_8 14 0 4565.027502
demand_9 14 10 3728.116682
demand_10 14 18 3946.211571
demand_11 14 23 4759.191627
demand_12 18 0 2866.575835
demand_13 18 10 3556.599986
demand_14 18 14 4553.932532
demand_15 18 23 4977.645594
demand_16 23 0 3173.603299
demand_17 23 10 2982.804705
demand_18 23 14 4053.368004
demand_19 23 18 3063.179569
