DEMANDS 20
label src dest bw
demand_0 0 10 3605.419790
demand_1 0 14 3919.691715
demand_2 0 18 3035.821459
demand_3 0 23 3231.489662
demand_4 10 0 4117.503499
demand_5 10 14 3350.605239
demand_6 10 18 3367.814796
demand_7 10 23 4783.756485
demand_8 14 0 4752.589640
demand_9 14 10 4578.011473
demand_10 14 18 4226.616140
demand_11 14 23 2963.884420
demand_12 18 0 4906.487531
demand_13 18 10 3378.951932
demand_14 18 14 4799.642937
demand_15 18 23 2873.446980
demand_16 23 0 4457.126104
demand_17 23 10 3653.335309
demand_18 23 14 4885.108652
demand_19 23 18 2638.088936
