DEMANDS 20
label src dest bw
demand_0 0 10 3955.305034
demand_1 0 14 4497.678942
demand_2 0 18 2829.986703
demand_3 0 23 2610.739685
demand_4 10 0 4329.972292
demand_5 10 14 3774.311647
demand_6 10 18 3160.655399
demand_7 10 23 3364.481476
demand_8 14 0 3579.835701
demand_9 14 10 4387.188657
demand_10 14 18 3628.989986
demand_11 14 23 4204.155305
demand_12 18 0 2630.750083
demand_13 18 10 2771.224857
demand_14 18 14 2698.031593
demand_15 18 23 4444.472613
demand_16 23 0 4602.700207
demand_17 23 10 4151.534955
demand_18 23 14 2635.955703
demand_19 23 18 3074.978501
