DEMANDS 20
label src dest bw
demand_0 0 10 2971.458043
demand_1 0 14 4703.148415
demand_2 0 18 3165.281991
demand_3 0 23 2921.343938
demand_4 10 0 4394.116977
demand_5 10 14 4159.585515
demand_6 10 18 3920.222250
demand_7 10 23 3573.532359
demand_8 14 0 4809.693853
demand_9 14 10 3474.895841
demand_10 14 18 3575.299282
demand_11 14 23 2885.140030
demand_12 18 0 3499.082252
demand_13 18 10 4905.811613
demand_14 18 14 3179.097531
demand_15 18 23 2955.886160
demand_16 23 0 4462.582878
demand_17 23 10 4680.246381
demand_18 23 14 2761.060298
demand_19 23 18 3154.328704
