DEMANDS 20
label src dest bw
demand_0 0 10 4808.578980
demand_1 0 14 3747.923867
demand_2 0 18 4557.460378
demand_3 0 23 2715.365494
demand_4 10 0 3968.634265
demand_5 10 14 4171.601267
demand_6 10 18 4812.750293
demand_7 10 23 4537.917038
demand_8 14 0 4437.536680
demand_9 14 10 4669.876086
demand_10 14 18 3091.986178
demand_11 14 23 3653.032952
demand_12 18 0 3879.008637
demand_13 18 10 3242.891062
demand_14 18 14 3936.952764
demand_15 18 23 4169.252742
demand_16 23 0 3535.267085
demand_17 23 10 2771.220570
demand_18 23 14 2994.094295
demand_19 23 18 4636.735144
