DEMANDS 20
label src dest bw
demand_0 0 10 4600.859195
demand_1 0 14 3897.359338
demand_2 0 18 2773.631041
demand_3 0 23 3035.154836
demand_4 10 0 2926.001700
demand_5 10 14 4324.888456
demand_6 10 18 4733.463574
demand_7 10 23 3551.192924
demand_8 14 0 3268.238061
demand_9 14 10 2563.064451
demand_10 14 18 3126.384911
demand_11 14 23 4240.056988
demand_12 18 0 2547.173499
demand_13 18 10 3281.362163
demand_14 18 14 4291.912773
demand_15 18 23 4479.365572
demand_16 23 0 3643.720891
demand_17 23 10 4145.883668
demand_18 23 14 4417.627809
demand_19 23 18 4462.054834
