DEMANDS 20
label src dest bw
demand_0 0 10 4035.361596
demand_1 0 14 4811.040274
demand_2 0 18 3102.684414
demand_3 0 23 4902.927808
demand_4 10 0 4335.746668
demand_5 10 14 4359.351196
demand_6 10 18 4469.256749
demand_7 10 23 4071.379144
demand_8 14 0 3416.052139
demand_9 14 10 3165.614637
demand_10 14 18 4855.880976
demand_11 14 23 3402.017894
demand_12 18 0 3041.184398
demand_13 18 10 4023.874468
demand_14 18 14 3990.192724
demand_15 18 23 3915.714274
demand_16 23 0 3219.697841
demand_17 23 10 2839.846582
demand_18 23 14 2749.160831
demand_19 23 18 4033.777848
