DEMANDS 20
label src dest bw
demand_0 0 10 3662.557911
demand_1 0 14 3111.308020
demand_2 0 18 4876.563651
demand_3 0 23 4101.086480
demand_4 10 0 3764.763556
demand_5 10 14 2777.589437
demand_6 10 18 2987.910220
demand_7 10 23 4030.289626
demand_8 14 0 3044.286613
demand_9 14 10 3325.970324
demand_10 14 18 2827.312412
demand_11 14 23 2628.096861
demand_12 18 0 3047.205242
demand_13 18 10 2907.095606
demand_14 18 14 4504.207597
demand_15 18 23 3247.960177
demand_16 23 0 3844.764841
demand_17 23 10 4681.837077
demand_18 23 14 3825.166839
demand_19 23 18 3294.595575
