DEMANDS 552
label src dest bw
demand_0 0 1 74.649513
demand_1 0 2 773.273606
demand_2 0 3 1934.594253
demand_3 0 4 651.641770
demand_4 0 5 912.743854
demand_5 0 6 538.067222
demand_6 0 7 893.751898
demand_7 0 8 847.075607
demand_8 0 9 1634.925143
demand_9 0 10 763.601354
demand_10 0 11 1435.434524
demand_11 0 12 935.464325
demand_12 0 13 233.160049
demand_13 0 14 567.796114
demand_14 0 15 419.097957
demand_15 0 16 2433.034118
demand_16 0 17 1595.753899
demand_17 0 18 53.792695
demand_18 0 19 837.110083
demand_19 0 20 582.984819
demand_20 0 21 584.824126
demand_21 0 22 1383.162491
demand_22 0 23 422.234479
demand_23 1 0 909.948824
demand_24 1 2 1375.121245
demand_25 1 3 3440.310952
demand_26 1 4 1158.821967
demand_27 1 5 1623.142772
demand_28 1 6 956.851057
demand_29 1 7 1589.369161
demand_30 1 8 1506.364182
demand_31 1 9 2907.405968
demand_32 1 10 1357.920968
demand_33 1 11 2552.649532
demand_34 1 12 1663.546844
demand_35 1 13 414.631166
demand_36 1 14 1009.718285
demand_37 1 15 745.286662
demand_38 1 16 4326.692231
demand_39 1 17 2837.747300
demand_40 1 18 95.660160
demand_41 1 19 1488.642377
demand_42 1 20 1036.728532
demand_43 1 21 1039.999392
demand_44 1 22 2459.693582
demand_45 1 23 750.864373
demand_46 2 0 263.333938
demand_47 2 1 38.417106
demand_48 2 3 995.606132
demand_49 2 4 335.356389
demand_50 2 5 469.728150
demand_51 2 6 276.907173
demand_52 2 7 459.954262
demand_53 2 8 435.933100
demand_54 2 9 841.386506
demand_55 2 10 392.974490
demand_56 2 11 738.722041
demand_57 2 12 481.420855
demand_58 2 13 119.991866
demand_59 2 14 292.206644
demand_60 2 15 215.681658
demand_61 2 16 1252.119758
demand_62 2 17 821.227689
demand_63 2 18 27.683498
demand_64 2 19 430.804512
demand_65 2 20 300.023253
demand_66 2 21 300.969821
demand_67 2 22 711.821126
demand_68 2 23 217.295816
demand_69 3 0 320.276405
demand_70 3 1 46.724296
demand_71 3 2 484.004020
demand_72 3 4 407.872755
demand_73 3 5 571.300625
demand_74 3 6 336.784672
demand_75 3 7 559.413263
demand_76 3 8 530.197844
demand_77 3 9 1023.325165
demand_78 3 10 477.950006
demand_79 3 11 898.460873
demand_80 3 12 585.521722
demand_81 3 13 145.938514
demand_82 3 14 355.392450
demand_83 3 15 262.319953
demand_84 3 16 1522.874030
demand_85 3 17 998.807272
demand_86 3 18 33.669687
demand_87 3 19 523.960267
demand_88 3 20 364.899298
demand_89 3 21 366.050549
demand_90 3 22 865.742992
demand_91 3 23 264.283150
demand_92 4 0 714.692578
demand_93 4 1 104.264650
demand_94 4 2 1080.048593
demand_95 4 3 2702.091192
demand_96 4 5 1274.849817
demand_97 4 6 751.530559
demand_98 4 7 1248.323326
demand_99 4 8 1183.129503
demand_100 4 9 2283.536624
demand_101 4 10 1066.539141
demand_102 4 11 2004.903601
demand_103 4 12 1306.584008
demand_104 4 13 325.659871
demand_105 4 14 793.053571
demand_106 4 15 585.363519
demand_107 4 16 3398.273333
demand_108 4 17 2228.825269
demand_109 4 18 75.133463
demand_110 4 19 1169.210432
demand_111 4 20 814.267976
demand_112 4 21 816.836976
demand_113 4 22 1931.894080
demand_114 4 23 589.744368
demand_115 5 0 173.200755
demand_116 5 1 25.267810
demand_117 5 2 261.742234
demand_118 5 3 654.832930
demand_119 5 4 220.571569
demand_120 5 6 182.128183
demand_121 5 7 302.522440
demand_122 5 8 286.723173
demand_123 5 9 553.399154
demand_124 5 10 258.468313
demand_125 5 11 485.874386
demand_126 5 12 316.641510
demand_127 5 13 78.921396
demand_128 5 14 192.190995
demand_129 5 15 141.858761
demand_130 5 16 823.547810
demand_131 5 17 540.140239
demand_132 5 18 18.208070
demand_133 5 19 283.349983
demand_134 5 20 197.332157
demand_135 5 21 197.954737
demand_136 5 22 468.181039
demand_137 5 23 142.920429
demand_138 6 0 499.571127
demand_139 6 1 72.881138
demand_140 6 2 754.955500
demand_141 6 3 1888.765579
demand_142 6 4 636.205004
demand_143 6 5 891.121832
demand_144 6 7 872.579777
demand_145 6 8 827.009202
demand_146 6 9 1596.195342
demand_147 6 10 745.512373
demand_148 6 11 1401.430463
demand_149 6 12 913.304077
demand_150 6 13 227.636712
demand_151 6 14 554.345572
demand_152 6 15 409.169931
demand_153 6 16 2375.397884
demand_154 6 17 1557.952027
demand_155 6 18 52.518397
demand_156 6 19 817.279752
demand_157 6 20 569.174471
demand_158 6 21 570.970206
demand_159 6 22 1350.396705
demand_160 6 23 412.232151
demand_161 7 0 272.997733
demand_162 7 1 39.826932
demand_163 7 2 412.556149
demand_164 7 3 1032.142760
demand_165 7 4 347.663255
demand_166 7 5 486.966174
demand_167 7 6 287.069077
demand_168 7 8 451.930917
demand_169 7 9 872.263601
demand_170 7 10 407.395818
demand_171 7 11 765.831569
demand_172 7 12 499.087976
demand_173 7 13 124.395312
demand_174 7 14 302.930006
demand_175 7 15 223.596716
demand_176 7 16 1298.069891
demand_177 7 17 851.364999
demand_178 7 18 28.699424
demand_179 7 19 446.614121
demand_180 7 20 311.033469
demand_181 7 21 312.014774
demand_182 7 22 737.943447
demand_183 7 23 225.270110
demand_184 8 0 72.667752
demand_185 8 1 10.601310
demand_186 8 2 109.816033
demand_187 8 3 274.740356
demand_188 8 4 92.542553
demand_189 8 5 129.622825
demand_190 8 6 76.413325
demand_191 8 7 126.925692
demand_192 8 9 232.183010
demand_193 8 10 108.442433
demand_194 8 11 203.852457
demand_195 8 12 132.849460
demand_196 8 13 33.112098
demand_197 8 14 80.635258
demand_198 8 15 59.517970
demand_199 8 16 345.526024
demand_200 8 17 226.620127
demand_201 8 18 7.639340
demand_202 8 19 118.881736
demand_203 8 20 82.792274
demand_204 8 21 83.053482
demand_205 8 22 196.429073
demand_206 8 23 59.963401
demand_207 9 0 71.586002
demand_208 9 1 10.443497
demand_209 9 2 108.181284
demand_210 9 3 270.650503
demand_211 9 4 91.164942
demand_212 9 5 127.693227
demand_213 9 6 75.275818
demand_214 9 7 125.036245
demand_215 9 8 118.506213
demand_216 9 10 106.828132
demand_217 9 11 200.817859
demand_218 9 12 130.871830
demand_219 9 13 32.619183
demand_220 9 14 79.434902
demand_221 9 15 58.631970
demand_222 9 16 340.382438
demand_223 9 17 223.246603
demand_224 9 18 7.525619
demand_225 9 19 117.112033
demand_226 9 20 81.559807
demand_227 9 21 81.817127
demand_228 9 22 193.504981
demand_229 9 23 59.070771
demand_230 10 0 178.967231
demand_231 10 1 26.109066
demand_232 10 2 270.456574
demand_233 10 3 676.634674
demand_234 10 4 227.915190
demand_235 10 5 319.237038
demand_236 10 6 188.191885
demand_237 10 7 312.594500
demand_238 10 8 296.269218
demand_239 10 9 571.823802
demand_240 10 11 502.050892
demand_241 10 12 327.183644
demand_242 10 13 81.548973
demand_243 10 14 198.589724
demand_244 10 15 146.581749
demand_245 10 16 850.966679
demand_246 10 17 558.123450
demand_247 10 18 18.814282
demand_248 10 19 292.783723
demand_249 10 20 203.902055
demand_250 10 21 204.545362
demand_251 10 22 483.768470
demand_252 10 23 147.678764
demand_253 11 0 6.830990
demand_254 11 1 0.996555
demand_255 11 2 10.323042
demand_256 11 3 25.826430
demand_257 11 4 8.699282
demand_258 11 5 12.184940
demand_259 11 6 7.183085
demand_260 11 7 11.931402
demand_261 11 8 11.308283
demand_262 11 9 21.825910
demand_263 11 10 10.193919
demand_264 11 12 12.488254
demand_265 11 13 3.112638
demand_266 11 14 7.579960
demand_267 11 15 5.594870
demand_268 11 16 32.480499
demand_269 11 17 21.302982
demand_270 11 18 0.718121
demand_271 11 19 11.175245
demand_272 11 20 7.782726
demand_273 11 21 7.807280
demand_274 11 22 18.464931
demand_275 11 23 5.636742
demand_276 12 0 36.592507
demand_277 12 1 5.338386
demand_278 12 2 55.298861
demand_279 12 3 138.348003
demand_280 12 4 46.600644
demand_281 12 5 65.272751
demand_282 12 6 38.478624
demand_283 12 7 63.914586
demand_284 12 8 60.576639
demand_285 12 9 116.917864
demand_286 12 10 54.607173
demand_287 12 11 102.651757
demand_288 12 13 16.673898
demand_289 12 14 40.604617
demand_290 12 15 29.970814
demand_291 12 16 173.992769
demand_292 12 17 114.116624
demand_293 12 18 3.846859
demand_294 12 19 59.863978
demand_295 12 20 41.690802
demand_296 12 21 41.822335
demand_297 12 22 98.913645
demand_298 12 23 30.195115
demand_299 13 0 54.416074
demand_300 13 1 7.938620
demand_301 13 2 82.233965
demand_302 13 3 205.734885
demand_303 13 4 69.298999
demand_304 13 5 97.065962
demand_305 13 6 57.220886
demand_306 13 7 95.046258
demand_307 13 8 90.082456
demand_308 13 9 173.866502
demand_309 13 10 81.205367
demand_310 13 11 152.651625
demand_311 13 12 99.482176
demand_312 13 14 60.382413
demand_313 13 15 44.569072
demand_314 13 16 258.741591
demand_315 13 17 169.700827
demand_316 13 18 5.720597
demand_317 13 19 89.022670
demand_318 13 20 61.997659
demand_319 13 21 62.193260
demand_320 13 22 147.092743
demand_321 13 23 44.902626
demand_322 14 0 125.566283
demand_323 14 1 18.318540
demand_324 14 2 189.756675
demand_325 14 3 474.737752
demand_326 14 4 159.908957
demand_327 14 5 223.981832
demand_328 14 6 132.038448
demand_329 14 7 219.321321
demand_330 14 8 207.867241
demand_331 14 9 401.200761
demand_332 14 10 187.383163
demand_333 14 11 352.246967
demand_334 14 12 229.557299
demand_335 14 13 57.216069
demand_336 14 15 102.844109
demand_337 14 16 597.051886
demand_338 14 17 391.588374
demand_339 14 18 13.200403
demand_340 14 19 205.421761
demand_341 14 20 143.060956
demand_342 14 21 143.512310
demand_343 14 22 339.419726
demand_344 14 23 103.613792
demand_345 15 0 757.171188
demand_346 15 1 110.461744
demand_347 15 2 1144.242576
demand_348 15 3 2862.693221
demand_349 15 4 964.259288
demand_350 15 5 1350.622044
demand_351 15 6 796.198679
demand_352 15 7 1322.518920
demand_353 15 8 1253.450223
demand_354 15 9 2419.261361
demand_355 15 10 1129.930173
demand_356 15 11 2124.067450
demand_357 15 12 1384.242395
demand_358 15 13 345.015856
demand_359 15 14 840.189660
demand_360 15 16 3600.253783
demand_361 15 17 2361.298171
demand_362 15 18 79.599111
demand_363 15 19 1238.703856
demand_364 15 20 862.664969
demand_365 15 21 865.386661
demand_366 15 22 2046.718521
demand_367 15 23 624.796532
demand_368 16 0 179.722543
demand_369 16 1 26.219257
demand_370 16 2 271.598007
demand_371 16 3 679.490337
demand_372 16 4 228.877081
demand_373 16 5 320.584344
demand_374 16 6 188.986129
demand_375 16 7 313.913772
demand_376 16 8 297.519591
demand_377 16 9 574.237123
demand_378 16 10 268.200808
demand_379 16 11 504.169744
demand_380 16 12 328.564488
demand_381 16 13 81.893141
demand_382 16 14 199.427851
demand_383 16 15 147.200382
demand_384 16 17 560.478950
demand_385 16 18 18.893686
demand_386 16 19 294.019385
demand_387 16 20 204.762601
demand_388 16 21 205.408624
demand_389 16 22 485.810162
demand_390 16 23 148.302027
demand_391 17 0 1229.856774
demand_392 17 1 179.420621
demand_393 17 2 1858.568452
demand_394 17 3 4649.810643
demand_395 17 4 1566.225493
demand_396 17 5 2193.786156
demand_397 17 6 1293.248283
demand_398 17 7 2148.138859
demand_399 17 8 2035.952070
demand_400 17 9 3929.553870
demand_401 17 10 1835.321126
demand_402 17 11 3450.076789
demand_403 17 12 2248.394964
demand_404 17 13 560.401788
demand_405 17 14 1364.701881
demand_406 17 15 1007.304834
demand_407 17 16 5847.814301
demand_408 17 18 129.291113
demand_409 17 19 2011.999864
demand_410 17 20 1401.208039
demand_411 17 21 1405.628825
demand_412 17 22 3324.440598
demand_413 17 23 1014.843485
demand_414 18 0 919.532835
demand_415 18 1 134.148265
demand_416 18 2 1389.604671
demand_417 18 3 3476.545931
demand_418 18 4 1171.027227
demand_419 18 5 1640.238478
demand_420 18 6 966.929065
demand_421 18 7 1606.109148
demand_422 18 8 1522.229921
demand_423 18 9 2938.028141
demand_424 18 10 1372.223233
demand_425 18 11 2579.535242
demand_426 18 12 1681.068104
demand_427 18 13 418.998257
demand_428 18 14 1020.353115
demand_429 18 15 753.136373
demand_430 18 16 4372.262996
demand_431 18 17 2867.635794
demand_432 18 19 1504.321461
demand_433 18 20 1047.647846
demand_434 18 21 1050.953156
demand_435 18 22 2485.600236
demand_436 18 23 758.772832
demand_437 19 0 0.609028
demand_438 19 1 0.088850
demand_439 19 2 0.920368
demand_440 19 3 2.302597
demand_441 19 4 0.775599
demand_442 19 5 1.086368
demand_443 19 6 0.640420
demand_444 19 7 1.063764
demand_445 19 8 1.008208
demand_446 19 9 1.945925
demand_447 19 10 0.908855
demand_448 19 11 1.708486
demand_449 19 12 1.113411
demand_450 19 13 0.277512
demand_451 19 14 0.675804
demand_452 19 15 0.498820
demand_453 19 16 2.895852
demand_454 19 17 1.899302
demand_455 19 18 0.064025
demand_456 19 20 0.693882
demand_457 19 21 0.696071
demand_458 19 22 1.646271
demand_459 19 23 0.502553
demand_460 20 0 1135.046241
demand_461 20 1 165.588957
demand_462 20 2 1715.290088
demand_463 20 3 4291.353434
demand_464 20 4 1445.484056
demand_465 20 5 2024.665621
demand_466 20 6 1193.550853
demand_467 20 7 1982.537306
demand_468 20 8 1878.999077
demand_469 20 9 3626.621768
demand_470 20 10 1693.834915
demand_471 20 11 3184.107916
demand_472 20 12 2075.064597
demand_473 20 13 517.200015
demand_474 20 14 1259.496043
demand_475 20 15 929.650988
demand_476 20 16 5397.002138
demand_477 20 17 3539.731376
demand_478 20 18 119.323969
demand_479 20 19 1856.893364
demand_480 20 21 1297.267899
demand_481 20 22 3068.157108
demand_482 20 23 936.608479
demand_483 21 0 1725.673668
demand_484 21 1 251.754064
demand_485 21 2 2607.850529
demand_486 21 3 6524.382319
demand_487 21 4 2197.649474
demand_488 21 5 3078.211287
demand_489 21 6 1814.621471
demand_490 21 7 3014.161277
demand_491 21 8 2856.746372
demand_492 21 9 5513.753947
demand_493 21 10 2575.231040
demand_494 21 11 4840.975628
demand_495 21 12 3154.835642
demand_496 21 13 786.327830
demand_497 21 14 1914.881596
demand_498 21 15 1413.399890
demand_499 21 16 8205.361283
demand_500 21 17 5381.649672
demand_501 21 18 181.414839
demand_502 21 19 2823.137832
demand_503 21 20 1966.105214
demand_504 21 22 4664.689192
demand_505 21 23 1423.977748
demand_506 22 0 413.375135
demand_507 22 1 60.306228
demand_508 22 2 624.695494
demand_509 22 3 1562.878008
demand_510 22 4 526.434207
demand_511 22 5 737.367691
demand_512 22 6 434.682067
demand_513 22 7 722.024882
demand_514 22 8 684.317053
demand_515 22 9 1320.787833
demand_516 22 10 616.881685
demand_517 22 11 1159.627682
demand_518 22 12 755.722611
demand_519 22 13 188.360279
demand_520 22 14 458.698799
demand_521 22 15 338.571760
demand_522 22 16 1965.546786
demand_523 22 17 1289.143019
demand_524 22 18 43.456874
demand_525 22 19 676.266321
demand_526 22 20 470.969120
demand_527 22 21 472.455019
demand_528 22 23 341.105625
demand_529 23 0 176.667048
demand_530 23 1 25.773498
demand_531 23 2 266.980521
demand_532 23 3 667.938200
demand_533 23 4 224.985901
demand_534 23 5 315.134032
demand_535 23 6 185.773141
demand_536 23 7 308.576867
demand_537 23 8 292.461407
demand_538 23 9 564.474414
demand_539 23 10 263.641078
demand_540 23 11 495.598263
demand_541 23 12 322.978504
demand_542 23 13 80.500861
demand_543 23 14 196.037342
demand_544 23 15 144.697802
demand_545 23 16 840.029596
demand_546 23 17 550.950147
demand_547 23 18 18.572471
demand_548 23 19 289.020709
demand_549 23 20 201.281395
demand_550 23 21 201.916435
demand_551 23 22 477.550816
