DEMANDS 552
label src dest bw
demand_0 0 1 48.187967
demand_1 0 2 599.640774
demand_2 0 3 3054.737730
demand_3 0 4 487.762174
demand_4 0 5 1044.211328
demand_5 0 6 341.848299
demand_6 0 7 901.984121
demand_7 0 8 656.542633
demand_8 0 9 2254.817697
demand_9 0 10 498.426027
demand_10 0 11 1311.674194
demand_11 0 12 1134.924507
demand_12 0 13 50.635813
demand_13 0 14 390.903663
demand_14 0 15 88.723447
demand_15 0 16 4701.027669
demand_16 0 17 1550.655517
demand_17 0 18 8.591039
demand_18 0 19 631.071997
demand_19 0 20 393.696669
demand_20 0 21 481.779980
demand_21 0 22 1141.592151
demand_22 0 23 138.398042
demand_23 1 0 251.191728
demand_24 1 2 1017.628266
demand_25 1 3 5184.082858
demand_26 1 4 827.763215
demand_27 1 5 1772.092573
demand_28 1 6 580.138153
demand_29 1 7 1530.724020
demand_30 1 8 1114.194314
demand_31 1 9 3826.568040
demand_32 1 10 845.860447
demand_33 1 11 2225.993949
demand_34 1 12 1926.038567
demand_35 1 13 85.932173
demand_36 1 14 663.388204
demand_37 1 15 150.569293
demand_38 1 16 7977.940859
demand_39 1 17 2631.560347
demand_40 1 18 14.579536
demand_41 1 19 1070.969036
demand_42 1 20 668.128112
demand_43 1 21 817.611053
demand_44 1 22 1937.353980
demand_45 1 23 234.870218
demand_46 2 0 90.879965
demand_47 2 1 29.586897
demand_48 2 3 1875.576362
demand_49 2 4 299.480769
demand_50 2 5 641.134610
demand_51 2 6 209.891207
demand_52 2 7 553.808623
demand_53 2 8 403.110169
demand_54 2 9 1384.433999
demand_55 2 10 306.028260
demand_56 2 11 805.353955
demand_57 2 12 696.831534
demand_58 2 13 31.089849
demand_59 2 14 240.010677
demand_60 2 15 54.475249
demand_61 2 16 2886.380812
demand_62 2 17 952.085936
demand_63 2 18 5.274806
demand_64 2 19 387.471470
demand_65 2 20 241.725552
demand_66 2 21 295.807765
demand_67 2 22 700.925396
demand_68 2 23 84.974921
demand_69 3 0 114.828688
demand_70 3 1 37.383648
demand_71 3 2 465.194137
demand_72 3 4 378.400057
demand_73 3 5 810.086652
demand_74 3 6 265.201819
demand_75 3 7 699.748487
demand_76 3 8 509.337918
demand_77 3 9 1749.260585
demand_78 3 10 386.672947
demand_79 3 11 1017.581143
demand_80 3 12 880.460851
demand_81 3 13 39.282658
demand_82 3 14 303.258384
demand_83 3 15 68.830588
demand_84 3 16 3647.001007
demand_85 3 17 1202.979993
demand_86 3 18 6.664825
demand_87 3 19 489.578103
demand_88 3 20 305.425164
demand_89 3 21 373.759143
demand_90 3 22 885.633529
demand_91 3 23 107.367545
demand_92 4 0 177.075966
demand_93 4 1 57.648883
demand_94 4 2 717.370390
demand_95 4 3 3654.485302
demand_96 4 5 1249.225068
demand_97 4 6 408.964596
demand_98 4 7 1079.073886
demand_99 4 8 785.443994
demand_100 4 9 2697.514111
demand_101 4 10 596.283789
demand_102 4 11 1569.199875
demand_103 4 12 1357.748290
demand_104 4 13 60.577323
demand_105 4 14 467.651176
demand_106 4 15 106.142838
demand_107 4 16 5623.997226
demand_108 4 17 1855.101254
demand_109 4 18 10.277748
demand_110 4 19 754.972617
demand_111 4 20 470.992542
demand_112 4 21 576.369564
demand_113 4 22 1365.725016
demand_114 4 23 165.570224
demand_115 5 0 39.121222
demand_116 5 1 12.736312
demand_117 5 2 158.487946
demand_118 5 3 807.381902
demand_119 5 4 128.917893
demand_120 5 6 90.352153
demand_121 5 7 238.398749
demand_122 5 8 173.527382
demand_123 5 9 595.959182
demand_124 5 10 131.736401
demand_125 5 11 346.681810
demand_126 5 12 299.966016
demand_127 5 13 13.383289
demand_128 5 14 103.317722
demand_129 5 15 23.450035
demand_130 5 16 1242.504266
demand_131 5 17 409.845725
demand_132 5 18 2.270653
demand_133 5 19 166.795370
demand_134 5 20 104.055927
demand_135 5 21 127.336770
demand_136 5 22 301.728306
demand_137 5 23 36.579269
demand_138 6 0 137.306414
demand_139 6 1 44.701501
demand_140 6 2 556.255930
demand_141 6 3 2833.723208
demand_142 6 4 452.471902
demand_143 6 5 968.661186
demand_144 6 7 836.724315
demand_145 6 8 609.040860
demand_146 6 9 2091.678501
demand_147 6 10 462.364211
demand_148 6 11 1216.772742
demand_149 6 12 1052.811141
demand_150 6 13 46.972242
demand_151 6 14 362.621239
demand_152 6 15 82.304182
demand_153 6 16 4360.901780
demand_154 6 17 1438.463433
demand_155 6 18 7.969465
demand_156 6 19 585.413060
demand_157 6 20 365.212167
demand_158 6 21 446.922528
demand_159 6 22 1058.996371
demand_160 6 23 128.384751
demand_161 7 0 93.816899
demand_162 7 1 30.543046
demand_163 7 2 380.071146
demand_164 7 3 1936.188667
demand_165 7 4 309.158977
demand_166 7 5 661.853919
demand_167 7 6 216.674183
demand_168 7 8 416.137331
demand_169 7 9 1429.174239
demand_170 7 10 315.918062
demand_171 7 11 831.380280
demand_172 7 12 719.350780
demand_173 7 13 32.094568
demand_174 7 14 247.767013
demand_175 7 15 56.235706
demand_176 7 16 2979.658910
demand_177 7 17 982.854144
demand_178 7 18 5.445270
demand_179 7 19 399.993242
demand_180 7 20 249.537307
demand_181 7 21 305.367275
demand_182 7 22 723.576942
demand_183 7 23 87.721024
demand_184 8 0 24.862016
demand_185 8 1 8.094082
demand_186 8 2 100.721032
demand_187 8 3 513.101094
demand_188 8 4 81.928901
demand_189 8 5 175.395082
demand_190 8 6 57.419900
demand_191 8 7 151.505327
demand_192 8 9 378.739365
demand_193 8 10 83.720097
demand_194 8 11 220.320539
demand_195 8 12 190.632080
demand_196 8 13 8.505244
demand_197 8 14 65.659678
demand_198 8 15 14.902784
demand_199 8 16 789.626689
demand_200 8 17 260.461981
demand_201 8 18 1.443028
demand_202 8 19 106.000502
demand_203 8 20 66.128817
demand_204 8 21 80.924078
demand_205 8 22 191.752037
demand_206 8 23 23.246574
demand_207 9 0 23.384462
demand_208 9 1 7.613050
demand_209 9 2 94.735163
demand_210 9 3 482.607403
demand_211 9 4 77.059852
demand_212 9 5 164.971321
demand_213 9 6 54.007425
demand_214 9 7 142.501338
demand_215 9 8 103.724890
demand_216 9 10 78.744597
demand_217 9 11 207.226850
demand_218 9 12 179.302781
demand_219 9 13 7.999776
demand_220 9 14 61.757512
demand_221 9 15 14.017109
demand_222 9 16 742.699032
demand_223 9 17 244.982679
demand_224 9 18 1.357268
demand_225 9 19 99.700873
demand_226 9 20 62.198769
demand_227 9 21 76.114745
demand_228 9 22 180.356178
demand_229 9 23 21.865026
demand_230 10 0 67.163414
demand_231 10 1 21.865733
demand_232 10 2 272.092514
demand_233 10 3 1386.115329
demand_234 10 4 221.326571
demand_235 10 5 473.820490
demand_236 10 6 155.116808
demand_237 10 7 409.283587
demand_238 10 8 297.912256
demand_239 10 9 1023.144260
demand_240 10 11 595.184224
demand_241 10 12 514.982429
demand_242 10 13 22.976466
demand_243 10 14 177.376131
demand_244 10 15 40.259080
demand_245 10 16 2133.134524
demand_246 10 17 703.624197
demand_247 10 18 3.898263
demand_248 10 19 286.354720
demand_249 10 20 178.643483
demand_250 10 21 218.612095
demand_251 10 22 518.007934
demand_252 10 23 62.799384
demand_253 11 0 2.190900
demand_254 11 1 0.713270
demand_255 11 2 8.875776
demand_256 11 3 45.215682
demand_257 11 4 7.219769
demand_258 11 5 15.456230
demand_259 11 6 5.059977
demand_260 11 7 13.351008
demand_261 11 8 9.718027
demand_262 11 9 33.375409
demand_263 11 10 7.377613
demand_264 11 12 16.798950
demand_265 11 13 0.749502
demand_266 11 14 5.786086
demand_267 11 15 1.313269
demand_268 11 16 69.583772
demand_269 11 17 22.952526
demand_270 11 18 0.127163
demand_271 11 19 9.341015
demand_272 11 20 5.827428
demand_273 11 21 7.131221
demand_274 11 22 16.897643
demand_275 11 23 2.048543
demand_276 12 0 2.614198
demand_277 12 1 0.851079
demand_278 12 2 10.590643
demand_279 12 3 53.951697
demand_280 12 4 8.614683
demand_281 12 5 18.442491
demand_282 12 6 6.037604
demand_283 12 7 15.930524
demand_284 12 8 11.595624
demand_285 12 9 39.823792
demand_286 12 10 8.803024
demand_287 12 11 23.166326
demand_288 12 13 0.894312
demand_289 12 14 6.904002
demand_290 12 15 1.567002
demand_291 12 16 83.027887
demand_292 12 17 27.387129
demand_293 12 18 0.151732
demand_294 12 19 11.145770
demand_295 12 20 6.953331
demand_296 12 21 8.509028
demand_297 12 22 20.162397
demand_298 12 23 2.444337
demand_299 13 0 14.893333
demand_300 13 1 4.848676
demand_301 13 2 60.335890
demand_302 13 3 307.367889
demand_303 13 4 49.078659
demand_304 13 5 105.068605
demand_305 13 6 34.396796
demand_306 13 7 90.757695
demand_307 13 8 66.061358
demand_308 13 9 226.879889
demand_309 13 10 50.151656
demand_310 13 11 131.980734
demand_311 13 12 114.196170
demand_312 13 14 39.332749
demand_313 13 15 8.927358
demand_314 13 16 473.017679
demand_315 13 17 156.027049
demand_316 13 18 0.864431
demand_317 13 19 63.498501
demand_318 13 20 39.613782
demand_319 13 21 48.476730
demand_320 13 22 114.867069
demand_321 13 23 13.925619
demand_322 14 0 36.370957
demand_323 14 1 11.840935
demand_324 14 2 147.346069
demand_325 14 3 750.622067
demand_326 14 4 119.854823
demand_327 14 5 256.587679
demand_328 14 6 84.000297
demand_329 14 7 221.639055
demand_330 14 8 161.328216
demand_331 14 9 554.062597
demand_332 14 10 122.475187
demand_333 14 11 322.309698
demand_334 14 12 278.878076
demand_335 14 13 12.442429
demand_336 14 15 21.801471
demand_337 14 16 1155.154851
demand_338 14 17 381.033120
demand_339 14 18 2.111024
demand_340 14 19 155.069472
demand_341 14 20 96.740681
demand_342 14 21 118.384855
demand_343 14 22 280.516475
demand_344 14 23 34.007707
demand_345 15 0 188.860747
demand_346 15 1 61.485538
demand_347 15 2 765.112912
demand_348 15 3 3897.699055
demand_349 15 4 622.361175
demand_350 15 5 1332.363648
demand_351 15 6 436.182058
demand_352 15 7 1150.888543
demand_353 15 8 837.716959
demand_354 15 9 2877.039400
demand_355 15 10 635.967741
demand_356 15 11 1673.633457
demand_357 15 12 1448.109320
demand_358 15 13 64.608873
demand_359 15 14 498.774354
demand_360 15 16 5998.286178
demand_361 15 17 1978.562180
demand_362 15 18 10.961754
demand_363 15 19 805.217647
demand_364 15 20 502.338096
demand_365 15 21 614.728182
demand_366 15 22 1456.616915
demand_367 15 23 176.589274
demand_368 16 0 73.430567
demand_369 16 1 23.906068
demand_370 16 2 297.482010
demand_371 16 3 1515.456519
demand_372 16 4 241.978995
demand_373 16 5 518.033626
demand_374 16 6 169.591067
demand_375 16 7 447.474656
demand_376 16 8 325.711043
demand_377 16 9 1118.615894
demand_378 16 10 247.269336
demand_379 16 11 650.722053
demand_380 16 12 563.036468
demand_381 16 13 25.120446
demand_382 16 14 193.927452
demand_383 16 15 44.015735
demand_384 16 17 769.280776
demand_385 16 18 4.262018
demand_386 16 19 313.075051
demand_387 16 20 195.313063
demand_388 16 21 239.011226
demand_389 16 22 566.344289
demand_390 16 23 68.659320
demand_391 17 0 320.478753
demand_392 17 1 104.335119
demand_393 17 2 1298.323954
demand_394 17 3 6614.025159
demand_395 17 4 1056.087813
demand_396 17 5 2260.894585
demand_397 17 6 740.159531
demand_398 17 7 1952.948565
demand_399 17 8 1421.526126
demand_400 17 9 4882.062649
demand_401 17 10 1079.176863
demand_402 17 11 2839.997042
demand_403 17 12 2457.304000
demand_404 17 13 109.635121
demand_405 17 14 846.372713
demand_406 17 15 192.101307
demand_407 17 16 10178.522027
demand_408 17 18 18.601056
demand_409 17 19 1366.377880
demand_410 17 20 852.420045
demand_411 17 21 1043.135348
demand_412 17 22 2471.740579
demand_413 17 23 299.655228
demand_414 18 0 267.010021
demand_415 18 1 86.927830
demand_416 18 2 1081.711357
demand_417 18 3 5510.540037
demand_418 18 4 879.889937
demand_419 18 5 1883.686534
demand_420 18 6 616.671185
demand_421 18 7 1627.118283
demand_422 18 8 1184.358457
demand_423 18 9 4067.538457
demand_424 18 10 899.126805
demand_425 18 11 2366.171436
demand_426 18 12 2047.326967
demand_427 18 13 91.343578
demand_428 18 14 705.163741
demand_429 18 15 160.051091
demand_430 18 16 8480.335620
demand_431 18 17 2797.277561
demand_432 18 19 1138.411154
demand_433 18 20 710.202134
demand_434 18 21 869.098463
demand_435 18 22 2059.354946
demand_436 18 23 249.660697
demand_437 19 0 0.324912
demand_438 19 1 0.105779
demand_439 19 2 1.316286
demand_440 19 3 6.705527
demand_441 19 4 1.070698
demand_442 19 5 2.292173
demand_443 19 6 0.750399
demand_444 19 7 1.979967
demand_445 19 8 1.441192
demand_446 19 9 4.949603
demand_447 19 10 1.094107
demand_448 19 11 2.879287
demand_449 19 12 2.491300
demand_450 19 13 0.111152
demand_451 19 14 0.858082
demand_452 19 15 0.194759
demand_453 19 16 10.319337
demand_454 19 17 3.403880
demand_455 19 18 0.018858
demand_456 19 20 0.864213
demand_457 19 21 1.057567
demand_458 19 22 2.505936
demand_459 19 23 0.303801
demand_460 20 0 297.464373
demand_461 20 1 96.842554
demand_462 20 2 1205.088067
demand_463 20 3 6139.055489
demand_464 20 4 980.247509
demand_465 20 5 2098.534097
demand_466 20 6 687.006826
demand_467 20 7 1812.702450
demand_468 20 8 1319.442784
demand_469 20 9 4531.469534
demand_470 20 10 1001.678476
demand_471 20 11 2636.049760
demand_472 20 12 2280.838860
demand_473 20 13 101.761949
demand_474 20 14 785.592574
demand_475 20 15 178.306032
demand_476 20 16 9447.576932
demand_477 20 17 3116.326539
demand_478 20 18 17.265268
demand_479 20 19 1268.254871
demand_480 20 21 968.225193
demand_481 20 22 2294.238713
demand_482 20 23 278.136238
demand_483 21 0 398.898216
demand_484 21 1 129.865374
demand_485 21 2 1616.016989
demand_486 21 3 8232.442291
demand_487 21 4 1314.506941
demand_488 21 5 2814.123586
demand_489 21 6 921.272672
demand_490 21 7 2430.824796
demand_491 21 8 1769.366085
demand_492 21 9 6076.677674
demand_493 21 10 1343.245759
demand_494 21 11 3534.929365
demand_495 21 12 3058.593350
demand_496 21 13 136.462258
demand_497 21 14 1053.475660
demand_498 21 15 239.107485
demand_499 21 16 12669.152775
demand_500 21 17 4178.978092
demand_501 21 18 23.152636
demand_502 21 19 1700.723353
demand_503 21 20 1061.002741
demand_504 21 22 3076.562485
demand_505 21 23 372.979285
demand_506 22 0 136.360384
demand_507 22 1 44.393511
demand_508 22 2 552.423372
demand_509 22 3 2814.199083
demand_510 22 4 449.354407
demand_511 22 5 961.987189
demand_512 22 6 314.930201
demand_513 22 7 830.959352
demand_514 22 8 604.844618
demand_515 22 9 2077.267005
demand_516 22 10 459.178558
demand_517 22 11 1208.389276
demand_518 22 12 1045.557357
demand_519 22 13 46.648607
demand_520 22 14 360.122808
demand_521 22 15 81.737113
demand_522 22 16 4330.855518
demand_523 22 17 1428.552536
demand_524 22 18 7.914556
demand_525 22 19 581.379611
demand_526 22 20 362.695885
demand_527 22 21 443.843268
demand_528 22 23 127.500191
demand_529 23 0 56.471375
demand_530 23 1 18.384831
demand_531 23 2 228.776910
demand_532 23 3 1165.453534
demand_533 23 4 186.092620
demand_534 23 5 398.390922
demand_535 23 6 130.423081
demand_536 23 7 344.127933
demand_537 23 8 250.486293
demand_538 23 9 860.265425
demand_539 23 10 190.161129
demand_540 23 11 500.434230
demand_541 23 12 433.000111
demand_542 23 13 19.318741
demand_543 23 14 149.138844
demand_544 23 15 33.850060
demand_545 23 16 1793.551457
demand_546 23 17 591.611166
demand_547 23 18 3.277681
demand_548 23 19 240.768653
demand_549 23 20 150.204441
demand_550 23 21 183.810274
demand_551 23 22 435.543973
