DEMANDS 552
label src dest bw
demand_0 0 1 73.218428
demand_1 0 2 699.245566
demand_2 0 3 3124.831153
demand_3 0 4 452.992523
demand_4 0 5 943.251288
demand_5 0 6 303.891966
demand_6 0 7 928.953448
demand_7 0 8 780.354460
demand_8 0 9 1683.567901
demand_9 0 10 626.100520
demand_10 0 11 1372.405658
demand_11 0 12 984.796452
demand_12 0 13 99.226374
demand_13 0 14 309.407443
demand_14 0 15 128.905050
demand_15 0 16 4268.530445
demand_16 0 17 1510.408787
demand_17 0 18 56.210653
demand_18 0 19 714.197840
demand_19 0 20 312.162985
demand_20 0 21 347.284831
demand_21 0 22 1314.407402
demand_22 0 23 135.663057
demand_23 1 0 183.119217
demand_24 1 2 911.462445
demand_25 1 3 4073.198859
demand_26 1 4 590.473065
demand_27 1 5 1229.522454
demand_28 1 6 396.121374
demand_29 1 7 1210.885305
demand_30 1 8 1017.187407
demand_31 1 9 2194.520765
demand_32 1 10 816.118312
demand_33 1 11 1788.922628
demand_34 1 12 1283.676329
demand_35 1 13 129.340990
demand_36 1 14 403.310766
demand_37 1 15 168.026967
demand_38 1 16 5564.004097
demand_39 1 17 1968.808888
demand_40 1 18 73.270253
demand_41 1 19 930.952645
demand_42 1 20 406.902598
demand_43 1 21 452.683716
demand_44 1 22 1713.322246
demand_45 1 23 176.835989
demand_46 2 0 96.911793
demand_47 2 1 50.509395
demand_48 2 3 2155.650355
demand_49 2 4 312.494802
demand_50 2 5 650.697549
demand_51 2 6 209.638471
demand_52 2 7 640.834250
demand_53 2 8 538.323924
demand_54 2 9 1161.401550
demand_55 2 10 431.912556
demand_56 2 11 946.747712
demand_57 2 12 679.357289
demand_58 2 13 68.450856
demand_59 2 14 213.443297
demand_60 2 15 88.924554
demand_61 2 16 2944.626036
demand_62 2 17 1041.948534
demand_63 2 18 38.776660
demand_64 2 19 492.686085
demand_65 2 20 215.344195
demand_66 2 21 239.572839
demand_67 2 22 906.737883
demand_68 2 23 93.586534
demand_69 3 0 101.251812
demand_70 3 1 52.771367
demand_71 3 2 503.973454
demand_72 3 4 326.489316
demand_73 3 5 679.837860
demand_74 3 6 219.026750
demand_75 3 7 669.532852
demand_76 3 8 562.431786
demand_77 3 9 1213.412814
demand_78 3 10 451.254977
demand_79 3 11 989.146093
demand_80 3 12 709.781075
demand_81 3 13 71.516304
demand_82 3 14 223.001969
demand_83 3 15 92.906879
demand_84 3 16 3076.495779
demand_85 3 17 1088.610311
demand_86 3 18 40.513202
demand_87 3 19 514.750139
demand_88 3 20 224.987995
demand_89 3 21 250.301674
demand_90 3 22 947.344496
demand_91 3 23 97.777637
demand_92 4 0 142.953552
demand_93 4 1 74.505869
demand_94 4 2 711.540798
demand_95 4 3 3179.776832
demand_96 4 5 959.837010
demand_97 4 6 309.235471
demand_98 4 7 945.287763
demand_99 4 8 794.075875
demand_100 4 9 1713.171030
demand_101 4 10 637.109601
demand_102 4 11 1396.537445
demand_103 4 12 1002.112686
demand_104 4 13 100.971128
demand_105 4 14 314.847930
demand_106 4 15 131.171660
demand_107 4 16 4343.586437
demand_108 4 17 1536.967161
demand_109 4 18 57.199037
demand_110 4 19 726.755986
demand_111 4 20 317.651924
demand_112 4 21 353.391337
demand_113 4 22 1337.519373
demand_114 4 23 138.048497
demand_115 5 0 60.710855
demand_116 5 1 31.641851
demand_117 5 2 302.183819
demand_118 5 3 1350.417444
demand_119 5 4 195.763859
demand_120 5 6 131.329020
demand_121 5 7 401.453672
demand_122 5 8 337.235589
demand_123 5 9 727.565539
demand_124 5 10 270.573680
demand_125 5 11 593.094619
demand_126 5 12 425.586613
demand_127 5 13 42.881365
demand_128 5 14 133.712571
demand_129 5 15 55.707211
demand_130 5 16 1844.675022
demand_131 5 17 652.733627
demand_132 5 18 24.291824
demand_133 5 19 308.645548
demand_134 5 20 134.903398
demand_135 5 21 150.081547
demand_136 5 22 568.030270
demand_137 5 23 58.627730
demand_138 6 0 118.670688
demand_139 6 1 61.849899
demand_140 6 2 590.674628
demand_141 6 3 2639.642733
demand_142 6 4 382.656970
demand_143 6 5 796.793902
demand_144 6 7 784.716069
demand_145 6 8 659.189850
demand_146 6 9 1422.162529
demand_147 6 10 528.886717
demand_148 6 11 1159.314038
demand_149 6 12 831.888403
demand_150 6 13 83.819626
demand_151 6 14 261.366157
demand_152 6 15 108.890132
demand_153 6 16 3605.761341
demand_154 6 17 1275.889602
demand_155 6 18 47.482899
demand_156 6 19 603.305282
demand_157 6 20 263.693849
demand_158 6 21 293.362373
demand_159 6 22 1110.321095
demand_160 6 23 114.598833
demand_161 7 0 97.671221
demand_162 7 1 50.905201
demand_163 7 2 486.151326
demand_164 7 3 2172.542638
demand_165 7 4 314.943599
demand_166 7 5 655.796598
demand_167 7 6 211.281257
demand_168 7 8 542.542382
demand_169 7 9 1170.502619
demand_170 7 10 435.297144
demand_171 7 11 954.166693
demand_172 7 12 684.680924
demand_173 7 13 68.987257
demand_174 7 14 215.115899
demand_175 7 15 89.621392
demand_176 7 16 2967.700953
demand_177 7 17 1050.113535
demand_178 7 18 39.080525
demand_179 7 19 496.546912
demand_180 7 20 217.031693
demand_181 7 21 241.450199
demand_182 7 22 913.843336
demand_183 7 23 94.319904
demand_184 8 0 48.756108
demand_185 8 1 25.411164
demand_186 8 2 242.679943
demand_187 8 3 1084.502901
demand_188 8 4 157.215440
demand_189 8 5 327.364490
demand_190 8 6 105.468649
demand_191 8 7 322.402287
demand_192 8 9 584.298537
demand_193 8 10 217.294246
demand_194 8 11 476.306669
demand_195 8 12 341.783142
demand_196 8 13 34.437474
demand_197 8 14 107.382848
demand_198 8 15 44.737745
demand_199 8 16 1481.434811
demand_200 8 17 524.201991
demand_201 8 18 19.508451
demand_202 8 19 247.869274
demand_203 8 20 108.339186
demand_204 8 21 120.528562
demand_205 8 22 456.177813
demand_206 8 23 47.083177
demand_207 9 0 41.072977
demand_208 9 1 21.406799
demand_209 9 2 204.437727
demand_210 9 3 913.603759
demand_211 9 4 132.440971
demand_212 9 5 275.777436
demand_213 9 6 88.848590
demand_214 9 7 271.597191
demand_215 9 8 228.151453
demand_216 9 10 183.052383
demand_217 9 11 401.248870
demand_218 9 12 287.923954
demand_219 9 13 29.010716
demand_220 9 14 90.461145
demand_221 9 15 37.687840
demand_222 9 16 1247.985977
demand_223 9 17 441.596706
demand_224 9 18 16.434253
demand_225 9 19 208.809308
demand_226 9 20 91.266780
demand_227 9 21 101.535319
demand_228 9 22 384.291978
demand_229 9 23 39.663672
demand_230 10 0 64.512286
demand_231 10 1 33.623117
demand_232 10 2 321.105163
demand_233 10 3 1434.974299
demand_234 10 4 208.021681
demand_235 10 5 433.156638
demand_236 10 6 139.552232
demand_237 10 7 426.590832
demand_238 10 8 358.351712
demand_239 10 9 773.122307
demand_240 10 11 630.231443
demand_241 10 12 452.234866
demand_242 10 13 45.566397
demand_243 10 14 142.085030
demand_244 10 15 59.195337
demand_245 10 16 1960.179986
demand_246 10 17 693.604769
demand_247 10 18 25.812864
demand_248 10 19 327.971495
demand_249 10 20 143.350421
demand_250 10 21 159.478955
demand_251 10 22 603.597682
demand_252 10 23 62.298726
demand_253 11 0 5.208377
demand_254 11 1 2.714550
demand_255 11 2 25.924312
demand_256 11 3 115.852144
demand_257 11 4 16.794557
demand_258 11 5 34.970748
demand_259 11 6 11.266700
demand_260 11 7 34.440660
demand_261 11 8 28.931399
demand_262 11 9 62.417757
demand_263 11 10 23.212482
demand_264 11 12 36.511022
demand_265 11 13 3.678787
demand_266 11 14 11.471185
demand_267 11 15 4.779115
demand_268 11 16 158.254440
demand_269 11 17 55.997936
demand_270 11 18 2.083993
demand_271 11 19 26.478663
demand_272 11 20 11.573346
demand_273 11 21 12.875477
demand_274 11 22 48.731246
demand_275 11 23 5.029666
demand_276 12 0 5.827572
demand_277 12 1 3.037269
demand_278 12 2 29.006314
demand_279 12 3 129.625181
demand_280 12 4 18.791171
demand_281 12 5 39.128232
demand_282 12 6 12.606137
demand_283 12 7 38.535125
demand_284 12 8 32.370897
demand_285 12 9 69.838267
demand_286 12 10 25.972089
demand_287 12 11 56.930542
demand_288 12 13 4.116138
demand_289 12 14 12.834932
demand_290 12 15 5.347278
demand_291 12 16 177.068457
demand_292 12 17 62.655229
demand_293 12 18 2.331747
demand_294 12 19 29.626569
demand_295 12 20 12.949238
demand_296 12 21 14.406173
demand_297 12 22 54.524641
demand_298 12 23 5.627616
demand_299 13 0 37.936495
demand_300 13 1 19.772097
demand_301 13 2 188.826116
demand_302 13 3 843.837643
demand_303 13 4 122.327295
demand_304 13 5 254.718064
demand_305 13 6 82.063788
demand_306 13 7 250.857038
demand_307 13 8 210.728976
demand_308 13 9 454.635114
demand_309 13 10 169.073835
demand_310 13 11 370.608042
demand_311 13 12 265.937030
demand_312 13 14 83.553202
demand_313 13 15 34.809859
demand_314 13 16 1152.685215
demand_315 13 17 407.874771
demand_316 13 18 15.179273
demand_317 13 19 192.863868
demand_318 13 20 84.297315
demand_319 13 21 93.781711
demand_320 13 22 354.946040
demand_321 13 23 36.634810
demand_322 14 0 52.837390
demand_323 14 1 27.538285
demand_324 14 2 262.994225
demand_325 14 3 1175.284601
demand_326 14 4 170.375649
demand_327 14 5 354.767557
demand_328 14 6 114.297231
demand_329 14 7 349.389976
demand_330 14 8 293.500204
demand_331 14 9 633.209070
demand_332 14 10 235.483539
demand_333 14 11 516.177405
demand_334 14 12 370.393166
demand_335 14 13 37.320170
demand_336 14 15 48.482658
demand_337 14 16 1605.442935
demand_338 14 17 568.081954
demand_339 14 18 21.141467
demand_340 14 19 268.617945
demand_341 14 20 117.408055
demand_342 14 21 130.617782
demand_343 14 22 494.363600
demand_344 14 23 51.024421
demand_345 15 0 176.296643
demand_346 15 1 91.883934
demand_347 15 2 877.503587
demand_348 15 3 3921.441447
demand_349 15 4 568.473485
demand_350 15 5 1183.713459
demand_351 15 6 381.362862
demand_352 15 7 1165.770685
demand_353 15 8 979.289496
demand_354 15 9 2112.758297
demand_355 15 10 785.711743
demand_356 15 11 1722.271753
demand_357 15 12 1235.849693
demand_358 15 13 124.522061
demand_359 15 14 388.284394
demand_360 15 16 5356.702934
demand_361 15 17 1895.455891
demand_362 15 18 70.540383
demand_363 15 19 896.267630
demand_364 15 20 391.742404
demand_365 15 21 435.817830
demand_366 15 22 1649.488056
demand_367 15 23 170.247513
demand_368 16 0 65.930329
demand_369 16 1 34.362186
demand_370 16 2 328.163369
demand_371 16 3 1466.516439
demand_372 16 4 212.594201
demand_373 16 5 442.677844
demand_374 16 6 142.619726
demand_375 16 7 435.967716
demand_376 16 8 366.228634
demand_377 16 9 790.116291
demand_378 16 10 293.835622
demand_379 16 11 644.084547
demand_380 16 12 462.175431
demand_381 16 13 46.567991
demand_382 16 14 145.208198
demand_383 16 15 60.496508
demand_384 16 17 708.850881
demand_385 16 18 26.380256
demand_386 16 19 335.180630
demand_387 16 20 146.501403
demand_388 16 21 162.984459
demand_389 16 22 616.865350
demand_390 16 23 63.668113
demand_391 17 0 394.120581
demand_392 17 1 205.411451
demand_393 17 2 1961.706228
demand_394 17 3 8766.592208
demand_395 17 4 1270.852896
demand_396 17 5 2646.254784
demand_397 17 6 852.557086
demand_398 17 7 2606.142751
demand_399 17 8 2189.254073
demand_400 17 9 4723.184235
demand_401 17 10 1756.500648
demand_402 17 11 3850.230670
demand_403 17 12 2762.808125
demand_404 17 13 278.375732
demand_405 17 14 868.030542
demand_406 17 15 361.638101
demand_407 17 16 11975.196068
demand_408 17 18 157.696801
demand_409 17 19 2003.654250
demand_410 17 20 875.761108
demand_411 17 21 974.294081
demand_412 17 22 3687.518820
demand_413 17 23 380.597427
demand_414 18 0 193.108653
demand_415 18 1 100.646174
demand_416 18 2 961.184128
demand_417 18 3 4295.398142
demand_418 18 4 622.684281
demand_419 18 5 1296.594801
demand_420 18 6 417.730406
demand_421 18 7 1276.940967
demand_422 18 8 1072.676549
demand_423 18 9 2314.235259
demand_424 18 10 860.638825
demand_425 18 11 1886.511118
demand_426 18 12 1353.702853
demand_427 18 13 136.396740
demand_428 18 14 425.311990
demand_429 18 15 177.193097
demand_430 18 16 5867.529106
demand_431 18 17 2076.210450
demand_432 18 19 981.737548
demand_433 18 20 429.099763
demand_434 18 21 477.378311
demand_435 18 22 1806.786618
demand_436 18 23 186.482665
demand_437 19 0 1.351040
demand_438 19 1 0.704148
demand_439 19 2 6.724703
demand_440 19 3 30.051762
demand_441 19 4 4.356467
demand_442 19 5 9.071326
demand_443 19 6 2.922554
demand_444 19 7 8.933823
demand_445 19 8 7.504734
demand_446 19 9 16.191013
demand_447 19 10 6.021261
demand_448 19 11 13.198540
demand_449 19 12 9.470870
demand_450 19 13 0.954268
demand_451 19 14 2.975597
demand_452 19 15 1.239691
demand_453 19 16 41.050813
demand_454 19 17 14.525727
demand_455 19 18 0.540583
demand_456 19 20 3.002097
demand_457 19 21 3.339867
demand_458 19 22 12.640766
demand_459 19 23 1.304683
demand_460 20 0 293.578074
demand_461 20 1 153.009767
demand_462 20 2 1461.263290
demand_463 20 3 6530.182342
demand_464 20 4 946.650756
demand_465 20 5 1971.179434
demand_466 20 6 635.064698
demand_467 20 7 1941.300219
demand_468 20 8 1630.762325
demand_469 20 9 3518.271817
demand_470 20 10 1308.406875
demand_471 20 11 2868.013903
demand_472 20 12 2057.999323
demand_473 20 13 207.360425
demand_474 20 14 646.590783
demand_475 20 15 269.382068
demand_476 20 16 8920.252255
demand_477 20 17 3156.408876
demand_478 20 18 117.467408
demand_479 20 19 1492.510122
demand_480 20 21 725.745860
demand_481 20 22 2746.810815
demand_482 20 23 283.504757
demand_483 21 0 419.906740
demand_484 21 1 218.850923
demand_485 21 2 2090.054939
demand_486 21 3 9340.164743
demand_487 21 4 1354.001091
demand_488 21 5 2819.391509
demand_489 21 6 908.337407
demand_490 21 7 2776.655063
demand_491 21 8 2332.490576
demand_492 21 9 5032.208391
demand_493 21 10 1871.423357
demand_494 21 11 4102.140022
demand_495 21 12 2943.570595
demand_496 21 13 296.589043
demand_497 21 14 924.823247
demand_498 21 15 385.299026
demand_499 21 16 12758.698186
demand_500 21 17 4514.633337
demand_501 21 18 168.014442
demand_502 21 19 2134.747498
demand_503 21 20 933.059600
demand_504 21 22 3928.782411
demand_505 21 23 405.498805
demand_506 22 0 104.424500
demand_507 22 1 54.424938
demand_508 22 2 519.765277
demand_509 22 3 2322.758710
demand_510 22 4 336.719738
demand_511 22 5 701.140329
demand_512 22 6 225.889873
demand_513 22 7 690.512417
demand_514 22 8 580.055379
demand_515 22 9 1251.434658
demand_516 22 10 465.394886
demand_517 22 11 1020.140621
demand_518 22 12 732.021803
demand_519 22 13 73.757241
demand_520 22 14 229.989653
demand_521 22 15 95.818082
demand_522 22 16 3172.896641
demand_523 22 17 1122.721514
demand_524 22 18 41.782669
demand_525 22 19 530.879645
demand_526 22 20 232.037911
demand_527 22 21 258.144785
demand_528 22 23 100.841464
demand_529 23 0 64.481293
demand_530 23 1 33.606963
demand_531 23 2 320.950897
demand_532 23 3 1434.284906
demand_533 23 4 207.921742
demand_534 23 5 432.948540
demand_535 23 6 139.485188
demand_536 23 7 426.385889
demand_537 23 8 358.179552
demand_538 23 9 772.750882
demand_539 23 10 287.377616
demand_540 23 11 629.928666
demand_541 23 12 452.017603
demand_542 23 13 45.544506
demand_543 23 14 142.016770
demand_544 23 15 59.166898
demand_545 23 16 1959.238272
demand_546 23 17 693.271546
demand_547 23 18 25.800463
demand_548 23 19 327.813930
demand_549 23 20 143.281552
demand_550 23 21 159.402338
demand_551 23 22 603.307700
