DEMANDS 552
label src dest bw
demand_0 0 1 66.313721
demand_1 0 2 867.881047
demand_2 0 3 2887.664512
demand_3 0 4 665.214510
demand_4 0 5 1082.158252
demand_5 0 6 486.985312
demand_6 0 7 1055.916728
demand_7 0 8 943.593552
demand_8 0 9 2362.938186
demand_9 0 10 708.583427
demand_10 0 11 1389.813054
demand_11 0 12 1106.460942
demand_12 0 13 81.248454
demand_13 0 14 547.025386
demand_14 0 15 100.544000
demand_15 0 16 3820.928659
demand_16 0 17 1579.959896
demand_17 0 18 35.881847
demand_18 0 19 875.426658
demand_19 0 20 637.980672
demand_20 0 21 651.507990
demand_21 0 22 1275.971893
demand_22 0 23 121.806836
demand_23 1 0 315.343585
demand_24 1 2 1111.498857
demand_25 1 3 3698.243920
demand_26 1 4 851.942983
demand_27 1 5 1385.924563
demand_28 1 6 623.684109
demand_29 1 7 1352.316934
demand_30 1 8 1208.464177
demand_31 1 9 3026.224737
demand_32 1 10 907.485735
demand_33 1 11 1779.939344
demand_34 1 12 1417.049118
demand_35 1 13 104.055232
demand_36 1 14 700.577681
demand_37 1 15 128.767118
demand_38 1 16 4893.479185
demand_39 1 17 2023.461193
demand_40 1 18 45.954030
demand_41 1 19 1121.162552
demand_42 1 20 817.064494
demand_43 1 21 834.388986
demand_44 1 22 1634.142496
demand_45 1 23 155.998520
demand_46 2 0 141.023787
demand_47 2 1 37.980492
demand_48 2 3 1653.879723
demand_49 2 4 380.994671
demand_50 2 5 619.794849
demand_51 2 6 278.915757
demand_52 2 7 604.765290
demand_53 2 8 540.433363
demand_54 2 9 1353.348194
demand_55 2 10 405.833766
demand_56 2 11 796.000927
demand_57 2 12 633.713961
demand_58 2 13 46.534204
demand_59 2 14 313.303083
demand_60 2 15 57.585527
demand_61 2 16 2188.397027
demand_62 2 17 904.905547
demand_63 2 18 20.550953
demand_64 2 19 501.391485
demand_65 2 20 365.396774
demand_66 2 21 373.144404
demand_67 2 22 730.799590
demand_68 2 23 69.763594
demand_69 3 0 191.495239
demand_70 3 1 51.573452
demand_71 3 2 674.967717
demand_72 3 4 517.350068
demand_73 3 5 841.615204
demand_74 3 6 378.737806
demand_75 3 7 821.206668
demand_76 3 8 733.850782
demand_77 3 9 1837.702295
demand_78 3 10 551.078906
demand_79 3 11 1080.884237
demand_80 3 12 860.515871
demand_81 3 13 63.188479
demand_82 3 14 425.432122
demand_83 3 15 78.194995
demand_84 3 16 2971.609418
demand_85 3 17 1228.765079
demand_86 3 18 27.906000
demand_87 3 19 680.836083
demand_88 3 20 496.169791
demand_89 3 21 506.690245
demand_90 3 22 992.347785
demand_91 3 23 94.731510
demand_92 4 0 282.565416
demand_93 4 1 76.100450
demand_94 4 2 995.964883
demand_95 4 3 3313.832533
demand_96 4 5 1241.865600
demand_97 4 6 558.855699
demand_98 4 7 1211.751293
demand_99 4 8 1082.851210
demand_100 4 9 2711.665916
demand_101 4 10 813.157763
demand_102 4 11 1594.924789
demand_103 4 12 1269.754935
demand_104 4 13 93.239283
demand_105 4 14 627.756623
demand_106 4 15 115.382509
demand_107 4 16 4384.829902
demand_108 4 17 1813.133930
demand_109 4 18 41.177370
demand_110 4 19 1004.624092
demand_111 4 20 732.135294
demand_112 4 21 747.659004
demand_113 4 22 1464.282693
demand_114 4 23 139.783362
demand_115 5 0 102.831979
demand_116 5 1 27.694684
demand_117 5 2 362.454265
demand_118 5 3 1205.979000
demand_119 5 4 277.814381
demand_120 5 6 203.380295
demand_121 5 7 440.983845
demand_122 5 8 394.074175
demand_123 5 9 986.836878
demand_124 5 10 295.926597
demand_125 5 11 580.429392
demand_126 5 12 462.092689
demand_127 5 13 33.931895
demand_128 5 14 228.454907
demand_129 5 15 41.990318
demand_130 5 16 1595.739293
demand_131 5 17 659.840660
demand_132 5 18 14.985381
demand_133 5 19 365.605548
demand_134 5 20 266.440679
demand_135 5 21 272.090110
demand_136 5 22 532.885763
demand_137 5 23 50.870344
demand_138 6 0 225.978344
demand_139 6 1 60.860433
demand_140 6 2 796.511116
demand_141 6 3 2650.198310
demand_142 6 4 610.510800
demand_143 6 5 993.167301
demand_144 6 7 969.083741
demand_145 6 8 865.997427
demand_146 6 9 2168.622692
demand_147 6 10 650.313287
demand_148 6 11 1275.522205
demand_149 6 12 1015.471467
demand_150 6 13 74.567012
demand_151 6 14 502.040922
demand_152 6 15 92.275795
demand_153 6 16 3506.715767
demand_154 6 17 1450.032381
demand_155 6 18 32.931114
demand_156 6 19 803.436216
demand_157 6 20 585.516528
demand_158 6 21 597.931431
demand_159 6 22 1171.042737
demand_160 6 23 111.790088
demand_161 7 0 180.743519
demand_162 7 1 48.677801
demand_163 7 2 637.070879
demand_164 7 3 2119.699439
demand_165 7 4 488.302854
demand_166 7 5 794.361752
demand_167 7 6 357.473137
demand_168 7 8 692.647887
demand_169 7 9 1734.522389
demand_170 7 10 520.137948
demand_171 7 11 1020.196750
demand_172 7 12 812.201219
demand_173 7 13 59.640689
demand_174 7 14 401.545747
demand_175 7 15 73.804647
demand_176 7 16 2804.764994
demand_177 7 17 1159.774653
demand_178 7 18 26.339185
demand_179 7 19 642.609759
demand_180 7 20 468.311768
demand_181 7 21 478.241539
demand_182 7 22 936.631279
demand_183 7 23 89.412700
demand_184 8 0 67.902884
demand_185 8 1 18.287588
demand_186 8 2 239.338873
demand_187 8 3 796.342278
demand_188 8 4 183.448748
demand_189 8 5 298.430917
demand_190 8 6 134.297800
demand_191 8 7 291.194191
demand_192 8 9 651.636493
demand_193 8 10 195.408760
demand_194 8 11 383.274057
demand_195 8 12 305.132962
demand_196 8 13 22.406197
demand_197 8 14 150.855281
demand_198 8 15 27.727403
demand_199 8 16 1053.712098
demand_200 8 17 435.711578
demand_201 8 18 9.895274
demand_202 8 19 241.419755
demand_203 8 20 175.938368
demand_204 8 21 179.668848
demand_205 8 22 351.879645
demand_206 8 23 33.591137
demand_207 9 0 56.762326
demand_208 9 1 15.287216
demand_209 9 2 200.071490
demand_210 9 3 665.689547
demand_211 9 4 153.351037
demand_212 9 5 249.468536
demand_213 9 6 112.264091
demand_214 9 7 243.419111
demand_215 9 8 217.525395
demand_216 9 10 163.348817
demand_217 9 11 320.391797
demand_218 9 12 255.071003
demand_219 9 13 18.730100
demand_220 9 14 126.105051
demand_221 9 15 23.178278
demand_222 9 16 880.833718
demand_223 9 17 364.226102
demand_224 9 18 8.271795
demand_225 9 19 201.810970
demand_226 9 20 147.072855
demand_227 9 21 150.191290
demand_228 9 22 294.148142
demand_229 9 23 28.079972
demand_230 10 0 118.331354
demand_231 10 1 31.868972
demand_232 10 2 417.085272
demand_233 10 3 1387.750478
demand_234 10 4 319.688021
demand_235 10 5 520.062364
demand_236 10 6 234.034839
demand_237 10 7 507.451242
demand_238 10 8 453.471100
demand_239 10 9 1135.578106
demand_240 10 11 667.914753
demand_241 10 12 531.741722
demand_242 10 13 39.046288
demand_243 10 14 262.888829
demand_244 10 15 48.319319
demand_245 10 16 1836.257485
demand_246 10 17 759.295303
demand_247 10 18 17.244056
demand_248 10 19 420.711533
demand_249 10 20 306.600015
demand_250 10 21 313.100958
demand_251 10 22 613.205099
demand_252 10 23 58.537788
demand_253 11 0 15.177030
demand_254 11 1 4.087474
demand_255 11 2 53.494832
demand_256 11 3 177.991128
demand_257 11 4 41.002783
demand_258 11 5 66.702544
demand_259 11 6 30.017014
demand_260 11 7 65.085057
demand_261 11 8 58.161632
demand_262 11 9 145.647817
demand_263 11 10 43.675975
demand_264 11 12 68.200523
demand_265 11 13 5.008028
demand_266 11 14 33.717790
demand_267 11 15 6.197375
demand_268 11 16 235.516072
demand_269 11 17 97.386259
demand_270 11 18 2.211701
demand_271 11 19 53.959931
demand_272 11 20 39.324132
demand_273 11 21 40.157934
demand_274 11 22 78.648914
demand_275 11 23 7.507983
demand_276 12 0 22.131892
demand_277 12 1 5.960556
demand_278 12 2 78.008795
demand_279 12 3 259.555420
demand_280 12 4 59.792275
demand_281 12 5 97.268931
demand_282 12 6 43.772286
demand_283 12 7 94.910232
demand_284 12 8 84.814153
demand_285 12 9 212.390813
demand_286 12 10 63.690456
demand_287 12 11 124.922237
demand_288 12 13 7.302952
demand_289 12 14 49.168940
demand_290 12 15 9.037317
demand_291 12 16 343.441123
demand_292 12 17 142.013434
demand_293 12 18 3.225211
demand_294 12 19 78.687026
demand_295 12 20 57.344384
demand_296 12 21 58.560276
demand_297 12 22 114.689715
demand_298 12 23 10.948510
demand_299 13 0 55.619346
demand_300 13 1 14.979389
demand_301 13 2 196.042799
demand_302 13 3 652.285052
demand_303 13 4 150.263121
demand_304 13 5 244.445173
demand_305 13 6 110.003513
demand_306 13 7 238.517562
demand_307 13 8 213.145248
demand_308 13 9 533.756346
demand_309 13 10 160.059583
demand_310 13 11 313.940306
demand_311 13 12 249.934828
demand_312 13 14 123.565768
demand_313 13 15 22.711554
demand_314 13 16 863.097026
demand_315 13 17 356.891952
demand_316 13 18 8.105233
demand_317 13 19 197.747252
demand_318 13 20 144.111359
demand_319 13 21 147.167000
demand_320 13 22 288.225100
demand_321 13 23 27.514546
demand_322 14 0 87.051236
demand_323 14 1 23.444618
demand_324 14 2 306.831513
demand_325 14 3 1020.907731
demand_326 14 4 235.180587
demand_327 14 5 382.587285
demand_328 14 6 172.169263
demand_329 14 7 373.309831
demand_330 14 8 333.598986
demand_331 14 9 835.395474
demand_332 14 10 250.513277
demand_333 14 11 491.355864
demand_334 14 12 391.179282
demand_335 14 13 28.724658
demand_336 14 15 35.546424
demand_337 14 16 1350.854849
demand_338 14 17 558.580564
demand_339 14 18 12.685703
demand_340 14 19 309.499195
demand_341 14 20 225.552310
demand_342 14 21 230.334771
demand_343 14 22 451.108349
demand_344 14 23 43.063708
demand_345 15 0 289.141506
demand_346 15 1 77.871520
demand_347 15 2 1019.143779
demand_348 15 3 3390.954710
demand_349 15 4 781.154551
demand_350 15 5 1270.767295
demand_351 15 6 571.861838
demand_352 15 7 1239.952144
demand_353 15 8 1108.052195
demand_354 15 9 2774.773987
demand_355 15 10 832.082224
demand_356 15 11 1632.043162
demand_357 15 12 1299.305694
demand_358 15 13 95.409223
demand_359 15 14 642.366280
demand_360 15 16 4486.877191
demand_361 15 17 1855.330641
demand_362 15 18 42.135683
demand_363 15 19 1028.004512
demand_364 15 20 749.174136
demand_365 15 21 765.059126
demand_366 15 22 1498.360658
demand_367 15 23 143.036513
demand_368 16 0 127.237853
demand_369 16 1 34.267668
demand_370 16 2 448.478214
demand_371 16 3 1492.202908
demand_372 16 4 343.750121
demand_373 16 5 559.206128
demand_374 16 6 251.650043
demand_375 16 7 545.645800
demand_376 16 8 487.602711
demand_377 16 9 1221.050167
demand_378 16 10 366.161044
demand_379 16 11 718.186989
demand_380 16 12 571.764562
demand_381 16 13 41.985202
demand_382 16 14 282.675799
demand_383 16 15 51.956191
demand_384 16 17 816.445519
demand_385 16 18 18.541973
demand_386 16 19 452.377414
demand_387 16 20 329.677014
demand_388 16 21 336.667267
demand_389 16 22 659.359479
demand_390 16 23 62.943778
demand_391 17 0 483.234858
demand_392 17 1 130.144695
demand_393 17 2 1703.269123
demand_394 17 3 5667.216512
demand_395 17 4 1305.523768
demand_396 17 5 2123.801117
demand_397 17 6 955.738171
demand_398 17 7 2072.300536
demand_399 17 8 1851.859500
demand_400 17 9 4637.409314
demand_401 17 10 1390.637896
demand_402 17 11 2727.592300
demand_403 17 12 2171.496617
demand_404 17 13 159.455012
demand_405 17 14 1073.570454
demand_406 17 15 197.323690
demand_407 17 16 7498.803930
demand_408 17 18 70.420298
demand_409 17 19 1718.077841
demand_410 17 20 1252.075712
demand_411 17 21 1278.623893
demand_412 17 22 2504.172126
demand_413 17 23 239.053293
demand_414 18 0 376.081454
demand_415 18 1 101.286166
demand_416 18 2 1325.583031
demand_417 18 3 4410.557287
demand_418 18 4 1016.034478
demand_419 18 5 1652.865472
demand_420 18 6 743.810996
demand_421 18 7 1612.784727
demand_422 18 8 1441.224699
demand_423 18 9 3609.101470
demand_424 18 10 1082.275239
demand_425 18 11 2122.770865
demand_426 18 12 1689.984882
demand_427 18 13 124.097158
demand_428 18 14 835.514927
demand_429 18 15 153.568764
demand_430 18 16 5836.005074
demand_431 18 17 2413.197103
demand_432 18 19 1337.108036
demand_433 18 20 974.438094
demand_434 18 21 995.099431
demand_435 18 22 1948.892299
demand_436 18 23 186.045167
demand_437 19 0 11.063177
demand_438 19 1 2.979532
demand_439 19 2 38.994636
demand_440 19 3 129.745232
demand_441 19 4 29.888656
demand_442 19 5 48.622294
demand_443 19 6 21.880666
demand_444 19 7 47.443240
demand_445 19 8 42.396464
demand_446 19 9 106.168830
demand_447 19 10 31.837258
demand_448 19 11 62.445487
demand_449 19 12 49.714235
demand_450 19 13 3.650562
demand_451 19 14 24.578318
demand_452 19 15 4.517528
demand_453 19 16 171.677587
demand_454 19 17 70.988947
demand_455 19 18 1.612202
demand_456 19 20 28.665016
demand_457 19 21 29.272810
demand_458 19 22 57.330507
demand_459 19 23 5.472885
demand_460 20 0 409.135336
demand_461 20 1 110.188230
demand_462 20 2 1442.088819
demand_463 20 3 4798.202150
demand_464 20 4 1105.333975
demand_465 20 5 1798.136186
demand_466 20 6 809.184710
demand_467 20 7 1754.532735
demand_468 20 8 1567.894259
demand_469 20 9 3926.306203
demand_470 20 10 1177.396651
demand_471 20 11 2309.341669
demand_472 20 12 1838.518030
demand_473 20 13 135.004085
demand_474 20 14 908.948520
demand_475 20 15 167.065957
demand_476 20 16 6348.932860
demand_477 20 17 2625.293534
demand_478 20 18 59.622007
demand_479 20 19 1454.626759
demand_480 20 21 1082.558942
demand_481 20 22 2120.180878
demand_482 20 23 202.396718
demand_483 21 0 497.790339
demand_484 21 1 134.064774
demand_485 21 2 1754.573165
demand_486 21 3 5837.918316
demand_487 21 4 1344.847352
demand_488 21 5 2187.771971
demand_489 21 6 984.525889
demand_490 21 7 2134.720145
demand_491 21 8 1907.639221
demand_492 21 9 4777.092373
demand_493 21 10 1432.525195
demand_494 21 11 2809.749903
demand_495 21 12 2236.904104
demand_496 21 13 164.257945
demand_497 21 14 1105.907389
demand_498 21 15 203.267262
demand_499 21 16 7724.674841
demand_500 21 17 3194.164965
demand_501 21 18 72.541422
demand_502 21 19 1769.827934
demand_503 21 20 1289.789391
demand_504 21 22 2579.600107
demand_505 21 23 246.253799
demand_506 22 0 193.910409
demand_507 22 1 52.223904
demand_508 22 2 683.480521
demand_509 22 3 2274.116312
demand_510 22 4 523.874973
demand_511 22 5 852.229794
demand_512 22 6 383.514510
demand_513 22 7 831.563863
demand_514 22 8 743.106230
demand_515 22 9 1860.879701
demand_516 22 10 558.029205
demand_517 22 11 1094.516528
demand_518 22 12 871.368840
demand_519 22 13 63.985423
demand_520 22 14 430.797743
demand_521 22 15 79.181203
demand_522 22 16 3009.087848
demand_523 22 17 1244.262468
demand_524 22 18 28.257955
demand_525 22 19 689.422900
demand_526 22 20 502.427566
demand_527 22 21 513.080706
demand_528 22 23 95.926279
demand_529 23 0 110.965647
demand_530 23 1 29.885241
demand_531 23 2 391.123191
demand_532 23 3 1301.367927
demand_533 23 4 299.788575
demand_534 23 5 487.690324
demand_535 23 6 219.466999
demand_536 23 7 475.864200
demand_537 23 8 425.244131
demand_538 23 9 1064.892392
demand_539 23 10 319.333407
demand_540 23 11 626.339426
demand_541 23 12 498.642684
demand_542 23 13 36.615795
demand_543 23 14 246.524930
demand_544 23 15 45.311613
demand_545 23 16 1721.956962
demand_546 23 17 712.031861
demand_547 23 18 16.170675
demand_548 23 19 394.523730
demand_549 23 20 287.515250
demand_550 23 21 293.611532
demand_551 23 22 575.035254
