DEMANDS 552
label src dest bw
demand_0 0 1 45.998154
demand_1 0 2 748.352327
demand_2 0 3 2043.047643
demand_3 0 4 633.339098
demand_4 0 5 1188.402220
demand_5 0 6 258.712737
demand_6 0 7 1020.732730
demand_7 0 8 1015.698415
demand_8 0 9 1830.962623
demand_9 0 10 699.856862
demand_10 0 11 1449.815793
demand_11 0 12 1349.809133
demand_12 0 13 60.042848
demand_13 0 14 486.943001
demand_14 0 15 74.979674
demand_15 0 16 2933.275421
demand_16 0 17 1772.779064
demand_17 0 18 10.033295
demand_18 0 19 811.219482
demand_19 0 20 511.725828
demand_20 0 21 583.379052
demand_21 0 22 1372.838051
demand_22 0 23 83.762623
demand_23 1 0 235.536816
demand_24 1 2 1332.051495
demand_25 1 3 3636.582089
demand_26 1 4 1127.330352
demand_27 1 5 2115.331104
demand_28 1 6 460.503263
demand_29 1 7 1816.882917
demand_30 1 8 1807.921942
demand_31 1 9 3259.075188
demand_32 1 10 1245.730581
demand_33 1 11 2580.641800
demand_34 1 12 2402.632035
demand_35 1 13 106.875014
demand_36 1 14 866.748361
demand_37 1 15 133.462252
demand_38 1 16 5221.168921
demand_39 1 17 3155.509670
demand_40 1 18 17.859056
demand_41 1 19 1443.953718
demand_42 1 20 910.861275
demand_43 1 21 1038.402515
demand_44 1 22 2443.623027
demand_45 1 23 149.095718
demand_46 2 0 89.317787
demand_47 2 1 31.048059
demand_48 2 3 1379.026303
demand_49 2 4 427.494326
demand_50 2 5 802.153550
demand_51 2 6 174.627190
demand_52 2 7 688.979176
demand_53 2 8 685.581090
demand_54 2 9 1235.872118
demand_55 2 10 472.392812
demand_56 2 11 978.603764
demand_57 2 12 911.100779
demand_58 2 13 40.528015
demand_59 2 14 328.679171
demand_60 2 15 50.610148
demand_61 2 16 1979.916608
demand_62 2 17 1196.599094
demand_63 2 18 6.772323
demand_64 2 19 547.560899
demand_65 2 20 345.407205
demand_66 2 21 393.772049
demand_67 2 22 926.644950
demand_68 2 23 56.538506
demand_69 3 0 102.830822
demand_70 3 1 35.745371
demand_71 3 2 581.547938
demand_72 3 4 492.170644
demand_73 3 5 923.512677
demand_74 3 6 201.046825
demand_75 3 7 793.215967
demand_76 3 8 789.303778
demand_77 3 9 1422.849239
demand_78 3 10 543.861896
demand_79 3 11 1126.658334
demand_80 3 12 1048.942711
demand_81 3 13 46.659565
demand_82 3 14 378.405583
demand_83 3 15 58.267040
demand_84 3 16 2279.461442
demand_85 3 17 1377.634535
demand_86 3 18 7.796919
demand_87 3 19 630.402286
demand_88 3 20 397.664428
demand_89 3 21 453.346469
demand_90 3 22 1066.838586
demand_91 3 23 65.092309
demand_92 4 0 174.326026
demand_93 4 1 60.598062
demand_94 4 2 985.880878
demand_95 4 3 2691.515120
demand_96 4 5 1565.603501
demand_97 4 6 340.828686
demand_98 4 7 1344.715374
demand_99 4 8 1338.083157
demand_100 4 9 2412.113884
demand_101 4 10 921.992853
demand_102 4 11 1909.990275
demand_103 4 12 1778.241297
demand_104 4 13 79.100570
demand_105 4 14 641.499700
demand_106 4 15 98.778375
demand_107 4 16 3864.303006
demand_108 4 17 2335.462745
demand_109 4 18 13.217883
demand_110 4 19 1068.702196
demand_111 4 20 674.148647
demand_112 4 21 768.544749
demand_113 4 22 1808.579640
demand_114 4 23 110.349050
demand_115 5 0 72.186628
demand_116 5 1 25.093039
demand_117 5 2 408.243211
demand_118 5 3 1114.528946
demand_119 5 4 345.500879
demand_120 5 6 141.133681
demand_121 5 7 556.832915
demand_122 5 8 554.086581
demand_123 5 9 998.831745
demand_124 5 10 381.787832
demand_125 5 11 790.907483
demand_126 5 12 736.351575
demand_127 5 13 32.754739
demand_128 5 14 265.638480
demand_129 5 15 40.903117
demand_130 5 16 1600.168442
demand_131 5 17 967.091291
demand_132 5 18 5.473391
demand_133 5 19 442.538674
demand_134 5 20 279.158075
demand_135 5 21 318.246538
demand_136 5 22 748.914374
demand_137 5 23 45.694416
demand_138 6 0 125.931004
demand_139 6 1 43.775304
demand_140 6 2 712.188374
demand_141 6 3 1944.317840
demand_142 6 4 602.733133
demand_143 6 5 1130.972958
demand_144 6 7 971.406058
demand_145 6 8 966.615025
demand_146 6 9 1742.481780
demand_147 6 10 666.036441
demand_148 6 11 1379.753782
demand_149 6 12 1284.579920
demand_150 6 13 57.141291
demand_151 6 14 463.411594
demand_152 6 15 71.356299
demand_153 6 16 2791.525568
demand_154 6 17 1687.109928
demand_155 6 18 9.548439
demand_156 6 19 772.017489
demand_157 6 20 486.996796
demand_158 6 21 555.187394
demand_159 6 22 1306.495971
demand_160 6 23 79.714814
demand_161 7 0 91.016061
demand_162 7 1 31.638402
demand_163 7 2 514.730913
demand_164 7 3 1405.246887
demand_165 7 4 435.622634
demand_166 7 5 817.405568
demand_167 7 6 177.947524
demand_168 7 8 698.616618
demand_169 7 9 1259.370791
demand_170 7 10 481.374812
demand_171 7 11 997.210778
demand_172 7 12 928.424302
demand_173 7 13 41.298609
demand_174 7 14 334.928624
demand_175 7 15 51.572441
demand_176 7 16 2017.562423
demand_177 7 17 1219.351037
demand_178 7 18 6.901091
demand_179 7 19 557.972133
demand_180 7 20 351.974722
demand_181 7 21 401.259167
demand_182 7 22 944.264028
demand_183 7 23 57.613520
demand_184 8 0 39.362076
demand_185 8 1 13.682785
demand_186 8 2 222.607713
demand_187 8 3 607.732678
demand_188 8 4 188.395443
demand_189 8 5 353.506619
demand_190 8 6 76.957669
demand_191 8 7 303.631018
demand_192 8 9 544.645066
demand_193 8 10 208.182069
demand_194 8 11 431.267689
demand_195 8 12 401.519329
demand_196 8 13 17.860573
demand_197 8 14 144.847907
demand_198 8 15 22.303737
demand_199 8 16 872.543200
demand_200 8 17 527.337565
demand_201 8 18 2.984542
demand_202 8 19 241.308415
demand_203 8 20 152.219900
demand_204 8 21 173.534139
demand_205 8 22 408.369598
demand_206 8 23 24.916347
demand_207 9 0 37.485031
demand_208 9 1 13.030299
demand_209 9 2 211.992302
demand_210 9 3 578.751955
demand_211 9 4 179.411499
demand_212 9 5 336.649079
demand_213 9 6 73.287817
demand_214 9 7 289.151878
demand_215 9 8 287.725764
demand_216 9 10 198.254567
demand_217 9 11 410.701986
demand_218 9 12 382.372226
demand_219 9 13 17.008862
demand_220 9 14 137.940598
demand_221 9 15 21.240147
demand_222 9 16 830.934555
demand_223 9 17 502.190614
demand_224 9 18 2.842219
demand_225 9 19 229.801230
demand_226 9 20 144.961046
demand_227 9 21 165.258881
demand_228 9 22 388.895828
demand_229 9 23 23.728170
demand_230 10 0 75.244001
demand_231 10 1 26.155823
demand_232 10 2 425.533834
demand_233 10 3 1161.733404
demand_234 10 4 360.134130
demand_235 10 5 675.758375
demand_236 10 6 147.111219
demand_237 10 7 580.416865
demand_238 10 8 577.554214
demand_239 10 9 1041.135995
demand_240 10 11 824.405364
demand_241 10 12 767.538811
demand_242 10 13 34.142024
demand_243 10 14 276.889260
demand_244 10 15 42.635517
demand_245 10 16 1667.941544
demand_246 10 17 1008.051214
demand_247 10 18 5.705209
demand_248 10 19 461.281837
demand_249 10 20 290.981461
demand_250 10 21 331.725466
demand_251 10 22 780.633691
demand_252 10 23 47.629745
demand_253 11 0 16.890193
demand_254 11 1 5.871257
demand_255 11 2 95.520551
demand_256 11 3 260.776949
demand_257 11 4 80.840130
demand_258 11 5 151.689025
demand_259 11 6 33.022391
demand_260 11 7 130.287499
demand_261 11 8 129.644913
demand_262 11 9 233.706173
demand_263 11 10 89.330534
demand_264 11 12 172.291189
demand_265 11 13 7.663938
demand_266 11 14 62.153964
demand_267 11 15 9.570492
demand_268 11 16 374.406646
demand_269 11 17 226.279557
demand_270 11 18 1.280661
demand_271 11 19 103.544987
demand_272 11 20 65.317273
demand_273 11 21 74.463173
demand_274 11 22 175.230626
demand_275 11 23 10.691557
demand_276 12 0 22.919641
demand_277 12 1 7.967174
demand_278 12 2 129.619407
demand_279 12 3 353.868914
demand_280 12 4 109.698381
demand_281 12 5 205.838862
demand_282 12 6 44.810700
demand_283 12 7 176.797435
demand_284 12 8 175.925459
demand_285 12 9 317.134432
demand_286 12 10 121.219683
demand_287 12 11 251.117365
demand_288 12 13 10.399805
demand_289 12 14 84.341641
demand_290 12 15 12.986959
demand_291 12 16 508.062056
demand_292 12 17 307.056668
demand_293 12 18 1.737831
demand_294 12 19 140.508401
demand_295 12 20 88.634185
demand_296 12 21 101.044981
demand_297 12 22 237.784327
demand_298 12 23 14.508222
demand_299 13 0 36.339257
demand_300 13 1 12.632013
demand_301 13 2 205.512509
demand_302 13 3 561.061725
demand_303 13 4 173.927577
demand_304 13 5 326.359007
demand_305 13 6 71.047690
demand_306 13 7 280.313613
demand_307 13 8 278.931089
demand_308 13 9 502.818939
demand_309 13 10 192.194685
demand_310 13 11 398.148400
demand_311 13 12 370.684572
demand_312 13 14 133.724283
demand_313 13 15 20.590917
demand_314 13 16 805.536070
demand_315 13 17 486.840571
demand_316 13 18 2.755343
demand_317 13 19 222.777087
demand_318 13 20 140.530142
demand_319 13 21 160.207550
demand_320 13 22 377.008773
demand_321 13 23 23.002891
demand_322 14 0 43.747428
demand_323 14 1 15.207192
demand_324 14 2 247.408572
demand_325 14 3 675.440539
demand_326 14 4 209.384692
demand_327 14 5 392.891002
demand_328 14 6 85.531569
demand_329 14 7 337.458731
demand_330 14 8 335.794364
demand_331 14 9 605.324299
demand_332 14 10 231.375757
demand_333 14 11 479.315480
demand_334 14 12 446.252838
demand_335 14 13 19.850430
demand_336 14 15 24.788610
demand_337 14 16 969.753759
demand_338 14 17 586.088558
demand_339 14 18 3.317052
demand_340 14 19 268.192730
demand_341 14 20 169.178810
demand_342 14 21 192.867681
demand_343 14 22 453.866299
demand_344 14 23 27.692292
demand_345 15 0 194.252433
demand_346 15 1 67.524748
demand_347 15 2 1098.572392
demand_348 15 3 2999.169849
demand_349 15 4 929.734327
demand_350 15 5 1744.560445
demand_351 15 6 379.787248
demand_352 15 7 1498.423611
demand_353 15 8 1491.033296
demand_354 15 9 2687.831541
demand_355 15 10 1027.381620
demand_356 15 11 2128.312489
demand_357 15 12 1981.503891
demand_358 15 13 88.142192
demand_359 15 14 714.826584
demand_360 15 16 4306.013730
demand_361 15 17 2602.418763
demand_362 15 18 14.728759
demand_363 15 19 1190.860635
demand_364 15 20 751.207482
demand_365 15 21 856.393569
demand_366 15 22 2015.310070
demand_367 15 23 122.962543
demand_368 16 0 87.862934
demand_369 16 1 30.542333
demand_370 16 2 496.898766
demand_371 16 3 1356.564036
demand_372 16 4 420.531085
demand_373 16 5 789.087673
demand_374 16 6 171.782776
demand_375 16 7 677.756740
demand_376 16 8 674.414003
demand_377 16 9 1215.741617
demand_378 16 10 464.698242
demand_379 16 11 962.663778
demand_380 16 12 896.260315
demand_381 16 13 39.867875
demand_382 16 14 323.325481
demand_383 16 15 49.785784
demand_384 16 17 1177.108292
demand_385 16 18 6.662012
demand_386 16 19 538.641954
demand_387 16 20 339.781041
demand_388 16 21 387.358094
demand_389 16 22 911.551296
demand_390 16 23 55.617578
demand_391 17 0 255.264141
demand_392 17 1 88.733235
demand_393 17 2 1443.617124
demand_394 17 3 3941.163081
demand_395 17 4 1221.749614
demand_396 17 5 2292.500113
demand_397 17 6 499.072595
demand_398 17 7 1969.055476
demand_399 17 8 1959.343976
demand_400 17 9 3532.038187
demand_401 17 10 1350.066424
demand_402 17 11 2796.782786
demand_403 17 12 2603.863859
demand_404 17 13 115.826303
demand_405 17 14 939.342646
demand_406 17 15 144.640349
demand_407 17 16 5658.466574
demand_408 17 18 19.354836
demand_409 17 19 1564.891688
demand_410 17 20 987.150225
demand_411 17 21 1125.373649
demand_412 17 22 2648.288041
demand_413 17 23 161.583191
demand_414 18 0 238.337357
demand_415 18 1 82.849258
demand_416 18 2 1347.889635
demand_417 18 3 3679.821178
demand_418 18 4 1140.734350
demand_419 18 5 2140.482465
demand_420 18 6 465.978663
demand_421 18 7 1838.485719
demand_422 18 8 1829.418197
demand_423 18 9 3297.825707
demand_424 18 10 1260.542362
demand_425 18 11 2611.325722
demand_426 18 12 2431.199415
demand_427 18 13 108.145761
demand_428 18 14 877.054030
demand_429 18 15 135.049123
demand_430 18 16 5283.248804
demand_431 18 17 3193.028791
demand_432 18 19 1461.122379
demand_433 18 20 921.691448
demand_434 18 21 1050.749157
demand_435 18 22 2472.677791
demand_436 18 23 150.868471
demand_437 19 0 0.188587
demand_438 19 1 0.065555
demand_439 19 2 1.066531
demand_440 19 3 2.911694
demand_441 19 4 0.902617
demand_442 19 5 1.693677
demand_443 19 6 0.368710
demand_444 19 7 1.454719
demand_445 19 8 1.447545
demand_446 19 9 2.609436
demand_447 19 10 0.997416
demand_448 19 11 2.066237
demand_449 19 12 1.923710
demand_450 19 13 0.085571
demand_451 19 14 0.693977
demand_452 19 15 0.106859
demand_453 19 16 4.180421
demand_454 19 17 2.526515
demand_455 19 18 0.014299
demand_456 19 20 0.729297
demand_457 19 21 0.831415
demand_458 19 22 1.956530
demand_459 19 23 0.119376
demand_460 20 0 239.120620
demand_461 20 1 83.121531
demand_462 20 2 1352.319289
demand_463 20 3 3691.914405
demand_464 20 4 1144.483217
demand_465 20 5 2147.516867
demand_466 20 6 467.510038
demand_467 20 7 1844.527650
demand_468 20 8 1835.430329
demand_469 20 9 3308.663558
demand_470 20 10 1264.684961
demand_471 20 11 2619.907485
demand_472 20 12 2439.189217
demand_473 20 13 108.501167
demand_474 20 14 879.936347
demand_475 20 15 135.492943
demand_476 20 16 5300.611475
demand_477 20 17 3203.522241
demand_478 20 18 18.130790
demand_479 20 19 1465.924156
demand_480 20 21 1054.202300
demand_481 20 22 2480.803907
demand_482 20 23 151.364280
demand_483 21 0 265.567936
demand_484 21 1 92.314972
demand_485 21 2 1501.889056
demand_486 21 3 4100.249020
demand_487 21 4 1271.065814
demand_488 21 5 2385.037399
demand_489 21 6 519.217773
demand_490 21 7 2048.536846
demand_491 21 8 2038.433339
demand_492 21 9 3674.609708
demand_493 21 10 1404.562160
demand_494 21 11 2909.675556
demand_495 21 12 2708.969413
demand_496 21 13 120.501658
demand_497 21 14 977.259424
demand_498 21 15 150.478789
demand_499 21 16 5886.871858
demand_500 21 17 3557.839509
demand_501 21 18 20.136099
demand_502 21 19 1628.058895
demand_503 21 20 1026.996768
demand_504 21 22 2755.186788
demand_505 21 23 168.105533
demand_506 22 0 116.814916
demand_507 22 1 40.606430
demand_508 22 2 660.633380
demand_509 22 3 1803.569550
demand_510 22 4 559.101554
demand_511 22 5 1049.102337
demand_512 22 6 228.387437
demand_513 22 7 901.086412
demand_514 22 8 896.642200
demand_515 22 9 1616.344311
demand_516 22 10 617.822364
demand_517 22 11 1279.874029
demand_518 22 12 1191.589760
demand_519 22 13 53.004859
demand_520 22 14 429.865438
demand_521 22 15 66.190849
demand_522 22 16 2589.448293
demand_523 22 17 1564.980802
demand_524 22 18 8.857231
demand_525 22 19 716.131492
demand_526 22 20 451.743318
demand_527 22 21 514.997630
demand_528 22 23 73.944294
demand_529 23 0 74.198751
demand_530 23 1 25.792480
demand_531 23 2 419.622543
demand_532 23 3 1145.595219
demand_533 23 4 355.131338
demand_534 23 5 666.371098
demand_535 23 6 145.067628
demand_536 23 7 572.354021
demand_537 23 8 569.531137
demand_538 23 9 1026.673085
demand_539 23 10 392.429749
demand_540 23 11 812.953162
demand_541 23 12 756.876568
demand_542 23 13 33.667741
demand_543 23 14 273.042861
demand_544 23 15 42.043247
demand_545 23 16 1644.771383
demand_546 23 17 994.047900
demand_547 23 18 5.625955
demand_548 23 19 454.873954
demand_549 23 20 286.939301
demand_550 23 21 327.117311
demand_551 23 22 769.789541
