DEMANDS 552
label src dest bw
demand_0 0 1 72.214811
demand_1 0 2 706.100557
demand_2 0 3 2819.573244
demand_3 0 4 479.145965
demand_4 0 5 998.769962
demand_5 0 6 269.556854
demand_6 0 7 840.437175
demand_7 0 8 747.869296
demand_8 0 9 2209.054448
demand_9 0 10 482.903040
demand_10 0 11 1282.902633
demand_11 0 12 1016.851023
demand_12 0 13 95.039643
demand_13 0 14 374.078405
demand_14 0 15 110.677756
demand_15 0 16 5156.640684
demand_16 0 17 1749.973222
demand_17 0 18 58.588013
demand_18 0 19 741.738704
demand_19 0 20 388.823740
demand_20 0 21 462.919408
demand_21 0 22 1050.209870
demand_22 0 23 124.934835
demand_23 1 0 367.830003
demand_24 1 2 1051.409019
demand_25 1 3 4198.445546
demand_26 1 4 713.465503
demand_27 1 5 1487.204245
demand_28 1 6 401.379811
demand_29 1 7 1251.441055
demand_30 1 8 1113.604168
demand_31 1 9 3289.361192
demand_32 1 10 719.059922
demand_33 1 11 1910.287968
demand_34 1 12 1514.127593
demand_35 1 13 141.517432
demand_36 1 14 557.016143
demand_37 1 15 164.803142
demand_38 1 16 7678.422668
demand_39 1 17 2605.772805
demand_40 1 18 87.239650
demand_41 1 19 1104.475496
demand_42 1 20 578.972474
demand_43 1 21 689.303579
demand_44 1 22 1563.800111
demand_45 1 23 186.032444
demand_46 2 0 164.267454
demand_47 2 1 48.021509
demand_48 2 3 1874.963853
demand_49 2 4 318.623170
demand_50 2 5 664.163479
demand_51 2 6 179.250303
demand_52 2 7 558.875116
demand_53 2 8 497.319196
demand_54 2 9 1468.980190
demand_55 2 10 321.121555
demand_56 2 11 853.106430
demand_57 2 12 676.187050
demand_58 2 13 63.199598
demand_59 2 14 248.755193
demand_60 2 15 73.598653
demand_61 2 16 3429.070306
demand_62 2 17 1163.699699
demand_63 2 18 38.959941
demand_64 2 19 493.242465
demand_65 2 20 258.560567
demand_66 2 21 307.832811
demand_67 2 22 698.370063
demand_68 2 23 83.079346
demand_69 3 0 198.006707
demand_70 3 1 57.884752
demand_71 3 2 565.984383
demand_72 3 4 384.065882
demand_73 3 5 800.577474
demand_74 3 6 216.066916
demand_75 3 7 673.663703
demand_76 3 8 599.464677
demand_77 3 9 1770.697256
demand_78 3 10 387.077416
demand_79 3 11 1028.327832
demand_80 3 12 815.070592
demand_81 3 13 76.180302
demand_82 3 14 299.847569
demand_83 3 15 88.715241
demand_84 3 16 4133.374583
demand_85 3 17 1402.714535
demand_86 3 18 46.962009
demand_87 3 19 594.550618
demand_88 3 20 311.666890
demand_89 3 21 371.059268
demand_90 3 22 841.809824
demand_91 3 23 100.143195
demand_92 4 0 273.960261
demand_93 4 1 80.088811
demand_94 4 2 783.090796
demand_95 4 3 3127.007666
demand_96 4 5 1107.671643
demand_97 4 6 298.948202
demand_98 4 7 932.074914
demand_99 4 8 829.413823
demand_100 4 9 2449.920465
demand_101 4 10 535.556759
demand_102 4 11 1422.784946
demand_103 4 12 1127.724187
demand_104 4 13 105.402367
demand_105 4 14 414.866343
demand_106 4 15 122.745593
demand_107 4 16 5718.899122
demand_108 4 17 1940.782951
demand_109 4 18 64.976204
demand_110 4 19 822.614776
demand_111 4 20 431.219447
demand_112 4 21 513.394196
demand_113 4 22 1164.720343
demand_114 4 23 138.557205
demand_115 5 0 91.747110
demand_116 5 1 26.821105
demand_117 5 2 262.250873
demand_118 5 3 1047.209973
demand_119 5 4 177.958290
demand_120 5 6 100.115373
demand_121 5 7 312.144468
demand_122 5 8 277.764086
demand_123 5 9 820.458860
demand_124 5 10 179.353695
demand_125 5 11 476.479352
demand_126 5 12 377.665853
demand_127 5 13 35.298413
demand_128 5 14 138.935435
demand_129 5 15 41.106522
demand_130 5 16 1915.213788
demand_131 5 17 649.952760
demand_132 5 18 21.760013
demand_133 5 19 275.487140
demand_134 5 20 144.411960
demand_135 5 21 171.931629
demand_136 5 22 390.055570
demand_137 5 23 46.401705
demand_138 6 0 218.733328
demand_139 6 1 63.943917
demand_140 6 2 625.229569
demand_141 6 3 2496.642362
demand_142 6 4 424.268501
demand_143 6 5 884.379011
demand_144 6 7 744.180368
demand_145 6 8 662.214458
demand_146 6 9 1956.047401
demand_147 6 10 427.595272
demand_148 6 11 1135.969447
demand_149 6 12 900.389215
demand_150 6 13 84.154579
demand_151 6 14 331.234521
demand_152 6 15 98.001630
demand_153 6 16 4566.041193
demand_154 6 17 1549.545588
demand_155 6 18 51.877821
demand_156 6 19 656.786013
demand_157 6 20 344.291045
demand_158 6 21 409.900401
demand_159 6 22 929.927412
demand_160 6 23 110.625820
demand_161 7 0 193.390983
demand_162 7 1 56.535403
demand_163 7 2 552.790751
demand_164 7 3 2207.382498
demand_165 7 4 375.112943
demand_166 7 5 781.915255
demand_167 7 6 211.030192
demand_168 7 8 585.490588
demand_169 7 9 1729.420626
demand_170 7 10 378.054275
demand_171 7 11 1004.356536
demand_172 7 12 796.070525
demand_173 7 13 74.404467
demand_174 7 14 292.857838
demand_175 7 15 86.647205
demand_176 7 16 4037.021708
demand_177 7 17 1370.015931
demand_178 7 18 45.867280
demand_179 7 19 580.691080
demand_180 7 20 304.401639
demand_181 7 21 362.409525
demand_182 7 22 822.186439
demand_183 7 23 97.808762
demand_184 8 0 74.757366
demand_185 8 1 21.854369
demand_186 8 2 213.687216
demand_187 8 3 853.287469
demand_188 8 4 145.003947
demand_189 8 5 302.257760
demand_190 8 6 81.575993
demand_191 8 7 254.341508
demand_192 8 9 668.526162
demand_193 8 10 146.140950
demand_194 8 11 388.244832
demand_195 8 12 307.729632
demand_196 8 13 28.761848
demand_197 8 14 113.207350
demand_198 8 15 33.494410
demand_199 8 16 1560.554204
demand_200 8 17 529.594408
demand_201 8 18 17.730491
demand_202 8 19 224.472389
demand_203 8 20 117.669731
demand_204 8 21 140.093304
demand_205 8 22 317.825020
demand_206 8 23 37.809030
demand_207 9 0 61.440314
demand_208 9 1 17.961297
demand_209 9 2 175.621619
demand_210 9 3 701.285411
demand_211 9 4 119.173380
demand_212 9 5 248.414473
demand_213 9 6 67.044291
demand_214 9 7 209.033878
demand_215 9 8 186.010357
demand_216 9 10 120.107842
demand_217 9 11 319.084068
demand_218 9 12 252.911603
demand_219 9 13 23.638299
demand_220 9 14 93.040934
demand_221 9 15 27.527817
demand_222 9 16 1282.561780
demand_223 9 17 435.254056
demand_224 9 18 14.572035
demand_225 9 19 184.485554
demand_226 9 20 96.708400
demand_227 9 21 115.137505
demand_228 9 22 261.208628
demand_229 9 23 31.073843
demand_230 10 0 136.363203
demand_231 10 1 39.864054
demand_232 10 2 389.781966
demand_233 10 3 1556.462164
demand_234 10 4 264.498384
demand_235 10 5 551.341470
demand_236 10 6 148.800903
demand_237 10 7 463.938529
demand_238 10 8 412.839165
demand_239 10 9 1219.443288
demand_240 10 11 708.188522
demand_241 10 12 561.322586
demand_242 10 13 52.463829
demand_243 10 14 206.498939
demand_244 10 15 61.096387
demand_245 10 16 2846.571245
demand_246 10 17 966.021051
demand_247 10 18 32.341783
demand_248 10 19 409.454952
demand_249 10 20 214.638666
demand_250 10 21 255.540992
demand_251 10 22 579.737352
demand_252 10 23 68.966587
demand_253 11 0 34.718506
demand_254 11 1 10.149515
demand_255 11 2 99.239729
demand_256 11 3 396.280222
demand_257 11 4 67.342130
demand_258 11 5 140.373293
demand_259 11 6 37.885184
demand_260 11 7 118.120226
demand_261 11 8 105.110166
demand_262 11 9 310.474143
demand_263 11 10 67.870173
demand_264 11 12 142.914517
demand_265 11 13 13.357458
demand_266 11 14 52.575287
demand_267 11 15 15.555335
demand_268 11 16 724.746100
demand_269 11 17 245.952035
demand_270 11 18 8.234321
demand_271 11 19 104.248534
demand_272 11 20 54.647688
demand_273 11 21 65.061550
demand_274 11 22 147.602975
demand_275 11 23 17.559113
demand_276 12 0 42.525629
demand_277 12 1 12.431829
demand_278 12 2 121.555689
demand_279 12 3 485.391443
demand_280 12 4 82.485302
demand_281 12 5 171.938925
demand_282 12 6 46.404395
demand_283 12 7 144.681829
demand_284 12 8 128.746206
demand_285 12 9 380.290219
demand_286 12 10 83.132085
demand_287 12 11 220.852557
demand_288 12 13 16.361139
demand_289 12 14 64.397851
demand_290 12 15 19.053251
demand_291 12 16 887.719186
demand_292 12 17 301.259075
demand_293 12 18 10.085966
demand_294 12 19 127.690820
demand_295 12 20 66.936270
demand_296 12 21 79.691890
demand_297 12 22 180.794340
demand_298 12 23 21.507616
demand_299 13 0 53.781507
demand_300 13 1 15.722342
demand_301 13 2 153.729606
demand_302 13 3 613.867074
demand_303 13 4 104.317890
demand_304 13 5 217.448508
demand_305 13 6 58.686923
demand_306 13 7 182.976878
demand_307 13 8 162.823341
demand_308 13 9 480.947177
demand_309 13 10 105.135867
demand_310 13 11 279.308824
demand_311 13 12 221.385050
demand_312 13 14 81.442969
demand_313 13 15 24.096352
demand_314 13 16 1122.684767
demand_315 13 17 380.997707
demand_316 13 18 12.755566
demand_317 13 19 161.488611
demand_318 13 20 84.653269
demand_319 13 21 100.785104
demand_320 13 22 228.647815
demand_321 13 23 27.200351
demand_322 14 0 89.719975
demand_323 14 1 26.228498
demand_324 14 2 256.456489
demand_325 14 3 1024.072063
demand_326 14 4 174.026335
demand_327 14 5 362.754334
demand_328 14 6 97.903342
demand_329 14 7 305.247694
demand_330 14 8 271.626940
demand_331 14 9 802.330974
demand_332 14 10 175.390908
demand_333 14 11 465.951629
demand_334 14 12 369.321396
demand_335 14 13 34.518502
demand_336 14 15 40.198281
demand_337 14 16 1872.897494
demand_338 14 17 635.592174
demand_339 14 18 21.279230
demand_340 14 19 269.400302
demand_341 14 20 141.221204
demand_342 14 21 168.132832
demand_343 14 22 381.437365
demand_344 14 23 45.376468
demand_345 15 0 280.839889
demand_346 15 1 82.099983
demand_347 15 2 802.755592
demand_348 15 3 3205.532367
demand_349 15 4 544.734173
demand_350 15 5 1135.487240
demand_351 15 6 306.455320
demand_352 15 7 955.480966
demand_353 15 8 850.241873
demand_354 15 9 2511.442307
demand_355 15 10 549.005538
demand_356 15 11 1458.513596
demand_357 15 12 1156.043339
demand_358 15 13 108.049207
demand_359 15 14 425.284372
demand_360 15 16 5862.510808
demand_361 15 17 1989.519448
demand_362 15 18 66.607872
demand_363 15 19 843.272090
demand_364 15 20 442.048131
demand_365 15 21 526.286433
demand_366 15 22 1193.968533
demand_367 15 23 142.036621
demand_368 16 0 153.681359
demand_369 16 1 44.926798
demand_370 16 2 439.284358
demand_371 16 3 1754.133188
demand_372 16 4 298.089734
demand_373 16 5 621.361953
demand_374 16 6 167.698649
demand_375 16 7 522.858821
demand_376 16 8 465.269826
demand_377 16 9 1374.312843
demand_378 16 10 300.427113
demand_379 16 11 798.128614
demand_380 16 12 632.610673
demand_381 16 13 59.126746
demand_382 16 14 232.724348
demand_383 16 15 68.855642
demand_384 16 17 1088.705928
demand_385 16 18 36.449196
demand_386 16 19 461.455818
demand_387 16 20 241.897822
demand_388 16 21 287.994752
demand_389 16 22 653.364119
demand_390 16 23 77.725358
demand_391 17 0 511.843023
demand_392 17 1 149.630822
demand_393 17 2 1463.057301
demand_394 17 3 5842.223434
demand_395 17 4 992.801939
demand_396 17 5 2069.475332
demand_397 17 6 558.528272
demand_398 17 7 1741.405998
demand_399 17 8 1549.603132
demand_400 17 9 4577.213836
demand_401 17 10 1000.586689
demand_402 17 11 2658.205046
demand_403 17 12 2106.939726
demand_404 17 13 196.924422
demand_405 17 14 775.099434
demand_406 17 15 229.326966
demand_407 17 16 10684.683262
demand_408 17 18 121.395769
demand_409 17 19 1536.900397
demand_410 17 20 805.652120
demand_411 17 21 959.180124
demand_412 17 22 2176.060057
demand_413 17 23 258.867977
demand_414 18 0 384.413484
demand_415 18 1 112.378411
demand_416 18 2 1098.811410
demand_417 18 3 4387.730928
demand_418 18 4 745.631834
demand_419 18 5 1554.254305
demand_420 18 6 419.475873
demand_421 18 7 1307.861817
demand_422 18 8 1163.810605
demand_423 18 9 3437.660839
demand_424 18 10 751.478476
demand_425 18 11 1996.412603
demand_426 18 12 1582.391482
demand_427 18 13 147.897694
demand_428 18 14 582.129012
demand_429 18 15 172.233232
demand_430 18 16 8024.601546
demand_431 18 17 2723.253119
demand_432 18 19 1154.270370
demand_433 18 20 605.075237
demand_434 18 21 720.380578
demand_435 18 22 1634.303467
demand_436 18 23 194.419649
demand_437 19 0 5.310920
demand_438 19 1 1.552580
demand_439 19 2 15.180787
demand_440 19 3 60.619329
demand_441 19 4 10.301384
demand_442 19 5 21.473024
demand_443 19 6 5.795329
demand_444 19 7 18.068953
demand_445 19 8 16.078793
demand_446 19 9 47.493499
demand_447 19 10 10.382159
demand_448 19 11 27.581726
demand_449 19 12 21.861758
demand_450 19 13 2.043302
demand_451 19 14 8.042487
demand_452 19 15 2.379513
demand_453 19 16 110.865039
demand_454 19 17 37.623496
demand_455 19 18 1.259611
demand_456 19 20 8.359504
demand_457 19 21 9.952522
demand_458 19 22 22.578955
demand_459 19 23 2.686033
demand_460 20 0 420.851802
demand_461 20 1 123.030692
demand_462 20 2 1202.967069
demand_463 20 3 4803.641249
demand_464 20 4 816.309818
demand_465 20 5 1701.581116
demand_466 20 6 459.237733
demand_467 20 7 1431.833236
demand_468 20 8 1274.127497
demand_469 20 9 3763.514599
demand_470 20 10 822.710659
demand_471 20 11 2185.651328
demand_472 20 12 1732.385399
demand_473 20 13 161.916826
demand_474 20 14 637.308664
demand_475 20 15 188.559114
demand_476 20 16 8785.248600
demand_477 20 17 2981.388610
demand_478 20 18 99.815033
demand_479 20 19 1263.682950
demand_480 20 21 788.665011
demand_481 20 22 1789.218089
demand_482 20 23 212.848568
demand_483 21 0 512.699220
demand_484 21 1 149.881120
demand_485 21 2 1465.504662
demand_486 21 3 5851.996139
demand_487 21 4 994.462670
demand_488 21 5 2072.937092
demand_489 21 6 559.462562
demand_490 21 7 1744.318973
demand_491 21 8 1552.195264
demand_492 21 9 4584.870468
demand_493 21 10 1002.260442
demand_494 21 11 2662.651615
demand_495 21 12 2110.464155
demand_496 21 13 197.253831
demand_497 21 14 776.395998
demand_498 21 15 229.710578
demand_499 21 16 10702.556296
demand_500 21 17 3632.051964
demand_501 21 18 121.598837
demand_502 21 19 1539.471280
demand_503 21 20 806.999792
demand_504 21 22 2179.700108
demand_505 21 23 259.301004
demand_506 22 0 215.522803
demand_507 22 1 63.005360
demand_508 22 2 616.052571
demand_509 22 3 2459.997133
demand_510 22 4 418.041171
demand_511 22 5 871.398268
demand_512 22 6 235.180657
demand_513 22 7 733.257434
demand_514 22 8 652.494603
demand_515 22 9 1927.336919
demand_516 22 10 421.319112
demand_517 22 11 1119.295909
demand_518 22 12 887.173478
demand_519 22 13 82.919374
demand_520 22 14 326.372725
demand_521 22 15 96.563181
demand_522 22 16 4499.021731
demand_523 22 17 1526.801660
demand_524 22 18 51.116368
demand_525 22 19 647.145836
demand_526 22 20 339.237609
demand_527 22 21 403.883963
demand_528 22 23 109.002076
demand_529 23 0 117.871480
demand_530 23 1 34.458234
demand_531 23 2 336.925037
demand_532 23 3 1345.395935
demand_533 23 4 228.630710
demand_534 23 5 476.576038
demand_535 23 6 128.622548
demand_536 23 7 401.025496
demand_537 23 8 356.855532
demand_538 23 9 1054.078975
demand_539 23 10 230.423447
demand_540 23 11 612.153627
demand_541 23 12 485.203651
demand_542 23 13 45.349398
demand_543 23 14 178.496362
demand_544 23 15 52.811326
demand_545 23 16 2460.557969
demand_546 23 17 835.022415
demand_547 23 18 27.956030
demand_548 23 19 353.930241
demand_549 23 20 185.532289
demand_550 23 21 220.887998
demand_551 23 22 501.121258
