DEMANDS 552
label src dest bw
demand_0 0 1 190.926577
demand_1 0 2 1030.742208
demand_2 0 3 3250.122794
demand_3 0 4 624.861028
demand_4 0 5 1293.596830
demand_5 0 6 255.820543
demand_6 0 7 1180.711211
demand_7 0 8 1114.965410
demand_8 0 9 2395.843304
demand_9 0 10 655.746355
demand_10 0 11 2123.485644
demand_11 0 12 1951.883438
demand_12 0 13 210.271645
demand_13 0 14 290.398853
demand_14 0 15 215.479429
demand_15 0 16 4451.760072
demand_16 0 17 2162.214121
demand_17 0 18 183.944774
demand_18 0 19 1035.033770
demand_19 0 20 398.521979
demand_20 0 21 550.840525
demand_21 0 22 2056.294573
demand_22 0 23 251.187235
demand_23 1 0 290.654277
demand_24 1 2 1185.551553
demand_25 1 3 3738.265587
demand_26 1 4 718.710223
demand_27 1 5 1487.884864
demand_28 1 6 294.242770
demand_29 1 7 1358.044716
demand_30 1 8 1282.424415
demand_31 1 9 2755.680059
demand_32 1 10 754.234282
demand_33 1 11 2442.416429
demand_34 1 12 2245.040925
demand_35 1 13 241.852787
demand_36 1 14 334.014469
demand_37 1 15 247.842739
demand_38 1 16 5120.379299
demand_39 1 17 2486.961617
demand_40 1 18 211.571827
demand_41 1 19 1190.487673
demand_42 1 20 458.376835
demand_43 1 21 633.572425
demand_44 1 22 2365.133789
demand_45 1 23 288.913575
demand_46 2 0 83.040307
demand_47 2 1 62.740648
demand_48 2 3 1068.027364
demand_49 2 4 205.336450
demand_50 2 5 425.090650
demand_51 2 6 84.065544
demand_52 2 7 387.995150
demand_53 2 8 366.390332
demand_54 2 9 787.301395
demand_55 2 10 215.485720
demand_56 2 11 697.801566
demand_57 2 12 641.411127
demand_58 2 13 69.097657
demand_59 2 14 95.428370
demand_60 2 15 70.808994
demand_61 2 16 1462.899058
demand_62 2 17 710.528185
demand_63 2 18 60.446347
demand_64 2 19 340.123884
demand_65 2 20 130.958861
demand_66 2 21 181.012470
demand_67 2 22 675.721815
demand_68 2 23 82.542986
demand_69 3 0 111.667887
demand_70 3 1 84.370059
demand_71 3 2 455.482844
demand_72 3 4 276.124793
demand_73 3 5 571.637757
demand_74 3 6 113.046568
demand_75 3 7 521.753835
demand_76 3 8 492.700903
demand_77 3 9 1058.718188
demand_78 3 10 289.772954
demand_79 3 11 938.363903
demand_80 3 12 862.533243
demand_81 3 13 92.918604
demand_82 3 14 128.326651
demand_83 3 15 95.219913
demand_84 3 16 1967.223544
demand_85 3 17 955.477936
demand_86 3 18 81.284814
demand_87 3 19 457.379276
demand_88 3 20 176.106036
demand_89 3 21 243.415286
demand_90 3 22 908.672308
demand_91 3 23 110.999118
demand_92 4 0 256.810033
demand_93 4 1 194.031410
demand_94 4 2 1047.504052
demand_95 4 3 3302.976021
demand_96 4 5 1314.633194
demand_97 4 6 259.980676
demand_98 4 7 1199.911838
demand_99 4 8 1133.096885
demand_100 4 9 2434.804308
demand_101 4 10 666.410047
demand_102 4 11 2158.017591
demand_103 4 12 1983.624804
demand_104 4 13 213.691065
demand_105 4 14 295.121295
demand_106 4 15 218.983538
demand_107 4 16 4524.154223
demand_108 4 17 2197.375867
demand_109 4 18 186.936068
demand_110 4 19 1051.865403
demand_111 4 20 405.002710
demand_112 4 21 559.798248
demand_113 4 22 2089.733865
demand_114 4 23 255.272021
demand_115 5 0 53.175919
demand_116 5 1 40.176774
demand_117 5 2 216.899590
demand_118 5 3 683.924937
demand_119 5 4 131.489813
demand_120 5 6 53.832443
demand_121 5 7 248.457640
demand_122 5 8 234.622719
demand_123 5 9 504.158484
demand_124 5 10 137.989028
demand_125 5 11 446.846128
demand_126 5 12 410.735791
demand_127 5 13 44.247566
demand_128 5 14 61.108773
demand_129 5 15 45.343442
demand_130 5 16 936.786060
demand_131 5 17 454.995780
demand_132 5 18 38.707589
demand_133 5 19 217.802665
demand_134 5 20 83.861176
demand_135 5 21 115.913642
demand_136 5 22 432.707078
demand_137 5 23 52.857453
demand_138 6 0 238.258550
demand_139 6 1 180.014938
demand_140 6 2 971.834292
demand_141 6 3 3064.375126
demand_142 6 4 589.149615
demand_143 6 5 1219.666517
demand_144 6 7 1113.232420
demand_145 6 8 1051.244056
demand_146 6 9 2258.918536
demand_147 6 10 618.269815
demand_148 6 11 2002.126381
demand_149 6 12 1840.331407
demand_150 6 13 198.254417
demand_151 6 14 273.802277
demand_152 6 15 203.164571
demand_153 6 16 4197.337668
demand_154 6 17 2038.641488
demand_155 6 18 173.432152
demand_156 6 19 975.880586
demand_157 6 20 375.746061
demand_158 6 21 519.359455
demand_159 6 22 1938.775345
demand_160 6 23 236.831641
demand_161 7 0 107.183404
demand_162 7 1 80.981832
demand_163 7 2 437.191060
demand_164 7 3 1378.545109
demand_165 7 4 265.035867
demand_166 7 5 548.681295
demand_167 7 6 108.506718
demand_168 7 8 472.914474
demand_169 7 9 1016.201010
demand_170 7 10 278.135931
demand_171 7 11 900.680046
demand_172 7 12 827.894678
demand_173 7 13 89.187076
demand_174 7 14 123.173167
demand_175 7 15 91.395966
demand_176 7 16 1888.221603
demand_177 7 17 917.106796
demand_178 7 18 78.020488
demand_179 7 19 439.011333
demand_180 7 20 169.033775
demand_181 7 21 233.639945
demand_182 7 22 872.180839
demand_183 7 23 106.541493
demand_184 8 0 35.249529
demand_185 8 1 26.632588
demand_186 8 2 143.779525
demand_187 8 3 453.363710
demand_188 8 4 87.162650
demand_189 8 5 180.445446
demand_190 8 6 35.684729
demand_191 8 7 164.698890
demand_192 8 9 334.199191
demand_193 8 10 91.470883
demand_194 8 11 296.207679
demand_195 8 12 272.270672
demand_196 8 13 29.331056
demand_197 8 14 40.508101
demand_198 8 15 30.057496
demand_199 8 16 620.981603
demand_200 8 17 301.609963
demand_201 8 18 25.658687
demand_202 8 19 144.378160
demand_203 8 20 55.590331
demand_204 8 21 76.837437
demand_205 8 22 286.835113
demand_206 8 23 35.038423
demand_207 9 0 34.014737
demand_208 9 1 25.699648
demand_209 9 2 138.742923
demand_210 9 3 437.482363
demand_211 9 4 84.109339
demand_212 9 5 174.124436
demand_213 9 6 34.434691
demand_214 9 7 158.929481
demand_215 9 8 150.079776
demand_216 9 10 88.266654
demand_217 9 11 285.831513
demand_218 9 12 262.733020
demand_219 9 13 28.303588
demand_220 9 14 39.089100
demand_221 9 15 29.004581
demand_222 9 16 599.228594
demand_223 9 17 291.044555
demand_224 9 18 24.759863
demand_225 9 19 139.320588
demand_226 9 20 53.643000
demand_227 9 21 74.145818
demand_228 9 22 276.787268
demand_229 9 23 33.811026
demand_230 10 0 72.125133
demand_231 10 1 54.493748
demand_232 10 2 294.191657
demand_233 10 3 927.641268
demand_234 10 4 178.346147
demand_235 10 5 369.214913
demand_236 10 6 73.015608
demand_237 10 7 336.995404
demand_238 10 8 318.230415
demand_239 10 9 683.815124
demand_240 10 11 606.079536
demand_241 10 12 557.101298
demand_242 10 13 60.015165
demand_243 10 14 82.884856
demand_244 10 15 61.501557
demand_245 10 16 1270.609334
demand_246 10 17 617.133314
demand_247 10 18 52.501020
demand_248 10 19 295.416542
demand_249 10 20 113.745067
demand_250 10 21 157.219415
demand_251 10 22 586.902042
demand_252 10 23 71.693182
demand_253 11 0 18.643601
demand_254 11 1 14.086071
demand_255 11 2 76.045502
demand_256 11 3 239.785679
demand_257 11 4 46.100635
demand_258 11 5 95.438238
demand_259 11 6 18.873780
demand_260 11 7 87.109829
demand_261 11 8 82.259273
demand_262 11 9 176.759141
demand_263 11 10 48.379275
demand_264 11 12 144.004927
demand_265 11 13 15.513300
demand_266 11 14 21.424879
demand_267 11 15 15.897517
demand_268 11 16 328.439379
demand_269 11 17 159.522582
demand_270 11 18 13.570971
demand_271 11 19 76.362123
demand_272 11 20 29.401924
demand_273 11 21 40.639594
demand_274 11 22 151.708111
demand_275 11 23 18.531946
demand_276 12 0 20.005584
demand_277 12 1 15.115109
demand_278 12 2 81.600901
demand_279 12 3 257.302888
demand_280 12 4 49.468453
demand_281 12 5 102.410346
demand_282 12 6 20.252578
demand_283 12 7 93.473516
demand_284 12 8 88.268610
demand_285 12 9 189.672034
demand_286 12 10 51.913556
demand_287 12 11 168.110260
demand_288 12 13 16.646602
demand_289 12 14 22.990043
demand_290 12 15 17.058888
demand_291 12 16 352.433060
demand_292 12 17 171.176283
demand_293 12 18 14.562379
demand_294 12 19 81.940651
demand_295 12 20 31.549841
demand_296 12 21 43.608462
demand_297 12 22 162.790936
demand_298 12 23 19.885772
demand_299 13 0 21.136400
demand_300 13 1 15.969491
demand_301 13 2 86.213396
demand_302 13 3 271.846948
demand_303 13 4 52.264660
demand_304 13 5 108.199097
demand_305 13 6 21.397356
demand_306 13 7 98.757111
demand_307 13 8 93.257998
demand_308 13 9 200.393256
demand_309 13 10 54.847972
demand_310 13 11 177.612702
demand_311 13 12 163.259541
demand_312 13 14 24.289557
demand_313 13 15 18.023142
demand_314 13 16 372.354359
demand_315 13 17 180.852031
demand_316 13 18 15.385519
demand_317 13 19 86.572351
demand_318 13 20 33.333197
demand_319 13 21 46.073433
demand_320 13 22 171.992703
demand_321 13 23 21.009816
demand_322 14 0 50.671141
demand_323 14 1 38.284303
demand_324 14 2 206.682836
demand_325 14 3 651.709605
demand_326 14 4 125.296169
demand_327 14 5 259.390039
demand_328 14 6 51.296740
demand_329 14 7 236.754389
demand_330 14 8 223.571143
demand_331 14 9 480.410800
demand_332 14 10 131.489247
demand_333 14 11 425.798063
demand_334 14 12 391.388653
demand_335 14 13 42.163346
demand_336 14 15 43.207602
demand_337 14 16 892.660056
demand_338 14 17 433.563837
demand_339 14 18 36.884322
demand_340 14 19 207.543373
demand_341 14 20 79.911012
demand_342 14 21 110.453692
demand_343 14 22 412.325013
demand_344 14 23 50.367676
demand_345 15 0 278.505118
demand_346 15 1 210.423012
demand_347 15 2 1135.996272
demand_348 15 3 3582.008527
demand_349 15 4 688.668605
demand_350 15 5 1425.692249
demand_351 15 6 281.943614
demand_352 15 7 1301.279334
demand_353 15 8 1228.819912
demand_354 15 9 2640.494432
demand_355 15 10 722.707781
demand_356 15 11 2340.325017
demand_357 15 12 2151.199680
demand_358 15 13 231.743498
demand_359 15 14 320.052882
demand_360 15 16 4906.350789
demand_361 15 17 2383.008246
demand_362 15 18 202.728263
demand_363 15 19 1140.726066
demand_364 15 20 439.216982
demand_365 15 21 607.089511
demand_366 15 22 2266.272742
demand_367 15 23 276.837176
demand_368 16 0 80.990452
demand_369 16 1 61.191891
demand_370 16 2 330.352463
demand_371 16 3 1041.663049
demand_372 16 4 200.267708
demand_373 16 5 414.597264
demand_374 16 6 81.990381
demand_375 16 7 378.417468
demand_376 16 8 357.345966
demand_377 16 9 767.866816
demand_378 16 10 210.166443
demand_379 16 11 680.576295
demand_380 16 12 625.577857
demand_381 16 13 67.391978
demand_382 16 14 93.072716
demand_383 16 15 69.061071
demand_384 16 17 692.988757
demand_385 16 18 58.954226
demand_386 16 19 331.727907
demand_387 16 20 127.726134
demand_388 16 21 176.544167
demand_389 16 22 659.041584
demand_390 16 23 80.505408
demand_391 17 0 427.521852
demand_392 17 1 323.011787
demand_393 17 2 1743.821562
demand_394 17 3 5498.595247
demand_395 17 4 1057.147098
demand_396 17 5 2188.522044
demand_397 17 6 432.800147
demand_398 17 7 1997.540850
demand_399 17 8 1886.311347
demand_400 17 9 4053.315347
demand_401 17 10 1109.399250
demand_402 17 11 3592.537517
demand_403 17 12 3302.218923
demand_404 17 13 355.739996
demand_405 17 14 491.300131
demand_406 17 15 364.550585
demand_407 17 16 7531.539059
demand_408 17 18 311.199891
demand_409 17 19 1751.082075
demand_410 17 20 674.224082
demand_411 17 21 931.918357
demand_412 17 22 3478.862887
demand_413 17 23 424.961462
demand_414 18 0 367.935004
demand_415 18 1 277.991271
demand_416 18 2 1500.772394
demand_417 18 3 4732.215804
demand_418 18 4 909.804773
demand_419 18 5 1883.491717
demand_420 18 6 372.477624
demand_421 18 7 1719.128970
demand_422 18 8 1623.402336
demand_423 18 9 3488.375136
demand_424 18 10 954.774161
demand_425 18 11 3091.819283
demand_426 18 12 2841.964515
demand_427 18 13 306.157910
demand_428 18 14 422.824037
demand_429 18 15 313.740503
demand_430 18 16 6481.813365
demand_431 18 17 3148.208386
demand_432 18 19 1507.020956
demand_433 18 20 580.252540
demand_434 18 21 802.030078
demand_435 18 22 2993.988318
demand_436 18 23 365.731474
demand_437 19 0 16.955701
demand_438 19 1 12.810787
demand_439 19 2 69.160714
demand_440 19 3 218.076655
demand_441 19 4 41.926909
demand_442 19 5 86.797727
demand_443 19 6 17.165040
demand_444 19 7 79.223330
demand_445 19 8 74.811920
demand_446 19 9 160.756232
demand_447 19 10 43.999252
demand_448 19 11 142.481585
demand_449 19 12 130.967424
demand_450 19 13 14.108801
demand_451 19 14 19.485175
demand_452 19 15 14.458233
demand_453 19 16 298.704082
demand_454 19 17 145.080187
demand_455 19 18 12.342322
demand_456 19 20 26.740017
demand_457 19 21 36.960283
demand_458 19 22 137.973200
demand_459 19 23 16.854155
demand_460 20 0 414.318724
demand_461 20 1 313.036236
demand_462 20 2 1689.967242
demand_463 20 3 5328.782513
demand_464 20 4 1024.499298
demand_465 20 5 2120.934071
demand_466 20 6 419.434010
demand_467 20 7 1935.850935
demand_468 20 8 1828.056525
demand_469 20 9 3928.137092
demand_470 20 10 1075.137750
demand_471 20 11 3481.589431
demand_472 20 12 3200.236726
demand_473 20 13 344.753702
demand_474 20 14 476.127343
demand_475 20 15 353.292195
demand_476 20 16 7298.943063
demand_477 20 17 3545.087226
demand_478 20 18 301.589126
demand_479 20 19 1697.003529
demand_480 20 21 903.137987
demand_481 20 22 3371.425407
demand_482 20 23 411.837407
demand_483 21 0 458.091894
demand_484 21 1 346.108814
demand_485 21 2 1868.513896
demand_486 21 3 5891.773477
demand_487 21 4 1132.738627
demand_488 21 5 2345.012782
demand_489 21 6 463.747614
demand_490 21 7 2140.375437
demand_491 21 8 2021.192444
demand_492 21 9 4343.148529
demand_493 21 10 1188.727081
demand_494 21 11 3849.422681
demand_495 21 12 3538.344794
demand_496 21 13 381.177260
demand_497 21 14 526.430652
demand_498 21 15 390.617853
demand_499 21 16 8070.083372
demand_500 21 17 3919.629078
demand_501 21 18 333.452306
demand_502 21 19 1876.293573
demand_503 21 20 722.434620
demand_504 21 22 3727.619723
demand_505 21 23 455.348422
demand_506 22 0 217.478810
demand_507 22 1 164.314920
demand_508 22 2 887.075680
demand_509 22 3 2797.115382
demand_510 22 4 537.766880
demand_511 22 5 1113.293196
demand_512 22 6 220.163859
demand_513 22 7 1016.141758
demand_514 22 8 959.559714
demand_515 22 9 2061.906759
demand_516 22 10 564.347359
demand_517 22 11 1827.510754
demand_518 22 12 1679.826743
demand_519 22 13 180.963641
demand_520 22 14 249.922588
demand_521 22 15 185.445555
demand_522 22 16 3831.266497
demand_523 22 17 1860.841193
demand_524 22 18 158.306251
demand_525 22 19 890.769076
demand_526 22 20 342.975336
demand_527 22 21 474.063475
demand_528 22 23 216.176349
demand_529 23 0 60.270311
demand_530 23 1 45.536902
demand_531 23 2 245.836950
demand_532 23 3 775.169841
demand_533 23 4 149.032346
demand_534 23 5 308.529035
demand_535 23 6 61.014424
demand_536 23 7 281.605275
demand_537 23 8 265.924587
demand_538 23 9 571.420094
demand_539 23 10 156.398644
demand_540 23 11 506.461489
demand_541 23 12 465.533542
demand_542 23 13 50.150794
demand_543 23 14 69.261516
demand_544 23 15 51.392875
demand_545 23 16 1061.766083
demand_546 23 17 515.698416
demand_547 23 18 43.871709
demand_548 23 19 246.860508
demand_549 23 20 95.049399
demand_550 23 21 131.378102
demand_551 23 22 490.436097
