DEMANDS 552
label src dest bw
demand_0 0 1 56.724739
demand_1 0 2 731.326077
demand_2 0 3 2923.594447
demand_3 0 4 490.458194
demand_4 0 5 902.200200
demand_5 0 6 241.037018
demand_6 0 7 877.306089
demand_7 0 8 858.921928
demand_8 0 9 2644.385557
demand_9 0 10 609.436641
demand_10 0 11 2057.759116
demand_11 0 12 969.891765
demand_12 0 13 193.429777
demand_13 0 14 245.758946
demand_14 0 15 206.722558
demand_15 0 16 3634.907408
demand_16 0 17 2541.890408
demand_17 0 18 34.077598
demand_18 0 19 826.666789
demand_19 0 20 406.144848
demand_20 0 21 444.677872
demand_21 0 22 1391.636016
demand_22 0 23 209.610450
demand_23 1 0 244.357743
demand_24 1 2 851.216915
demand_25 1 3 3402.877492
demand_26 1 4 570.862060
demand_27 1 5 1050.103498
demand_28 1 6 280.551718
demand_29 1 7 1021.128340
demand_30 1 8 999.730350
demand_31 1 9 3077.896150
demand_32 1 10 709.345385
demand_33 1 11 2395.100384
demand_34 1 12 1128.892162
demand_35 1 13 225.139925
demand_36 1 14 286.047741
demand_37 1 15 240.611875
demand_38 1 16 4230.800418
demand_39 1 17 2958.598334
demand_40 1 18 39.664151
demand_41 1 19 962.187424
demand_42 1 20 472.726702
demand_43 1 21 517.576685
demand_44 1 22 1619.775576
demand_45 1 23 243.973197
demand_46 2 0 130.603491
demand_47 2 1 35.288270
demand_48 2 3 1818.758320
demand_49 2 4 305.112401
demand_50 2 5 561.255725
demand_51 2 6 149.948322
demand_52 2 7 545.769181
demand_53 2 8 534.332457
demand_54 2 9 1645.063404
demand_55 2 10 379.128495
demand_56 2 11 1280.125059
demand_57 2 12 603.366421
demand_58 2 13 120.332017
demand_59 2 14 152.885818
demand_60 2 15 128.601412
demand_61 2 16 2261.263732
demand_62 2 17 1581.301515
demand_63 2 18 21.199559
demand_64 2 19 514.266642
demand_65 2 20 252.661350
demand_66 2 21 276.632616
demand_67 2 22 865.732108
demand_68 2 23 130.397959
demand_69 3 0 170.011885
demand_70 3 1 45.936179
demand_71 3 2 592.234118
demand_72 3 4 397.177244
demand_73 3 5 730.609446
demand_74 3 6 195.193841
demand_75 3 7 710.449982
demand_76 3 8 695.562331
demand_77 3 9 2141.446063
demand_78 3 10 493.527010
demand_79 3 11 1666.390950
demand_80 3 12 785.426655
demand_81 3 13 156.641089
demand_82 3 14 199.017699
demand_83 3 15 167.405698
demand_84 3 16 2943.579139
demand_85 3 17 2058.444615
demand_86 3 18 27.596330
demand_87 3 19 669.441843
demand_88 3 20 328.899575
demand_89 3 21 360.103948
demand_90 3 22 1126.958760
demand_91 3 23 169.744337
demand_92 4 0 227.100892
demand_93 4 1 61.361282
demand_94 4 2 791.102907
demand_95 4 3 3162.562007
demand_96 4 5 975.943869
demand_97 4 6 260.738803
demand_98 4 7 949.014973
demand_99 4 8 929.128136
demand_100 4 9 2860.531255
demand_101 4 10 659.250523
demand_102 4 11 2225.955384
demand_103 4 12 1049.168379
demand_104 4 13 209.240261
demand_105 4 14 265.846690
demand_106 4 15 223.619562
demand_107 4 16 3932.015974
demand_108 4 17 2749.658400
demand_109 4 18 36.863018
demand_110 4 19 894.236539
demand_111 4 20 439.342148
demand_112 4 21 481.024769
demand_113 4 22 1505.384988
demand_114 4 23 226.743503
demand_115 5 0 71.493509
demand_116 5 1 19.317112
demand_117 5 2 249.046678
demand_118 5 3 995.604434
demand_119 5 4 167.021234
demand_120 5 6 82.083041
demand_121 5 7 298.758890
demand_122 5 8 292.498326
demand_123 5 9 900.522297
demand_124 5 10 207.538300
demand_125 5 11 700.751810
demand_126 5 12 330.288130
demand_127 5 13 65.870813
demand_128 5 14 83.691053
demand_129 5 15 70.397553
demand_130 5 16 1237.835821
demand_131 5 17 865.618473
demand_132 5 18 11.604827
demand_133 5 19 281.514121
demand_134 5 20 138.309064
demand_135 5 21 151.431147
demand_136 5 22 473.909434
demand_137 5 23 71.380999
demand_138 6 0 207.098562
demand_139 6 1 55.956774
demand_140 6 2 721.425059
demand_141 6 3 2884.013525
demand_142 6 4 483.818153
demand_143 6 5 889.985813
demand_144 6 7 865.428729
demand_145 6 8 847.293461
demand_146 6 9 2608.584689
demand_147 6 10 601.185817
demand_148 6 11 2029.900258
demand_149 6 12 956.760939
demand_150 6 13 190.811039
demand_151 6 14 242.431752
demand_152 6 15 203.923856
demand_153 6 16 3585.696415
demand_154 6 17 2507.477165
demand_155 6 18 33.616240
demand_156 6 19 815.475006
demand_157 6 20 400.646278
demand_158 6 21 438.657625
demand_159 6 22 1372.795429
demand_160 6 23 206.772651
demand_161 7 0 157.835362
demand_162 7 1 42.646157
demand_163 7 2 549.817364
demand_164 7 3 2197.983968
demand_165 7 4 368.730775
demand_166 7 5 678.282030
demand_167 7 6 181.213746
demand_168 7 8 645.745045
demand_169 7 9 1988.072274
demand_170 7 10 458.179816
demand_171 7 11 1547.041366
demand_172 7 12 729.173142
demand_173 7 13 145.422204
demand_174 7 14 184.763733
demand_175 7 15 155.415834
demand_176 7 16 2732.755296
demand_177 7 17 1911.015521
demand_178 7 18 25.619837
demand_179 7 19 621.495348
demand_180 7 20 305.343262
demand_181 7 21 334.312728
demand_182 7 22 1046.244173
demand_183 7 23 157.586976
demand_184 8 0 65.012235
demand_185 8 1 17.565911
demand_186 8 2 226.469248
demand_187 8 3 905.347499
demand_188 8 4 151.879855
demand_189 8 5 279.383721
demand_190 8 6 74.641769
demand_191 8 7 271.674778
demand_192 8 9 818.885072
demand_193 8 10 188.723829
demand_194 8 11 637.224863
demand_195 8 12 300.345722
demand_196 8 13 59.899267
demand_197 8 14 76.104005
demand_198 8 15 64.015634
demand_199 8 16 1125.619299
demand_200 8 17 787.145470
demand_201 8 18 10.552786
demand_202 8 19 255.993341
demand_203 8 20 125.770598
demand_204 8 21 137.703093
demand_205 8 22 430.946976
demand_206 8 23 64.909925
demand_207 9 0 59.225801
demand_208 9 1 16.002452
demand_209 9 2 206.312281
demand_210 9 3 824.766760
demand_211 9 4 138.361740
demand_212 9 5 254.517085
demand_213 9 6 67.998255
demand_214 9 7 247.494279
demand_215 9 8 242.307977
demand_216 9 10 171.926405
demand_217 9 11 580.508463
demand_218 9 12 273.613356
demand_219 9 13 54.567914
demand_220 9 14 69.330344
demand_221 9 15 58.317902
demand_222 9 16 1025.433199
demand_223 9 17 717.085339
demand_224 9 18 9.613532
demand_225 9 19 233.208573
demand_226 9 20 114.576346
demand_227 9 21 125.446786
demand_228 9 22 392.590405
demand_229 9 23 59.132597
demand_230 10 0 112.610123
demand_231 10 1 30.426572
demand_232 10 2 392.275850
demand_233 10 3 1568.186247
demand_234 10 4 263.076774
demand_235 10 5 483.930987
demand_236 10 6 129.289798
demand_237 10 7 470.578039
demand_238 10 8 460.716963
demand_239 10 9 1418.421446
demand_240 10 11 1103.761005
demand_241 10 12 520.240052
demand_242 10 13 103.753760
demand_243 10 14 131.822593
demand_244 10 15 110.883872
demand_245 10 16 1949.727266
demand_246 10 17 1363.444093
demand_247 10 18 18.278876
demand_248 10 19 443.415635
demand_249 10 20 217.851955
demand_250 10 21 238.520676
demand_251 10 22 746.459368
demand_252 10 23 112.432908
demand_253 11 0 17.316534
demand_254 11 1 4.678822
demand_255 11 2 60.321912
demand_256 11 3 241.146616
demand_257 11 4 40.454425
demand_258 11 5 74.416110
demand_259 11 6 19.881438
demand_260 11 7 72.362771
demand_261 11 8 70.846391
demand_262 11 9 218.116650
demand_263 11 10 50.268116
demand_264 11 12 79.999508
demand_265 11 13 15.954653
demand_266 11 14 20.270916
demand_267 11 15 17.051081
demand_268 11 16 299.817788
demand_269 11 17 209.662551
demand_270 11 18 2.810820
demand_271 11 19 68.185893
demand_272 11 20 33.500014
demand_273 11 21 36.678331
demand_274 11 22 114.786206
demand_275 11 23 17.289283
demand_276 12 0 32.020322
demand_277 12 1 8.651697
demand_278 12 2 111.542361
demand_279 12 3 445.908654
demand_280 12 4 74.805024
demand_281 12 5 137.604201
demand_282 12 6 36.763133
demand_283 12 7 133.807334
demand_284 12 8 131.003369
demand_285 12 9 403.323521
demand_286 12 10 92.951700
demand_287 12 11 313.850849
demand_288 12 13 29.502044
demand_289 12 14 37.483325
demand_290 12 15 31.529468
demand_291 12 16 554.398601
demand_292 12 17 387.690889
demand_293 12 18 5.197539
demand_294 12 19 126.083792
demand_295 12 20 61.945494
demand_296 12 21 67.822578
demand_297 12 22 212.253291
demand_298 12 23 31.969931
demand_299 13 0 44.672204
demand_300 13 1 12.070158
demand_301 13 2 155.615022
demand_302 13 3 622.096255
demand_303 13 4 104.362014
demand_304 13 5 191.974426
demand_305 13 6 51.288997
demand_306 13 7 186.677339
demand_307 13 8 182.765471
demand_308 13 9 562.684867
demand_309 13 10 129.678811
demand_310 13 11 437.859718
demand_311 13 12 206.378157
demand_312 13 14 52.293751
demand_313 13 15 43.987404
demand_314 13 16 773.452792
demand_315 13 17 540.875465
demand_316 13 18 7.251192
demand_317 13 19 175.902070
demand_318 13 20 86.421422
demand_319 13 21 94.620661
demand_320 13 22 296.118894
demand_321 13 23 44.601903
demand_322 14 0 70.294644
demand_323 14 1 18.993186
demand_324 14 2 244.870448
demand_325 14 3 978.909280
demand_326 14 4 164.220478
demand_327 14 5 302.084357
demand_328 14 6 80.706602
demand_329 14 7 293.749043
demand_330 14 8 287.593461
demand_331 14 9 885.421562
demand_332 14 10 204.058119
demand_333 14 11 689.000999
demand_334 14 12 324.749573
demand_335 14 13 64.766235
demand_336 14 15 69.217066
demand_337 14 16 1217.078722
demand_338 14 17 851.103036
demand_339 14 18 11.410227
demand_340 14 19 276.793449
demand_341 14 20 135.989778
demand_342 14 21 148.891819
demand_343 14 22 465.962511
demand_344 14 23 70.184021
demand_345 15 0 229.879114
demand_346 15 1 62.111941
demand_347 15 2 800.780806
demand_348 15 3 3201.250976
demand_349 15 4 537.037472
demand_350 15 5 987.883006
demand_351 15 6 263.928532
demand_352 15 7 960.624677
demand_353 15 8 940.494556
demand_354 15 9 2895.525353
demand_355 15 10 667.315415
demand_356 15 11 2253.186445
demand_357 15 12 1062.003303
demand_358 15 13 211.799986
demand_359 15 14 269.098906
demand_360 15 16 3980.118002
demand_361 15 17 2783.296144
demand_362 15 18 37.313979
demand_363 15 19 905.176116
demand_364 15 20 444.716808
demand_365 15 21 486.909350
demand_366 15 22 1523.801005
demand_367 15 23 229.517353
demand_368 16 0 125.818268
demand_369 16 1 33.995332
demand_370 16 2 438.286247
demand_371 16 3 1752.120265
demand_372 16 4 293.933292
demand_373 16 5 540.691701
demand_374 16 6 144.454319
demand_375 16 7 525.772574
demand_376 16 8 514.754883
demand_377 16 9 1584.789411
demand_378 16 10 365.237487
demand_379 16 11 1233.222156
demand_380 16 12 581.259490
demand_381 16 13 115.923134
demand_382 16 14 147.284187
demand_383 16 15 123.889544
demand_384 16 17 1523.363714
demand_385 16 18 20.422822
demand_386 16 19 495.424266
demand_387 16 20 243.404012
demand_388 16 21 266.496987
demand_389 16 22 834.012278
demand_390 16 23 125.620268
demand_391 17 0 362.457662
demand_392 17 1 97.933860
demand_393 17 2 1262.616397
demand_394 17 3 5047.513557
demand_395 17 4 846.763950
demand_396 17 5 1557.626348
demand_397 17 6 416.144455
demand_398 17 7 1514.647280
demand_399 17 8 1482.907482
demand_400 17 9 4565.466309
demand_401 17 10 1052.177299
demand_402 17 11 3552.670258
demand_403 17 12 1674.494162
demand_404 17 13 333.951729
demand_405 17 14 424.296747
demand_406 17 15 356.901388
demand_407 17 16 6275.577806
demand_408 17 18 58.834130
demand_409 17 19 1427.219781
demand_410 17 20 701.199042
demand_411 17 21 767.725356
demand_412 17 22 2402.625189
demand_413 17 23 361.887262
demand_414 18 0 290.495740
demand_415 18 1 78.490185
demand_416 18 2 1011.938008
demand_417 18 3 4045.386092
demand_418 18 4 678.648422
demand_419 18 5 1248.377026
demand_420 18 6 333.523619
demand_421 18 7 1213.930972
demand_422 18 8 1188.492757
demand_423 18 9 3659.043943
demand_424 18 10 843.279243
demand_425 18 11 2847.327241
demand_426 18 12 1342.042040
demand_427 18 13 267.649342
demand_428 18 14 340.057365
demand_429 18 15 286.042602
demand_430 18 16 5029.631894
demand_431 18 17 3517.221110
demand_432 18 19 1143.861227
demand_433 18 20 561.983801
demand_434 18 21 615.302058
demand_435 18 22 1925.610781
demand_436 18 23 290.038586
demand_437 19 0 13.059995
demand_438 19 1 3.528731
demand_439 19 2 45.494317
demand_440 19 3 181.870900
demand_441 19 4 30.510413
demand_442 19 5 56.124051
demand_443 19 6 14.994426
demand_444 19 7 54.575438
demand_445 19 8 53.431797
demand_446 19 9 164.501880
demand_447 19 10 37.911821
demand_448 19 11 128.009035
demand_449 19 12 60.335006
demand_450 19 13 12.032875
demand_451 19 14 15.288167
demand_452 19 15 12.859792
demand_453 19 16 226.120242
demand_454 19 17 158.125864
demand_455 19 18 2.119898
demand_456 19 20 25.265450
demand_457 19 21 27.662511
demand_458 19 22 86.570863
demand_459 19 23 13.039442
demand_460 20 0 352.243892
demand_461 20 1 95.174161
demand_462 20 2 1227.036865
demand_463 20 3 4905.278614
demand_464 20 4 822.902811
demand_465 20 5 1513.733668
demand_466 20 6 404.417833
demand_467 20 7 1471.965716
demand_468 20 8 1441.120321
demand_469 20 9 4436.815076
demand_470 20 10 1022.527774
demand_471 20 11 3452.558817
demand_472 20 12 1627.308239
demand_473 20 13 324.541234
demand_474 20 14 412.340400
demand_475 20 15 346.844189
demand_476 20 16 6098.736982
demand_477 20 17 4264.846197
demand_478 20 18 57.176231
demand_479 20 19 1387.001855
demand_480 20 21 746.091462
demand_481 20 22 2334.921109
demand_482 20 23 351.689564
demand_483 21 0 429.568162
demand_484 21 1 116.066709
demand_485 21 2 1496.394921
demand_486 21 3 5982.081072
demand_487 21 4 1003.545715
demand_488 21 5 1846.027155
demand_489 21 6 493.195280
demand_490 21 7 1795.090339
demand_491 21 8 1757.473789
demand_492 21 9 5410.780829
demand_493 21 10 1246.992174
demand_494 21 11 4210.461500
demand_495 21 12 1984.533516
demand_496 21 13 395.784240
demand_497 21 14 502.857003
demand_498 21 15 422.983121
demand_499 21 16 7437.526374
demand_500 21 17 5201.061492
demand_501 21 18 69.727507
demand_502 21 19 1691.475285
demand_503 21 20 831.028876
demand_504 21 22 2847.480943
demand_505 21 23 428.892149
demand_506 22 0 176.042510
demand_507 22 1 47.565617
demand_508 22 2 613.241719
demand_509 22 3 2451.533100
demand_510 22 4 411.265830
demand_511 22 5 756.525467
demand_512 22 6 202.117715
demand_513 22 7 735.650910
demand_514 22 8 720.235168
demand_515 22 9 2217.406976
demand_516 22 10 511.033293
demand_517 22 11 1725.500810
demand_518 22 12 813.287140
demand_519 22 13 162.197428
demand_520 22 14 206.077212
demand_521 22 15 173.343876
demand_522 22 16 3047.993143
demand_523 22 17 2131.461318
demand_524 22 18 28.575221
demand_525 22 19 693.188140
demand_526 22 20 340.566230
demand_527 22 21 372.877477
demand_528 22 23 175.765471
demand_529 23 0 111.246147
demand_530 23 1 30.058034
demand_531 23 2 387.524459
demand_532 23 3 1549.191792
demand_533 23 4 259.890290
demand_534 23 5 478.069435
demand_535 23 6 127.723792
demand_536 23 7 464.878223
demand_537 23 8 455.136588
demand_538 23 9 1401.240998
demand_539 23 10 322.936118
demand_540 23 11 1090.391842
demand_541 23 12 513.938711
demand_542 23 13 102.497056
demand_543 23 14 130.225908
demand_544 23 15 109.540806
demand_545 23 16 1926.111444
demand_546 23 17 1346.929552
demand_547 23 18 18.057475
demand_548 23 19 438.044820
demand_549 23 20 215.213251
demand_550 23 21 235.631625
demand_551 23 22 737.417974
