DEMANDS 552
label src dest bw
demand_0 0 1 146.367260
demand_1 0 2 1132.214376
demand_2 0 3 3171.124575
demand_3 0 4 883.898952
demand_4 0 5 1600.498867
demand_5 0 6 315.047616
demand_6 0 7 1563.035305
demand_7 0 8 1296.502518
demand_8 0 9 2113.704673
demand_9 0 10 1045.970649
demand_10 0 11 1954.908923
demand_11 0 12 1668.930640
demand_12 0 13 148.058462
demand_13 0 14 429.468346
demand_14 0 15 268.878954
demand_15 0 16 3300.166524
demand_16 0 17 2055.008293
demand_17 0 18 121.637713
demand_18 0 19 1263.852325
demand_19 0 20 510.147233
demand_20 0 21 561.285518
demand_21 0 22 1709.202204
demand_22 0 23 275.625309
demand_23 1 0 391.782740
demand_24 1 2 1476.221315
demand_25 1 3 4134.624848
demand_26 1 4 1152.458847
demand_27 1 5 2086.787267
demand_28 1 6 410.770271
demand_29 1 7 2037.940943
demand_30 1 8 1690.426029
demand_31 1 9 2755.923224
demand_32 1 10 1363.773681
demand_33 1 11 2548.879685
demand_34 1 12 2176.011043
demand_35 1 13 193.043881
demand_36 1 14 559.956083
demand_37 1 15 350.573930
demand_38 1 16 4302.874324
demand_39 1 17 2679.392799
demand_40 1 18 158.595570
demand_41 1 19 1647.855549
demand_42 1 20 665.148080
demand_43 1 21 731.823994
demand_44 1 22 2228.518538
demand_45 1 23 359.370067
demand_46 2 0 154.141922
demand_47 2 1 75.083104
demand_48 2 3 1626.715410
demand_49 2 4 453.420234
demand_50 2 5 821.019834
demand_51 2 6 161.612324
demand_52 2 7 801.801871
demand_53 2 8 665.076560
demand_54 2 9 1084.282841
demand_55 2 10 536.559360
demand_56 2 11 1002.824202
demand_57 2 12 856.123790
demand_58 2 13 75.950653
demand_59 2 14 220.307579
demand_60 2 15 137.928841
demand_61 2 16 1692.911021
demand_62 2 17 1054.172922
demand_63 2 18 62.397404
demand_64 2 19 648.327748
demand_65 2 20 261.694028
demand_66 2 21 287.926816
demand_67 2 22 876.782194
demand_68 2 23 141.389569
demand_69 3 0 207.185351
demand_70 3 1 100.920756
demand_71 3 2 780.665917
demand_72 3 4 609.451532
demand_73 3 5 1103.549772
demand_74 3 6 217.226474
demand_75 3 7 1077.718509
demand_76 3 8 893.943186
demand_77 3 9 1457.407035
demand_78 3 10 721.200555
demand_79 3 11 1347.916790
demand_80 3 12 1150.733727
demand_81 3 13 102.086846
demand_82 3 14 296.119982
demand_83 3 15 185.393014
demand_84 3 16 2275.476784
demand_85 3 17 1416.935669
demand_86 3 18 83.869644
demand_87 3 19 871.430760
demand_88 3 20 351.748366
demand_89 3 21 387.008400
demand_90 3 22 1178.501116
demand_91 3 23 190.044650
demand_92 4 0 313.002500
demand_93 4 1 152.464684
demand_94 4 2 1179.380600
demand_95 4 3 3303.228509
demand_96 4 5 1667.173068
demand_97 4 6 328.171992
demand_98 4 7 1628.148834
demand_99 4 8 1350.512721
demand_100 4 9 2201.758200
demand_101 4 10 1089.544099
demand_102 4 11 2036.347275
demand_103 4 12 1738.455598
demand_104 4 13 154.226338
demand_105 4 14 447.359305
demand_106 4 15 280.080018
demand_107 4 16 3437.646138
demand_108 4 17 2140.616623
demand_109 4 18 126.704944
demand_110 4 19 1316.502374
demand_111 4 20 531.399143
demand_112 4 21 584.667768
demand_113 4 22 1780.404810
demand_114 4 23 287.107415
demand_115 5 0 79.932105
demand_116 5 1 38.935226
demand_117 5 2 301.180899
demand_118 5 3 843.552397
demand_119 5 4 235.126392
demand_120 5 6 83.805970
demand_121 5 7 415.783785
demand_122 5 8 344.883268
demand_123 5 9 562.267612
demand_124 5 10 278.239163
demand_125 5 11 520.026277
demand_126 5 12 443.953055
demand_127 5 13 39.385104
demand_128 5 14 114.243084
demand_129 5 15 71.524622
demand_130 5 16 877.878909
demand_131 5 17 546.653760
demand_132 5 18 32.356907
demand_133 5 19 336.197974
demand_134 5 20 135.704515
demand_135 5 21 149.307835
demand_136 5 22 454.665713
demand_137 5 23 73.319223
demand_138 6 0 263.935683
demand_139 6 1 128.564054
demand_140 6 2 994.498844
demand_141 6 3 2785.408658
demand_142 6 4 776.386968
demand_143 6 5 1405.824116
demand_144 6 7 1372.917388
demand_145 6 8 1138.803996
demand_146 6 9 1856.606751
demand_147 6 10 918.745269
demand_148 6 11 1717.125931
demand_149 6 12 1465.932273
demand_150 6 13 130.049549
demand_151 6 14 377.230481
demand_152 6 15 236.174187
demand_153 6 16 2898.754745
demand_154 6 17 1805.049835
demand_155 6 18 106.842456
demand_156 6 19 1110.125170
demand_157 6 20 448.096089
demand_158 6 21 493.014231
demand_159 6 22 1501.305453
demand_160 6 23 242.099957
demand_161 7 0 172.460950
demand_162 7 1 84.006371
demand_163 7 2 649.825795
demand_164 7 3 1820.042734
demand_165 7 4 507.307054
demand_166 7 5 918.594103
demand_167 7 6 180.819174
demand_168 7 8 744.117719
demand_169 7 9 1213.144656
demand_170 7 10 600.326867
demand_171 7 11 1122.005048
demand_172 7 12 957.869996
demand_173 7 13 84.977024
demand_174 7 14 246.490078
demand_175 7 15 154.321023
demand_176 7 16 1894.105375
demand_177 7 17 1179.456317
demand_178 7 18 69.813036
demand_179 7 19 725.378391
demand_180 7 20 292.795108
demand_181 7 21 322.145537
demand_182 7 22 980.983553
demand_183 7 23 158.193041
demand_184 8 0 64.363877
demand_185 8 1 31.351884
demand_186 8 2 242.520450
demand_187 8 3 679.255251
demand_188 8 4 189.331258
demand_189 8 5 342.827043
demand_190 8 6 67.483236
demand_191 8 7 334.802343
demand_192 8 9 452.755786
demand_193 8 10 224.047034
demand_194 8 11 418.741718
demand_195 8 12 357.485136
demand_196 8 13 31.714140
demand_197 8 14 91.992169
demand_198 8 15 57.593903
demand_199 8 16 706.896052
demand_200 8 17 440.183014
demand_201 8 18 26.054812
demand_202 8 19 270.717314
demand_203 8 20 109.273596
demand_204 8 21 120.227423
demand_205 8 22 366.111310
demand_206 8 23 59.038973
demand_207 9 0 33.123818
demand_208 9 1 16.134735
demand_209 9 2 124.809188
demand_210 9 3 349.567619
demand_211 9 4 97.436239
demand_212 9 5 176.430337
demand_213 9 6 34.729145
demand_214 9 7 172.300557
demand_215 9 8 142.919424
demand_216 9 10 115.302146
demand_217 9 11 215.498585
demand_218 9 12 183.973886
demand_219 9 13 16.321164
demand_220 9 14 47.342267
demand_221 9 15 29.639761
demand_222 9 16 363.792506
demand_223 9 17 226.532998
demand_224 9 18 13.408683
demand_225 9 19 139.320244
demand_226 9 20 56.235871
demand_227 9 21 61.873079
demand_228 9 22 188.413205
demand_229 9 23 30.383443
demand_230 10 0 106.761976
demand_231 10 1 52.004156
demand_232 10 2 402.274752
demand_233 10 3 1126.697716
demand_234 10 4 314.048505
demand_235 10 5 568.655811
demand_236 10 6 111.936135
demand_237 10 7 555.345041
demand_238 10 8 460.646181
demand_239 10 9 750.997373
demand_240 10 11 694.577386
demand_241 10 12 592.969559
demand_242 10 13 52.605039
demand_243 10 14 152.589718
demand_244 10 15 95.532451
demand_245 10 16 1172.546204
demand_246 10 17 730.142602
demand_247 10 18 43.217770
demand_248 10 19 449.045597
demand_249 10 20 181.254854
demand_250 10 21 199.424241
demand_251 10 22 607.278009
demand_252 10 23 97.929425
demand_253 11 0 14.177727
demand_254 11 1 6.906024
demand_255 11 2 53.421096
demand_256 11 3 149.622682
demand_257 11 4 41.704868
demand_258 11 5 75.516091
demand_259 11 6 14.864843
demand_260 11 7 73.748454
demand_261 11 8 61.172678
demand_262 11 9 99.730602
demand_263 11 10 49.351872
demand_264 11 12 78.744897
demand_265 11 13 6.985820
demand_266 11 14 20.263539
demand_267 11 15 12.686474
demand_268 11 16 155.711248
demand_269 11 17 96.961139
demand_270 11 18 5.739213
demand_271 11 19 59.632149
demand_272 11 20 24.070198
demand_273 11 21 26.483048
demand_274 11 22 80.645024
demand_275 11 23 13.004786
demand_276 12 0 14.218667
demand_277 12 1 6.925965
demand_278 12 2 53.575353
demand_279 12 3 150.054727
demand_280 12 4 41.825294
demand_281 12 5 75.734149
demand_282 12 6 14.907766
demand_283 12 7 73.961407
demand_284 12 8 61.349319
demand_285 12 9 100.018580
demand_286 12 10 49.494379
demand_287 12 11 92.504510
demand_288 12 13 7.005992
demand_289 12 14 20.322051
demand_290 12 15 12.723107
demand_291 12 16 156.160875
demand_292 12 17 97.241121
demand_293 12 18 5.755786
demand_294 12 19 59.804341
demand_295 12 20 24.139703
demand_296 12 21 26.559520
demand_297 12 22 80.877892
demand_298 12 23 13.042339
demand_299 13 0 20.786399
demand_300 13 1 10.125132
demand_301 13 2 78.322300
demand_302 13 3 219.366382
demand_303 13 4 61.144780
demand_304 13 5 110.716447
demand_305 13 6 21.793800
demand_306 13 7 108.124860
demand_307 13 8 89.687131
demand_308 13 9 146.218080
demand_309 13 10 72.356286
demand_310 13 11 135.233192
demand_311 13 12 115.450298
demand_312 13 14 29.708993
demand_313 13 15 18.600027
demand_314 13 16 228.293015
demand_315 13 17 142.157687
demand_316 13 18 8.414436
demand_317 13 19 87.428515
demand_318 13 20 35.290053
demand_319 13 21 38.827605
demand_320 13 22 118.236132
demand_321 13 23 19.066714
demand_322 14 0 70.236638
demand_323 14 1 34.212528
demand_324 14 2 264.648776
demand_325 14 3 741.232629
demand_326 14 4 206.606435
demand_327 14 5 374.107656
demand_328 14 6 73.640618
demand_329 14 7 365.350758
demand_330 14 8 303.050210
demand_331 14 9 494.066642
demand_332 14 10 244.489788
demand_333 14 11 456.949024
demand_334 14 12 390.103200
demand_335 14 13 34.607837
demand_336 14 15 62.848951
demand_337 14 16 771.395462
demand_338 14 17 480.346692
demand_339 14 18 28.432135
demand_340 14 19 295.418410
demand_341 14 20 119.244062
demand_342 14 21 131.197350
demand_343 14 22 399.516453
demand_344 14 23 64.425874
demand_345 15 0 317.633061
demand_346 15 1 154.720247
demand_347 15 2 1196.828362
demand_348 15 3 3352.096485
demand_349 15 4 934.341903
demand_350 15 5 1691.837233
demand_351 15 6 333.026969
demand_352 15 7 1652.235674
demand_353 15 8 1370.492211
demand_354 15 9 2234.331019
demand_355 15 10 1105.662819
demand_356 15 11 2066.473005
demand_357 15 12 1764.174318
demand_358 15 13 156.507964
demand_359 15 14 453.977540
demand_360 15 16 3488.502688
demand_361 15 17 2172.284914
demand_362 15 18 128.579417
demand_363 15 19 1335.978715
demand_364 15 20 539.260664
demand_365 15 21 593.317345
demand_366 15 22 1806.744126
demand_367 15 23 291.354883
demand_368 16 0 136.180359
demand_369 16 1 66.333960
demand_370 16 2 513.122014
demand_371 16 3 1437.160543
demand_372 16 4 400.584924
demand_373 16 5 725.349562
demand_374 16 6 142.780264
demand_375 16 7 708.370994
demand_376 16 8 587.577756
demand_377 16 9 957.935547
demand_378 16 10 474.036169
demand_379 16 11 885.968969
demand_380 16 12 756.362990
demand_381 16 13 67.100416
demand_382 16 14 194.635987
demand_383 16 15 121.856526
demand_384 16 17 931.334221
demand_385 16 18 55.126476
demand_386 16 19 572.780618
demand_387 16 20 231.199834
demand_388 16 21 254.375816
demand_389 16 22 774.614150
demand_390 16 23 124.913988
demand_391 17 0 424.890058
demand_392 17 1 206.965530
demand_393 17 2 1600.968334
demand_394 17 3 4484.018342
demand_395 17 4 1249.846552
demand_396 17 5 2263.129722
demand_397 17 6 445.482117
demand_398 17 7 2210.155675
demand_399 17 8 1833.274263
demand_400 17 9 2988.810530
demand_401 17 10 1479.018394
demand_402 17 11 2764.270927
demand_403 17 12 2359.893289
demand_404 17 13 209.356915
demand_405 17 14 607.274768
demand_406 17 15 380.198928
demand_407 17 16 4666.485620
demand_408 17 18 171.997574
demand_409 17 19 1787.106395
demand_410 17 20 721.355940
demand_411 17 21 793.666253
demand_412 17 22 2416.837892
demand_413 17 23 389.738376
demand_414 18 0 396.599039
demand_415 18 1 193.184869
demand_416 18 2 1494.368935
demand_417 18 3 4185.452999
demand_418 18 4 1166.626360
demand_419 18 5 2112.440752
demand_420 18 6 415.819990
demand_421 18 7 2062.993947
demand_422 18 8 1711.206931
demand_423 18 9 2789.802593
demand_424 18 10 1380.538950
demand_425 18 11 2580.213808
demand_426 18 12 2202.761383
demand_427 18 13 195.417026
demand_428 18 14 566.839787
demand_429 18 15 354.883638
demand_430 18 16 4355.770816
demand_431 18 17 2712.331357
demand_432 18 19 1668.113118
demand_433 18 20 673.324940
demand_434 18 21 740.820520
demand_435 18 22 2255.914367
demand_436 18 23 363.787908
demand_437 19 0 6.502061
demand_438 19 1 3.167178
demand_439 19 2 24.499500
demand_440 19 3 68.618600
demand_441 19 4 19.126309
demand_442 19 5 34.632506
demand_443 19 6 6.817180
demand_444 19 7 33.821849
demand_445 19 8 28.054460
demand_446 19 9 45.737546
demand_447 19 10 22.633309
demand_448 19 11 42.301433
demand_449 19 12 36.113272
demand_450 19 13 3.203773
demand_451 19 14 9.293081
demand_452 19 15 5.818156
demand_453 19 16 71.410884
demand_454 19 17 44.467440
demand_455 19 18 2.632066
demand_456 19 20 11.038856
demand_457 19 21 12.145416
demand_458 19 22 36.984691
demand_459 19 23 5.964137
demand_460 20 0 421.169171
demand_461 20 1 205.153072
demand_462 20 2 1586.948184
demand_463 20 3 4444.750476
demand_464 20 4 1238.901278
demand_465 20 5 2243.310829
demand_466 20 6 441.580900
demand_467 20 7 2190.800692
demand_468 20 8 1817.219742
demand_469 20 9 2962.636638
demand_470 20 10 1466.066195
demand_471 20 11 2740.063394
demand_472 20 12 2339.227010
demand_473 20 13 207.523515
demand_474 20 14 601.956685
demand_475 20 15 376.869414
demand_476 20 16 4625.619833
demand_477 20 17 2880.365899
demand_478 20 18 170.491341
demand_479 20 19 1771.456179
demand_480 20 21 786.715885
demand_481 20 22 2395.672932
demand_482 20 23 386.325322
demand_483 21 0 508.061069
demand_484 21 1 247.478439
demand_485 21 2 1914.353299
demand_486 21 3 5361.752085
demand_487 21 4 1494.500433
demand_488 21 5 2706.130880
demand_489 21 6 532.683965
demand_490 21 7 2642.787316
demand_491 21 8 2192.132448
demand_492 21 9 3573.861628
demand_493 21 10 1768.532007
demand_494 21 11 3305.369040
demand_495 21 12 2821.835639
demand_496 21 13 250.337931
demand_497 21 14 726.147064
demand_498 21 15 454.621778
demand_499 21 16 5579.936809
demand_500 21 17 3474.617518
demand_501 21 18 205.665607
demand_502 21 19 2136.927351
demand_503 21 20 862.559298
demand_504 21 22 2889.926984
demand_505 21 23 466.028546
demand_506 22 0 250.354003
demand_507 22 1 121.948367
demand_508 22 2 943.323628
demand_509 22 3 2642.076274
demand_510 22 4 736.435417
demand_511 22 5 1333.482802
demand_512 22 6 262.487270
demand_513 22 7 1302.269398
demand_514 22 8 1080.203082
demand_515 22 9 1761.068931
demand_516 22 10 871.468203
demand_517 22 11 1628.765556
demand_518 22 12 1390.497895
demand_519 22 13 123.357421
demand_520 22 14 357.818843
demand_521 22 15 224.021065
demand_522 22 16 2749.589764
demand_523 22 17 1712.165046
demand_524 22 18 101.344525
demand_525 22 19 1053.000020
demand_526 22 20 425.037827
demand_527 22 21 467.644558
demand_528 22 23 229.641905
demand_529 23 0 99.007964
demand_530 23 1 48.227148
demand_531 23 2 373.057952
demand_532 23 3 1044.866823
demand_533 23 4 291.239486
demand_534 23 5 527.354926
demand_535 23 6 103.806329
demand_536 23 7 515.010904
demand_537 23 8 427.189924
demand_538 23 9 696.453209
demand_539 23 10 344.641153
demand_540 23 11 644.130947
demand_541 23 12 549.902792
demand_542 23 13 48.784389
demand_543 23 14 141.507284
demand_544 23 15 88.594028
demand_545 23 16 1087.385384
demand_546 23 17 677.113099
demand_547 23 18 40.078908
demand_548 23 19 416.431879
demand_549 23 20 168.090501
demand_550 23 21 184.940264
demand_551 23 22 563.172034
