DEMANDS 552
label src dest bw
demand_0 0 1 141.423052
demand_1 0 2 773.389943
demand_2 0 3 2842.356528
demand_3 0 4 716.016644
demand_4 0 5 1445.460469
demand_5 0 6 331.372677
demand_6 0 7 908.110819
demand_7 0 8 841.068936
demand_8 0 9 2231.712696
demand_9 0 10 767.294690
demand_10 0 11 1991.151240
demand_11 0 12 1532.879742
demand_12 0 13 185.291787
demand_13 0 14 458.983517
demand_14 0 15 224.922574
demand_15 0 16 2976.400358
demand_16 0 17 2095.906106
demand_17 0 18 87.134934
demand_18 0 19 832.669424
demand_19 0 20 662.166043
demand_20 0 21 703.955571
demand_21 0 22 1584.219523
demand_22 0 23 244.212223
demand_23 1 0 334.326186
demand_24 1 2 956.574066
demand_25 1 3 3515.593351
demand_26 1 4 885.611403
demand_27 1 5 1787.830332
demand_28 1 6 409.861172
demand_29 1 7 1123.204752
demand_30 1 8 1040.283416
demand_31 1 9 2760.313225
demand_32 1 10 949.035099
demand_33 1 11 2462.772700
demand_34 1 12 1895.955619
demand_35 1 13 229.179756
demand_36 1 14 567.697749
demand_37 1 15 278.197439
demand_38 1 16 3681.386627
demand_39 1 17 2592.339665
demand_40 1 18 107.773599
demand_41 1 19 1029.894407
demand_42 1 20 819.005819
demand_43 1 21 870.693560
demand_44 1 22 1959.455672
demand_45 1 23 302.056008
demand_46 2 0 137.657553
demand_47 2 1 72.022790
demand_48 2 3 1447.532376
demand_49 2 4 364.647173
demand_50 2 5 736.132433
demand_51 2 6 168.758800
demand_52 2 7 462.475344
demand_53 2 8 428.332795
demand_54 2 9 1136.548617
demand_55 2 10 390.761642
demand_56 2 11 1014.037422
demand_57 2 12 780.652615
demand_58 2 13 94.363905
demand_59 2 14 233.747419
demand_60 2 15 114.546752
demand_61 2 16 1515.797135
demand_62 2 17 1067.386134
demand_63 2 18 44.375375
demand_64 2 19 424.055159
demand_65 2 20 337.222574
demand_66 2 21 358.504808
demand_67 2 22 806.798523
demand_68 2 23 124.370428
demand_69 3 0 165.348278
demand_70 3 1 86.510650
demand_71 3 2 473.094486
demand_72 3 4 437.998359
demand_73 3 5 884.210332
demand_74 3 6 202.705747
demand_75 3 7 555.505312
demand_76 3 8 514.494764
demand_77 3 9 1365.172874
demand_78 3 10 469.365926
demand_79 3 11 1218.017743
demand_80 3 12 937.686041
demand_81 3 13 113.345827
demand_82 3 14 280.767255
demand_83 3 15 137.588587
demand_84 3 16 1820.709735
demand_85 3 17 1282.097901
demand_86 3 18 53.301775
demand_87 3 19 509.356654
demand_88 3 20 405.057121
demand_89 3 21 430.620416
demand_90 3 22 969.091372
demand_91 3 23 149.388361
demand_92 4 0 308.346911
demand_93 4 1 161.327906
demand_94 4 2 882.242167
demand_95 4 3 3242.409350
demand_96 4 5 1648.904525
demand_97 4 6 378.012348
demand_98 4 7 1035.924587
demand_99 4 8 959.446767
demand_100 4 9 2545.819302
demand_101 4 10 875.289026
demand_102 4 11 2271.399571
demand_103 4 12 1748.627788
demand_104 4 13 211.371029
demand_105 4 14 523.584017
demand_106 4 15 256.579725
demand_107 4 16 3395.319432
demand_108 4 17 2390.898358
demand_109 4 18 99.398904
demand_110 4 19 949.865050
demand_111 4 20 755.363849
demand_112 4 21 803.035123
demand_113 4 22 1807.193483
demand_114 4 23 278.584332
demand_115 5 0 76.913958
demand_116 5 1 40.241583
demand_117 5 2 220.066214
demand_118 5 3 808.785588
demand_119 5 4 203.740782
demand_120 5 6 94.291283
demand_121 5 7 258.400709
demand_122 5 8 239.324106
demand_123 5 9 635.028381
demand_124 5 10 218.331825
demand_125 5 11 566.577208
demand_126 5 12 436.177176
demand_127 5 13 52.724324
demand_128 5 14 130.602636
demand_129 5 15 64.001167
demand_130 5 16 846.927432
demand_131 5 17 596.384949
demand_132 5 18 24.794032
demand_133 5 19 236.934045
demand_134 5 20 188.417726
demand_135 5 21 200.308833
demand_136 5 22 450.785785
demand_137 5 23 69.489990
demand_138 6 0 233.015006
demand_139 6 1 121.914057
demand_140 6 2 666.702523
demand_141 6 3 2450.259778
demand_142 6 4 617.243743
demand_143 6 5 1246.062418
demand_144 6 7 782.838955
demand_145 6 8 725.045350
demand_146 6 9 1923.852902
demand_147 6 10 661.448097
demand_148 6 11 1716.476363
demand_149 6 12 1321.422397
demand_150 6 13 159.731198
demand_151 6 14 395.667764
demand_152 6 15 193.895006
demand_153 6 16 2565.812561
demand_154 6 17 1806.780529
demand_155 6 18 75.114864
demand_156 6 19 717.804532
demand_157 6 20 570.821713
demand_158 6 21 606.846469
demand_159 6 22 1365.679969
demand_160 6 23 210.523691
demand_161 7 0 162.542659
demand_162 7 1 85.042742
demand_163 7 2 465.067048
demand_164 7 3 1709.210691
demand_165 7 4 430.566430
demand_166 7 5 869.207105
demand_167 7 6 199.266248
demand_168 7 8 505.764848
demand_169 7 9 1342.008704
demand_170 7 10 461.401754
demand_171 7 11 1197.350492
demand_172 7 12 921.775442
demand_173 7 13 111.422582
demand_174 7 14 276.003213
demand_175 7 15 135.253992
demand_176 7 16 1789.816043
demand_177 7 17 1260.343341
demand_178 7 18 52.397354
demand_179 7 19 500.713921
demand_180 7 20 398.184136
demand_181 7 21 423.313675
demand_182 7 22 952.647889
demand_183 7 23 146.853549
demand_184 8 0 48.604119
demand_185 8 1 25.429802
demand_186 8 2 139.066104
demand_187 8 3 511.094631
demand_188 8 4 128.749599
demand_189 8 5 259.913588
demand_190 8 6 59.585346
demand_191 8 7 163.290762
demand_192 8 9 401.292507
demand_193 8 10 137.970094
demand_194 8 11 358.036262
demand_195 8 12 275.632771
demand_196 8 13 33.318001
demand_197 8 14 82.531522
demand_198 8 15 40.444159
demand_199 8 16 535.197547
demand_200 8 17 376.872622
demand_201 8 18 15.668054
demand_202 8 19 149.725366
demand_203 8 20 119.066523
demand_204 8 21 126.580853
demand_205 8 22 284.864367
demand_206 8 23 43.912702
demand_207 9 0 46.764105
demand_208 9 1 24.467101
demand_209 9 2 133.801455
demand_210 9 3 491.746036
demand_211 9 4 123.875504
demand_212 9 5 250.073996
demand_213 9 6 57.329613
demand_214 9 7 157.109037
demand_215 9 8 145.510358
demand_216 9 10 132.746937
demand_217 9 11 344.482024
demand_218 9 12 265.198095
demand_219 9 13 32.056676
demand_220 9 14 79.407113
demand_221 9 15 38.913058
demand_222 9 16 514.936484
demand_223 9 17 362.605292
demand_224 9 18 15.074906
demand_225 9 19 144.057188
demand_226 9 20 114.559002
demand_227 9 21 121.788860
demand_228 9 22 274.080209
demand_229 9 23 42.250292
demand_230 10 0 92.335400
demand_231 10 1 48.310122
demand_232 10 2 264.190042
demand_233 10 3 970.949128
demand_234 10 4 244.591320
demand_235 10 5 493.769366
demand_236 10 6 113.196922
demand_237 10 7 310.210700
demand_238 10 8 287.309189
demand_239 10 9 762.353165
demand_240 10 11 680.177360
demand_241 10 12 523.631794
demand_242 10 13 63.295683
demand_243 10 14 156.788792
demand_244 10 15 76.833562
demand_245 10 16 1016.738507
demand_246 10 17 715.961627
demand_247 10 18 29.765298
demand_248 10 19 284.439916
demand_249 10 20 226.195952
demand_250 10 21 240.471257
demand_251 10 22 541.169466
demand_252 10 23 83.422907
demand_253 11 0 15.664389
demand_254 11 1 8.195649
demand_255 11 2 44.818949
demand_256 11 3 164.718242
demand_257 11 4 41.494092
demand_258 11 5 83.766307
demand_259 11 6 19.203476
demand_260 11 7 52.626198
demand_261 11 8 48.741034
demand_262 11 9 129.330641
demand_263 11 10 44.465721
demand_264 11 12 88.832367
demand_265 11 13 10.737899
demand_266 11 14 26.598689
demand_267 11 15 13.034555
demand_268 11 16 172.486256
demand_269 11 17 121.460474
demand_270 11 18 5.049582
demand_271 11 19 48.254272
demand_272 11 20 38.373380
demand_273 11 21 40.795137
demand_274 11 22 91.807573
demand_275 11 23 14.152415
demand_276 12 0 24.023280
demand_277 12 1 12.569043
demand_278 12 2 68.735408
demand_279 12 3 252.615820
demand_280 12 4 63.636328
demand_281 12 5 128.466003
demand_282 12 6 29.450908
demand_283 12 7 80.708791
demand_284 12 8 74.750411
demand_285 12 9 198.344552
demand_286 12 10 68.193689
demand_287 12 11 176.964536
demand_288 12 13 16.467898
demand_289 12 14 40.792384
demand_290 12 15 19.990103
demand_291 12 16 264.529031
demand_292 12 17 186.274675
demand_293 12 18 7.744160
demand_294 12 19 74.003900
demand_295 12 20 58.850329
demand_296 12 21 62.564394
demand_297 12 22 140.798281
demand_298 12 23 21.704480
demand_299 13 0 45.474421
demand_300 13 1 23.792335
demand_301 13 2 130.111411
demand_302 13 3 478.184416
demand_303 13 4 120.459202
demand_304 13 5 243.177329
demand_305 13 6 55.748548
demand_306 13 7 152.776204
demand_307 13 8 141.497400
demand_308 13 9 375.452629
demand_309 13 10 129.085975
demand_310 13 11 334.981725
demand_311 13 12 257.884328
demand_312 13 14 77.217183
demand_313 13 15 37.839894
demand_314 13 16 500.735306
demand_315 13 17 352.605180
demand_316 13 18 14.659163
demand_317 13 19 140.084306
demand_318 13 20 111.399636
demand_319 13 21 118.430105
demand_320 13 22 266.521486
demand_321 13 23 41.085092
demand_322 14 0 64.533207
demand_323 14 1 33.763942
demand_324 14 2 184.642407
demand_325 14 3 678.596297
demand_326 14 4 170.944862
demand_327 14 5 345.095386
demand_328 14 6 79.113324
demand_329 14 7 216.806243
demand_330 14 8 200.800378
demand_331 14 9 532.808590
demand_332 14 10 183.187201
demand_333 14 11 475.375923
demand_334 14 12 365.966235
demand_335 14 13 44.237350
demand_336 14 15 53.698973
demand_337 14 16 710.598492
demand_338 14 17 500.385546
demand_339 14 18 20.802965
demand_340 14 19 198.795043
demand_341 14 20 158.088340
demand_342 14 21 168.065350
demand_343 14 22 378.223313
demand_344 14 23 58.304266
demand_345 15 0 313.830254
demand_346 15 1 164.196806
demand_347 15 2 897.931108
demand_348 15 3 3300.069222
demand_349 15 4 831.318825
demand_350 15 5 1678.227048
demand_351 15 6 384.734554
demand_352 15 7 1054.346468
demand_353 15 8 976.508640
demand_354 15 9 2591.091690
demand_355 15 10 890.854319
demand_356 15 11 2311.791944
demand_357 15 12 1779.723694
demand_358 15 13 215.129846
demand_359 15 14 532.894928
demand_360 15 16 3455.698509
demand_361 15 17 2433.415782
demand_362 15 18 101.166518
demand_363 15 19 966.756532
demand_364 15 20 768.796510
demand_365 15 21 817.315523
demand_366 15 22 1839.330864
demand_367 15 23 283.538406
demand_368 16 0 110.164525
demand_369 16 1 57.638366
demand_370 16 2 315.202733
demand_371 16 3 1158.430560
demand_372 16 4 291.819676
demand_373 16 5 589.111733
demand_374 16 6 135.054217
demand_375 16 7 370.109560
demand_376 16 8 342.785977
demand_377 16 9 909.556617
demand_378 16 10 312.718552
demand_379 16 11 811.513413
demand_380 16 12 624.740324
demand_381 16 13 75.517503
demand_382 16 14 187.063279
demand_383 16 15 91.669423
demand_384 16 17 854.207296
demand_385 16 18 35.512705
demand_386 16 19 339.362672
demand_387 16 20 269.872330
demand_388 16 21 286.904067
demand_389 16 22 645.664360
demand_390 16 23 99.531111
demand_391 17 0 490.400886
demand_392 17 1 256.579020
demand_393 17 2 1403.134992
demand_394 17 3 5156.790491
demand_395 17 4 1299.044572
demand_396 17 5 2622.449622
demand_397 17 6 601.198144
demand_398 17 7 1647.554482
demand_399 17 8 1525.922680
demand_400 17 9 4048.920217
demand_401 17 10 1392.076582
demand_402 17 11 3612.477773
demand_403 17 12 2781.051427
demand_404 17 13 336.168569
demand_405 17 14 832.718139
demand_406 17 15 408.069353
demand_407 17 16 5399.981640
demand_408 17 18 158.085938
demand_409 17 19 1510.683733
demand_410 17 20 1201.345264
demand_411 17 21 1277.162579
demand_412 17 22 2874.195439
demand_413 17 23 443.065906
demand_414 18 0 371.698610
demand_415 18 1 194.473680
demand_416 18 2 1063.504046
demand_417 18 3 3908.581556
demand_418 18 4 984.608869
demand_419 18 5 1987.681726
demand_420 18 6 455.677224
demand_421 18 7 1248.761429
demand_422 18 8 1156.570788
demand_423 18 9 3068.872957
demand_424 18 10 1055.122340
demand_425 18 11 2738.072067
demand_426 18 12 2107.893725
demand_427 18 13 254.798458
demand_428 18 14 631.157454
demand_429 18 15 309.295549
demand_430 18 16 4092.907920
demand_431 18 17 2882.122587
demand_432 18 19 1145.020451
demand_433 18 20 910.557826
demand_434 18 21 968.023446
demand_435 18 22 2178.492088
demand_436 18 23 335.821133
demand_437 19 0 11.811462
demand_438 19 1 6.179788
demand_439 19 2 33.794954
demand_440 19 3 124.202944
demand_441 19 4 31.287903
demand_442 19 5 63.162536
demand_443 19 6 14.480049
demand_444 19 7 39.681875
demand_445 19 8 36.752334
demand_446 19 9 97.519535
demand_447 19 10 33.528608
demand_448 19 11 87.007679
demand_449 19 12 66.982511
demand_450 19 13 8.096727
demand_451 19 14 20.056282
demand_452 19 15 9.828481
demand_453 19 16 130.060280
demand_454 19 17 91.585171
demand_455 19 18 3.807550
demand_456 19 20 28.934784
demand_457 19 21 30.760868
demand_458 19 22 69.225914
demand_459 19 23 10.671384
demand_460 20 0 484.670984
demand_461 20 1 253.581120
demand_462 20 2 1386.740596
demand_463 20 3 5096.537940
demand_464 20 4 1283.866381
demand_465 20 5 2591.808610
demand_466 20 6 594.173673
demand_467 20 7 1628.304261
demand_468 20 8 1508.093618
demand_469 20 9 4001.612153
demand_470 20 10 1375.811394
demand_471 20 11 3570.269155
demand_472 20 12 2748.557293
demand_473 20 13 332.240735
demand_474 20 14 822.988561
demand_475 20 15 403.301423
demand_476 20 16 5336.887615
demand_477 20 17 3758.101731
demand_478 20 18 156.238843
demand_479 20 19 1493.032725
demand_480 20 21 1262.240060
demand_481 20 22 2840.612999
demand_482 20 23 437.889071
demand_483 21 0 752.554300
demand_484 21 1 393.738368
demand_485 21 2 2153.208326
demand_486 21 3 7913.454007
demand_487 21 4 1993.474331
demand_488 21 5 4024.331512
demand_489 21 6 922.580405
demand_490 21 7 2528.287051
demand_491 21 8 2341.634581
demand_492 21 9 6213.349945
demand_493 21 10 2136.238426
demand_494 21 11 5543.598632
demand_495 21 12 4267.717023
demand_496 21 13 515.874071
demand_497 21 14 1277.863955
demand_498 21 15 626.210831
demand_499 21 16 8286.647756
demand_500 21 17 5835.248467
demand_501 21 18 242.593877
demand_502 21 19 2318.249356
demand_503 21 20 1843.547941
demand_504 21 22 4410.652994
demand_505 21 23 679.915477
demand_506 22 0 165.388731
demand_507 22 1 86.531814
demand_508 22 2 473.210229
demand_509 22 3 1739.138445
demand_510 22 4 438.105516
demand_511 22 5 884.426654
demand_512 22 6 202.755339
demand_513 22 7 555.641216
demand_514 22 8 514.620635
demand_515 22 9 1365.506864
demand_516 22 10 469.480757
demand_517 22 11 1218.315731
demand_518 22 12 937.915446
demand_519 22 13 113.373557
demand_520 22 14 280.835945
demand_521 22 15 137.622248
demand_522 22 16 1821.155172
demand_523 22 17 1282.411566
demand_524 22 18 53.314815
demand_525 22 19 509.481268
demand_526 22 20 405.156218
demand_527 22 21 430.725768
demand_528 22 23 149.424909
demand_529 23 0 77.383778
demand_530 23 1 40.487394
demand_531 23 2 221.410461
demand_532 23 3 813.725954
demand_533 23 4 204.985307
demand_534 23 5 413.814624
demand_535 23 6 94.867250
demand_536 23 7 259.979118
demand_537 23 8 240.785987
demand_538 23 9 638.907373
demand_539 23 10 219.665477
demand_540 23 11 570.038074
demand_541 23 12 438.841510
demand_542 23 13 53.046384
demand_543 23 14 131.400405
demand_544 23 15 64.392111
demand_545 23 16 852.100782
demand_546 23 17 600.027892
demand_547 23 18 24.945483
demand_548 23 19 238.381327
demand_549 23 20 189.568652
demand_550 23 21 201.532395
demand_551 23 22 453.539353
