DEMANDS 552
label src dest bw
demand_0 0 1 114.575007
demand_1 0 2 666.101511
demand_2 0 3 2425.122265
demand_3 0 4 505.226940
demand_4 0 5 1422.726059
demand_5 0 6 267.660100
demand_6 0 7 1135.230520
demand_7 0 8 900.145899
demand_8 0 9 2181.846798
demand_9 0 10 521.630913
demand_10 0 11 1598.034596
demand_11 0 12 1493.750011
demand_12 0 13 138.725659
demand_13 0 14 296.509212
demand_14 0 15 139.467781
demand_15 0 16 5139.133605
demand_16 0 17 1896.639033
demand_17 0 18 24.848716
demand_18 0 19 741.055664
demand_19 0 20 429.389298
demand_20 0 21 473.603628
demand_21 0 22 1505.538628
demand_22 0 23 160.680813
demand_23 1 0 212.302256
demand_24 1 2 819.769259
demand_25 1 3 2984.591160
demand_26 1 4 621.781376
demand_27 1 5 1750.944964
demand_28 1 6 329.408533
demand_29 1 7 1397.125012
demand_30 1 8 1107.807030
demand_31 1 9 2685.192725
demand_32 1 10 641.969699
demand_33 1 11 1966.696688
demand_34 1 12 1838.353943
demand_35 1 13 170.729278
demand_36 1 14 364.913055
demand_37 1 15 171.642607
demand_38 1 16 6324.717292
demand_39 1 17 2334.188330
demand_40 1 18 30.581246
demand_41 1 19 912.015125
demand_42 1 20 528.448202
demand_43 1 21 582.862655
demand_44 1 22 1852.862161
demand_45 1 23 197.749425
demand_46 2 0 97.356479
demand_47 2 1 64.662330
demand_48 2 3 1368.658492
demand_49 2 4 285.133311
demand_50 2 5 802.939353
demand_51 2 6 151.058474
demand_52 2 7 640.686416
demand_53 2 8 508.012461
demand_54 2 9 1231.361895
demand_55 2 10 294.391169
demand_56 2 11 901.877671
demand_57 2 12 843.022914
demand_58 2 13 78.292156
demand_59 2 14 167.339955
demand_60 2 15 78.710985
demand_61 2 16 2900.356388
demand_62 2 17 1070.400102
demand_63 2 18 14.023791
demand_64 2 19 418.227214
demand_65 2 20 242.333064
demand_66 2 21 267.286164
demand_67 2 22 849.676018
demand_68 2 23 90.682916
demand_69 3 0 130.346314
demand_70 3 1 86.573554
demand_71 3 2 503.310246
demand_72 3 4 381.752468
demand_73 3 5 1075.020235
demand_74 3 6 202.245557
demand_75 3 7 857.786903
demand_76 3 8 680.155572
demand_77 3 9 1648.616360
demand_78 3 10 394.147406
demand_79 3 11 1207.484403
demand_80 3 12 1128.686354
demand_81 3 13 104.821929
demand_82 3 14 224.044117
demand_83 3 15 105.382681
demand_84 3 16 3883.159783
demand_85 3 17 1433.111684
demand_86 3 18 18.775837
demand_87 3 19 559.946048
demand_88 3 20 324.449096
demand_89 3 21 357.857706
demand_90 3 22 1137.593903
demand_91 3 23 121.411374
demand_92 4 0 183.024716
demand_93 4 1 121.561551
demand_94 4 2 706.718990
demand_95 4 3 2573.001155
demand_96 4 5 1509.480922
demand_97 4 6 283.981454
demand_98 4 7 1204.454506
demand_99 4 8 955.034916
demand_100 4 9 2314.891258
demand_101 4 10 553.438876
demand_102 4 11 1695.479407
demand_103 4 12 1584.835767
demand_104 4 13 147.184860
demand_105 4 14 314.589725
demand_106 4 15 147.972235
demand_107 4 16 5452.507237
demand_108 4 17 2012.292119
demand_109 4 18 26.363939
demand_110 4 19 786.243691
demand_111 4 20 455.572560
demand_112 4 21 502.482988
demand_113 4 22 1597.343229
demand_114 4 23 170.478793
demand_115 5 0 57.000451
demand_116 5 1 37.858620
demand_117 5 2 220.097602
demand_118 5 3 801.324702
demand_119 5 4 166.940378
demand_120 5 6 88.441994
demand_121 5 7 375.110266
demand_122 5 8 297.432074
demand_123 5 9 720.940037
demand_124 5 10 172.360685
demand_125 5 11 528.033005
demand_126 5 12 493.574613
demand_127 5 13 45.838636
demand_128 5 14 97.974506
demand_129 5 15 46.083853
demand_130 5 16 1698.106015
demand_131 5 17 626.699829
demand_132 5 18 8.210675
demand_133 5 19 244.864442
demand_134 5 20 141.881610
demand_135 5 21 156.491197
demand_136 5 22 497.469884
demand_137 5 23 53.093201
demand_138 6 0 148.167713
demand_139 6 1 98.410189
demand_140 6 2 572.124565
demand_141 6 3 2082.973838
demand_142 6 4 433.946986
demand_143 6 5 1222.000722
demand_144 6 7 975.066498
demand_145 6 8 773.148796
demand_146 6 9 1874.020895
demand_147 6 10 448.036604
demand_148 6 11 1372.575850
demand_149 6 12 1283.004259
demand_150 6 13 119.153546
demand_151 6 14 254.676204
demand_152 6 15 119.790966
demand_153 6 16 4414.078829
demand_154 6 17 1629.051674
demand_155 6 18 21.342935
demand_156 6 19 636.503810
demand_157 6 20 368.808899
demand_158 6 21 406.785250
demand_159 6 22 1293.129678
demand_160 6 23 138.011157
demand_161 7 0 130.020538
demand_162 7 1 86.357180
demand_163 7 2 502.052321
demand_164 7 3 1827.856927
demand_165 7 4 380.798352
demand_166 7 5 1072.333432
demand_167 7 6 201.740083
demand_168 7 8 678.455656
demand_169 7 9 1644.495966
demand_170 7 10 393.162312
demand_171 7 11 1204.466532
demand_172 7 12 1125.865423
demand_173 7 13 104.559947
demand_174 7 14 223.484162
demand_175 7 15 105.119298
demand_176 7 16 3873.454585
demand_177 7 17 1429.529902
demand_178 7 18 18.728911
demand_179 7 19 558.546573
demand_180 7 20 323.638199
demand_181 7 21 356.963310
demand_182 7 22 1134.750709
demand_183 7 23 121.107930
demand_184 8 0 47.568221
demand_185 8 1 31.593912
demand_186 8 2 183.676642
demand_187 8 3 668.724369
demand_188 8 4 139.315684
demand_189 8 5 392.314895
demand_190 8 6 73.806931
demand_191 8 7 313.038367
demand_192 8 9 601.641470
demand_193 8 10 143.839058
demand_194 8 11 440.656000
demand_195 8 12 411.899659
demand_196 8 13 38.253423
demand_197 8 14 81.762037
demand_198 8 15 38.458063
demand_199 8 16 1417.109533
demand_200 8 17 522.995793
demand_201 8 18 6.852002
demand_202 8 19 204.345154
demand_203 8 20 118.403551
demand_204 8 21 130.595596
demand_205 8 22 415.150355
demand_206 8 23 44.307529
demand_207 9 0 36.875526
demand_208 9 1 24.492026
demand_209 9 2 142.388609
demand_210 9 3 518.404146
demand_211 9 4 107.999396
demand_212 9 5 304.127795
demand_213 9 6 57.216128
demand_214 9 7 242.671562
demand_215 9 8 192.418903
demand_216 9 10 111.505977
demand_217 9 11 341.602472
demand_218 9 12 319.310169
demand_219 9 13 29.654569
demand_220 9 14 63.383033
demand_221 9 15 29.813209
demand_222 9 16 1098.562414
demand_223 9 17 405.433389
demand_224 9 18 5.311764
demand_225 9 19 158.411118
demand_226 9 20 91.788029
demand_227 9 21 101.239467
demand_228 9 22 321.830152
demand_229 9 23 34.347794
demand_230 10 0 74.832327
demand_231 10 1 49.702215
demand_232 10 2 288.952374
demand_233 10 3 1052.009077
demand_234 10 4 219.165580
demand_235 10 5 617.173307
demand_236 10 6 116.109962
demand_237 10 7 492.458804
demand_238 10 8 390.479965
demand_239 10 9 946.477078
demand_240 10 11 693.221502
demand_241 10 12 647.983235
demand_242 10 13 60.178678
demand_243 10 14 128.624601
demand_244 10 15 60.500608
demand_245 10 16 2229.337166
demand_246 10 17 822.755003
demand_247 10 18 10.779281
demand_248 10 19 321.467209
demand_249 10 20 186.267490
demand_250 10 21 205.447504
demand_251 10 22 653.097093
demand_252 10 23 69.702743
demand_253 11 0 10.529731
demand_254 11 1 6.993648
demand_255 11 2 40.658775
demand_256 11 3 148.029240
demand_257 11 4 30.839006
demand_258 11 5 86.843068
demand_259 11 6 16.337948
demand_260 11 7 69.294367
demand_261 11 8 54.944823
demand_262 11 9 133.179728
demand_263 11 10 31.840303
demand_264 11 12 91.178363
demand_265 11 13 8.467801
demand_266 11 14 18.098895
demand_267 11 15 8.513101
demand_268 11 16 313.692243
demand_269 11 17 115.770672
demand_270 11 18 1.516763
demand_271 11 19 45.233970
demand_272 11 20 26.209883
demand_273 11 21 28.908722
demand_274 11 22 91.897940
demand_275 11 23 9.807942
demand_276 12 0 17.732726
demand_277 12 1 11.777741
demand_278 12 2 68.471923
demand_279 12 3 249.290508
demand_280 12 4 51.934817
demand_281 12 5 146.249163
demand_282 12 6 27.514127
demand_283 12 7 116.696052
demand_284 12 8 92.530522
demand_285 12 9 224.283000
demand_286 12 10 53.621064
demand_287 12 11 164.270009
demand_288 12 13 14.260308
demand_289 12 14 30.479672
demand_290 12 15 14.336594
demand_291 12 16 528.277377
demand_292 12 17 194.965060
demand_293 12 18 2.554324
demand_294 12 19 76.176837
demand_295 12 20 44.139084
demand_296 12 21 48.684098
demand_297 12 22 154.761884
demand_298 12 23 16.517188
demand_299 13 0 25.266471
demand_300 13 1 16.781511
demand_301 13 2 97.562203
demand_302 13 3 355.201523
demand_303 13 4 73.999312
demand_304 13 5 208.383087
demand_305 13 6 39.203498
demand_306 13 7 166.274342
demand_307 13 8 131.842093
demand_308 13 9 319.569581
demand_309 13 10 76.401960
demand_310 13 11 234.060085
demand_311 13 12 218.785785
demand_312 13 14 43.428954
demand_313 13 15 20.427493
demand_314 13 16 752.715898
demand_315 13 17 277.795921
demand_316 13 18 3.639529
demand_317 13 19 108.540548
demand_318 13 20 62.891564
demand_319 13 21 69.367525
demand_320 13 22 220.512434
demand_321 13 23 23.534512
demand_322 14 0 55.016954
demand_323 14 1 36.541219
demand_324 14 2 212.438662
demand_325 14 3 773.440266
demand_326 14 4 161.131199
demand_327 14 5 453.747688
demand_328 14 6 85.364397
demand_329 14 7 362.057208
demand_330 14 8 287.082055
demand_331 14 9 695.852820
demand_332 14 10 166.362891
demand_333 14 11 509.658553
demand_334 14 12 476.399241
demand_335 14 13 44.243547
demand_336 14 15 44.480231
demand_337 14 16 1639.015451
demand_338 14 17 604.891976
demand_339 14 18 7.924960
demand_340 14 19 236.343668
demand_341 14 20 136.944424
demand_342 14 21 151.045628
demand_343 14 22 480.158965
demand_344 14 23 51.245668
demand_345 15 0 196.493269
demand_346 15 1 130.507109
demand_347 15 2 758.725527
demand_348 15 3 2762.344984
demand_349 15 4 575.480718
demand_350 15 5 1620.561672
demand_351 15 6 304.879282
demand_352 15 7 1293.088756
demand_353 15 8 1025.314701
demand_354 15 9 2485.241113
demand_355 15 10 594.165728
demand_356 15 11 1820.247545
demand_357 15 12 1701.461782
demand_358 15 13 158.016003
demand_359 15 14 337.739976
demand_360 15 16 5853.750196
demand_361 15 17 2160.374095
demand_362 15 18 28.304027
demand_363 15 19 844.102348
demand_364 15 20 489.097556
demand_365 15 21 539.460062
demand_366 15 22 1714.889652
demand_367 15 23 183.024107
demand_368 16 0 80.845875
demand_369 16 1 53.696300
demand_370 16 2 312.172675
demand_371 16 3 1136.548846
demand_372 16 4 236.777792
demand_373 16 5 666.769541
demand_374 16 6 125.440594
demand_375 16 7 532.032943
demand_376 16 8 421.859053
demand_377 16 9 1022.536263
demand_378 16 10 244.465617
demand_379 16 11 748.928993
demand_380 16 12 700.055364
demand_381 16 13 65.014655
demand_382 16 14 138.960913
demand_383 16 15 65.362455
demand_384 16 17 888.871845
demand_385 16 18 11.645508
demand_386 16 19 347.300411
demand_387 16 20 201.236003
demand_388 16 21 221.957327
demand_389 16 22 705.580174
demand_390 16 23 75.304076
demand_391 17 0 303.291414
demand_392 17 1 201.440415
demand_393 17 2 1171.108505
demand_394 17 3 4263.736475
demand_395 17 4 888.266362
demand_396 17 5 2501.370376
demand_397 17 6 470.587462
demand_398 17 7 1995.909174
demand_399 17 8 1582.594395
demand_400 17 9 3836.020933
demand_401 17 10 917.107059
demand_402 17 11 2809.589641
demand_403 17 12 2626.241365
demand_404 17 13 243.900961
demand_405 17 14 521.308621
demand_406 17 15 245.205726
demand_407 17 16 9035.384202
demand_408 17 18 43.687850
demand_409 17 19 1302.889389
demand_410 17 20 754.932168
demand_411 17 21 832.667735
demand_412 17 22 2646.967560
demand_413 17 23 282.501485
demand_414 18 0 219.917902
demand_415 18 1 146.065307
demand_416 18 2 849.175786
demand_417 18 3 3091.653557
demand_418 18 4 644.085739
demand_419 18 5 1813.754359
demand_420 18 6 341.224982
demand_421 18 7 1447.242279
demand_422 18 8 1147.545965
demand_423 18 9 2781.515187
demand_424 18 10 664.998252
demand_425 18 11 2037.245467
demand_426 18 12 1904.298848
demand_427 18 13 176.853630
demand_428 18 14 378.003111
demand_429 18 15 177.799721
demand_430 18 16 6551.595734
demand_431 18 17 2417.919663
demand_432 18 19 944.730669
demand_433 18 20 547.404544
demand_434 18 21 603.770936
demand_435 18 22 1919.327500
demand_436 18 23 204.843036
demand_437 19 0 5.839810
demand_438 19 1 3.878692
demand_439 19 2 22.549440
demand_440 19 3 82.097322
demand_441 19 4 17.103376
demand_442 19 5 48.163345
demand_443 19 6 9.061060
demand_444 19 7 38.430799
demand_445 19 8 30.472512
demand_446 19 9 73.861752
demand_447 19 10 17.658698
demand_448 19 11 54.098040
demand_449 19 12 50.567708
demand_450 19 13 4.696260
demand_451 19 14 10.037685
demand_452 19 15 4.721383
demand_453 19 16 173.974365
demand_454 19 17 64.206654
demand_455 19 18 0.841200
demand_456 19 20 14.536055
demand_457 19 21 16.032837
demand_458 19 22 50.966787
demand_459 19 23 5.439505
demand_460 20 0 281.416782
demand_461 20 1 186.911698
demand_462 20 2 1086.643311
demand_463 20 3 3956.218150
demand_464 20 4 824.200915
demand_465 20 5 2320.961190
demand_466 20 6 436.646746
demand_467 20 7 1851.955942
demand_468 20 8 1468.451136
demand_469 20 9 3559.351223
demand_470 20 10 850.961502
demand_471 20 11 2606.950405
demand_472 20 12 2436.825966
demand_473 20 13 226.309814
demand_474 20 14 483.709685
demand_475 20 15 227.520474
demand_476 20 16 8383.714890
demand_477 20 17 3094.078131
demand_478 20 18 40.536902
demand_479 20 19 1208.919613
demand_480 20 21 772.612291
demand_481 20 22 2456.057302
demand_482 20 23 262.126309
demand_483 21 0 447.874821
demand_484 21 1 297.469976
demand_485 21 2 1729.392876
demand_486 21 3 6296.321355
demand_487 21 4 1311.715791
demand_488 21 5 3693.809833
demand_489 21 6 694.923315
demand_490 21 7 2947.387960
demand_491 21 8 2337.040046
demand_492 21 9 5664.707625
demand_493 21 10 1354.305266
demand_494 21 11 4148.961682
demand_495 21 12 3878.208629
demand_496 21 13 360.172079
demand_497 21 14 769.823985
demand_498 21 15 362.098845
demand_499 21 16 13342.682606
demand_500 21 17 4924.225478
demand_501 21 18 64.514481
demand_502 21 19 1923.995616
demand_503 21 20 1114.819258
demand_504 21 22 3908.815301
demand_505 21 23 417.174032
demand_506 22 0 135.547795
demand_507 22 1 90.028279
demand_508 22 2 523.394887
demand_509 22 3 1905.560297
demand_510 22 4 396.986334
demand_511 22 5 1117.919014
demand_512 22 6 210.316184
demand_513 22 7 892.016967
demand_514 22 8 707.297241
demand_515 22 9 1714.404545
demand_516 22 10 409.875894
demand_517 22 11 1255.669177
demand_518 22 12 1173.726684
demand_519 22 13 109.004858
demand_520 22 14 232.984617
demand_521 22 15 109.587987
demand_522 22 16 4038.117625
demand_523 22 17 1490.300135
demand_524 22 18 19.525089
demand_525 22 19 582.290746
demand_526 22 20 337.396266
demand_527 22 21 372.138050
demand_528 22 23 126.256305
demand_529 23 0 58.688011
demand_530 23 1 38.979466
demand_531 23 2 226.613829
demand_532 23 3 825.048783
demand_533 23 4 171.882828
demand_534 23 5 484.024422
demand_535 23 6 91.060415
demand_536 23 7 386.215810
demand_537 23 8 306.237871
demand_538 23 9 742.284243
demand_539 23 10 177.463609
demand_540 23 11 543.665991
demand_541 23 12 508.187421
demand_542 23 13 47.195738
demand_543 23 14 100.875147
demand_544 23 15 47.448215
demand_545 23 16 1748.380272
demand_546 23 17 645.253952
demand_547 23 18 8.453761
demand_548 23 19 252.113917
demand_549 23 20 146.082168
demand_550 23 21 161.124287
demand_551 23 22 512.198016
