DEMANDS 552
label src dest bw
demand_0 0 1 28.376345
demand_1 0 2 575.983598
demand_2 0 3 3040.990502
demand_3 0 4 507.329548
demand_4 0 5 1169.352356
demand_5 0 6 265.525236
demand_6 0 7 1131.680380
demand_7 0 8 876.531485
demand_8 0 9 2934.181474
demand_9 0 10 516.585591
demand_10 0 11 1903.476936
demand_11 0 12 1279.208371
demand_12 0 13 110.007556
demand_13 0 14 327.729165
demand_14 0 15 178.941548
demand_15 0 16 3468.766220
demand_16 0 17 1957.473142
demand_17 0 18 4.706554
demand_18 0 19 616.735482
demand_19 0 20 353.916874
demand_20 0 21 406.864209
demand_21 0 22 1475.478813
demand_22 0 23 246.766633
demand_23 1 0 326.177655
demand_24 1 2 743.209364
demand_25 1 3 3923.883637
demand_26 1 4 654.622930
demand_27 1 5 1508.851334
demand_28 1 6 342.615384
demand_29 1 7 1460.242025
demand_30 1 8 1131.015552
demand_31 1 9 3786.064661
demand_32 1 10 666.566287
demand_33 1 11 2456.114874
demand_34 1 12 1650.601931
demand_35 1 13 141.946135
demand_36 1 14 422.879028
demand_37 1 15 230.893787
demand_38 1 16 4475.855813
demand_39 1 17 2525.787840
demand_40 1 18 6.073012
demand_41 1 19 795.792774
demand_42 1 20 456.669835
demand_43 1 21 524.989411
demand_44 1 22 1903.855723
demand_45 1 23 318.410581
demand_46 2 0 133.989098
demand_47 2 1 15.040863
demand_48 2 3 1611.875069
demand_49 2 4 268.909702
demand_50 2 5 619.814468
demand_51 2 6 140.741481
demand_52 2 7 599.846462
demand_53 2 8 464.604953
demand_54 2 9 1555.261013
demand_55 2 10 273.815862
demand_56 2 11 1008.936732
demand_57 2 12 678.043578
demand_58 2 13 58.309435
demand_59 2 14 173.712634
demand_60 2 15 94.847853
demand_61 2 16 1838.617315
demand_62 2 17 1037.557386
demand_63 2 18 2.494706
demand_64 2 19 326.900248
demand_65 2 20 187.593413
demand_66 2 21 215.658113
demand_67 2 22 782.076601
demand_68 2 23 130.798496
demand_69 3 0 189.978036
demand_70 3 1 21.325867
demand_71 3 2 432.872864
demand_72 3 4 381.276820
demand_73 3 5 878.811315
demand_74 3 6 199.551983
demand_75 3 7 850.499440
demand_76 3 8 658.745658
demand_77 3 9 2205.145324
demand_78 3 10 388.233077
demand_79 3 11 1430.532945
demand_80 3 12 961.372152
demand_81 3 13 82.674726
demand_82 3 14 246.300524
demand_83 3 15 134.481157
demand_84 3 16 2606.905428
demand_85 3 17 1471.113080
demand_86 3 18 3.537149
demand_87 3 19 463.499404
demand_88 3 20 265.981551
demand_89 3 21 305.773421
demand_90 3 22 1108.876610
demand_91 3 23 185.454203
demand_92 4 0 258.706695
demand_93 4 1 29.040960
demand_94 4 2 589.473973
demand_95 4 3 3112.214929
demand_96 4 5 1196.740292
demand_97 4 6 271.744224
demand_98 4 7 1158.185984
demand_99 4 8 897.061129
demand_100 4 9 3002.904279
demand_101 4 10 528.684778
demand_102 4 11 1948.059139
demand_103 4 12 1309.169295
demand_104 4 13 112.584093
demand_105 4 14 335.405059
demand_106 4 15 183.132620
demand_107 4 16 3550.009779
demand_108 4 17 2003.320014
demand_109 4 18 4.816789
demand_110 4 19 631.180326
demand_111 4 20 362.206123
demand_112 4 21 416.393561
demand_113 4 22 1510.036676
demand_114 4 23 252.546267
demand_115 5 0 68.939894
demand_116 5 1 7.738805
demand_117 5 2 157.082419
demand_118 5 3 829.339840
demand_119 5 4 138.359066
demand_120 5 6 72.414122
demand_121 5 7 308.632212
demand_122 5 8 239.047929
demand_123 5 9 800.210850
demand_124 5 10 140.883377
demand_125 5 11 519.116799
demand_126 5 12 348.866090
demand_127 5 13 30.001294
demand_128 5 14 89.378396
demand_129 5 15 48.800993
demand_130 5 16 946.002962
demand_131 5 17 533.842661
demand_132 5 18 1.283573
demand_133 5 19 168.196285
demand_134 5 20 96.520316
demand_135 5 21 110.960129
demand_136 5 22 402.393023
demand_137 5 23 67.298270
demand_138 6 0 220.701763
demand_139 6 1 24.774740
demand_140 6 2 502.878154
demand_141 6 3 2655.019506
demand_142 6 4 442.937867
demand_143 6 5 1020.934894
demand_144 6 7 988.044350
demand_145 6 8 765.279664
demand_146 6 9 2561.766978
demand_147 6 10 451.019107
demand_148 6 11 1661.882334
demand_149 6 12 1116.847677
demand_150 6 13 96.045090
demand_151 6 14 286.132865
demand_152 6 15 156.229788
demand_153 6 16 3028.500738
demand_154 6 17 1709.025191
demand_155 6 18 4.109185
demand_156 6 19 538.457695
demand_157 6 20 308.996757
demand_158 6 21 355.223869
demand_159 6 22 1288.206927
demand_160 6 23 215.446324
demand_161 7 0 139.313086
demand_162 7 1 15.638504
demand_163 7 2 317.430665
demand_164 7 3 1675.922094
demand_165 7 4 279.594691
demand_166 7 5 644.442476
demand_167 7 6 146.333771
demand_168 7 8 483.065791
demand_169 7 9 1617.058507
demand_170 7 10 284.695794
demand_171 7 11 1049.026312
demand_172 7 12 704.985290
demand_173 7 13 60.626330
demand_174 7 14 180.615016
demand_175 7 15 98.616584
demand_176 7 16 1911.673826
demand_177 7 17 1078.784194
demand_178 7 18 2.593832
demand_179 7 19 339.889460
demand_180 7 20 195.047340
demand_181 7 21 224.227177
demand_182 7 22 813.152011
demand_183 7 23 135.995707
demand_184 8 0 51.720180
demand_185 8 1 5.805817
demand_186 8 2 117.846583
demand_187 8 3 622.188446
demand_188 8 4 103.799924
demand_189 8 5 239.250180
demand_190 8 6 54.326619
demand_191 8 7 231.542472
demand_192 8 9 600.335256
demand_193 8 10 105.693716
demand_194 8 11 389.452501
demand_195 8 12 261.726785
demand_196 8 13 22.507611
demand_197 8 14 67.053580
demand_198 8 15 36.611546
demand_199 8 16 709.711610
demand_200 8 17 400.500157
demand_201 8 18 0.962964
demand_202 8 19 126.184443
demand_203 8 20 72.411601
demand_204 8 21 83.244656
demand_205 8 22 301.883833
demand_206 8 23 50.488598
demand_207 9 0 47.521757
demand_208 9 1 5.334526
demand_209 9 2 108.280302
demand_210 9 3 571.681853
demand_211 9 4 95.373891
demand_212 9 5 219.828875
demand_213 9 6 49.916617
demand_214 9 7 212.746846
demand_215 9 8 164.780897
demand_216 9 10 97.113953
demand_217 9 11 357.838415
demand_218 9 12 240.480926
demand_219 9 13 20.680539
demand_220 9 14 61.610458
demand_221 9 15 33.639578
demand_222 9 16 652.100261
demand_223 9 17 367.989269
demand_224 9 18 0.884795
demand_225 9 19 115.941330
demand_226 9 20 66.533537
demand_227 9 21 76.487212
demand_228 9 22 277.378197
demand_229 9 23 46.390150
demand_230 10 0 129.489726
demand_231 10 1 14.535789
demand_232 10 2 295.047731
demand_233 10 3 1557.748086
demand_234 10 4 259.879678
demand_235 10 5 599.001014
demand_236 10 6 136.015363
demand_237 10 7 579.703536
demand_238 10 8 449.003455
demand_239 10 9 1503.035137
demand_240 10 11 975.056499
demand_241 10 12 655.274783
demand_242 10 13 56.351396
demand_243 10 14 167.879340
demand_244 10 15 91.662849
demand_245 10 16 1776.876296
demand_246 10 17 1002.716068
demand_247 10 18 2.410934
demand_248 10 19 315.922893
demand_249 10 20 181.294000
demand_250 10 21 208.416285
demand_251 10 22 755.814362
demand_252 10 23 126.406265
demand_253 11 0 22.380047
demand_254 11 1 2.512258
demand_255 11 2 50.993869
demand_256 11 3 269.229667
demand_257 11 4 44.915683
demand_258 11 5 103.526909
demand_259 11 6 23.507890
demand_260 11 7 100.191675
demand_261 11 8 77.602439
demand_262 11 9 259.773486
demand_263 11 10 45.735153
demand_264 11 12 113.252851
demand_265 11 13 9.739359
demand_266 11 14 29.015025
demand_267 11 15 15.842330
demand_268 11 16 307.102168
demand_269 11 17 173.302035
demand_270 11 18 0.416688
demand_271 11 19 54.601778
demand_272 11 20 31.333515
demand_273 11 21 36.021130
demand_274 11 22 130.629369
demand_275 11 23 21.847125
demand_276 12 0 32.857466
demand_277 12 1 3.688395
demand_278 12 2 74.867103
demand_279 12 3 395.271931
demand_280 12 4 65.943360
demand_281 12 5 151.993952
demand_282 12 6 34.513318
demand_283 12 7 147.097299
demand_284 12 8 113.932711
demand_285 12 9 381.388754
demand_286 12 10 67.146472
demand_287 12 11 247.416427
demand_288 12 13 14.298926
demand_289 12 14 42.598666
demand_290 12 15 23.259057
demand_291 12 16 450.874780
demand_292 12 17 254.434924
demand_293 12 18 0.611764
demand_294 12 19 80.164086
demand_295 12 20 46.002579
demand_296 12 21 52.884743
demand_297 12 22 191.784670
demand_298 12 23 32.075050
demand_299 13 0 46.577806
demand_300 13 1 5.228563
demand_301 13 2 106.129469
demand_302 13 3 560.326212
demand_303 13 4 93.479425
demand_304 13 5 215.462290
demand_305 13 6 48.925095
demand_306 13 7 208.520935
demand_307 13 8 161.507761
demand_308 13 9 540.645816
demand_309 13 10 95.184923
demand_310 13 11 350.730468
demand_311 13 12 235.704117
demand_312 13 14 60.386654
demand_313 13 15 32.971376
demand_314 13 16 639.147224
demand_315 13 17 360.679690
demand_316 13 18 0.867219
demand_317 13 19 113.638322
demand_318 13 20 65.211944
demand_319 13 21 74.967903
demand_320 13 22 271.868477
demand_321 13 23 45.468676
demand_322 14 0 63.852081
demand_323 14 1 7.167676
demand_324 14 2 145.489625
demand_325 14 3 768.133968
demand_326 14 4 128.148068
demand_327 14 5 295.370625
demand_328 14 6 67.069908
demand_329 14 7 285.854935
demand_330 14 8 221.406021
demand_331 14 9 741.154718
demand_332 14 10 130.486083
demand_333 14 11 480.805609
demand_334 14 12 323.119523
demand_335 14 13 27.787177
demand_336 14 15 45.199445
demand_337 14 16 876.187268
demand_338 14 17 494.444692
demand_339 14 18 1.188844
demand_340 14 19 155.783279
demand_341 14 20 89.397048
demand_342 14 21 102.771192
demand_343 14 22 372.696131
demand_344 14 23 62.331610
demand_345 15 0 279.861914
demand_346 15 1 31.415726
demand_347 15 2 637.677022
demand_348 15 3 3366.710045
demand_349 15 4 561.669458
demand_350 15 5 1294.601322
demand_351 15 6 293.965561
demand_352 15 7 1252.894313
demand_353 15 8 970.416499
demand_354 15 9 3248.460736
demand_355 15 10 571.916913
demand_356 15 11 2107.357756
demand_357 15 12 1416.223980
demand_358 15 13 121.790431
demand_359 15 14 362.832133
demand_360 15 16 3840.304688
demand_361 15 17 2167.137479
demand_362 15 18 5.210672
demand_363 15 19 682.793827
demand_364 15 20 391.824800
demand_365 15 21 450.443307
demand_366 15 22 1633.516888
demand_367 15 23 273.197730
demand_368 16 0 130.665527
demand_369 16 1 14.667778
demand_370 16 2 297.726842
demand_371 16 3 1571.892847
demand_372 16 4 262.239454
demand_373 16 5 604.440100
demand_374 16 6 137.250418
demand_375 16 7 584.967396
demand_376 16 8 453.080524
demand_377 16 9 1516.683090
demand_378 16 10 267.023917
demand_379 16 11 983.910268
demand_380 16 12 661.224850
demand_381 16 13 56.863081
demand_382 16 14 169.403729
demand_383 16 15 92.495172
demand_384 16 17 1011.820993
demand_385 16 18 2.432825
demand_386 16 19 318.791556
demand_387 16 20 182.940197
demand_388 16 21 210.308759
demand_389 16 22 762.677355
demand_390 16 23 127.554067
demand_391 17 0 441.900640
demand_392 17 1 49.605284
demand_393 17 2 1006.889005
demand_394 17 3 5316.019254
demand_395 17 4 886.873420
demand_396 17 5 2044.169371
demand_397 17 6 464.170232
demand_398 17 7 1978.314200
demand_399 17 8 1532.283066
demand_400 17 9 5129.304154
demand_401 17 10 903.054103
demand_402 17 11 3327.507940
demand_403 17 12 2236.210974
demand_404 17 13 192.306515
demand_405 17 14 572.910224
demand_406 17 15 312.811473
demand_407 17 16 6063.822958
demand_408 17 18 8.227626
demand_409 17 19 1078.128227
demand_410 17 20 618.689508
demand_411 17 21 711.247854
demand_412 17 22 2579.315448
demand_413 17 23 431.377925
demand_414 18 0 402.294342
demand_415 18 1 45.159303
demand_416 18 2 916.644404
demand_417 18 3 4839.559552
demand_418 18 4 807.385476
demand_419 18 5 1860.956278
demand_420 18 6 422.567973
demand_421 18 7 1801.003519
demand_422 18 8 1394.948889
demand_423 18 9 4669.579196
demand_424 18 10 822.115929
demand_425 18 11 3029.272858
demand_426 18 12 2035.785737
demand_427 18 13 175.070629
demand_428 18 14 521.561909
demand_429 18 15 284.775069
demand_430 18 16 5520.339734
demand_431 18 17 3115.204679
demand_432 18 19 981.498657
demand_433 18 20 563.238125
demand_434 18 21 647.500729
demand_435 18 22 2348.138733
demand_436 18 23 392.714747
demand_437 19 0 8.460777
demand_438 19 1 0.949759
demand_439 19 2 19.278234
demand_440 19 3 101.782283
demand_441 19 4 16.980375
demand_442 19 5 39.138351
demand_443 19 6 8.887159
demand_444 19 7 37.877466
demand_445 19 8 29.337604
demand_446 19 9 98.207373
demand_447 19 10 17.290176
demand_448 19 11 63.709580
demand_449 19 12 42.815243
demand_450 19 13 3.681965
demand_451 19 14 10.969131
demand_452 19 15 5.989193
demand_453 19 16 116.099983
demand_454 19 17 65.516839
demand_455 19 18 0.157529
demand_456 19 20 11.845636
demand_457 19 21 13.617789
demand_458 19 22 49.384436
demand_459 19 23 8.259306
demand_460 20 0 420.551593
demand_461 20 1 47.208759
demand_462 20 2 958.244310
demand_463 20 3 5059.192404
demand_464 20 4 844.026904
demand_465 20 5 1945.411718
demand_466 20 6 441.745298
demand_467 20 7 1882.738135
demand_468 20 8 1458.255600
demand_469 20 9 4881.497860
demand_470 20 10 859.425867
demand_471 20 11 3166.749797
demand_472 20 12 2128.175431
demand_473 20 13 183.015827
demand_474 20 14 545.231858
demand_475 20 15 297.698964
demand_476 20 16 5770.868309
demand_477 20 17 3256.581447
demand_478 20 18 7.830134
demand_479 20 19 1026.041832
demand_480 20 21 676.886137
demand_481 20 22 2454.703886
demand_482 20 23 410.537249
demand_483 21 0 757.291296
demand_484 21 1 85.009267
demand_485 21 2 1725.519742
demand_486 21 3 9110.136401
demand_487 21 4 1519.847360
demand_488 21 5 3503.121584
demand_489 21 6 795.455005
demand_490 21 7 3390.264660
demand_491 21 8 2625.894880
demand_492 21 9 8790.160127
demand_493 21 10 1547.576422
demand_494 21 11 5702.396805
demand_495 21 12 3832.225960
demand_496 21 13 329.558360
demand_497 21 14 981.804249
demand_498 21 15 536.069387
demand_499 21 16 10391.658045
demand_500 21 17 5864.157521
demand_501 21 18 14.099798
demand_502 21 19 1847.603392
demand_503 21 20 1060.256846
demand_504 21 22 4420.208888
demand_505 21 23 739.258371
demand_506 22 0 202.545513
demand_507 22 1 22.736621
demand_508 22 2 461.508383
demand_509 22 3 2436.601689
demand_510 22 4 406.499144
demand_511 22 5 936.946671
demand_512 22 6 212.752798
demand_513 22 7 906.761901
demand_514 22 8 702.323173
demand_515 22 9 2351.020673
demand_516 22 10 413.915572
demand_517 22 11 1525.165934
demand_518 22 12 1024.969093
demand_519 22 13 88.143846
demand_520 22 14 262.593861
demand_521 22 15 143.377389
demand_522 22 16 2779.358117
demand_523 22 17 1568.430536
demand_524 22 18 3.771139
demand_525 22 19 494.160938
demand_526 22 20 283.576832
demand_527 22 21 326.001024
demand_528 22 23 197.722418
demand_529 23 0 95.651752
demand_530 23 1 10.737328
demand_531 23 2 217.946498
demand_532 23 3 1150.680735
demand_533 23 4 191.968484
demand_534 23 5 442.471369
demand_535 23 6 100.472124
demand_536 23 7 428.216666
demand_537 23 8 331.670846
demand_538 23 9 1110.265256
demand_539 23 10 195.470880
demand_540 23 11 720.256850
demand_541 23 12 484.039798
demand_542 23 13 41.625771
demand_543 23 14 124.009475
demand_544 23 15 67.709713
demand_545 23 16 1312.546837
demand_546 23 17 740.688481
demand_547 23 18 1.780914
demand_548 23 19 233.366608
demand_549 23 20 133.918645
demand_550 23 21 153.953393
demand_551 23 22 558.306593
