DEMANDS 552
label src dest bw
demand_0 0 1 44.522944
demand_1 0 2 835.919984
demand_2 0 3 1901.296209
demand_3 0 4 652.833041
demand_4 0 5 1185.251291
demand_5 0 6 485.695219
demand_6 0 7 1173.329050
demand_7 0 8 1056.034998
demand_8 0 9 1840.823374
demand_9 0 10 682.911371
demand_10 0 11 1608.549631
demand_11 0 12 1272.889340
demand_12 0 13 64.684151
demand_13 0 14 512.869909
demand_14 0 15 218.135663
demand_15 0 16 4777.984960
demand_16 0 17 1792.800079
demand_17 0 18 26.458890
demand_18 0 19 910.512211
demand_19 0 20 584.393481
demand_20 0 21 645.051686
demand_21 0 22 1450.094302
demand_22 0 23 328.053927
demand_23 1 0 470.994731
demand_24 1 2 1098.176094
demand_25 1 3 2497.796541
demand_26 1 4 857.648641
demand_27 1 5 1557.104339
demand_28 1 6 638.074085
demand_29 1 7 1541.441691
demand_30 1 8 1387.348565
demand_31 1 9 2418.351351
demand_32 1 10 897.163553
demand_33 1 11 2113.205552
demand_34 1 12 1672.237379
demand_35 1 13 84.977736
demand_36 1 14 673.774385
demand_37 1 15 286.572130
demand_38 1 16 6276.998949
demand_39 1 17 2355.261540
demand_40 1 18 34.759930
demand_41 1 19 1196.170402
demand_42 1 20 767.737299
demand_43 1 21 847.426015
demand_44 1 22 1905.037477
demand_45 1 23 430.975437
demand_46 2 0 91.806915
demand_47 2 1 11.401198
demand_48 2 3 486.873803
demand_49 2 4 167.174007
demand_50 2 5 303.512835
demand_51 2 6 124.374244
demand_52 2 7 300.459851
demand_53 2 8 270.423816
demand_54 2 9 471.388241
demand_55 2 10 174.876305
demand_56 2 11 411.908819
demand_57 2 12 325.954720
demand_58 2 13 16.563973
demand_59 2 14 131.332994
demand_60 2 15 55.859018
demand_61 2 16 1223.520930
demand_62 2 17 459.090692
demand_63 2 18 6.775451
demand_64 2 19 233.159115
demand_65 2 20 149.648369
demand_66 2 21 165.181399
demand_67 2 22 371.332422
demand_68 2 23 84.006302
demand_69 3 0 216.692493
demand_70 3 1 26.910327
demand_71 3 2 505.242414
demand_72 3 4 394.581955
demand_73 3 5 716.383429
demand_74 3 6 293.561382
demand_75 3 7 709.177450
demand_76 3 8 638.283188
demand_77 3 9 1112.620901
demand_78 3 10 412.761744
demand_79 3 11 972.231212
demand_80 3 12 769.353163
demand_81 3 13 39.096058
demand_82 3 14 309.986166
demand_83 3 15 131.844424
demand_84 3 16 2887.884850
demand_85 3 17 1083.594911
demand_86 3 18 15.992145
demand_87 3 19 550.327061
demand_88 3 20 353.216072
demand_89 3 21 389.878789
demand_90 3 22 876.458466
demand_91 3 23 198.280651
demand_92 4 0 419.633712
demand_93 4 1 52.112928
demand_94 4 2 978.422221
demand_95 4 3 2225.416901
demand_96 4 5 1387.305273
demand_97 4 6 568.493402
demand_98 4 7 1373.350605
demand_99 4 8 1236.061021
demand_100 4 9 2154.635048
demand_101 4 10 799.329689
demand_102 4 11 1882.764778
demand_103 4 12 1489.883289
demand_104 4 13 75.711087
demand_105 4 14 600.300657
demand_106 4 15 255.322021
demand_107 4 16 5592.504961
demand_108 4 17 2098.425052
demand_109 4 18 30.969430
demand_110 4 19 1065.730449
demand_111 4 20 684.017105
demand_112 4 21 755.015929
demand_113 4 22 1697.297009
demand_114 4 23 383.978441
demand_115 5 0 41.292673
demand_116 5 1 5.128001
demand_117 5 2 96.278415
demand_118 5 3 218.984818
demand_119 5 4 75.191085
demand_120 5 6 55.940720
demand_121 5 7 135.140041
demand_122 5 8 121.630512
demand_123 5 9 212.019763
demand_124 5 10 78.655404
demand_125 5 11 185.267264
demand_126 5 12 146.607056
demand_127 5 13 7.450100
demand_128 5 14 59.070608
demand_129 5 15 25.124122
demand_130 5 16 550.312024
demand_131 5 17 206.488603
demand_132 5 18 3.047445
demand_133 5 19 104.869693
demand_134 5 20 67.308449
demand_135 5 21 74.294855
demand_136 5 22 167.016920
demand_137 5 23 37.784133
demand_138 6 0 314.218975
demand_139 6 1 39.021819
demand_140 6 2 732.636150
demand_141 6 3 1666.377598
demand_142 6 4 572.170895
demand_143 6 5 1038.805100
demand_144 6 7 1028.355937
demand_145 6 8 925.554396
demand_146 6 9 1613.376610
demand_147 6 10 598.532835
demand_148 6 11 1409.801933
demand_149 6 12 1115.614847
demand_150 6 13 56.691966
demand_151 6 14 449.501200
demand_152 6 15 191.183457
demand_153 6 16 4187.631081
demand_154 6 17 1571.286933
demand_155 6 18 23.189706
demand_156 6 19 798.011979
demand_157 6 20 512.187528
demand_158 6 21 565.350982
demand_159 6 22 1270.924882
demand_160 6 23 287.520541
demand_161 7 0 132.251824
demand_162 7 1 16.423918
demand_163 7 2 308.359695
demand_164 7 3 701.362727
demand_165 7 4 240.821372
demand_166 7 5 437.223339
demand_167 7 6 179.166466
demand_168 7 8 389.557178
demand_169 7 9 679.055107
demand_170 7 10 251.916866
demand_171 7 11 593.372432
demand_172 7 12 469.551842
demand_173 7 13 23.861117
demand_174 7 14 189.190846
demand_175 7 15 80.467327
demand_176 7 16 1762.534708
demand_177 7 17 661.339956
demand_178 7 18 9.760330
demand_179 7 19 335.875769
demand_180 7 20 215.574934
demand_181 7 21 237.950934
demand_182 7 22 534.920382
demand_183 7 23 121.014703
demand_184 8 0 20.262597
demand_185 8 1 2.516345
demand_186 8 2 47.244477
demand_187 8 3 107.457349
demand_188 8 4 36.896780
demand_189 8 5 66.987964
demand_190 8 6 27.450494
demand_191 8 7 66.314143
demand_192 8 9 104.039549
demand_193 8 10 38.596745
demand_194 8 11 90.911915
demand_195 8 12 71.941086
demand_196 8 13 3.655815
demand_197 8 14 28.986352
demand_198 8 15 12.328579
demand_199 8 16 270.041878
demand_200 8 17 101.325371
demand_201 8 18 1.495402
demand_202 8 19 51.460277
demand_203 8 20 33.028717
demand_204 8 21 36.456994
demand_205 8 22 81.956346
demand_206 8 23 18.540933
demand_207 9 0 8.818574
demand_208 9 1 1.095150
demand_209 9 2 20.561477
demand_210 9 3 46.766985
demand_211 9 4 16.058010
demand_212 9 5 29.154126
demand_213 9 6 11.946850
demand_214 9 7 28.860870
demand_215 9 8 25.975739
demand_216 9 10 16.797859
demand_217 9 11 39.566174
demand_218 9 12 31.309796
demand_219 9 13 1.591063
demand_220 9 14 12.615278
demand_221 9 15 5.365575
demand_222 9 16 117.526113
demand_223 9 17 44.098260
demand_224 9 18 0.650820
demand_225 9 19 22.396253
demand_226 9 20 14.374573
demand_227 9 21 15.866609
demand_228 9 22 35.668582
demand_229 9 23 8.069281
demand_230 10 0 63.770674
demand_231 10 1 7.919470
demand_232 10 2 148.688351
demand_233 10 3 338.190980
demand_234 10 4 116.121962
demand_235 10 5 210.825275
demand_236 10 6 86.392505
demand_237 10 7 208.704619
demand_238 10 8 187.841068
demand_239 10 9 327.434441
demand_240 10 11 286.119003
demand_241 10 12 226.413797
demand_242 10 13 11.505622
demand_243 10 14 91.226173
demand_244 10 15 38.800642
demand_245 10 16 849.878840
demand_246 10 17 318.892350
demand_247 10 18 4.706346
demand_248 10 19 161.956362
demand_249 10 20 103.948350
demand_250 10 21 114.737862
demand_251 10 22 257.933935
demand_252 10 23 58.352233
demand_253 11 0 5.810355
demand_254 11 1 0.721569
demand_255 11 2 13.547482
demand_256 11 3 30.813687
demand_257 11 4 10.580252
demand_258 11 5 19.208980
demand_259 11 6 7.871504
demand_260 11 7 19.015761
demand_261 11 8 17.114814
demand_262 11 9 29.833623
demand_263 11 10 11.067721
demand_264 11 12 20.629302
demand_265 11 13 1.048315
demand_266 11 14 8.311915
demand_267 11 15 3.535253
demand_268 11 16 77.435241
demand_269 11 17 29.055325
demand_270 11 18 0.428811
demand_271 11 19 14.756374
demand_272 11 20 9.471074
demand_273 11 21 10.454142
demand_274 11 22 23.501205
demand_275 11 23 5.316663
demand_276 12 0 7.915352
demand_277 12 1 0.982981
demand_278 12 2 18.455515
demand_279 12 3 41.976985
demand_280 12 4 14.413305
demand_281 12 5 26.168082
demand_282 12 6 10.723222
demand_283 12 7 25.904862
demand_284 12 8 23.315233
demand_285 12 9 40.641860
demand_286 12 10 15.077377
demand_287 12 11 35.513700
demand_288 12 13 1.428102
demand_289 12 14 11.323187
demand_290 12 15 4.816018
demand_291 12 16 105.488771
demand_292 12 17 39.581597
demand_293 12 18 0.584162
demand_294 12 19 20.102368
demand_295 12 20 12.902291
demand_296 12 21 14.241508
demand_297 12 22 32.015309
demand_298 12 23 7.242803
demand_299 13 0 8.249788
demand_300 13 1 1.024514
demand_301 13 2 19.235289
demand_302 13 3 43.750577
demand_303 13 4 15.022290
demand_304 13 5 27.273724
demand_305 13 6 11.176294
demand_306 13 7 26.999382
demand_307 13 8 24.300338
demand_308 13 9 42.359041
demand_309 13 10 15.714420
demand_310 13 11 37.014209
demand_311 13 12 29.290356
demand_312 13 14 11.801609
demand_313 13 15 5.019503
demand_314 13 16 109.945835
demand_315 13 17 41.253981
demand_316 13 18 0.608843
demand_317 13 19 20.951725
demand_318 13 20 13.447432
demand_319 13 21 14.843233
demand_320 13 22 33.368005
demand_321 13 23 7.548823
demand_322 14 0 37.159263
demand_323 14 1 4.614686
demand_324 14 2 86.640914
demand_325 14 3 197.064365
demand_326 14 4 67.664432
demand_327 14 5 122.848187
demand_328 14 6 50.341035
demand_329 14 7 121.612478
demand_330 14 8 109.455257
demand_331 14 9 190.796514
demand_332 14 10 70.781972
demand_333 14 11 166.721950
demand_334 14 12 131.931641
demand_335 14 13 6.704343
demand_336 14 15 22.609189
demand_337 14 16 495.225607
demand_338 14 17 185.819025
demand_339 14 18 2.742395
demand_340 14 19 94.372202
demand_341 14 20 60.570851
demand_342 14 21 66.857915
demand_343 14 22 150.298471
demand_344 14 23 34.001929
demand_345 15 0 446.093384
demand_346 15 1 55.398867
demand_347 15 2 1040.115861
demand_348 15 3 2365.738805
demand_349 15 4 812.305021
demand_350 15 5 1474.780710
demand_351 15 6 604.339304
demand_352 15 7 1459.946142
demand_353 15 8 1313.999872
demand_354 15 9 2290.493858
demand_355 15 10 849.730791
demand_356 15 11 2001.481023
demand_357 15 12 1583.826702
demand_358 15 13 80.484989
demand_359 15 14 638.152140
demand_360 15 16 5945.135941
demand_361 15 17 2230.739585
demand_362 15 18 32.922183
demand_363 15 19 1132.929240
demand_364 15 20 727.147263
demand_365 15 21 802.622861
demand_366 15 22 1804.318730
demand_367 15 23 408.189898
demand_368 16 0 90.503576
demand_369 16 1 11.239341
demand_370 16 2 211.019056
demand_371 16 3 479.961885
demand_372 16 4 164.800716
demand_373 16 5 299.204007
demand_374 16 6 122.608561
demand_375 16 7 296.194365
demand_376 16 8 266.584736
demand_377 16 9 464.696165
demand_378 16 10 172.393669
demand_379 16 11 406.061144
demand_380 16 12 321.327295
demand_381 16 13 16.328822
demand_382 16 14 129.468521
demand_383 16 15 55.066014
demand_384 16 17 452.573198
demand_385 16 18 6.679264
demand_386 16 19 229.849066
demand_387 16 20 147.523882
demand_388 16 21 162.836396
demand_389 16 22 366.060791
demand_390 16 23 82.813704
demand_391 17 0 896.132352
demand_392 17 1 111.287724
demand_393 17 2 2089.431283
demand_394 17 3 4752.401971
demand_395 17 4 1631.794675
demand_396 17 5 2962.605483
demand_397 17 6 1214.023837
demand_398 17 7 2932.805139
demand_399 17 8 2639.621740
demand_400 17 9 4601.246555
demand_401 17 10 1706.977236
demand_402 17 11 4020.664641
demand_403 17 12 3181.661952
demand_404 17 13 161.681848
demand_405 17 14 1281.948575
demand_406 17 15 545.242951
demand_407 17 16 11942.855108
demand_408 17 18 66.135555
demand_409 17 19 2275.878953
demand_410 17 20 1460.725960
demand_411 17 21 1612.344719
demand_412 17 22 3624.596204
demand_413 17 23 819.990133
demand_414 18 0 774.213693
demand_415 18 1 96.147047
demand_416 18 2 1805.164502
demand_417 18 3 4105.838467
demand_418 18 4 1409.789278
demand_419 18 5 2559.543496
demand_420 18 6 1048.856094
demand_421 18 7 2533.797483
demand_422 18 8 2280.501638
demand_423 18 9 3975.247720
demand_424 18 10 1474.743265
demand_425 18 11 3473.653879
demand_426 18 12 2748.797368
demand_427 18 13 139.685059
demand_428 18 14 1107.539683
demand_429 18 15 471.062737
demand_430 18 16 10318.031640
demand_431 18 17 3871.541685
demand_432 18 19 1966.245996
demand_433 18 20 1261.994434
demand_434 18 21 1392.985486
demand_435 18 22 3131.470488
demand_436 18 23 708.430610
demand_437 19 0 3.230835
demand_438 19 1 0.401227
demand_439 19 2 7.533049
demand_440 19 3 17.133885
demand_441 19 4 5.883127
demand_442 19 5 10.681113
demand_443 19 6 4.376933
demand_444 19 7 10.573674
demand_445 19 8 9.516656
demand_446 19 9 16.588923
demand_447 19 10 6.154183
demand_448 19 11 14.495745
demand_449 19 12 11.470880
demand_450 19 13 0.582913
demand_451 19 14 4.621823
demand_452 19 15 1.965770
demand_453 19 16 43.057702
demand_454 19 17 16.156152
demand_455 19 18 0.238439
demand_456 19 20 5.266371
demand_457 19 21 5.813004
demand_458 19 22 13.067795
demand_459 19 23 2.956319
demand_460 20 0 887.116167
demand_461 20 1 110.168033
demand_462 20 2 2068.409054
demand_463 20 3 4704.587007
demand_464 20 4 1615.376829
demand_465 20 5 2932.798056
demand_466 20 6 1201.809275
demand_467 20 7 2903.297540
demand_468 20 8 2613.063924
demand_469 20 9 4554.952399
demand_470 20 10 1689.802962
demand_471 20 11 3980.211847
demand_472 20 12 3149.650549
demand_473 20 13 160.055131
demand_474 20 14 1269.050608
demand_475 20 15 539.757141
demand_476 20 16 11822.695409
demand_477 20 17 4436.123062
demand_478 20 18 65.470150
demand_479 20 19 2252.980832
demand_480 20 21 1596.122563
demand_481 20 22 3588.128342
demand_482 20 23 811.740031
demand_483 21 0 910.876677
demand_484 21 1 113.118773
demand_485 21 2 2123.809301
demand_486 21 3 4830.594618
demand_487 21 4 1658.643065
demand_488 21 5 3011.350089
demand_489 21 6 1233.998523
demand_490 21 7 2981.059432
demand_491 21 8 2683.052202
demand_492 21 9 4676.952198
demand_493 21 10 1735.062627
demand_494 21 11 4086.817801
demand_495 21 12 3234.010758
demand_496 21 13 164.342046
demand_497 21 14 1303.040847
demand_498 21 15 554.213991
demand_499 21 16 12139.354363
demand_500 21 17 4554.940137
demand_501 21 18 67.223702
demand_502 21 19 2313.324648
demand_503 21 20 1484.759708
demand_504 21 22 3684.232735
demand_505 21 23 833.481668
demand_506 22 0 229.124029
demand_507 22 1 28.454158
demand_508 22 2 534.227911
demand_509 22 3 1215.098960
demand_510 22 4 417.218919
demand_511 22 5 757.481977
demand_512 22 6 310.402847
demand_513 22 7 749.862595
demand_514 22 8 674.901166
demand_515 22 9 1176.451390
demand_516 22 10 436.441672
demand_517 22 11 1028.007617
demand_518 22 12 813.490558
demand_519 22 13 41.338979
demand_520 22 14 327.769913
demand_521 22 15 139.408271
demand_522 22 16 3053.561317
demand_523 22 17 1145.760193
demand_524 22 18 16.909606
demand_525 22 19 581.899041
demand_526 22 20 373.479896
demand_527 22 21 412.245934
demand_528 22 23 209.655909
demand_529 23 0 51.315428
demand_530 23 1 6.372694
demand_531 23 2 119.647574
demand_532 23 3 272.137863
demand_533 23 4 93.441825
demand_534 23 5 169.648344
demand_535 23 6 69.518920
demand_536 23 7 167.941880
demand_537 23 8 151.153253
demand_538 23 9 263.482216
demand_539 23 10 97.747021
demand_540 23 11 230.236224
demand_541 23 12 182.192224
demand_542 23 13 9.258424
demand_543 23 14 73.408510
demand_544 23 15 31.222370
demand_545 23 16 683.886398
demand_546 23 17 256.608507
demand_547 23 18 3.787135
demand_548 23 19 130.324168
demand_549 23 20 83.645879
demand_550 23 21 92.328058
demand_551 23 22 207.556068
