DEMANDS 552
label src dest bw
demand_0 0 1 47.363758
demand_1 0 2 434.811143
demand_2 0 3 2967.894360
demand_3 0 4 362.176919
demand_4 0 5 965.058660
demand_5 0 6 232.327708
demand_6 0 7 883.930466
demand_7 0 8 555.086447
demand_8 0 9 2259.063213
demand_9 0 10 419.391505
demand_10 0 11 1210.432517
demand_11 0 12 990.420325
demand_12 0 13 120.411640
demand_13 0 14 275.072914
demand_14 0 15 164.199873
demand_15 0 16 3137.961517
demand_16 0 17 1634.628005
demand_17 0 18 23.152667
demand_18 0 19 520.589365
demand_19 0 20 328.009565
demand_20 0 21 356.567212
demand_21 0 22 1135.839981
demand_22 0 23 192.594510
demand_23 1 0 365.646298
demand_24 1 2 796.795384
demand_25 1 3 5438.693471
demand_26 1 4 663.692505
demand_27 1 5 1768.478793
demand_28 1 6 425.742643
demand_29 1 7 1619.810637
demand_30 1 8 1017.200975
demand_31 1 9 4139.753933
demand_32 1 10 768.538757
demand_33 1 11 2218.128622
demand_34 1 12 1814.954275
demand_35 1 13 220.655428
demand_36 1 14 504.073622
demand_37 1 15 300.897764
demand_38 1 16 5750.343088
demand_39 1 17 2995.470722
demand_40 1 18 42.427473
demand_41 1 19 953.984757
demand_42 1 20 601.080519
demand_43 1 21 653.412667
demand_44 1 22 2081.437120
demand_45 1 23 352.931196
demand_46 2 0 105.682502
demand_47 2 1 25.086161
demand_48 2 3 1571.941893
demand_49 2 4 191.826596
demand_50 2 5 511.142228
demand_51 2 6 123.052108
demand_52 2 7 468.172772
demand_53 2 8 294.000909
demand_54 2 9 1196.510277
demand_55 2 10 222.130237
demand_56 2 11 641.104214
demand_57 2 12 524.575006
demand_58 2 13 63.775889
demand_59 2 14 145.692058
demand_60 2 15 86.968277
demand_61 2 16 1662.017771
demand_62 2 17 865.778875
demand_63 2 18 12.262784
demand_64 2 19 275.729569
demand_65 2 20 173.729896
demand_66 2 21 188.855421
demand_67 2 22 601.596362
demand_68 2 23 102.007465
demand_69 3 0 124.923577
demand_70 3 1 29.653471
demand_71 3 2 272.226275
demand_72 3 4 226.751487
demand_73 3 5 604.203291
demand_74 3 6 145.455579
demand_75 3 7 553.410605
demand_76 3 8 347.528158
demand_77 3 9 1414.352811
demand_78 3 10 262.572358
demand_79 3 11 757.826794
demand_80 3 12 620.081706
demand_81 3 13 75.387240
demand_82 3 14 172.217469
demand_83 3 15 102.802148
demand_84 3 16 1964.612884
demand_85 3 17 1023.406827
demand_86 3 18 14.495407
demand_87 3 19 325.930247
demand_88 3 20 205.360013
demand_89 3 21 223.239366
demand_90 3 22 711.125948
demand_91 3 23 120.579444
demand_92 4 0 280.717103
demand_93 4 1 66.634630
demand_94 4 2 611.722568
demand_95 4 3 4175.440275
demand_96 4 5 1357.711666
demand_97 4 6 326.854784
demand_98 4 7 1243.574878
demand_99 4 8 780.934233
demand_100 4 9 3178.207301
demand_101 4 10 590.029148
demand_102 4 11 1702.920680
demand_103 4 12 1393.392222
demand_104 4 13 169.403472
demand_105 4 14 386.991713
demand_106 4 15 231.007805
demand_107 4 16 4414.702584
demand_108 4 17 2299.708406
demand_109 4 18 32.572783
demand_110 4 19 732.401338
demand_111 4 20 461.466678
demand_112 4 21 501.643562
demand_113 4 22 1597.978710
demand_114 4 23 270.955356
demand_115 5 0 74.935150
demand_116 5 1 17.787573
demand_117 5 2 163.294368
demand_118 5 3 1114.599850
demand_119 5 4 136.016411
demand_120 5 6 87.251228
demand_121 5 7 331.962208
demand_122 5 8 208.464047
demand_123 5 9 848.396612
demand_124 5 10 157.503486
demand_125 5 11 454.580837
demand_126 5 12 371.954730
demand_127 5 13 45.220880
demand_128 5 14 103.304293
demand_129 5 15 61.665656
demand_130 5 16 1178.468980
demand_131 5 17 613.888471
demand_132 5 18 8.695040
demand_133 5 19 195.508585
demand_134 5 20 123.184780
demand_135 5 21 133.909672
demand_136 5 22 426.567431
demand_137 5 23 72.329331
demand_138 6 0 162.014149
demand_139 6 1 38.457767
demand_140 6 2 353.051916
demand_141 6 3 2409.829659
demand_142 6 4 294.075386
demand_143 6 5 783.594933
demand_144 6 7 717.721588
demand_145 6 8 450.711387
demand_146 6 9 1834.282785
demand_147 6 10 340.531692
demand_148 6 11 982.830191
demand_149 6 12 804.187746
demand_150 6 13 97.770172
demand_151 6 14 223.349886
demand_152 6 15 133.324733
demand_153 6 16 2547.918429
demand_154 6 17 1327.262554
demand_155 6 18 18.799181
demand_156 6 19 422.700925
demand_157 6 20 266.332653
demand_158 6 21 289.520495
demand_159 6 22 922.263579
demand_160 6 23 156.380217
demand_161 7 0 113.395379
demand_162 7 1 26.916989
demand_163 7 2 247.104689
demand_164 7 3 1686.664713
demand_165 7 4 205.826406
demand_166 7 5 548.446202
demand_167 7 6 132.032647
demand_168 7 8 315.457563
demand_169 7 9 1283.833501
demand_170 7 10 238.341655
demand_171 7 11 687.893020
demand_172 7 12 562.859324
demand_173 7 13 68.430355
demand_174 7 14 156.324896
demand_175 7 15 93.315360
demand_176 7 16 1783.314472
demand_177 7 17 928.964795
demand_178 7 18 13.157741
demand_179 7 19 295.852751
demand_180 7 20 186.408980
demand_181 7 21 202.638390
demand_182 7 22 645.501822
demand_183 7 23 109.452132
demand_184 8 0 42.866810
demand_185 8 1 10.175419
demand_186 8 2 93.412887
demand_187 8 3 637.609191
demand_188 8 4 77.808474
demand_189 8 5 207.328900
demand_190 8 6 49.912249
demand_191 8 7 189.899680
demand_192 8 9 485.327068
demand_193 8 10 90.100201
demand_194 8 11 260.043925
demand_195 8 12 212.777487
demand_196 8 13 25.868700
demand_197 8 14 59.095438
demand_198 8 15 35.275969
demand_199 8 16 674.145661
demand_200 8 17 351.176192
demand_201 8 18 4.974016
demand_202 8 19 111.841098
demand_203 8 20 70.468113
demand_204 8 21 76.603310
demand_205 8 22 244.018797
demand_206 8 23 41.376146
demand_207 9 0 41.626822
demand_208 9 1 9.881079
demand_209 9 2 90.710777
demand_210 9 3 619.165373
demand_211 9 4 75.557746
demand_212 9 5 201.331595
demand_213 9 6 48.468461
demand_214 9 7 184.406542
demand_215 9 8 115.802743
demand_216 9 10 87.493915
demand_217 9 11 252.521758
demand_218 9 12 206.622573
demand_219 9 13 25.120408
demand_220 9 14 57.386013
demand_221 9 15 34.255557
demand_222 9 16 654.644970
demand_223 9 17 341.017885
demand_224 9 18 4.830135
demand_225 9 19 108.605924
demand_226 9 20 68.429715
demand_227 9 21 74.387442
demand_228 9 22 236.960181
demand_229 9 23 40.179278
demand_230 10 0 78.648345
demand_231 10 1 18.668985
demand_232 10 2 171.385951
demand_233 10 3 1169.830640
demand_234 10 4 142.756313
demand_235 10 5 380.389277
demand_236 10 6 91.574712
demand_237 10 7 348.411641
demand_238 10 8 218.793884
demand_239 10 9 890.436466
demand_240 10 11 477.106283
demand_241 10 12 390.385877
demand_242 10 13 47.461671
demand_243 10 14 108.423240
demand_244 10 15 64.721321
demand_245 10 16 1236.864620
demand_246 10 17 644.307948
demand_247 10 18 9.125897
demand_248 10 19 205.196451
demand_249 10 20 129.288847
demand_250 10 21 140.545181
demand_251 10 22 447.704753
demand_252 10 23 75.913402
demand_253 11 0 29.304892
demand_254 11 1 6.956187
demand_255 11 2 63.859535
demand_256 11 3 435.886604
demand_257 11 4 53.191943
demand_258 11 5 141.735551
demand_259 11 6 34.121341
demand_260 11 7 129.820473
demand_261 11 8 81.524043
demand_262 11 9 331.782494
demand_263 11 10 61.594894
demand_264 11 12 145.460350
demand_265 11 13 17.684531
demand_266 11 14 40.399214
demand_267 11 15 24.115590
demand_268 11 16 460.863906
demand_269 11 17 240.073386
demand_270 11 18 3.400369
demand_271 11 19 76.457550
demand_272 11 20 48.173876
demand_273 11 21 52.368060
demand_274 11 22 166.817741
demand_275 11 23 28.285834
demand_276 12 0 33.331647
demand_277 12 1 7.912029
demand_278 12 2 72.634408
demand_279 12 3 495.781337
demand_280 12 4 60.500993
demand_281 12 5 161.211288
demand_282 12 6 38.809920
demand_283 12 7 147.658971
demand_284 12 8 92.726178
demand_285 12 9 377.372387
demand_286 12 10 70.058586
demand_287 12 11 202.200543
demand_288 12 13 20.114545
demand_289 12 14 45.950428
demand_290 12 15 27.429289
demand_291 12 16 524.190745
demand_292 12 17 273.061625
demand_293 12 18 3.867611
demand_294 12 19 86.963503
demand_295 12 20 54.793399
demand_296 12 21 59.563902
demand_297 12 22 189.739996
demand_298 12 23 32.172561
demand_299 13 0 41.316939
demand_300 13 1 9.807521
demand_301 13 2 90.035497
demand_302 13 3 614.556108
demand_303 13 4 74.995270
demand_304 13 5 199.832818
demand_305 13 6 48.107646
demand_306 13 7 183.033761
demand_307 13 8 114.940670
demand_308 13 9 467.779822
demand_309 13 10 86.842583
demand_310 13 11 250.641905
demand_311 13 12 205.084409
demand_312 13 14 56.958813
demand_313 13 15 34.000548
demand_314 13 16 649.771583
demand_315 13 17 338.479239
demand_316 13 18 4.794178
demand_317 13 19 107.797426
demand_318 13 20 67.920302
demand_319 13 21 73.833679
demand_320 13 22 235.196174
demand_321 13 23 39.880170
demand_322 14 0 43.595397
demand_323 14 1 10.348365
demand_324 14 2 95.000582
demand_325 14 3 648.446331
demand_326 14 4 79.130948
demand_327 14 5 210.852770
demand_328 14 6 50.760584
demand_329 14 7 193.127315
demand_330 14 8 121.279172
demand_331 14 9 493.575941
demand_332 14 10 91.631591
demand_333 14 11 264.463768
demand_334 14 12 216.393964
demand_335 14 13 26.308378
demand_336 14 15 35.875537
demand_337 14 16 685.603794
demand_338 14 17 357.144967
demand_339 14 18 5.058557
demand_340 14 19 113.742008
demand_341 14 20 71.665825
demand_342 14 21 77.905300
demand_343 14 22 248.166268
demand_344 14 23 42.079396
demand_345 15 0 315.895387
demand_346 15 1 74.985001
demand_347 15 2 688.381061
demand_348 15 3 4698.688844
demand_349 15 4 573.388551
demand_350 15 5 1527.854367
demand_351 15 6 367.814847
demand_352 15 7 1399.414438
demand_353 15 8 878.797619
demand_354 15 9 3576.486838
demand_355 15 10 663.969113
demand_356 15 11 1916.323519
demand_357 15 12 1568.006259
demand_358 15 13 190.632401
demand_359 15 14 435.487883
demand_360 15 16 4967.934497
demand_361 15 17 2587.898166
demand_362 15 18 36.654667
demand_363 15 19 824.182785
demand_364 15 20 519.295736
demand_365 15 21 564.507418
demand_366 15 22 1798.230664
demand_367 15 23 304.910339
demand_368 16 0 82.702971
demand_369 16 1 19.631443
demand_370 16 2 180.221557
demand_371 16 3 1230.139917
demand_372 16 4 150.115951
demand_373 16 5 399.999810
demand_374 16 6 96.295741
demand_375 16 7 366.373603
demand_376 16 8 230.073551
demand_377 16 9 936.341896
demand_378 16 10 173.830389
demand_379 16 11 501.702950
demand_380 16 12 410.511773
demand_381 16 13 49.908503
demand_382 16 14 114.012876
demand_383 16 15 68.057954
demand_384 16 17 677.524505
demand_385 16 18 9.596373
demand_386 16 19 215.775119
demand_387 16 20 135.954185
demand_388 16 21 147.790827
demand_389 16 22 470.785658
demand_390 16 23 79.827031
demand_391 17 0 513.153768
demand_392 17 1 121.808793
demand_393 17 2 1118.235180
demand_394 17 3 7632.748002
demand_395 17 4 931.436506
demand_396 17 5 2481.910967
demand_397 17 6 597.493925
demand_398 17 7 2273.267738
demand_399 17 8 1427.555855
demand_400 17 9 5809.795813
demand_401 17 10 1078.579385
demand_402 17 11 3112.956614
demand_403 17 12 2547.135391
demand_404 17 13 309.671299
demand_405 17 14 707.424853
demand_406 17 15 422.284657
demand_407 17 16 8070.121978
demand_408 17 18 59.543384
demand_409 17 19 1338.837220
demand_410 17 20 843.565859
demand_411 17 21 917.009619
demand_412 17 22 2921.121608
demand_413 17 23 495.309194
demand_414 18 0 428.778914
demand_415 18 1 101.780490
demand_416 18 2 934.370350
demand_417 18 3 6377.740167
demand_418 18 4 778.285883
demand_419 18 5 2073.824953
demand_420 18 6 499.251515
demand_421 18 7 1899.487702
demand_422 18 8 1192.831247
demand_423 18 9 4854.525278
demand_424 18 10 901.234924
demand_425 18 11 2601.111478
demand_426 18 12 2128.324908
demand_427 18 13 258.753870
demand_428 18 14 591.107148
demand_429 18 15 352.850876
demand_430 18 16 6743.199314
demand_431 18 17 3512.669732
demand_432 18 19 1118.700095
demand_433 18 20 704.863289
demand_434 18 21 766.231124
demand_435 18 22 2440.818773
demand_436 18 23 413.868418
demand_437 19 0 12.846052
demand_438 19 1 3.049305
demand_439 19 2 27.993378
demand_440 19 3 191.074655
demand_441 19 4 23.317147
demand_442 19 5 62.131002
demand_443 19 6 14.957384
demand_444 19 7 56.907925
demand_445 19 8 35.736768
demand_446 19 9 145.439720
demand_447 19 10 27.000654
demand_448 19 11 77.928305
demand_449 19 12 63.763800
demand_450 19 13 7.752167
demand_451 19 14 17.709344
demand_452 19 15 10.571277
demand_453 19 16 202.023672
demand_454 19 17 105.238241
demand_455 19 18 1.490581
demand_456 19 20 21.117434
demand_457 19 21 22.955991
demand_458 19 22 73.125997
demand_459 19 23 12.399339
demand_460 20 0 492.517816
demand_461 20 1 116.910378
demand_462 20 2 1073.266501
demand_463 20 3 7325.804880
demand_464 20 4 893.979743
demand_465 20 5 2382.103466
demand_466 20 6 573.466320
demand_467 20 7 2181.850611
demand_468 20 8 1370.148162
demand_469 20 9 5576.160841
demand_470 20 10 1035.205423
demand_471 20 11 2987.772261
demand_472 20 12 2444.704957
demand_473 20 13 297.218186
demand_474 20 14 678.976489
demand_475 20 15 405.302913
demand_476 20 16 7745.590311
demand_477 20 17 4034.835599
demand_478 20 18 57.148908
demand_479 20 19 1284.997256
demand_480 20 21 880.133019
demand_481 20 22 2803.651702
demand_482 20 23 475.390843
demand_483 21 0 721.416271
demand_484 21 1 171.244666
demand_485 21 2 1572.068849
demand_486 21 3 10730.484585
demand_487 21 4 1309.458280
demand_488 21 5 3489.189917
demand_489 21 6 839.985723
demand_490 21 7 3195.869222
demand_491 21 8 2006.926744
demand_492 21 9 8167.690640
demand_493 21 10 1516.318823
demand_494 21 11 4376.344267
demand_495 21 12 3580.885552
demand_496 21 13 435.350820
demand_497 21 14 994.531915
demand_498 21 15 593.668100
demand_499 21 16 11345.365976
demand_500 21 17 5910.031991
demand_501 21 18 83.708955
demand_502 21 19 1882.201815
demand_503 21 20 1185.925494
demand_504 21 22 4106.653380
demand_505 21 23 696.329509
demand_506 22 0 157.058919
demand_507 22 1 37.281530
demand_508 22 2 342.253765
demand_509 22 3 2336.124625
demand_510 22 4 285.081042
demand_511 22 5 759.628554
demand_512 22 6 182.872574
demand_513 22 7 695.769956
demand_514 22 8 436.926305
demand_515 22 9 1778.180946
demand_516 22 10 330.116474
demand_517 22 11 952.770169
demand_518 22 12 779.591532
demand_519 22 13 94.779855
demand_520 22 14 216.518693
demand_521 22 15 129.246974
demand_522 22 16 2469.989927
demand_523 22 17 1286.668012
demand_524 22 18 18.224205
demand_525 22 19 409.772548
demand_526 22 20 258.186825
demand_527 22 21 280.665463
demand_528 22 23 151.597302
demand_529 23 0 76.178201
demand_530 23 1 18.082640
demand_531 23 2 166.003154
demand_532 23 3 1133.089232
demand_533 23 4 138.272700
demand_534 23 5 368.442216
demand_535 23 6 88.698583
demand_536 23 7 337.468916
demand_537 23 8 211.922124
demand_538 23 9 862.470119
demand_539 23 10 160.116211
demand_540 23 11 462.121587
demand_541 23 12 378.124849
demand_542 23 13 45.971020
demand_543 23 14 105.017942
demand_544 23 15 62.688588
demand_545 23 16 1198.017845
demand_546 23 17 624.071873
demand_547 23 18 8.839276
demand_548 23 19 198.751752
demand_549 23 20 125.228213
demand_550 23 21 136.131014
demand_551 23 22 433.643484
