DEMANDS 552
label src dest bw
demand_0 0 1 121.279297
demand_1 0 2 1064.774835
demand_2 0 3 2295.744949
demand_3 0 4 757.261422
demand_4 0 5 1288.595546
demand_5 0 6 306.265086
demand_6 0 7 1202.505378
demand_7 0 8 1195.806001
demand_8 0 9 1841.387426
demand_9 0 10 927.913234
demand_10 0 11 1598.837995
demand_11 0 12 1402.829299
demand_12 0 13 204.033865
demand_13 0 14 543.677339
demand_14 0 15 240.250428
demand_15 0 16 2565.114800
demand_16 0 17 1647.520759
demand_17 0 18 54.777466
demand_18 0 19 1097.897450
demand_19 0 20 621.035667
demand_20 0 21 673.105210
demand_21 0 22 1536.824592
demand_22 0 23 248.693871
demand_23 1 0 432.048378
demand_24 1 2 1503.586901
demand_25 1 3 3241.861018
demand_26 1 4 1069.341909
demand_27 1 5 1819.647985
demand_28 1 6 432.482208
demand_29 1 7 1698.078573
demand_30 1 8 1688.618268
demand_31 1 9 2600.254927
demand_32 1 10 1310.322274
demand_33 1 11 2257.746694
demand_34 1 12 1980.959436
demand_35 1 13 288.119738
demand_36 1 14 767.736142
demand_37 1 15 339.261771
demand_38 1 16 3622.242828
demand_39 1 17 2326.492465
demand_40 1 18 77.352203
demand_41 1 19 1550.359915
demand_42 1 20 876.975171
demand_43 1 21 950.503470
demand_44 1 22 2170.176499
demand_45 1 23 351.184903
demand_46 2 0 98.427118
demand_47 2 1 39.015737
demand_48 2 3 738.544693
demand_49 2 4 243.612168
demand_50 2 5 414.543176
demand_51 2 6 98.525951
demand_52 2 7 386.847836
demand_53 2 8 384.692636
demand_54 2 9 592.377177
demand_55 2 10 298.511120
demand_56 2 11 514.348651
demand_57 2 12 451.292351
demand_58 2 13 65.638009
demand_59 2 14 174.901839
demand_60 2 15 77.288934
demand_61 2 16 825.201390
demand_62 2 17 530.009971
demand_63 2 18 17.621995
demand_64 2 19 353.195304
demand_65 2 20 199.788132
demand_66 2 21 216.538985
demand_67 2 22 494.398843
demand_68 2 23 80.005202
demand_69 3 0 182.205565
demand_70 3 1 72.224856
demand_71 3 2 634.100055
demand_72 3 4 450.968124
demand_73 3 5 767.390889
demand_74 3 6 182.388522
demand_75 3 7 716.122039
demand_76 3 8 712.132393
demand_77 3 9 1096.592284
demand_78 3 10 552.595548
demand_79 3 11 952.148029
demand_80 3 12 835.419947
demand_81 3 13 121.507272
demand_82 3 14 323.773458
demand_83 3 15 143.075141
demand_84 3 16 1527.590043
demand_85 3 17 981.139833
demand_86 3 18 32.621351
demand_87 3 19 653.825401
demand_88 3 20 369.842278
demand_89 3 21 400.850994
demand_90 3 22 915.217496
demand_91 3 23 148.103423
demand_92 4 0 344.993622
demand_93 4 1 136.752764
demand_94 4 2 1200.624552
demand_95 4 3 2588.648472
demand_96 4 5 1453.001516
demand_97 4 6 345.340038
demand_98 4 7 1355.927500
demand_99 4 8 1348.373380
demand_100 4 9 2076.321565
demand_101 4 10 1046.301409
demand_102 4 11 1802.826369
demand_103 4 12 1581.809827
demand_104 4 13 230.065606
demand_105 4 14 613.042626
demand_106 4 15 270.902874
demand_107 4 16 2892.385981
demand_108 4 17 1857.720343
demand_109 4 18 61.766270
demand_110 4 19 1237.973128
demand_111 4 20 700.270747
demand_112 4 21 758.983603
demand_113 4 22 1732.900963
demand_114 4 23 280.423577
demand_115 5 0 50.019453
demand_116 5 1 19.827319
demand_117 5 2 174.074474
demand_118 5 3 375.319346
demand_119 5 4 123.800713
demand_120 5 6 50.069679
demand_121 5 7 196.591321
demand_122 5 8 195.496075
demand_123 5 9 301.038808
demand_124 5 10 151.699686
demand_125 5 11 261.385669
demand_126 5 12 229.341232
demand_127 5 13 33.356430
demand_128 5 14 88.882967
demand_129 5 15 39.277287
demand_130 5 16 419.357215
demand_131 5 17 269.344560
demand_132 5 18 8.955282
demand_133 5 19 179.489517
demand_134 5 20 101.529876
demand_135 5 21 110.042454
demand_136 5 22 251.247422
demand_137 5 23 40.657662
demand_138 6 0 275.277709
demand_139 6 1 109.117923
demand_140 6 2 958.003727
demand_141 6 3 2065.537375
demand_142 6 4 681.326456
demand_143 6 5 1159.380646
demand_144 6 7 1081.923235
demand_145 6 8 1075.895643
demand_146 6 9 1656.740898
demand_147 6 10 834.866028
demand_148 6 11 1438.513296
demand_149 6 12 1262.159522
demand_150 6 13 183.574214
demand_151 6 14 489.159679
demand_152 6 15 216.159133
demand_153 6 16 2307.895959
demand_154 6 17 1482.314359
demand_155 6 18 49.284613
demand_156 6 19 987.804946
demand_157 6 20 558.760842
demand_158 6 21 605.609072
demand_159 6 22 1382.718335
demand_160 6 23 223.755904
demand_161 7 0 137.681790
demand_162 7 1 54.575981
demand_163 7 2 479.151286
demand_164 7 3 1033.090854
demand_165 7 4 340.769496
demand_166 7 5 579.871154
demand_167 7 6 137.820040
demand_168 7 8 538.115631
demand_169 7 9 828.628855
demand_170 7 10 417.563230
demand_171 7 11 719.481017
demand_172 7 12 631.276623
demand_173 7 13 91.815739
demand_174 7 14 244.656135
demand_175 7 15 108.113282
demand_176 7 16 1154.307948
demand_177 7 17 741.388380
demand_178 7 18 24.649994
demand_179 7 19 494.056543
demand_180 7 20 279.467572
demand_181 7 21 302.898994
demand_182 7 22 691.574834
demand_183 7 23 111.912852
demand_184 8 0 28.615693
demand_185 8 1 11.343036
demand_186 8 2 99.586488
demand_187 8 3 214.716924
demand_188 8 4 70.825308
demand_189 8 5 120.520040
demand_190 8 6 28.644426
demand_191 8 7 112.468180
demand_192 8 9 172.221676
demand_193 8 10 86.786067
demand_194 8 11 149.536461
demand_195 8 12 131.204118
demand_196 8 13 19.082923
demand_197 8 14 50.849170
demand_198 8 15 22.470193
demand_199 8 16 239.910605
demand_200 8 17 154.089673
demand_201 8 18 5.123238
demand_202 8 19 102.684387
demand_203 8 20 58.084356
demand_204 8 21 62.954328
demand_205 8 22 143.736459
demand_206 8 23 23.259894
demand_207 9 0 24.069757
demand_208 9 1 9.541063
demand_209 9 2 83.766017
demand_210 9 3 180.606645
demand_211 9 4 59.573885
demand_212 9 5 101.374030
demand_213 9 6 24.093926
demand_214 9 7 94.601302
demand_215 9 8 94.074261
demand_216 9 10 72.999092
demand_217 9 11 125.780856
demand_218 9 12 110.360819
demand_219 9 13 16.051379
demand_220 9 14 42.771188
demand_221 9 15 18.900542
demand_222 9 16 201.798016
demand_223 9 17 129.610738
demand_224 9 18 4.309353
demand_225 9 19 86.371779
demand_226 9 20 48.856981
demand_227 9 21 52.953301
demand_228 9 22 120.902251
demand_229 9 23 19.564789
demand_230 10 0 64.376670
demand_231 10 1 25.518407
demand_232 10 2 224.039534
demand_233 10 3 483.048257
demand_234 10 4 159.335561
demand_235 10 5 271.133705
demand_236 10 6 64.441312
demand_237 10 7 253.019451
demand_238 10 8 251.609833
demand_239 10 9 387.446779
demand_240 10 11 336.411894
demand_241 10 12 295.169656
demand_242 10 13 42.930815
demand_243 10 14 114.395282
demand_244 10 15 50.551151
demand_245 10 16 539.726433
demand_246 10 17 346.655246
demand_247 10 18 11.525740
demand_248 10 19 231.008871
demand_249 10 20 130.672267
demand_250 10 21 141.628232
demand_251 10 22 323.363639
demand_252 10 23 52.327738
demand_253 11 0 15.125360
demand_254 11 1 5.995574
demand_255 11 2 52.638303
demand_256 11 3 113.492651
demand_257 11 4 37.436043
demand_258 11 5 63.703124
demand_259 11 6 15.140548
demand_260 11 7 59.447163
demand_261 11 8 59.115972
demand_262 11 9 91.030992
demand_263 11 10 45.872401
demand_264 11 12 69.350394
demand_265 11 13 10.086636
demand_266 11 14 26.877281
demand_267 11 15 11.877042
demand_268 11 16 126.809243
demand_269 11 17 81.446983
demand_270 11 18 2.707984
demand_271 11 19 54.275756
demand_272 11 20 30.701574
demand_273 11 21 33.275689
demand_274 11 22 75.974597
demand_275 11 23 12.294452
demand_276 12 0 18.697617
demand_277 12 1 7.411589
demand_278 12 2 65.070242
demand_279 12 3 140.296966
demand_280 12 4 46.277562
demand_281 12 5 78.748314
demand_282 12 6 18.716392
demand_283 12 7 73.487195
demand_284 12 8 73.077784
demand_285 12 9 112.530387
demand_286 12 10 56.706391
demand_287 12 11 97.707770
demand_288 12 13 12.468864
demand_289 12 14 33.225068
demand_290 12 15 14.682121
demand_291 12 16 156.758626
demand_292 12 17 100.682858
demand_293 12 18 3.347546
demand_294 12 19 67.094422
demand_295 12 20 37.952569
demand_296 12 21 41.134630
demand_297 12 22 93.918023
demand_298 12 23 15.198115
demand_299 13 0 23.371354
demand_300 13 1 9.264221
demand_301 13 2 81.335477
demand_302 13 3 175.366195
demand_303 13 4 57.845300
demand_304 13 5 98.432580
demand_305 13 6 23.394821
demand_306 13 7 91.856368
demand_307 13 8 91.344619
demand_308 13 9 140.658964
demand_309 13 10 70.880963
demand_310 13 11 122.131222
demand_311 13 12 107.158610
demand_312 13 14 41.530147
demand_313 13 15 18.352127
demand_314 13 16 195.942682
demand_315 13 17 125.849976
demand_316 13 18 4.184313
demand_317 13 19 83.865631
demand_318 13 20 47.439356
demand_319 13 21 51.416818
demand_320 13 22 117.394174
demand_321 13 23 18.997101
demand_322 14 0 31.296302
demand_323 14 1 12.405608
demand_324 14 2 108.915371
demand_325 14 3 234.830787
demand_326 14 4 77.459953
demand_327 14 5 131.809898
demand_328 14 6 31.327727
demand_329 14 7 123.003770
demand_330 14 8 122.318494
demand_331 14 9 188.354747
demand_332 14 10 94.915855
demand_333 14 11 163.544467
demand_334 14 12 143.494820
demand_335 14 13 20.870538
demand_336 14 15 24.575115
demand_337 14 16 262.384516
demand_338 14 17 168.524207
demand_339 14 18 5.603164
demand_340 14 19 112.303469
demand_341 14 20 63.525478
demand_342 14 21 68.851649
demand_343 14 22 157.201143
demand_344 14 23 25.438792
demand_345 15 0 425.558544
demand_346 15 1 168.688066
demand_347 15 2 1481.001399
demand_348 15 3 3193.164759
demand_349 15 4 1053.279237
demand_350 15 5 1792.314904
demand_351 15 6 425.985858
demand_352 15 7 1672.571597
demand_353 15 8 1663.253395
demand_354 15 9 2561.196286
demand_355 15 10 1290.639816
demand_356 15 11 2223.832897
demand_357 15 12 1951.203283
demand_358 15 13 283.791868
demand_359 15 14 756.203915
demand_360 15 16 3567.832824
demand_361 15 17 2291.546032
demand_362 15 18 76.190290
demand_363 15 19 1527.071832
demand_364 15 20 863.802055
demand_365 15 21 936.225880
demand_366 15 22 2137.578101
demand_367 15 23 345.909726
demand_368 16 0 92.957300
demand_369 16 1 36.847544
demand_370 16 2 323.504001
demand_371 16 3 697.502094
demand_372 16 4 230.074089
demand_373 16 5 391.506074
demand_374 16 6 93.050641
demand_375 16 7 365.349827
demand_376 16 8 363.314396
demand_377 16 9 559.457437
demand_378 16 10 281.922181
demand_379 16 11 485.765132
demand_380 16 12 426.213014
demand_381 16 13 61.990357
demand_382 16 14 165.182148
demand_383 16 15 72.993813
demand_384 16 17 500.556118
demand_385 16 18 16.642701
demand_386 16 19 333.567442
demand_387 16 20 188.685454
demand_388 16 21 204.505424
demand_389 16 22 466.923981
demand_390 16 23 75.559132
demand_391 17 0 837.183359
demand_392 17 1 331.852912
demand_393 17 2 2913.511529
demand_394 17 3 6281.778226
demand_395 17 4 2072.071776
demand_396 17 5 3525.945445
demand_397 17 6 838.023994
demand_398 17 7 3290.379492
demand_399 17 8 3272.048187
demand_400 17 9 5038.533327
demand_401 17 10 2539.021224
demand_402 17 11 4374.852575
demand_403 17 12 3838.519845
demand_404 17 13 558.291761
demand_405 17 14 1487.648038
demand_406 17 15 657.390059
demand_407 17 16 7018.846891
demand_408 17 18 149.885940
demand_409 17 19 3004.143947
demand_410 17 20 1699.321316
demand_411 17 21 1841.797649
demand_412 17 22 4205.167157
demand_413 17 23 680.493601
demand_414 18 0 447.054979
demand_415 18 1 177.209084
demand_416 18 2 1555.811903
demand_417 18 3 3354.462557
demand_418 18 4 1106.484014
demand_419 18 5 1882.850930
demand_420 18 6 447.503877
demand_421 18 7 1757.058974
demand_422 18 8 1747.270077
demand_423 18 9 2690.571170
demand_424 18 10 1355.834498
demand_425 18 11 2336.166389
demand_426 18 12 2049.765310
demand_427 18 13 298.127177
demand_428 18 14 794.402391
demand_429 18 15 351.045558
demand_430 18 16 3748.056401
demand_431 18 17 2407.299949
demand_432 18 19 1604.209513
demand_433 18 20 907.435685
demand_434 18 21 983.517888
demand_435 18 22 2245.554566
demand_436 18 23 363.382823
demand_437 19 0 7.420766
demand_438 19 1 2.941534
demand_439 19 2 25.825273
demand_440 19 3 55.681480
demand_441 19 4 18.366778
demand_442 19 5 31.253867
demand_443 19 6 7.428218
demand_444 19 7 29.165818
demand_445 19 8 29.003330
demand_446 19 9 44.661398
demand_447 19 10 22.505803
demand_448 19 11 38.778553
demand_449 19 12 34.024517
demand_450 19 13 4.948680
demand_451 19 14 13.186464
demand_452 19 15 5.827084
demand_453 19 16 62.214833
demand_454 19 17 39.959315
demand_455 19 18 1.328584
demand_456 19 20 15.062730
demand_457 19 21 16.325635
demand_458 19 22 37.274467
demand_459 19 23 6.031873
demand_460 20 0 677.292194
demand_461 20 1 268.473309
demand_462 20 2 2357.068610
demand_463 20 3 5082.040047
demand_464 20 4 1676.332938
demand_465 20 5 2852.535590
demand_466 20 6 677.972279
demand_467 20 7 2661.959679
demand_468 20 8 2647.129415
demand_469 20 9 4076.238802
demand_470 20 10 2054.101096
demand_471 20 11 3539.312467
demand_472 20 12 3105.412333
demand_473 20 13 451.665274
demand_474 20 14 1203.526554
demand_475 20 15 531.837083
demand_476 20 16 5678.338156
demand_477 20 17 3647.080430
demand_478 20 18 121.259669
demand_479 20 19 2430.391411
demand_480 20 21 1490.038183
demand_481 20 22 3402.034763
demand_482 20 23 550.528148
demand_483 21 0 850.046422
demand_484 21 1 336.951729
demand_485 21 2 2958.276734
demand_486 21 3 6378.295809
demand_487 21 4 2103.908519
demand_488 21 5 3580.120508
demand_489 21 6 850.899974
demand_490 21 7 3340.935157
demand_491 21 8 3322.322197
demand_492 21 9 5115.948836
demand_493 21 10 2578.032501
demand_494 21 11 4442.070834
demand_495 21 12 3897.497517
demand_496 21 13 566.869741
demand_497 21 14 1510.505290
demand_498 21 15 667.490655
demand_499 21 16 7126.689306
demand_500 21 17 4577.326744
demand_501 21 18 152.188891
demand_502 21 19 3050.301691
demand_503 21 20 1725.430863
demand_504 21 22 4269.778252
demand_505 21 23 690.949175
demand_506 22 0 265.293720
demand_507 22 1 105.160348
demand_508 22 2 923.258092
demand_509 22 3 1990.622835
demand_510 22 4 656.615571
demand_511 22 5 1117.331314
demand_512 22 6 265.560107
demand_513 22 7 1042.683189
demand_514 22 8 1036.874211
demand_515 22 9 1596.652912
demand_516 22 10 804.586448
demand_517 22 11 1386.340161
demand_518 22 12 1216.382525
demand_519 22 13 176.916199
demand_520 22 14 471.418450
demand_521 22 15 208.319303
demand_522 22 16 2224.191367
demand_523 22 17 1428.552613
demand_524 22 18 47.497120
demand_525 22 19 951.978457
demand_526 22 20 538.495263
demand_527 22 21 583.644364
demand_528 22 23 215.640548
demand_529 23 0 55.807803
demand_530 23 1 22.121775
demand_531 23 2 194.218718
demand_532 23 3 418.752045
demand_533 23 4 138.127177
demand_534 23 5 235.044411
demand_535 23 6 55.863841
demand_536 23 7 219.341258
demand_537 23 8 218.119268
demand_538 23 9 335.875617
demand_539 23 10 169.254675
demand_540 23 11 291.633738
demand_541 23 12 255.881054
demand_542 23 13 37.216503
demand_543 23 14 99.168681
demand_544 23 15 43.822533
demand_545 23 16 467.886064
demand_546 23 17 300.513647
demand_547 23 18 9.991605
demand_548 23 19 200.260400
demand_549 23 20 113.279115
demand_550 23 21 122.776785
demand_551 23 22 280.322272
