DEMANDS 552
label src dest bw
demand_0 0 1 43.759164
demand_1 0 2 549.767656
demand_2 0 3 2279.402453
demand_3 0 4 439.794106
demand_4 0 5 721.666667
demand_5 0 6 227.881550
demand_6 0 7 698.269449
demand_7 0 8 586.335220
demand_8 0 9 1516.321631
demand_9 0 10 532.490399
demand_10 0 11 887.683017
demand_11 0 12 738.502187
demand_12 0 13 136.283604
demand_13 0 14 295.925781
demand_14 0 15 146.061131
demand_15 0 16 3289.122884
demand_16 0 17 1414.342734
demand_17 0 18 12.716450
demand_18 0 19 566.618109
demand_19 0 20 371.054513
demand_20 0 21 397.004776
demand_21 0 22 761.533565
demand_22 0 23 178.277063
demand_23 1 0 355.289756
demand_24 1 2 964.749499
demand_25 1 3 3999.966806
demand_26 1 4 771.764470
demand_27 1 5 1266.403268
demand_28 1 6 399.893681
demand_29 1 7 1225.345097
demand_30 1 8 1028.919406
demand_31 1 9 2660.888684
demand_32 1 10 934.430828
demand_33 1 11 1557.733957
demand_34 1 12 1295.946764
demand_35 1 13 239.154737
demand_36 1 14 519.299828
demand_37 1 15 256.312646
demand_38 1 16 5771.855840
demand_39 1 17 2481.932922
demand_40 1 18 22.315225
demand_41 1 19 994.319203
demand_42 1 20 651.138079
demand_43 1 21 696.676413
demand_44 1 22 1336.362947
demand_45 1 23 312.846173
demand_46 2 0 117.116963
demand_47 2 1 25.312877
demand_48 2 3 1318.540595
demand_49 2 4 254.402807
demand_50 2 5 417.454494
demand_51 2 6 131.820107
demand_52 2 7 403.920165
demand_53 2 8 339.170816
demand_54 2 9 877.129716
demand_55 2 10 308.023801
demand_56 2 11 513.488126
demand_57 2 12 427.193149
demand_58 2 13 78.834461
demand_59 2 14 171.180897
demand_60 2 15 84.490358
demand_61 2 16 1902.622348
demand_62 2 17 818.139117
demand_63 2 18 7.355943
demand_64 2 19 327.765278
demand_65 2 20 214.639779
demand_66 2 21 229.650939
demand_67 2 22 440.515855
demand_68 2 23 103.125951
demand_69 3 0 156.956680
demand_70 3 1 33.923567
demand_71 3 2 426.198269
demand_72 3 4 340.943096
demand_73 3 5 559.460131
demand_74 3 6 176.661397
demand_75 3 7 541.321825
demand_76 3 8 454.546667
demand_77 3 9 1175.503229
demand_78 3 10 412.804362
demand_79 3 11 688.161556
demand_80 3 12 572.511588
demand_81 3 13 105.651607
demand_82 3 14 229.411560
demand_83 3 15 113.231472
demand_84 3 16 2549.838037
demand_85 3 17 1096.445778
demand_86 3 18 9.858217
demand_87 3 19 439.261304
demand_88 3 20 287.653865
demand_89 3 21 307.771376
demand_90 3 22 590.366282
demand_91 3 23 138.206340
demand_92 4 0 240.399460
demand_93 4 1 51.958331
demand_94 4 2 652.777781
demand_95 4 3 2706.494753
demand_96 4 5 856.885561
demand_97 4 6 270.579782
demand_98 4 7 829.104399
demand_99 4 8 696.197020
demand_100 4 9 1800.435256
demand_101 4 10 632.263280
demand_102 4 11 1054.008442
demand_103 4 12 876.875556
demand_104 4 13 161.819103
demand_105 4 14 351.373481
demand_106 4 15 173.428647
demand_107 4 16 3905.406796
demand_108 4 17 1679.348543
demand_109 4 18 15.099135
demand_110 4 19 672.785509
demand_111 4 20 440.579105
demand_112 4 21 471.391676
demand_113 4 22 904.222330
demand_114 4 23 211.680888
demand_115 5 0 90.174853
demand_116 5 1 19.489790
demand_117 5 2 244.859704
demand_118 5 3 1015.217617
demand_119 5 4 195.878847
demand_120 5 6 101.495620
demand_121 5 7 311.000563
demand_122 5 8 261.146444
demand_123 5 9 675.350872
demand_124 5 10 237.164628
demand_125 5 11 395.363020
demand_126 5 12 328.919726
demand_127 5 13 60.699029
demand_128 5 14 131.801677
demand_129 5 15 65.053818
demand_130 5 16 1464.934590
demand_131 5 17 629.930734
demand_132 5 18 5.663749
demand_133 5 19 252.364687
demand_134 5 20 165.263084
demand_135 5 21 176.821009
demand_136 5 22 339.177616
demand_137 5 23 79.402395
demand_138 6 0 202.105973
demand_139 6 1 43.681833
demand_140 6 2 548.796112
demand_141 6 3 2275.374318
demand_142 6 4 439.016907
demand_143 6 5 720.391346
demand_144 6 7 697.035475
demand_145 6 8 585.299055
demand_146 6 9 1513.642004
demand_147 6 10 531.549388
demand_148 6 11 886.114313
demand_149 6 12 737.197114
demand_150 6 13 136.042765
demand_151 6 14 295.402825
demand_152 6 15 145.803013
demand_153 6 16 3283.310383
demand_154 6 17 1411.843323
demand_155 6 18 12.693978
demand_156 6 19 565.616788
demand_157 6 20 370.398789
demand_158 6 21 396.303193
demand_159 6 22 760.187791
demand_160 6 23 177.962014
demand_161 7 0 150.264038
demand_162 7 1 32.477064
demand_163 7 2 408.025149
demand_164 7 3 1691.721068
demand_165 7 4 326.405262
demand_166 7 5 535.604717
demand_167 7 6 169.128545
demand_168 7 8 435.164770
demand_169 7 9 1125.379700
demand_170 7 10 395.202359
demand_171 7 11 658.818305
demand_172 7 12 548.099659
demand_173 7 13 101.146616
demand_174 7 14 219.629438
demand_175 7 15 108.403275
demand_176 7 16 2441.112789
demand_177 7 17 1049.693264
demand_178 7 18 9.437862
demand_179 7 19 420.531176
demand_180 7 20 275.388287
demand_181 7 21 294.647986
demand_182 7 22 565.193028
demand_183 7 23 132.313213
demand_184 8 0 85.355478
demand_185 8 1 18.448162
demand_186 8 2 231.773232
demand_187 8 3 960.959540
demand_188 8 4 185.410146
demand_189 8 5 304.243100
demand_190 8 6 96.071209
demand_191 8 7 294.379208
demand_192 8 9 639.256896
demand_193 8 10 224.489418
demand_194 8 11 374.232932
demand_195 8 12 311.340685
demand_196 8 13 57.454983
demand_197 8 14 124.757566
demand_198 8 15 61.577032
demand_199 8 16 1386.641490
demand_200 8 17 596.264228
demand_201 8 18 5.361051
demand_202 8 19 238.877113
demand_203 8 20 156.430635
demand_204 8 21 167.370850
demand_205 8 22 321.050345
demand_206 8 23 75.158752
demand_207 9 0 80.301763
demand_208 9 1 17.355886
demand_209 9 2 218.050435
demand_210 9 3 904.063181
demand_211 9 4 174.432408
demand_212 9 5 286.229517
demand_213 9 6 90.383038
demand_214 9 7 276.949645
demand_215 9 8 232.553968
demand_216 9 10 211.197879
demand_217 9 11 352.075401
demand_218 9 12 292.906869
demand_219 9 13 54.053197
demand_220 9 14 117.370938
demand_221 9 15 57.931187
demand_222 9 16 1304.541414
demand_223 9 17 560.960698
demand_224 9 18 5.043635
demand_225 9 19 224.733710
demand_226 9 20 147.168712
demand_227 9 21 157.461180
demand_228 9 22 302.041641
demand_229 9 23 70.708763
demand_230 10 0 108.550674
demand_231 10 1 23.461417
demand_232 10 2 294.757186
demand_233 10 3 1222.098545
demand_234 10 4 235.795016
demand_235 10 5 386.920609
demand_236 10 6 122.178385
demand_237 10 7 374.376222
demand_238 10 8 314.362836
demand_239 10 9 812.973794
demand_240 10 11 475.930050
demand_241 10 12 395.946949
demand_242 10 13 73.068270
demand_243 10 14 158.660208
demand_244 10 15 78.310478
demand_245 10 16 1763.458790
demand_246 10 17 758.297946
demand_247 10 18 6.817907
demand_248 10 19 303.791534
demand_249 10 20 198.940376
demand_250 10 21 212.853574
demand_251 10 22 408.295192
demand_252 10 23 95.583006
demand_253 11 0 3.262855
demand_254 11 1 0.705212
demand_255 11 2 8.859917
demand_256 11 3 36.734277
demand_257 11 4 7.087611
demand_258 11 5 11.630199
demand_259 11 6 3.672482
demand_260 11 7 11.253135
demand_261 11 8 9.449231
demand_262 11 9 24.436658
demand_263 11 10 8.581481
demand_264 11 12 11.901516
demand_265 11 13 2.196312
demand_266 11 14 4.769066
demand_267 11 15 2.353884
demand_268 11 16 53.006678
demand_269 11 17 22.793192
demand_270 11 18 0.204935
demand_271 11 19 9.131475
demand_272 11 20 5.979821
demand_273 11 21 6.398029
demand_274 11 22 12.272684
demand_275 11 23 2.873068
demand_276 12 0 50.416534
demand_277 12 1 10.896692
demand_278 12 2 136.900445
demand_279 12 3 567.605618
demand_280 12 4 109.515371
demand_281 12 5 179.705894
demand_282 12 6 56.745946
demand_283 12 7 173.879633
demand_284 12 8 146.006320
demand_285 12 9 377.586975
demand_286 12 10 132.598147
demand_287 12 11 221.046471
demand_288 12 13 33.936675
demand_289 12 14 73.689987
demand_290 12 15 36.371426
demand_291 12 16 819.041247
demand_292 12 17 352.192690
demand_293 12 18 3.166588
demand_294 12 19 141.096462
demand_295 12 20 92.398175
demand_296 12 21 98.860182
demand_297 12 22 189.633353
demand_298 12 23 44.393680
demand_299 13 0 69.618732
demand_300 13 1 15.046927
demand_301 13 2 189.041862
demand_302 13 3 783.790170
demand_303 13 4 151.226606
demand_304 13 5 248.150667
demand_305 13 6 78.358834
demand_306 13 7 240.105353
demand_307 13 8 201.615902
demand_308 13 9 521.398925
demand_309 13 10 183.100944
demand_310 13 11 305.236674
demand_311 13 12 253.939691
demand_312 13 14 101.756370
demand_313 13 15 50.224250
demand_314 13 16 1130.990353
demand_315 13 17 486.332693
demand_316 13 18 4.372650
demand_317 13 19 194.836021
demand_318 13 20 127.589965
demand_319 13 21 136.513164
demand_320 13 22 261.859209
demand_321 13 23 61.301947
demand_322 14 0 87.949652
demand_323 14 1 19.008850
demand_324 14 2 238.817420
demand_325 14 3 990.165588
demand_326 14 4 191.045240
demand_327 14 5 313.489835
demand_328 14 6 98.991062
demand_329 14 7 303.326154
demand_330 14 8 254.702261
demand_331 14 9 658.685568
demand_332 14 10 231.312232
demand_333 14 11 385.606840
demand_334 14 12 320.803134
demand_335 14 13 59.201189
demand_336 14 15 63.448517
demand_337 14 16 1428.785114
demand_338 14 17 614.386241
demand_339 14 18 5.523988
demand_340 14 19 246.137207
demand_341 14 20 161.184967
demand_342 14 21 172.457684
demand_343 14 22 330.807896
demand_344 14 23 77.443021
demand_345 15 0 244.615913
demand_346 15 1 52.869648
demand_347 15 2 664.227089
demand_348 15 3 2753.964950
demand_349 15 4 531.357485
demand_350 15 5 871.914789
demand_351 15 6 275.325580
demand_352 15 7 843.646363
demand_353 15 8 708.407874
demand_354 15 9 1832.013746
demand_355 15 10 643.352776
demand_356 15 11 1072.495080
demand_357 15 12 892.255396
demand_358 15 13 164.657307
demand_359 15 14 357.536349
demand_360 15 16 3973.905148
demand_361 15 17 1708.803249
demand_362 15 18 15.363964
demand_363 15 19 684.585739
demand_364 15 20 448.306582
demand_365 15 21 479.659586
demand_366 15 22 920.081815
demand_367 15 23 215.393636
demand_368 16 0 113.018764
demand_369 16 1 24.427120
demand_370 16 2 306.889782
demand_371 16 3 1272.401739
demand_372 16 4 245.500651
demand_373 16 5 402.846773
demand_374 16 6 127.207409
demand_375 16 7 389.786042
demand_376 16 8 327.302426
demand_377 16 9 846.436871
demand_378 16 10 297.245319
demand_379 16 11 495.519961
demand_380 16 12 412.244650
demand_381 16 13 76.075857
demand_382 16 14 165.190872
demand_383 16 15 81.533841
demand_384 16 17 789.510493
demand_385 16 18 7.098542
demand_386 16 19 316.295995
demand_387 16 20 207.129025
demand_388 16 21 221.614909
demand_389 16 22 425.101162
demand_390 16 23 99.517329
demand_391 17 0 755.015686
demand_392 17 1 163.184041
demand_393 17 2 2050.160450
demand_394 17 3 8500.210425
demand_395 17 4 1640.053709
demand_396 17 5 2691.195898
demand_397 17 6 849.802160
demand_398 17 7 2603.944400
demand_399 17 8 2186.526009
demand_400 17 9 5654.575356
demand_401 17 10 1985.731146
demand_402 17 11 3310.294075
demand_403 17 12 2753.977902
demand_404 17 13 508.220614
demand_405 17 14 1103.548612
demand_406 17 15 544.682377
demand_407 17 16 12265.599082
demand_408 17 18 47.421420
demand_409 17 19 2112.998148
demand_410 17 20 1383.714155
demand_411 17 21 1480.486312
demand_412 17 22 2839.865131
demand_413 17 23 664.820092
demand_414 18 0 400.936434
demand_415 18 1 86.655719
demand_416 18 2 1088.697938
demand_417 18 3 4513.871858
demand_418 18 4 870.918708
demand_419 18 5 1429.107377
demand_420 18 6 451.270953
demand_421 18 7 1382.774162
demand_422 18 8 1161.112223
demand_423 18 9 3002.752555
demand_424 18 10 1054.484005
demand_425 18 11 1757.867455
demand_426 18 12 1462.446543
demand_427 18 13 269.880699
demand_428 18 14 586.018083
demand_429 18 15 289.243010
demand_430 18 16 6513.408462
demand_431 18 17 2800.805034
demand_432 18 19 1122.066678
demand_433 18 20 734.794560
demand_434 18 21 786.183537
demand_435 18 22 1508.055289
demand_436 18 23 353.039814
demand_437 19 0 0.668263
demand_438 19 1 0.144434
demand_439 19 2 1.814593
demand_440 19 3 7.523519
demand_441 19 4 1.451608
demand_442 19 5 2.381972
demand_443 19 6 0.752158
demand_444 19 7 2.304746
demand_445 19 8 1.935290
demand_446 19 9 5.004853
demand_447 19 10 1.757567
demand_448 19 11 2.929934
demand_449 19 12 2.437540
demand_450 19 13 0.449825
demand_451 19 14 0.976749
demand_452 19 15 0.482097
demand_453 19 16 10.856256
demand_454 19 17 4.668256
demand_455 19 18 0.041973
demand_456 19 20 1.224723
demand_457 19 21 1.310375
demand_458 19 22 2.513559
demand_459 19 23 0.588431
demand_460 20 0 572.590543
demand_461 20 1 123.755890
demand_462 20 2 1554.805426
demand_463 20 3 6446.409251
demand_464 20 4 1243.787727
demand_465 20 5 2040.955372
demand_466 20 6 644.474929
demand_467 20 7 1974.785379
demand_468 20 8 1658.222654
demand_469 20 9 4288.329943
demand_470 20 10 1505.943381
demand_471 20 11 2510.468480
demand_472 20 12 2088.568134
demand_473 20 13 385.425525
demand_474 20 14 836.911750
demand_475 20 15 413.077481
demand_476 20 16 9302.013414
demand_477 20 17 3999.922030
demand_478 20 18 35.963566
demand_479 20 19 1602.460425
demand_480 20 21 1122.774635
demand_481 20 22 2153.703489
demand_482 20 23 504.187800
demand_483 21 0 877.301039
demand_484 21 1 189.613979
demand_485 21 2 2382.212616
demand_486 21 3 9876.938418
demand_487 21 4 1905.683350
demand_488 21 5 3127.072722
demand_489 21 6 987.439508
demand_490 21 7 3025.689624
demand_491 21 8 2540.664485
demand_492 21 9 6570.412941
demand_493 21 10 2307.348084
demand_494 21 11 3846.442510
demand_495 21 12 3200.023150
demand_496 21 13 590.534052
demand_497 21 14 1282.283747
demand_498 21 15 632.901308
demand_499 21 16 14252.184444
demand_500 21 17 6128.525513
demand_501 21 18 55.101982
demand_502 21 19 2455.227758
demand_503 21 20 1607.826020
demand_504 21 22 3299.821017
demand_505 21 23 772.497007
demand_506 22 0 191.073404
demand_507 22 1 41.297328
demand_508 22 2 518.838408
demand_509 22 3 2151.166093
demand_510 22 4 415.051834
demand_511 22 5 681.066594
demand_512 22 6 215.061216
demand_513 22 7 658.985675
demand_514 22 8 553.348726
demand_515 22 9 1431.015254
demand_516 22 10 502.533149
demand_517 22 11 837.743069
demand_518 22 12 696.954968
demand_519 22 13 128.616458
demand_520 22 14 279.277363
demand_521 22 15 137.843912
demand_522 22 16 3104.080904
demand_523 22 17 1334.773563
demand_524 22 18 12.001038
demand_525 22 19 534.740876
demand_526 22 20 350.179445
demand_527 22 21 374.669778
demand_528 22 23 168.247416
demand_529 23 0 105.927264
demand_530 23 1 22.894410
demand_531 23 2 287.633611
demand_532 23 3 1192.563351
demand_533 23 4 230.096415
demand_534 23 5 377.569664
demand_535 23 6 119.225626
demand_536 23 7 365.328445
demand_537 23 8 306.765439
demand_538 23 9 793.326164
demand_539 23 10 278.594302
demand_540 23 11 464.427961
demand_541 23 12 386.377860
demand_542 23 13 71.302385
demand_543 23 14 154.825771
demand_544 23 15 76.417901
demand_545 23 16 1720.840216
demand_546 23 17 739.971701
demand_547 23 18 6.653135
demand_548 23 19 296.449620
demand_549 23 20 194.132463
demand_550 23 21 207.709413
demand_551 23 22 398.427675
