DEMANDS 552
label src dest bw
demand_0 0 1 49.712965
demand_1 0 2 998.780249
demand_2 0 3 2566.970171
demand_3 0 4 687.175687
demand_4 0 5 1451.397832
demand_5 0 6 245.425669
demand_6 0 7 1368.512244
demand_7 0 8 1323.893716
demand_8 0 9 2237.294049
demand_9 0 10 963.831039
demand_10 0 11 2119.909796
demand_11 0 12 1697.573771
demand_12 0 13 135.914527
demand_13 0 14 417.535470
demand_14 0 15 162.231109
demand_15 0 16 4609.281300
demand_16 0 17 2164.985180
demand_17 0 18 14.105264
demand_18 0 19 1205.665063
demand_19 0 20 431.649902
demand_20 0 21 570.144600
demand_21 0 22 1953.637511
demand_22 0 23 171.831510
demand_23 1 0 246.017685
demand_24 1 2 1383.771151
demand_25 1 3 3556.437237
demand_26 1 4 952.055162
demand_27 1 5 2010.855191
demand_28 1 6 340.027710
demand_29 1 7 1896.020436
demand_30 1 8 1834.203203
demand_31 1 9 3099.683805
demand_32 1 10 1335.350381
demand_33 1 11 2937.052491
demand_34 1 12 2351.922371
demand_35 1 13 188.304286
demand_36 1 14 578.479138
demand_37 1 15 224.764886
demand_38 1 16 6385.979796
demand_39 1 17 2999.502682
demand_40 1 18 19.542294
demand_41 1 19 1670.402007
demand_42 1 20 598.034135
demand_43 1 21 789.913147
demand_44 1 22 2706.688714
demand_45 1 23 238.065868
demand_46 2 0 60.053523
demand_47 2 1 16.812649
demand_48 2 3 868.135090
demand_49 2 4 232.399010
demand_50 2 5 490.854706
demand_51 2 6 83.001602
demand_52 2 7 462.823259
demand_53 2 8 447.733520
demand_54 2 9 756.640453
demand_55 2 10 325.962318
demand_56 2 11 716.941748
demand_57 2 12 574.110045
demand_58 2 13 45.965540
demand_59 2 14 141.208183
demand_60 2 15 54.865662
demand_61 2 16 1558.833399
demand_62 2 17 732.185994
demand_63 2 18 4.770322
demand_64 2 19 407.749245
demand_65 2 20 145.981605
demand_66 2 21 192.819745
demand_67 2 22 660.709383
demand_68 2 23 58.112465
demand_69 3 0 76.038424
demand_70 3 1 21.287800
demand_71 3 2 427.691926
demand_72 3 4 294.258415
demand_73 3 5 621.509220
demand_74 3 6 105.094767
demand_75 3 7 586.016431
demand_76 3 8 566.910142
demand_77 3 9 958.041172
demand_78 3 10 412.726176
demand_79 3 11 907.775563
demand_80 3 12 726.925263
demand_81 3 13 58.200536
demand_82 3 14 178.794634
demand_83 3 15 69.469671
demand_84 3 16 1973.759891
demand_85 3 17 927.077485
demand_86 3 18 6.040075
demand_87 3 19 516.282949
demand_88 3 20 184.838635
demand_89 3 21 244.144037
demand_90 3 22 836.575403
demand_91 3 23 73.580700
demand_92 4 0 181.408882
demand_93 4 1 50.787427
demand_94 4 2 1020.367204
demand_95 4 3 2622.450914
demand_96 4 5 1482.767355
demand_97 4 6 250.730132
demand_98 4 7 1398.090335
demand_99 4 8 1352.507453
demand_100 4 9 2285.649398
demand_101 4 10 984.662626
demand_102 4 11 2165.728081
demand_103 4 12 1734.263973
demand_104 4 13 138.852091
demand_105 4 14 426.559797
demand_106 4 15 165.737462
demand_107 4 16 4708.903163
demand_108 4 17 2211.777694
demand_109 4 18 14.410126
demand_110 4 19 1231.723486
demand_111 4 20 440.979289
demand_112 4 21 582.467317
demand_113 4 22 1995.862100
demand_114 4 23 175.545360
demand_115 5 0 37.363899
demand_116 5 1 10.460438
demand_117 5 2 210.160037
demand_118 5 3 540.133373
demand_119 5 4 144.593235
demand_120 5 6 51.641658
demand_121 5 7 287.957820
demand_122 5 8 278.569337
demand_123 5 9 470.764014
demand_124 5 10 202.806139
demand_125 5 11 446.064408
demand_126 5 12 357.197858
demand_127 5 13 28.598685
demand_128 5 14 87.856433
demand_129 5 15 34.136133
demand_130 5 16 969.869726
demand_131 5 17 455.549021
demand_132 5 18 2.967983
demand_133 5 19 253.692055
demand_134 5 20 90.826345
demand_135 5 21 119.967941
demand_136 5 22 411.077943
demand_137 5 23 36.156218
demand_138 6 0 165.398042
demand_139 6 1 46.305015
demand_140 6 2 930.311330
demand_141 6 3 2390.997857
demand_142 6 4 640.068051
demand_143 6 5 1351.900830
demand_144 6 7 1274.697260
demand_145 6 8 1233.137445
demand_146 6 9 2083.921870
demand_147 6 10 897.757977
demand_148 6 11 1974.584604
demand_149 6 12 1581.200785
demand_150 6 13 126.597242
demand_151 6 14 388.912355
demand_152 6 15 151.109755
demand_153 6 16 4293.303380
demand_154 6 17 2016.569957
demand_155 6 18 13.138312
demand_156 6 19 1123.013666
demand_157 6 20 402.059207
demand_158 6 21 531.059742
demand_159 6 22 1819.710706
demand_160 6 23 160.052025
demand_161 7 0 65.085286
demand_162 7 1 18.221347
demand_163 7 2 366.084013
demand_164 7 3 940.874374
demand_165 7 4 251.871253
demand_166 7 5 531.982429
demand_167 7 6 89.956138
demand_168 7 8 485.248206
demand_169 7 9 820.037826
demand_170 7 10 353.274041
demand_171 7 11 777.012847
demand_172 7 12 622.213564
demand_173 7 13 49.816900
demand_174 7 14 153.039731
demand_175 7 15 59.462745
demand_176 7 16 1689.444898
demand_177 7 17 793.534377
demand_178 7 18 5.170018
demand_179 7 19 441.913730
demand_180 7 20 158.213109
demand_181 7 21 208.975722
demand_182 7 22 716.068886
demand_183 7 23 62.981591
demand_184 8 0 7.957088
demand_185 8 1 2.227675
demand_186 8 2 44.756088
demand_187 8 3 115.027849
demand_188 8 4 30.792855
demand_189 8 5 65.038220
demand_190 8 6 10.997707
demand_191 8 7 61.324055
demand_192 8 9 100.254816
demand_193 8 10 43.189988
demand_194 8 11 94.994740
demand_195 8 12 76.069548
demand_196 8 13 6.090431
demand_197 8 14 18.710076
demand_198 8 15 7.269697
demand_199 8 16 206.545335
demand_200 8 17 97.014602
demand_201 8 18 0.632067
demand_202 8 19 54.026751
demand_203 8 20 19.342554
demand_204 8 21 25.548605
demand_205 8 22 87.543955
demand_206 8 23 7.699898
demand_207 9 0 4.320159
demand_208 9 1 1.209476
demand_209 9 2 24.299516
demand_210 9 3 62.452310
demand_211 9 4 16.718429
demand_212 9 5 35.311336
demand_213 9 6 5.971008
demand_214 9 7 33.294797
demand_215 9 8 32.209264
demand_216 9 10 23.449230
demand_217 9 11 51.575692
demand_218 9 12 41.300598
demand_219 9 13 3.306691
demand_220 9 14 10.158301
demand_221 9 15 3.946952
demand_222 9 16 112.140090
demand_223 9 17 52.672340
demand_224 9 18 0.343170
demand_225 9 19 29.332857
demand_226 9 20 10.501693
demand_227 9 21 13.871157
demand_228 9 22 47.530422
demand_229 9 23 4.180522
demand_230 10 0 42.373499
demand_231 10 1 11.862931
demand_232 10 2 238.337444
demand_233 10 3 612.552271
demand_234 10 4 163.979711
demand_235 10 5 346.344904
demand_236 10 6 58.565562
demand_237 10 7 326.566040
demand_238 10 8 315.918787
demand_239 10 9 533.882149
demand_240 10 11 505.870919
demand_241 10 12 405.089502
demand_242 10 13 32.433081
demand_243 10 14 99.635868
demand_244 10 15 38.712968
demand_245 10 16 1099.905935
demand_246 10 17 516.627191
demand_247 10 18 3.365918
demand_248 10 19 287.706059
demand_249 10 20 103.003974
demand_250 10 21 136.052757
demand_251 10 22 466.193611
demand_252 10 23 41.003898
demand_253 11 0 1.824049
demand_254 11 1 0.510663
demand_255 11 2 10.259698
demand_256 11 3 26.368501
demand_257 11 4 7.058825
demand_258 11 5 14.909088
demand_259 11 6 2.521068
demand_260 11 7 14.057669
demand_261 11 8 13.599337
demand_262 11 9 22.981993
demand_263 11 10 9.900691
demand_264 11 12 17.437863
demand_265 11 13 1.396145
demand_266 11 14 4.289019
demand_267 11 15 1.666475
demand_268 11 16 47.347584
demand_269 11 17 22.239219
demand_270 11 18 0.144892
demand_271 11 19 12.384865
demand_272 11 20 4.434006
demand_273 11 21 5.856655
demand_274 11 22 20.068208
demand_275 11 23 1.765092
demand_276 12 0 2.479294
demand_277 12 1 0.694106
demand_278 12 2 13.945240
demand_279 12 3 35.840731
demand_280 12 4 9.594533
demand_281 12 5 20.264809
demand_282 12 6 3.426699
demand_283 12 7 19.107538
demand_284 12 8 18.484562
demand_285 12 9 31.237704
demand_286 12 10 13.457269
demand_287 12 11 29.598753
demand_288 12 13 1.897675
demand_289 12 14 5.829743
demand_290 12 15 2.265115
demand_291 12 16 64.356031
demand_292 12 17 30.228108
demand_293 12 18 0.196942
demand_294 12 19 16.833821
demand_295 12 20 6.026813
demand_296 12 21 7.960513
demand_297 12 22 27.277215
demand_298 12 23 2.399158
demand_299 13 0 4.101591
demand_300 13 1 1.148286
demand_301 13 2 23.070143
demand_302 13 3 59.292692
demand_303 13 4 15.872602
demand_304 13 5 33.524848
demand_305 13 6 5.668920
demand_306 13 7 31.610330
demand_307 13 8 30.579718
demand_308 13 9 51.677729
demand_309 13 10 22.262875
demand_310 13 11 48.966350
demand_311 13 12 39.211098
demand_312 13 14 9.644367
demand_313 13 15 3.747266
demand_314 13 16 106.466644
demand_315 13 17 50.007515
demand_316 13 18 0.325808
demand_317 13 19 27.848835
demand_318 13 20 9.970387
demand_319 13 21 13.169381
demand_320 13 22 45.125740
demand_321 13 23 3.969019
demand_322 14 0 22.543400
demand_323 14 1 6.311275
demand_324 14 2 126.799446
demand_325 14 3 325.887897
demand_326 14 4 87.239907
demand_327 14 5 184.261193
demand_328 14 6 31.157844
demand_329 14 7 173.738512
demand_330 14 8 168.073998
demand_331 14 9 284.034096
demand_332 14 10 122.362493
demand_333 14 11 269.131660
demand_334 14 12 215.514287
demand_335 14 13 17.254933
demand_336 14 15 20.595937
demand_337 14 16 585.168073
demand_338 14 17 274.854174
demand_339 14 18 1.790724
demand_340 14 19 153.064362
demand_341 14 20 54.799810
demand_342 14 21 72.382308
demand_343 14 22 248.022679
demand_344 14 23 21.814749
demand_345 15 0 190.780656
demand_346 15 1 53.411159
demand_347 15 2 1073.080450
demand_348 15 3 2757.929492
demand_349 15 4 738.295332
demand_350 15 5 1559.368679
demand_351 15 6 263.683115
demand_352 15 7 1470.317155
demand_353 15 8 1422.379413
demand_354 15 9 2403.728455
demand_355 15 10 1035.531335
demand_356 15 11 2277.611876
demand_357 15 12 1823.857878
demand_358 15 13 146.025337
demand_359 15 14 448.596325
demand_360 15 16 4952.170064
demand_361 15 17 2326.040461
demand_362 15 18 15.154568
demand_363 15 19 1295.355620
demand_364 15 20 463.760744
demand_365 15 21 612.558192
demand_366 15 22 2098.970440
demand_367 15 23 184.614218
demand_368 16 0 53.958095
demand_369 16 1 15.106167
demand_370 16 2 303.497103
demand_371 16 3 780.019441
demand_372 16 4 208.810527
demand_373 16 5 441.032988
demand_374 16 6 74.576945
demand_375 16 7 415.846732
demand_376 16 8 402.288600
demand_377 16 9 679.841501
demand_378 16 10 292.877166
demand_379 16 11 644.172212
demand_380 16 12 515.837916
demand_381 16 13 41.300041
demand_382 16 14 126.875562
demand_383 16 15 49.296802
demand_384 16 17 657.869168
demand_385 16 18 4.286135
demand_386 16 19 366.362726
demand_387 16 20 131.164483
demand_388 16 21 173.248555
demand_389 16 22 593.647428
demand_390 16 23 52.214054
demand_391 17 0 361.248963
demand_392 17 1 101.135651
demand_393 17 2 2031.910406
demand_394 17 3 5222.223215
demand_395 17 4 1397.984623
demand_396 17 5 2952.711931
demand_397 17 6 499.291983
demand_398 17 7 2784.090167
demand_399 17 8 2693.318597
demand_400 17 9 4551.532798
demand_401 17 10 1960.810018
demand_402 17 11 4312.727228
demand_403 17 12 3453.530258
demand_404 17 13 276.503408
demand_405 17 14 849.430760
demand_406 17 15 330.041648
demand_407 17 16 9377.084347
demand_408 17 18 28.695634
demand_409 17 19 2452.795188
demand_410 17 20 878.145046
demand_411 17 21 1159.897533
demand_412 17 22 3974.464246
demand_413 17 23 349.572626
demand_414 18 0 301.408920
demand_415 18 1 84.382768
demand_416 18 2 1695.329212
demand_417 18 3 4357.174186
demand_418 18 4 1166.411748
demand_419 18 5 2463.602124
demand_420 18 6 416.585437
demand_421 18 7 2322.912159
demand_422 18 8 2247.176688
demand_423 18 9 3797.582064
demand_424 18 10 1636.006437
demand_425 18 11 3598.334076
demand_426 18 12 2881.461070
demand_427 18 13 230.701266
demand_428 18 14 708.724547
demand_429 18 15 275.371023
demand_430 18 16 7823.792315
demand_431 18 17 3674.845017
demand_432 18 19 2046.495417
demand_433 18 20 732.682379
demand_434 18 21 967.763226
demand_435 18 22 3316.103564
demand_436 18 23 291.666740
demand_437 19 0 0.551516
demand_438 19 1 0.154403
demand_439 19 2 3.102099
demand_440 19 3 7.972721
demand_441 19 4 2.134290
demand_442 19 5 4.507879
demand_443 19 6 0.762265
demand_444 19 7 4.250445
demand_445 19 8 4.111865
demand_446 19 9 6.948784
demand_447 19 10 2.993551
demand_448 19 11 6.584202
demand_449 19 12 5.272473
demand_450 19 13 0.422135
demand_451 19 14 1.296818
demand_452 19 15 0.503872
demand_453 19 16 14.315910
demand_454 19 17 6.724201
demand_455 19 18 0.043809
demand_456 19 20 1.340656
demand_457 19 21 1.770805
demand_458 19 22 6.067779
demand_459 19 23 0.533689
demand_460 20 0 327.568302
demand_461 20 1 91.706377
demand_462 20 2 1842.467411
demand_463 20 3 4735.334814
demand_464 20 4 1267.645020
demand_465 20 5 2677.418989
demand_466 20 6 452.741029
demand_467 20 7 2524.518495
demand_468 20 8 2442.209916
demand_469 20 9 4127.175501
demand_470 20 10 1777.995991
demand_471 20 11 3910.634713
demand_472 20 12 3131.544055
demand_473 20 13 250.723908
demand_474 20 14 770.234991
demand_475 20 15 299.270567
demand_476 20 16 8502.821908
demand_477 20 17 3993.786065
demand_478 20 18 26.020228
demand_479 20 19 2224.111450
demand_480 20 21 1051.755726
demand_481 20 22 3603.909319
demand_482 20 23 316.980596
demand_483 21 0 374.638378
demand_484 21 1 104.884166
demand_485 21 2 2107.221604
demand_486 21 3 5415.780905
demand_487 21 4 1449.799848
demand_488 21 5 3062.151930
demand_489 21 6 517.797857
demand_490 21 7 2887.280329
demand_491 21 8 2793.144381
demand_492 21 9 4720.231863
demand_493 21 10 2033.485934
demand_494 21 11 4472.575148
demand_495 21 12 3581.532703
demand_496 21 13 286.751794
demand_497 21 14 880.914258
demand_498 21 15 342.274388
demand_499 21 16 9724.638772
demand_500 21 17 4567.674971
demand_501 21 18 29.759216
demand_502 21 19 2543.706157
demand_503 21 20 910.692818
demand_504 21 22 4121.774709
demand_505 21 23 362.529266
demand_506 22 0 86.014089
demand_507 22 1 24.080597
demand_508 22 2 483.801864
demand_509 22 3 1243.421620
demand_510 22 4 332.862888
demand_511 22 5 703.046519
demand_512 22 6 118.882403
demand_513 22 7 662.897345
demand_514 22 8 641.284456
demand_515 22 9 1083.728912
demand_516 22 10 466.872722
demand_517 22 11 1026.868836
demand_518 22 12 822.292348
demand_519 22 13 65.836005
demand_520 22 14 202.251135
demand_521 22 15 78.583565
demand_522 22 16 2232.702228
demand_523 22 17 1048.703023
demand_524 22 18 6.832487
demand_525 22 19 584.015359
demand_526 22 20 209.088063
demand_527 22 21 276.173884
demand_528 22 23 83.233930
demand_529 23 0 37.618545
demand_530 23 1 10.531729
demand_531 23 2 211.592340
demand_532 23 3 543.814544
demand_533 23 4 145.578681
demand_534 23 5 307.479712
demand_535 23 6 51.993611
demand_536 23 7 289.920339
demand_537 23 8 280.467870
demand_538 23 9 473.972412
demand_539 23 10 204.188324
demand_540 23 11 449.104470
demand_541 23 12 359.632269
demand_542 23 13 28.793594
demand_543 23 14 88.455200
demand_544 23 15 34.368781
demand_545 23 16 976.479678
demand_546 23 17 458.653724
demand_547 23 18 2.988211
demand_548 23 19 255.421042
demand_549 23 20 91.445353
demand_550 23 21 120.785558
demand_551 23 22 413.879563
