DEMANDS 552
label src dest bw
demand_0 0 1 61.854284
demand_1 0 2 757.678455
demand_2 0 3 3049.990797
demand_3 0 4 457.522987
demand_4 0 5 1030.669228
demand_5 0 6 294.826186
demand_6 0 7 1016.297985
demand_7 0 8 998.864337
demand_8 0 9 2591.430811
demand_9 0 10 515.641046
demand_10 0 11 1336.560588
demand_11 0 12 1053.202410
demand_12 0 13 84.222097
demand_13 0 14 307.124156
demand_14 0 15 134.983347
demand_15 0 16 4508.976443
demand_16 0 17 1818.775856
demand_17 0 18 17.878790
demand_18 0 19 984.636948
demand_19 0 20 341.338436
demand_20 0 21 425.475136
demand_21 0 22 1236.985438
demand_22 0 23 136.567768
demand_23 1 0 236.026492
demand_24 1 2 937.575874
demand_25 1 3 3774.157455
demand_26 1 4 566.153771
demand_27 1 5 1275.383504
demand_28 1 6 364.827478
demand_29 1 7 1257.600063
demand_30 1 8 1236.027102
demand_31 1 9 3206.720468
demand_32 1 10 638.070941
demand_33 1 11 1653.903386
demand_34 1 12 1303.266794
demand_35 1 13 104.219152
demand_36 1 14 380.045384
demand_37 1 15 167.032769
demand_38 1 16 5579.553576
demand_39 1 17 2250.612187
demand_40 1 18 22.123794
demand_41 1 19 1218.421669
demand_42 1 20 422.383242
demand_43 1 21 526.496722
demand_44 1 22 1530.685869
demand_45 1 23 168.993382
demand_46 2 0 110.344737
demand_47 2 1 35.783444
demand_48 2 3 1764.456214
demand_49 2 4 264.682529
demand_50 2 5 596.254495
demand_51 2 6 170.560481
demand_52 2 7 587.940559
demand_53 2 8 577.854985
demand_54 2 9 1499.173769
demand_55 2 10 298.304522
demand_56 2 11 773.216312
demand_57 2 12 609.290211
demand_58 2 13 48.723492
demand_59 2 14 177.675004
demand_60 2 15 78.089484
demand_61 2 16 2608.496888
demand_62 2 17 1052.183621
demand_63 2 18 10.343094
demand_64 2 19 569.624270
demand_65 2 20 197.468374
demand_66 2 21 246.142463
demand_67 2 22 715.610895
demand_68 2 23 79.006090
demand_69 3 0 117.600123
demand_70 3 1 38.136277
demand_71 3 2 467.146874
demand_72 3 4 282.085932
demand_73 3 5 635.459416
demand_74 3 6 181.775172
demand_75 3 7 626.598822
demand_76 3 8 615.850101
demand_77 3 9 1597.747430
demand_78 3 10 317.918639
demand_79 3 11 824.056824
demand_80 3 12 649.352256
demand_81 3 13 51.927159
demand_82 3 14 189.357489
demand_83 3 15 83.224023
demand_84 3 16 2780.010754
demand_85 3 17 1121.366790
demand_86 3 18 11.023173
demand_87 3 19 607.078200
demand_88 3 20 210.452313
demand_89 3 21 262.326820
demand_90 3 22 762.663736
demand_91 3 23 84.200898
demand_92 4 0 205.322572
demand_93 4 1 66.583591
demand_94 4 2 815.609672
demand_95 4 3 3283.189560
demand_96 4 5 1109.473003
demand_97 4 6 317.368255
demand_98 4 7 1094.002952
demand_99 4 8 1075.236348
demand_100 4 9 2789.568609
demand_101 4 10 555.066363
demand_102 4 11 1438.752462
demand_103 4 12 1133.729046
demand_104 4 13 90.661621
demand_105 4 14 330.606513
demand_106 4 15 145.304018
demand_107 4 16 4853.727559
demand_108 4 17 1957.837352
demand_109 4 18 19.245782
demand_110 4 19 1059.921148
demand_111 4 20 367.436777
demand_112 4 21 458.006472
demand_113 4 22 1331.563912
demand_114 4 23 147.009581
demand_115 5 0 72.252069
demand_116 5 1 23.430460
demand_117 5 2 287.009295
demand_118 5 3 1155.339317
demand_119 5 4 173.310128
demand_120 5 6 111.680430
demand_121 5 7 384.974611
demand_122 5 8 378.370729
demand_123 5 9 981.636373
demand_124 5 10 195.325302
demand_125 5 11 506.290379
demand_126 5 12 398.954041
demand_127 5 13 31.903408
demand_128 5 14 116.338913
demand_129 5 15 51.131816
demand_130 5 16 1708.004420
demand_131 5 17 688.953966
demand_132 5 18 6.772502
demand_133 5 19 372.981381
demand_134 5 20 129.299313
demand_135 5 21 161.170372
demand_136 5 22 468.571221
demand_137 5 23 51.731996
demand_138 6 0 137.179765
demand_139 6 1 44.485715
demand_140 6 2 544.923739
demand_141 6 3 2193.558995
demand_142 6 4 329.051374
demand_143 6 5 741.259206
demand_144 6 7 730.923382
demand_145 6 8 718.385070
demand_146 6 9 1863.761809
demand_147 6 10 370.849990
demand_148 6 11 961.256835
demand_149 6 12 757.465112
demand_150 6 13 60.572687
demand_151 6 14 220.884258
demand_152 6 15 97.080272
demand_153 6 16 3242.864157
demand_154 6 17 1308.066944
demand_155 6 18 12.858459
demand_156 6 19 708.152705
demand_157 6 20 245.491231
demand_158 6 21 306.002501
demand_159 6 22 889.642204
demand_160 6 23 98.219790
demand_161 7 0 114.690335
demand_162 7 1 37.192669
demand_163 7 2 455.588225
demand_164 7 3 1833.944051
demand_165 7 4 275.106260
demand_166 7 5 619.736198
demand_167 7 6 177.277496
demand_168 7 8 600.612078
demand_169 7 9 1558.214250
demand_170 7 10 310.052355
demand_171 7 11 803.667126
demand_172 7 12 633.285286
demand_173 7 13 50.642321
demand_174 7 14 184.672203
demand_175 7 15 81.164805
demand_176 7 16 2711.224747
demand_177 7 17 1093.620730
demand_178 7 18 10.750426
demand_179 7 19 592.057220
demand_180 7 20 205.245076
demand_181 7 21 255.836049
demand_182 7 22 743.793092
demand_183 7 23 82.117509
demand_184 8 0 62.007517
demand_185 8 1 20.108277
demand_186 8 2 246.314518
demand_187 8 3 991.524845
demand_188 8 4 148.736648
demand_189 8 5 335.061387
demand_190 8 6 95.845367
demand_191 8 7 330.389424
demand_192 8 9 842.451077
demand_193 8 10 167.630312
demand_194 8 11 434.503944
demand_195 8 12 342.386724
demand_196 8 13 27.379854
demand_197 8 14 99.843328
demand_198 8 15 43.881884
demand_199 8 16 1465.828084
demand_200 8 17 591.267833
demand_201 8 18 5.812235
demand_202 8 19 320.096703
demand_203 8 20 110.966085
demand_204 8 21 138.318177
demand_205 8 22 402.132949
demand_206 8 23 44.396965
demand_207 9 0 30.594264
demand_208 9 1 9.921344
demand_209 9 2 121.530611
demand_210 9 3 489.214445
demand_211 9 4 73.386075
demand_212 9 5 165.317966
demand_213 9 6 47.289726
demand_214 9 7 163.012838
demand_215 9 8 160.216504
demand_216 9 10 82.708134
demand_217 9 11 214.382531
demand_218 9 12 168.932258
demand_219 9 13 13.509112
demand_220 9 14 49.262304
demand_221 9 15 21.651148
demand_222 9 16 723.233792
demand_223 9 17 291.729215
demand_224 9 18 2.867734
demand_225 9 19 157.934450
demand_226 9 20 54.750229
demand_227 9 21 68.245643
demand_228 9 22 198.410810
demand_229 9 23 21.905287
demand_230 10 0 93.958127
demand_231 10 1 30.469468
demand_232 10 2 373.232988
demand_233 10 3 1502.427807
demand_234 10 4 225.376174
demand_235 10 5 507.708453
demand_236 10 6 145.231606
demand_237 10 7 500.629167
demand_238 10 8 492.041339
demand_239 10 9 1276.540806
demand_240 10 11 658.390771
demand_241 10 12 518.808315
demand_242 10 13 41.487870
demand_243 10 14 151.289595
demand_244 10 15 66.492901
demand_245 10 16 2221.125256
demand_246 10 17 895.930382
demand_247 10 18 8.807106
demand_248 10 19 485.032916
demand_249 10 20 168.143575
demand_250 10 21 209.589378
demand_251 10 22 609.339976
demand_252 10 23 67.273387
demand_253 11 0 7.498776
demand_254 11 1 2.431761
demand_255 11 2 29.787638
demand_256 11 3 119.908414
demand_257 11 4 17.987220
demand_258 11 5 40.520094
demand_259 11 6 11.590901
demand_260 11 7 39.955098
demand_261 11 8 39.269705
demand_262 11 9 101.880425
demand_263 11 10 20.272094
demand_264 11 12 41.405971
demand_265 11 13 3.311137
demand_266 11 14 12.074387
demand_267 11 15 5.306783
demand_268 11 16 177.267491
demand_269 11 17 71.503996
demand_270 11 18 0.702893
demand_271 11 19 38.710364
demand_272 11 20 13.419500
demand_273 11 21 16.727280
demand_274 11 22 48.631282
demand_275 11 23 5.369073
demand_276 12 0 26.083037
demand_277 12 1 8.458409
demand_278 12 2 103.610515
demand_279 12 3 417.078137
demand_280 12 4 62.565053
demand_281 12 5 140.941278
demand_282 12 6 40.316698
demand_283 12 7 138.976049
demand_284 12 8 136.592044
demand_285 12 9 354.371277
demand_286 12 10 70.512543
demand_287 12 11 182.771109
demand_288 12 13 11.517148
demand_289 12 14 41.998412
demand_290 12 15 18.458614
demand_291 12 16 616.590547
demand_292 12 17 248.712765
demand_293 12 18 2.444877
demand_294 12 19 134.646486
demand_295 12 20 46.677124
demand_296 12 21 58.182594
demand_297 12 22 169.154472
demand_298 12 23 18.675279
demand_299 13 0 29.651120
demand_300 13 1 9.615494
demand_301 13 2 117.784128
demand_302 13 3 474.133196
demand_303 13 4 71.123767
demand_304 13 5 160.221629
demand_305 13 6 45.831903
demand_306 13 7 157.987562
demand_307 13 8 155.277433
demand_308 13 9 402.848223
demand_309 13 10 80.158451
demand_310 13 11 207.773657
demand_311 13 12 163.724502
demand_312 13 14 47.743671
demand_313 13 15 20.983698
demand_314 13 16 700.938315
demand_315 13 17 282.735938
demand_316 13 18 2.779329
demand_317 13 19 153.065728
demand_318 13 20 53.062417
demand_319 13 21 66.141801
demand_320 13 22 192.294304
demand_321 13 23 21.230003
demand_322 14 0 68.399670
demand_323 14 1 22.181174
demand_324 14 2 271.706280
demand_325 14 3 1093.737915
demand_326 14 4 164.069425
demand_327 14 5 369.601775
demand_328 14 6 105.725755
demand_329 14 7 364.448195
demand_330 14 8 358.196425
demand_331 14 9 929.296618
demand_332 14 10 184.910775
demand_333 14 11 479.295542
demand_334 14 12 377.682257
demand_335 14 13 30.202354
demand_336 14 15 48.405525
demand_337 14 16 1616.935533
demand_338 14 17 652.219710
demand_339 14 18 6.411400
demand_340 14 19 353.094430
demand_341 14 20 122.405218
demand_342 14 21 152.576948
demand_343 14 22 443.587527
demand_344 14 23 48.973704
demand_345 15 0 210.044787
demand_346 15 1 68.114948
demand_347 15 2 834.367886
demand_348 15 3 3358.699666
demand_349 15 4 503.831783
demand_350 15 5 1134.989783
demand_351 15 6 324.667410
demand_352 15 7 1119.163935
demand_353 15 8 1099.965718
demand_354 15 9 2853.725922
demand_355 15 10 567.832340
demand_356 15 11 1471.842343
demand_357 15 12 1159.803691
demand_358 15 13 92.746749
demand_359 15 14 338.210135
demand_360 15 16 4965.358482
demand_361 15 17 2002.865670
demand_362 15 18 19.688416
demand_363 15 19 1084.298284
demand_364 15 20 375.887459
demand_365 15 21 468.540167
demand_366 15 22 1362.188562
demand_367 15 23 150.390656
demand_368 16 0 108.024940
demand_369 16 1 35.031163
demand_370 16 2 429.111059
demand_371 16 3 1727.361747
demand_372 16 4 259.118062
demand_373 16 5 583.719335
demand_374 16 6 166.974758
demand_375 16 7 575.580184
demand_376 16 8 565.706641
demand_377 16 9 1467.656381
demand_378 16 10 292.033215
demand_379 16 11 756.960852
demand_380 16 12 596.480998
demand_381 16 13 47.699170
demand_382 16 14 173.939711
demand_383 16 15 76.447795
demand_384 16 17 1030.063384
demand_385 16 18 10.125650
demand_386 16 19 557.648961
demand_387 16 20 193.316963
demand_388 16 21 240.967768
demand_389 16 22 700.566484
demand_390 16 23 77.345131
demand_391 17 0 390.362065
demand_392 17 1 126.589629
demand_393 17 2 1550.648196
demand_394 17 3 6242.044626
demand_395 17 4 936.356563
demand_396 17 5 2109.345157
demand_397 17 6 603.384841
demand_398 17 7 2079.933285
demand_399 17 8 2044.253962
demand_400 17 9 5303.565764
demand_401 17 10 1055.299716
demand_402 17 11 2735.375741
demand_403 17 12 2155.461076
demand_404 17 13 172.367107
demand_405 17 14 628.553598
demand_406 17 15 276.253974
demand_407 17 16 9227.972821
demand_408 17 18 36.590342
demand_409 17 19 2015.136497
demand_410 17 20 698.575796
demand_411 17 21 870.768131
demand_412 17 22 2531.587411
demand_413 17 23 279.496615
demand_414 18 0 289.374525
demand_415 18 1 93.840609
demand_416 18 2 1149.492040
demand_417 18 3 4627.213722
demand_418 18 4 694.119026
demand_419 18 5 1563.652848
demand_420 18 6 447.287833
demand_421 18 7 1541.849893
demand_422 18 8 1515.400890
demand_423 18 9 3931.521440
demand_424 18 10 782.291319
demand_425 18 11 2027.727919
demand_426 18 12 1597.838475
demand_427 18 13 127.775351
demand_428 18 14 465.945376
demand_429 18 15 204.786453
demand_430 18 16 6840.675615
demand_431 18 17 2759.308195
demand_432 18 19 1493.816178
demand_433 18 20 517.852675
demand_434 18 21 645.498468
demand_435 18 22 1876.660086
demand_436 18 23 207.190215
demand_437 19 0 5.686105
demand_438 19 1 1.843934
demand_439 19 2 22.587104
demand_440 19 3 90.923080
demand_441 19 4 13.639188
demand_442 19 5 30.725214
demand_443 19 6 8.789045
demand_444 19 7 30.296794
demand_445 19 8 29.777081
demand_446 19 9 77.252978
demand_447 19 10 15.371742
demand_448 19 11 39.844122
demand_449 19 12 31.396950
demand_450 19 13 2.510740
demand_451 19 14 9.155659
demand_452 19 15 4.023980
demand_453 19 16 134.416808
demand_454 19 17 54.219411
demand_455 19 18 0.532983
demand_456 19 20 10.175618
demand_457 19 21 12.683812
demand_458 19 22 36.875694
demand_459 19 23 4.071213
demand_460 20 0 315.639757
demand_461 20 1 102.358101
demand_462 20 2 1253.826290
demand_463 20 3 5047.205212
demand_464 20 4 757.121105
demand_465 20 5 1705.578622
demand_466 20 6 487.886149
demand_467 20 7 1681.796710
demand_468 20 8 1652.947050
demand_469 20 9 4288.368054
demand_470 20 10 853.296403
demand_471 20 11 2211.775712
demand_472 20 12 1742.867126
demand_473 20 13 139.372948
demand_474 20 14 508.237154
demand_475 20 15 223.374004
demand_476 20 16 7461.573139
demand_477 20 17 3009.758256
demand_478 20 18 29.586293
demand_479 20 19 1629.403191
demand_480 20 21 704.087476
demand_481 20 22 2046.996127
demand_482 20 23 225.995944
demand_483 21 0 573.447174
demand_484 21 1 185.961884
demand_485 21 2 2277.923258
demand_486 21 3 9169.648326
demand_487 21 4 1375.520508
demand_488 21 5 3098.656681
demand_489 21 6 886.380526
demand_490 21 7 3055.450242
demand_491 21 8 3003.036832
demand_492 21 9 7791.010132
demand_493 21 10 1550.249614
demand_494 21 11 4018.304111
demand_495 21 12 3166.401592
demand_496 21 13 253.209621
demand_497 21 14 923.353771
demand_498 21 15 405.820840
demand_499 21 16 13556.017394
demand_500 21 17 5468.060758
demand_501 21 18 53.751709
demand_502 21 19 2960.262880
demand_503 21 20 1026.217331
demand_504 21 22 3718.936287
demand_505 21 23 410.584323
demand_506 22 0 124.591954
demand_507 22 1 40.403642
demand_508 22 2 494.920758
demand_509 22 3 1992.274884
demand_510 22 4 298.857149
demand_511 22 5 673.240201
demand_512 22 6 192.582485
demand_513 22 7 663.852807
demand_514 22 8 652.465029
demand_515 22 9 1692.740360
demand_516 22 10 336.820264
demand_517 22 11 873.050533
demand_518 22 12 687.959030
demand_519 22 13 55.014451
demand_520 22 14 200.615603
demand_521 22 15 88.172047
demand_522 22 16 2945.294304
demand_523 22 17 1188.036850
demand_524 22 18 11.678548
demand_525 22 19 643.171600
demand_526 22 20 222.964605
demand_527 22 21 277.923274
demand_528 22 23 89.207002
demand_529 23 0 87.428020
demand_530 23 1 28.351834
demand_531 23 2 347.293229
demand_532 23 3 1398.008805
demand_533 23 4 209.712490
demand_534 23 5 472.422624
demand_535 23 6 135.137983
demand_536 23 7 465.835350
demand_537 23 8 457.844378
demand_538 23 9 1187.820991
demand_539 23 10 236.351770
demand_540 23 11 612.632494
demand_541 23 12 482.751044
demand_542 23 13 38.604455
demand_543 23 14 140.774941
demand_544 23 15 61.871632
demand_545 23 16 2066.756652
demand_546 23 17 833.663060
demand_547 23 18 8.195010
demand_548 23 19 451.323041
demand_549 23 20 156.457567
demand_550 23 21 195.022879
demand_551 23 22 566.990738
