DEMANDS 552
label src dest bw
demand_0 0 1 42.654143
demand_1 0 2 582.818417
demand_2 0 3 3010.791193
demand_3 0 4 485.238458
demand_4 0 5 1150.968817
demand_5 0 6 359.874685
demand_6 0 7 1135.612497
demand_7 0 8 738.688520
demand_8 0 9 1906.553307
demand_9 0 10 525.708818
demand_10 0 11 1563.043382
demand_11 0 12 1287.750483
demand_12 0 13 74.211827
demand_13 0 14 363.281697
demand_14 0 15 138.495166
demand_15 0 16 3765.151928
demand_16 0 17 1863.474998
demand_17 0 18 35.012746
demand_18 0 19 682.126663
demand_19 0 20 467.005215
demand_20 0 21 473.808807
demand_21 0 22 1518.849389
demand_22 0 23 324.187375
demand_23 1 0 424.337760
demand_24 1 2 745.785287
demand_25 1 3 3852.664415
demand_26 1 4 620.920157
demand_27 1 5 1472.801108
demand_28 1 6 460.502341
demand_29 1 7 1453.150875
demand_30 1 8 945.239571
demand_31 1 9 2439.661077
demand_32 1 10 672.706782
demand_33 1 11 2000.099387
demand_34 1 12 1647.829471
demand_35 1 13 94.962835
demand_36 1 14 464.862017
demand_37 1 15 177.220990
demand_38 1 16 4817.958444
demand_39 1 17 2384.537271
demand_40 1 18 44.802961
demand_41 1 19 872.861966
demand_42 1 20 597.588560
demand_43 1 21 606.294562
demand_44 1 22 1943.547931
demand_45 1 23 414.836195
demand_46 2 0 212.264673
demand_47 2 1 27.302839
demand_48 2 3 1927.201935
demand_49 2 4 310.600249
demand_50 2 5 736.733034
demand_51 2 6 230.355128
demand_52 2 7 726.903482
demand_53 2 8 472.833171
demand_54 2 9 1220.381284
demand_55 2 10 336.505253
demand_56 2 11 1000.501210
demand_57 2 12 824.286728
demand_58 2 13 47.502855
demand_59 2 14 232.535950
demand_60 2 15 88.650502
demand_61 2 16 2410.066861
demand_62 2 17 1192.806938
demand_63 2 18 22.411595
demand_64 2 19 436.628029
demand_65 2 20 298.929184
demand_66 2 21 303.284150
demand_67 2 22 972.212715
demand_68 2 23 207.511746
demand_69 3 0 255.533425
demand_70 3 1 32.868342
demand_71 3 2 449.107024
demand_72 3 4 373.914059
demand_73 3 5 886.911198
demand_74 3 6 277.311499
demand_75 3 7 875.077956
demand_76 3 8 569.217089
demand_77 3 9 1469.147949
demand_78 3 10 405.099626
demand_79 3 11 1204.446773
demand_80 3 12 992.312134
demand_81 3 13 57.185998
demand_82 3 14 279.936867
demand_83 3 15 106.721322
demand_84 3 16 2901.343073
demand_85 3 17 1435.952753
demand_86 3 18 26.980050
demand_87 3 19 525.631769
demand_88 3 20 359.863923
demand_89 3 21 365.106621
demand_90 3 22 1170.391856
demand_91 3 23 249.811644
demand_92 4 0 375.428009
demand_93 4 1 48.289950
demand_94 4 2 659.825053
demand_95 4 3 3408.601037
demand_96 4 5 1303.044035
demand_97 4 6 407.424210
demand_98 4 7 1285.658715
demand_99 4 8 836.289963
demand_100 4 9 2158.462399
demand_101 4 10 595.169677
demand_102 4 11 1769.565191
demand_103 4 12 1457.898389
demand_104 4 13 84.017288
demand_105 4 14 411.281384
demand_106 4 15 156.794256
demand_107 4 16 4262.633953
demand_108 4 17 2109.692238
demand_109 4 18 39.638911
demand_110 4 19 772.254700
demand_111 4 20 528.709684
demand_112 4 21 536.412220
demand_113 4 22 1719.531934
demand_114 4 23 367.021607
demand_115 5 0 136.356291
demand_116 5 1 17.539018
demand_117 5 2 239.649932
demand_118 5 3 1238.011504
demand_119 5 4 199.525890
demand_120 5 6 147.977382
demand_121 5 7 466.954114
demand_122 5 8 303.742381
demand_123 5 9 783.958360
demand_124 5 10 216.166955
demand_125 5 11 642.710027
demand_126 5 12 529.511949
demand_127 5 13 30.515267
demand_128 5 14 149.378317
demand_129 5 15 56.948024
demand_130 5 16 1548.198165
demand_131 5 17 766.244929
demand_132 5 18 14.396941
demand_133 5 19 280.484631
demand_134 5 20 192.028537
demand_135 5 21 194.826116
demand_136 5 22 624.537836
demand_137 5 23 133.303067
demand_138 6 0 312.434803
demand_139 6 1 40.187361
demand_140 6 2 549.112762
demand_141 6 3 2836.670598
demand_142 6 4 457.176064
demand_143 6 5 1084.405790
demand_144 6 7 1069.937560
demand_145 6 8 695.968558
demand_146 6 9 1796.293188
demand_147 6 10 495.305935
demand_148 6 11 1472.649188
demand_149 6 12 1213.277075
demand_150 6 13 69.919996
demand_151 6 14 342.272327
demand_152 6 15 130.485689
demand_153 6 16 3547.405013
demand_154 6 17 1755.706191
demand_155 6 18 32.987883
demand_156 6 19 642.677796
demand_157 6 20 439.997289
demand_158 6 21 446.407414
demand_159 6 22 1431.011029
demand_160 6 23 305.438915
demand_161 7 0 241.350611
demand_162 7 1 31.044058
demand_163 7 2 424.180339
demand_164 7 3 2191.280150
demand_165 7 4 353.160792
demand_166 7 5 837.685167
demand_167 7 6 261.919942
demand_168 7 8 537.623963
demand_169 7 9 1387.606164
demand_170 7 10 382.615473
demand_171 7 11 1137.596637
demand_172 7 12 937.236059
demand_173 7 13 54.012017
demand_174 7 14 264.399595
demand_175 7 15 100.797992
demand_176 7 16 2740.310487
demand_177 7 17 1356.253394
demand_178 7 18 25.482583
demand_179 7 19 496.457748
demand_180 7 20 339.890478
demand_181 7 21 344.842191
demand_182 7 22 1105.431863
demand_183 7 23 235.946405
demand_184 8 0 99.574563
demand_185 8 1 12.807917
demand_186 8 2 175.005034
demand_187 8 3 904.061369
demand_188 8 4 145.704340
demand_189 8 5 345.605649
demand_190 8 6 108.060898
demand_191 8 7 340.994550
demand_192 8 9 572.487789
demand_193 8 10 157.856524
demand_194 8 11 469.340798
demand_195 8 12 386.677584
demand_196 8 13 22.283859
demand_197 8 14 109.083934
demand_198 8 15 41.586454
demand_199 8 16 1130.576047
demand_200 8 17 559.552506
demand_201 8 18 10.513406
demand_202 8 19 204.824687
demand_203 8 20 140.229377
demand_204 8 21 142.272317
demand_205 8 22 456.070504
demand_206 8 23 97.344938
demand_207 9 0 70.393722
demand_208 9 1 9.054490
demand_209 9 2 123.718903
demand_210 9 3 639.121507
demand_211 9 4 103.004930
demand_212 9 5 244.324125
demand_213 9 6 76.393093
demand_214 9 7 241.064333
demand_215 9 8 156.806530
demand_216 9 10 111.595853
demand_217 9 11 331.798048
demand_218 9 12 273.359717
demand_219 9 13 15.753459
demand_220 9 14 77.116323
demand_221 9 15 29.399328
demand_222 9 16 799.254887
demand_223 9 17 395.572749
demand_224 9 18 7.432398
demand_225 9 19 144.799753
demand_226 9 20 99.134433
demand_227 9 21 100.578678
demand_228 9 22 322.416683
demand_229 9 23 68.817500
demand_230 10 0 164.497541
demand_231 10 1 21.158725
demand_232 10 2 289.108953
demand_233 10 3 1493.512670
demand_234 10 4 240.704100
demand_235 10 5 570.941789
demand_236 10 6 178.516997
demand_237 10 7 563.324237
demand_238 10 8 366.428820
demand_239 10 9 945.751910
demand_240 10 11 775.352705
demand_241 10 12 638.792775
demand_242 10 13 36.813016
demand_243 10 14 180.207056
demand_244 10 15 68.700973
demand_245 10 16 1867.715743
demand_246 10 17 924.382776
demand_247 10 18 17.368186
demand_248 10 19 338.371129
demand_249 10 20 231.659441
demand_250 10 21 235.034385
demand_251 10 22 753.430132
demand_252 10 23 160.814192
demand_253 11 0 8.158188
demand_254 11 1 1.049358
demand_255 11 2 14.338240
demand_256 11 3 74.070148
demand_257 11 4 11.937621
demand_258 11 5 28.315624
demand_259 11 6 8.853477
demand_260 11 7 27.937834
demand_261 11 8 18.172887
demand_262 11 9 46.904178
demand_263 11 10 12.933255
demand_264 11 12 31.680665
demand_265 11 13 1.825726
demand_266 11 14 8.937295
demand_267 11 15 3.407197
demand_268 11 16 92.628596
demand_269 11 17 45.844384
demand_270 11 18 0.861368
demand_271 11 19 16.781377
demand_272 11 20 11.489055
demand_273 11 21 11.656434
demand_274 11 22 37.366058
demand_275 11 23 7.975514
demand_276 12 0 30.007343
demand_277 12 1 3.859736
demand_278 12 2 52.738732
demand_279 12 3 272.443876
demand_280 12 4 43.908806
demand_281 12 5 104.150167
demand_282 12 6 32.564747
demand_283 12 7 102.760587
demand_284 12 8 66.843282
demand_285 12 9 172.522350
demand_286 12 10 47.570934
demand_287 12 11 141.438436
demand_288 12 13 6.715364
demand_289 12 14 32.873045
demand_290 12 15 12.532307
demand_291 12 16 340.705323
demand_292 12 17 168.624232
demand_293 12 18 3.168273
demand_294 12 19 61.725048
demand_295 12 20 42.258896
demand_296 12 21 42.874547
demand_297 12 22 137.439360
demand_298 12 23 29.335434
demand_299 13 0 45.893506
demand_300 13 1 5.903116
demand_301 13 2 80.659100
demand_302 13 3 416.678164
demand_303 13 4 67.154531
demand_304 13 5 159.288221
demand_305 13 6 49.804823
demand_306 13 7 157.162985
demand_307 13 8 102.230728
demand_308 13 9 263.857266
demand_309 13 10 72.755422
demand_310 13 11 216.317242
demand_311 13 12 178.218107
demand_312 13 14 50.276336
demand_313 13 15 19.167025
demand_314 13 16 521.077847
demand_315 13 17 257.895447
demand_316 13 18 4.845586
demand_317 13 19 94.402855
demand_318 13 20 64.631143
demand_319 13 21 65.572725
demand_320 13 22 210.201018
demand_321 13 23 44.865881
demand_322 14 0 108.162215
demand_323 14 1 13.912515
demand_324 14 2 190.098069
demand_325 14 3 982.030722
demand_326 14 4 158.270382
demand_327 14 5 375.411866
demand_328 14 6 117.380441
demand_329 14 7 370.403090
demand_330 14 8 240.938270
demand_331 14 9 621.861100
demand_332 14 10 171.470612
demand_333 14 11 509.818358
demand_334 14 12 420.025985
demand_335 14 13 24.205695
demand_336 14 15 45.173012
demand_337 14 16 1228.080804
demand_338 14 17 607.810234
demand_339 14 18 11.420119
demand_340 14 19 222.489471
demand_341 14 20 152.323240
demand_342 14 21 154.542369
demand_343 14 22 495.403589
demand_344 14 23 105.740299
demand_345 15 0 423.361483
demand_346 15 1 54.455459
demand_347 15 2 744.069452
demand_348 15 3 3843.800556
demand_349 15 4 619.491601
demand_350 15 5 1469.412622
demand_351 15 6 459.442859
demand_352 15 7 1449.807598
demand_353 15 8 943.064850
demand_354 15 9 2434.048127
demand_355 15 10 671.159080
demand_356 15 11 1995.497740
demand_357 15 12 1644.038296
demand_358 15 13 94.744353
demand_359 15 14 463.792505
demand_360 15 16 4806.873724
demand_361 15 17 2379.051145
demand_362 15 18 44.699883
demand_363 15 19 870.853765
demand_364 15 20 596.213683
demand_365 15 21 604.899655
demand_366 15 22 1939.076393
demand_367 15 23 413.881778
demand_368 16 0 201.396724
demand_369 16 1 25.904934
demand_370 16 2 353.960283
demand_371 16 3 1828.529219
demand_372 16 4 294.697520
demand_373 16 5 699.012312
demand_374 16 6 218.560948
demand_375 16 7 689.686032
demand_376 16 8 448.624118
demand_377 16 9 1157.897777
demand_378 16 10 319.276188
demand_379 16 11 949.275560
demand_380 16 12 782.083257
demand_381 16 13 45.070709
demand_382 16 14 220.630112
demand_383 16 15 84.111598
demand_384 16 17 1131.735236
demand_385 16 18 21.264121
demand_386 16 19 414.272679
demand_387 16 20 283.624013
demand_388 16 21 287.756005
demand_389 16 22 922.435436
demand_390 16 23 196.887147
demand_391 17 0 574.230651
demand_392 17 1 73.861216
demand_393 17 2 1009.226167
demand_394 17 3 5213.577964
demand_395 17 4 840.253731
demand_396 17 5 1993.052749
demand_397 17 6 623.169993
demand_398 17 7 1966.461276
demand_399 17 8 1279.135597
demand_400 17 9 3301.445924
demand_401 17 10 910.333441
demand_402 17 11 2706.613648
demand_403 17 12 2229.908057
demand_404 17 13 128.507466
demand_405 17 14 629.069679
demand_406 17 15 239.822458
demand_407 17 16 6519.852047
demand_408 17 18 60.629141
demand_409 17 19 1181.191358
demand_410 17 20 808.680490
demand_411 17 21 820.461797
demand_412 17 22 2630.085980
demand_413 17 23 561.372757
demand_414 18 0 484.935577
demand_415 18 1 62.375513
demand_416 18 2 852.287616
demand_417 18 3 4402.846539
demand_418 18 4 709.591044
demand_419 18 5 1683.125381
demand_420 18 6 526.264663
demand_421 18 7 1660.668985
demand_422 18 8 1080.225093
demand_423 18 9 2788.058385
demand_424 18 10 768.773090
demand_425 18 11 2285.724816
demand_426 18 12 1883.148778
demand_427 18 13 108.524061
demand_428 18 14 531.246925
demand_429 18 15 202.529143
demand_430 18 16 5505.989979
demand_431 18 17 2725.062590
demand_432 18 19 997.511559
demand_433 18 20 682.927564
demand_434 18 21 692.876832
demand_435 18 22 2221.097495
demand_436 18 23 474.077134
demand_437 19 0 1.170520
demand_438 19 1 0.150560
demand_439 19 2 2.057221
demand_440 19 3 10.627431
demand_441 19 4 1.712785
demand_442 19 5 4.062667
demand_443 19 6 1.270279
demand_444 19 7 4.008463
demand_445 19 8 2.607408
demand_446 19 9 6.729714
demand_447 19 10 1.855637
demand_448 19 11 5.517200
demand_449 19 12 4.545476
demand_450 19 13 0.261951
demand_451 19 14 1.282305
demand_452 19 15 0.488857
demand_453 19 16 13.290159
demand_454 19 17 6.577657
demand_455 19 18 0.123587
demand_456 19 20 1.648426
demand_457 19 21 1.672441
demand_458 19 22 5.361205
demand_459 19 23 1.144310
demand_460 20 0 490.297512
demand_461 20 1 63.065199
demand_462 20 2 861.711365
demand_463 20 3 4451.528837
demand_464 20 4 717.436996
demand_465 20 5 1701.735707
demand_466 20 6 532.083574
demand_467 20 7 1679.031011
demand_468 20 8 1092.169147
demand_469 20 9 2818.885962
demand_470 20 10 777.273418
demand_471 20 11 2310.998088
demand_472 20 12 1903.970764
demand_473 20 13 109.724012
demand_474 20 14 537.120925
demand_475 20 15 204.768509
demand_476 20 16 5566.869740
demand_477 20 17 2755.193622
demand_478 20 18 51.767207
demand_479 20 19 1008.541050
demand_480 20 21 700.537975
demand_481 20 22 2245.656182
demand_482 20 23 479.319008
demand_483 21 0 969.976125
demand_484 21 1 124.764528
demand_485 21 2 1704.759724
demand_486 21 3 8806.646143
demand_487 21 4 1419.335690
demand_488 21 5 3366.615101
demand_489 21 6 1052.643243
demand_490 21 7 3321.697447
demand_491 21 8 2160.684017
demand_492 21 9 5576.720289
demand_493 21 10 1537.712593
demand_494 21 11 4571.944413
demand_495 21 12 3766.705193
demand_496 21 13 217.071613
demand_497 21 14 1062.608846
demand_498 21 15 405.102127
demand_499 21 16 11013.171815
demand_500 21 17 5450.715063
demand_501 21 18 102.413235
demand_502 21 19 1995.239046
demand_503 21 20 1366.002958
demand_504 21 22 4442.675781
demand_505 21 23 948.256890
demand_506 22 0 305.407782
demand_507 22 1 39.283501
demand_508 22 2 536.762578
demand_509 22 3 2772.870582
demand_510 22 4 446.893643
demand_511 22 5 1060.016245
demand_512 22 6 331.436444
demand_513 22 7 1045.873421
demand_514 22 8 680.315417
demand_515 22 9 1755.892468
demand_516 22 10 484.165929
demand_517 22 11 1439.527598
demand_518 22 12 1185.989065
demand_519 22 13 68.347414
demand_520 22 14 334.574225
demand_521 22 15 127.550915
demand_522 22 16 3467.619755
demand_523 22 17 1716.218320
demand_524 22 18 32.245947
demand_525 22 19 628.223226
demand_526 22 20 430.101239
demand_527 22 21 436.367193
demand_528 22 23 298.569239
demand_529 23 0 148.457576
demand_530 23 1 19.095562
demand_531 23 2 260.918274
demand_532 23 3 1347.881979
demand_533 23 4 217.233322
demand_534 23 5 515.269917
demand_535 23 6 161.110011
demand_536 23 7 508.395143
demand_537 23 8 330.698770
demand_538 23 9 853.532736
demand_539 23 10 235.351240
demand_540 23 11 699.748960
demand_541 23 12 576.504831
demand_542 23 13 33.223421
demand_543 23 14 162.635275
demand_544 23 15 62.002021
demand_545 23 16 1685.596943
demand_546 23 17 834.247281
demand_547 23 18 15.674634
demand_548 23 19 305.376952
demand_549 23 20 209.070597
demand_550 23 21 212.116454
demand_551 23 22 679.964032
