DEMANDS 552
label src dest bw
demand_0 0 1 204.867360
demand_1 0 2 842.429203
demand_2 0 3 1636.848258
demand_3 0 4 720.588968
demand_4 0 5 1175.001877
demand_5 0 6 451.679276
demand_6 0 7 947.032960
demand_7 0 8 935.253327
demand_8 0 9 1603.584419
demand_9 0 10 743.338294
demand_10 0 11 1521.404325
demand_11 0 12 1365.754460
demand_12 0 13 285.780719
demand_13 0 14 649.502621
demand_14 0 15 294.827341
demand_15 0 16 2145.134647
demand_16 0 17 1554.105031
demand_17 0 18 117.085811
demand_18 0 19 884.586823
demand_19 0 20 682.454418
demand_20 0 21 696.295552
demand_21 0 22 1489.862153
demand_22 0 23 347.013829
demand_23 1 0 435.173652
demand_24 1 2 931.441854
demand_25 1 3 1809.800718
demand_26 1 4 796.727751
demand_27 1 5 1299.154781
demand_28 1 6 499.404557
demand_29 1 7 1047.098240
demand_30 1 8 1034.073948
demand_31 1 9 1773.022159
demand_32 1 10 821.880813
demand_33 1 11 1682.158761
demand_34 1 12 1510.062640
demand_35 1 13 315.976847
demand_36 1 14 718.130287
demand_37 1 15 325.979352
demand_38 1 16 2371.793600
demand_39 1 17 1718.314685
demand_40 1 18 129.457317
demand_41 1 19 978.053927
demand_42 1 20 754.563833
demand_43 1 21 769.867447
demand_44 1 22 1647.283785
demand_45 1 23 383.679962
demand_46 2 0 300.363923
demand_47 2 1 156.343663
demand_48 2 3 1249.153851
demand_49 2 4 549.914434
demand_50 2 5 896.697731
demand_51 2 6 344.697136
demand_52 2 7 722.724213
demand_53 2 8 713.734635
demand_54 2 9 1223.768692
demand_55 2 10 567.275486
demand_56 2 11 1161.053299
demand_57 2 12 1042.269761
demand_58 2 13 218.092352
demand_59 2 14 495.665188
demand_60 2 15 224.996243
demand_61 2 16 1637.050466
demand_62 2 17 1186.008705
demand_63 2 18 89.353543
demand_64 2 19 675.068707
demand_65 2 20 520.812213
demand_66 2 21 531.375016
demand_67 2 22 1136.982024
demand_68 2 23 264.822141
demand_69 3 0 351.297049
demand_70 3 1 182.855074
demand_71 3 2 751.913111
demand_72 3 4 643.164186
demand_73 3 5 1048.752006
demand_74 3 6 403.147907
demand_75 3 7 845.277557
demand_76 3 8 834.763605
demand_77 3 9 1431.284842
demand_78 3 10 663.469175
demand_79 3 11 1357.934714
demand_80 3 12 1219.008887
demand_81 3 13 255.074574
demand_82 3 14 579.715820
demand_83 3 15 263.149167
demand_84 3 16 1914.647379
demand_85 3 17 1387.121842
demand_86 3 18 104.505347
demand_87 3 19 789.541041
demand_88 3 20 609.127061
demand_89 3 21 621.481013
demand_90 3 22 1329.781639
demand_91 3 23 309.728398
demand_92 4 0 398.674717
demand_93 4 1 207.515819
demand_94 4 2 853.319854
demand_95 4 3 1658.008901
demand_96 4 5 1190.191920
demand_97 4 6 457.518439
demand_98 4 7 959.275894
demand_99 4 8 947.343978
demand_100 4 9 1624.315038
demand_101 4 10 752.947930
demand_102 4 11 1541.072546
demand_103 4 12 1383.410490
demand_104 4 13 289.475200
demand_105 4 14 657.899180
demand_106 4 15 298.638774
demand_107 4 16 2172.866251
demand_108 4 17 1574.195996
demand_109 4 18 118.599458
demand_110 4 19 896.022474
demand_111 4 20 691.276967
demand_112 4 21 705.297035
demand_113 4 22 1509.122607
demand_114 4 23 351.499911
demand_115 5 0 126.746500
demand_116 5 1 65.973343
demand_117 5 2 271.287094
demand_118 5 3 527.113501
demand_119 5 4 232.050938
demand_120 5 6 145.454072
demand_121 5 7 304.972594
demand_122 5 8 301.179204
demand_123 5 9 516.401562
demand_124 5 10 239.376893
demand_125 5 11 489.937144
demand_126 5 12 439.813288
demand_127 5 13 92.029835
demand_128 5 14 209.159034
demand_129 5 15 94.943115
demand_130 5 16 690.796736
demand_131 5 17 500.467737
demand_132 5 18 37.705090
demand_133 5 19 284.863093
demand_134 5 20 219.770486
demand_135 5 21 224.227740
demand_136 5 22 479.779632
demand_137 5 23 111.748706
demand_138 6 0 377.051922
demand_139 6 1 196.260849
demand_140 6 2 807.038614
demand_141 6 3 1568.083995
demand_142 6 4 690.316907
demand_143 6 5 1125.639856
demand_144 6 7 907.247950
demand_145 6 8 895.963181
demand_146 6 9 1536.217575
demand_147 6 10 712.110530
demand_148 6 11 1457.489880
demand_149 6 12 1308.378892
demand_150 6 13 273.775025
demand_151 6 14 622.216909
demand_152 6 15 282.441596
demand_153 6 16 2055.017189
demand_154 6 17 1488.816824
demand_155 6 18 112.167017
demand_156 6 19 847.425186
demand_157 6 20 653.784396
demand_158 6 21 667.044062
demand_159 6 22 1427.272800
demand_160 6 23 332.435721
demand_161 7 0 319.344316
demand_162 7 1 166.223225
demand_163 7 2 683.521762
demand_164 7 3 1328.089533
demand_165 7 4 584.664254
demand_166 7 5 953.361245
demand_167 7 6 366.479004
demand_168 7 8 758.836469
demand_169 7 9 1301.100252
demand_170 7 10 603.122374
demand_171 7 11 1234.421791
demand_172 7 12 1108.132164
demand_173 7 13 231.873895
demand_174 7 14 526.986926
demand_175 7 15 239.214053
demand_176 7 16 1740.497847
demand_177 7 17 1260.954162
demand_178 7 18 94.999911
demand_179 7 19 717.727190
demand_180 7 20 553.723025
demand_181 7 21 564.953305
demand_182 7 22 1208.829420
demand_183 7 23 281.556602
demand_184 8 0 65.425882
demand_185 8 1 34.055095
demand_186 8 2 140.036982
demand_187 8 3 272.093238
demand_188 8 4 119.783483
demand_189 8 5 195.320527
demand_190 8 6 75.082633
demand_191 8 7 157.425261
demand_192 8 9 266.563791
demand_193 8 10 123.565103
demand_194 8 11 252.902996
demand_195 8 12 227.029324
demand_196 8 13 47.505321
demand_197 8 14 107.966802
demand_198 8 15 49.009140
demand_199 8 16 356.585669
demand_200 8 17 258.338833
demand_201 8 18 19.463171
demand_202 8 19 147.044842
demand_203 8 20 113.444378
demand_204 8 21 115.745189
demand_205 8 22 247.659742
demand_206 8 23 57.684099
demand_207 9 0 59.863207
demand_208 9 1 31.159644
demand_209 9 2 128.130680
demand_210 9 3 248.959177
demand_211 9 4 109.599186
demand_212 9 5 178.713878
demand_213 9 6 68.698916
demand_214 9 7 144.040564
demand_215 9 8 142.248921
demand_216 9 10 113.059283
demand_217 9 11 231.400539
demand_218 9 12 207.726712
demand_219 9 13 43.466297
demand_220 9 14 98.787189
demand_221 9 15 44.842258
demand_222 9 16 326.267846
demand_223 9 17 236.374207
demand_224 9 18 17.808362
demand_225 9 19 134.542714
demand_226 9 20 103.799048
demand_227 9 21 105.904238
demand_228 9 22 226.603079
demand_229 9 23 52.779649
demand_230 10 0 149.029381
demand_231 10 1 77.571897
demand_232 10 2 318.981174
demand_233 10 3 619.783571
demand_234 10 4 272.847041
demand_235 10 5 444.907985
demand_236 10 6 171.025869
demand_237 10 7 358.588811
demand_238 10 8 354.128517
demand_239 10 9 607.188402
demand_240 10 11 576.071362
demand_241 10 12 517.135399
demand_242 10 13 108.209294
demand_243 10 14 245.930587
demand_244 10 15 111.634748
demand_245 10 16 812.243411
demand_246 10 17 588.453304
demand_247 10 18 44.333897
demand_248 10 19 334.943925
demand_249 10 20 258.407604
demand_250 10 21 263.648473
demand_251 10 22 564.128093
demand_252 10 23 131.394874
demand_253 11 0 35.646868
demand_254 11 1 18.554698
demand_255 11 2 76.298243
demand_256 11 3 148.248239
demand_257 11 4 65.263255
demand_258 11 5 106.419125
demand_259 11 6 40.908286
demand_260 11 7 85.772134
demand_261 11 8 84.705261
demand_262 11 9 145.235555
demand_263 11 10 67.323646
demand_264 11 12 123.695457
demand_265 11 13 25.882966
demand_266 11 14 58.825013
demand_267 11 15 26.702313
demand_268 11 16 194.283393
demand_269 11 17 140.754241
demand_270 11 18 10.604383
demand_271 11 19 80.116430
demand_272 11 20 61.809435
demand_273 11 21 63.063017
demand_274 11 22 134.935807
demand_275 11 23 31.428808
demand_276 12 0 49.573658
demand_277 12 1 25.803789
demand_278 12 2 106.107022
demand_279 12 3 206.166991
demand_280 12 4 90.760801
demand_281 12 5 147.995760
demand_282 12 6 56.890648
demand_283 12 7 119.282246
demand_284 12 8 117.798558
demand_285 12 9 201.977290
demand_286 12 10 93.626161
demand_287 12 11 191.626408
demand_288 12 13 35.995121
demand_289 12 14 81.807217
demand_290 12 15 37.134576
demand_291 12 16 270.187510
demand_292 12 17 195.745181
demand_293 12 18 14.747384
demand_294 12 19 111.416928
demand_295 12 20 85.957616
demand_296 12 21 87.700957
demand_297 12 22 187.653557
demand_298 12 23 43.707654
demand_299 13 0 58.943244
demand_300 13 1 30.680791
demand_301 13 2 126.161600
demand_302 13 3 245.133235
demand_303 13 4 107.914893
demand_304 13 5 175.967448
demand_305 13 6 67.643168
demand_306 13 7 141.826985
demand_307 13 8 140.062875
demand_308 13 9 240.151665
demand_309 13 10 111.321816
demand_310 13 11 227.844433
demand_311 13 12 204.534419
demand_312 13 14 97.269052
demand_313 13 15 44.153134
demand_314 13 16 321.253844
demand_315 13 17 232.741667
demand_316 13 18 17.534688
demand_317 13 19 132.475095
demand_318 13 20 102.203890
demand_319 13 21 104.276728
demand_320 13 22 223.120700
demand_321 13 23 51.968545
demand_322 14 0 72.405636
demand_323 14 1 37.688156
demand_324 14 2 154.976385
demand_325 14 3 301.120647
demand_326 14 4 132.562206
demand_327 14 5 216.157682
demand_328 14 6 83.092587
demand_329 14 7 174.219679
demand_330 14 8 172.052654
demand_331 14 9 295.001308
demand_332 14 10 136.747256
demand_333 14 11 279.883155
demand_334 14 12 251.249231
demand_335 14 13 52.573276
demand_336 14 15 54.237526
demand_337 14 16 394.626887
demand_338 14 17 285.898897
demand_339 14 18 21.539538
demand_340 14 19 162.731857
demand_341 14 20 125.546834
demand_342 14 21 128.093100
demand_343 14 22 274.080540
demand_344 14 23 63.837945
demand_345 15 0 429.686984
demand_346 15 1 223.658142
demand_347 15 2 919.698237
demand_348 15 3 1786.982755
demand_349 15 4 786.682609
demand_350 15 5 1282.775041
demand_351 15 6 493.108065
demand_352 15 7 1033.896428
demand_353 15 8 1021.036347
demand_354 15 9 1750.667900
demand_355 15 10 811.518542
demand_356 15 11 1660.950108
demand_357 15 12 1491.023774
demand_358 15 13 311.993011
demand_359 15 14 709.076102
demand_360 15 16 2341.890032
demand_361 15 17 1696.650178
demand_362 15 18 127.825120
demand_363 15 19 965.722626
demand_364 15 20 745.050294
demand_365 15 21 760.160960
demand_366 15 22 1626.514835
demand_367 15 23 378.842526
demand_368 16 0 205.028162
demand_369 16 1 106.720053
demand_370 16 2 438.840472
demand_371 16 3 852.671369
demand_372 16 4 375.371131
demand_373 16 5 612.085118
demand_374 16 6 235.289976
demand_375 16 7 493.330941
demand_376 16 8 487.194662
demand_377 16 9 835.343481
demand_378 16 10 387.221771
demand_379 16 11 792.534007
demand_380 16 12 711.452464
demand_381 16 13 148.869656
demand_382 16 14 338.340641
demand_383 16 15 153.582247
demand_384 16 17 809.568546
demand_385 16 18 60.992653
demand_386 16 19 460.801332
demand_387 16 20 355.505979
demand_388 16 21 362.716140
demand_389 16 22 776.102975
demand_390 16 23 180.767371
demand_391 17 0 1017.958559
demand_392 17 1 529.861802
demand_393 17 2 2178.829537
demand_394 17 3 4233.487302
demand_395 17 4 1863.706199
demand_396 17 5 3038.983913
demand_397 17 6 1168.207542
demand_398 17 7 2449.373049
demand_399 17 8 2418.906616
demand_400 17 9 4147.454867
demand_401 17 10 1922.544262
demand_402 17 11 3934.907134
demand_403 17 12 3532.339748
demand_404 17 13 739.133295
demand_405 17 14 1679.850947
demand_406 17 15 762.531163
demand_407 17 16 5548.101506
demand_408 17 18 302.826661
demand_409 17 19 2287.864538
demand_410 17 20 1765.076328
demand_411 17 21 1800.874554
demand_412 17 22 3853.327561
demand_413 17 23 897.504476
demand_414 18 0 687.781821
demand_415 18 1 358.000148
demand_416 18 2 1472.122153
demand_417 18 3 2860.347878
demand_418 18 4 1259.209652
demand_419 18 5 2053.283870
demand_420 18 6 789.297269
demand_421 18 7 1654.914378
demand_422 18 8 1634.329789
demand_423 18 9 2802.220222
demand_424 18 10 1298.963480
demand_425 18 11 2658.612739
demand_426 18 12 2386.618828
demand_427 18 13 499.394046
demand_428 18 14 1134.988191
demand_429 18 15 515.202772
demand_430 18 16 3748.564538
demand_431 18 17 2715.756335
demand_432 18 19 1545.791450
demand_433 18 20 1192.570561
demand_434 18 21 1216.757567
demand_435 18 22 2603.493651
demand_436 18 23 606.397242
demand_437 19 0 17.297801
demand_438 19 1 9.003750
demand_439 19 2 37.024062
demand_440 19 3 71.938117
demand_441 19 4 31.669285
demand_442 19 5 51.640354
demand_443 19 6 19.850928
demand_444 19 7 41.621310
demand_445 19 8 41.103605
demand_446 19 9 70.476199
demand_447 19 10 32.669099
demand_448 19 11 66.864453
demand_449 19 12 60.023771
demand_450 19 13 12.559825
demand_451 19 14 28.545099
demand_452 19 15 12.957416
demand_453 19 16 94.276881
demand_454 19 17 68.301621
demand_455 19 18 5.145824
demand_456 19 20 29.993303
demand_457 19 21 30.601609
demand_458 19 22 65.478201
demand_459 19 23 15.250969
demand_460 20 0 725.037332
demand_461 20 1 377.392168
demand_462 20 2 1551.863522
demand_463 20 3 3015.286146
demand_464 20 4 1327.418055
demand_465 20 5 2164.505392
demand_466 20 6 832.051632
demand_467 20 7 1744.557169
demand_468 20 8 1722.857561
demand_469 20 9 2954.009852
demand_470 20 10 1369.325254
demand_471 20 11 2802.623492
demand_472 20 12 2515.896315
demand_473 20 13 526.445038
demand_474 20 14 1196.467812
demand_475 20 15 543.110086
demand_476 20 16 3951.615397
demand_477 20 17 2862.862421
demand_478 20 18 215.687203
demand_479 20 19 1629.523310
demand_480 20 21 1282.666441
demand_481 20 22 2744.518733
demand_482 20 23 639.244344
demand_483 21 0 1226.617286
demand_484 21 1 638.471616
demand_485 21 2 2625.440839
demand_486 21 3 5101.257471
demand_487 21 4 2245.724267
demand_488 21 5 3661.907616
demand_489 21 6 1407.663949
demand_490 21 7 2951.439718
demand_491 21 8 2914.728347
demand_492 21 9 4997.590312
demand_493 21 10 2316.622817
demand_494 21 11 4741.475050
demand_495 21 12 4256.390357
demand_496 21 13 890.639082
demand_497 21 14 2024.182803
demand_498 21 15 918.832989
demand_499 21 16 6685.338171
demand_500 21 17 4843.387197
demand_501 21 18 364.899351
demand_502 21 19 2756.825575
demand_503 21 20 2126.877480
demand_504 21 22 4643.173489
demand_505 21 23 1081.472811
demand_506 22 0 374.075105
demand_507 22 1 194.711374
demand_508 22 2 800.667062
demand_509 22 3 1555.704007
demand_510 22 4 684.866871
demand_511 22 5 1116.752954
demand_512 22 6 429.287966
demand_513 22 7 900.085248
demand_514 22 8 888.889572
demand_515 22 9 1524.089171
demand_516 22 10 706.488433
demand_517 22 11 1445.983029
demand_518 22 12 1298.049269
demand_519 22 13 271.613577
demand_520 22 14 617.304521
demand_521 22 15 280.211726
demand_522 22 16 2038.792874
demand_523 22 17 1477.062648
demand_524 22 18 111.281461
demand_525 22 19 840.734783
demand_526 22 20 648.622783
demand_527 22 21 661.777763
demand_528 22 23 329.811149
demand_529 23 0 137.392550
demand_530 23 1 71.514762
demand_531 23 2 294.073803
demand_532 23 3 571.388303
demand_533 23 4 251.542014
demand_534 23 5 410.167727
demand_535 23 6 157.671460
demand_536 23 7 330.588711
demand_537 23 8 326.476696
demand_538 23 9 559.776617
demand_539 23 10 259.483311
demand_540 23 11 531.089325
demand_541 23 12 476.755325
demand_542 23 13 99.759864
demand_543 23 14 226.727309
demand_544 23 15 102.917844
demand_545 23 16 748.820082
demand_546 23 17 542.504433
demand_547 23 18 40.872123
demand_548 23 19 308.790116
demand_549 23 20 238.230068
demand_550 23 21 243.061708
demand_551 23 22 520.078635
