DEMANDS 552
label src dest bw
demand_0 0 1 115.923282
demand_1 0 2 671.544906
demand_2 0 3 2519.105844
demand_3 0 4 575.708802
demand_4 0 5 979.508902
demand_5 0 6 224.027864
demand_6 0 7 861.581316
demand_7 0 8 844.186371
demand_8 0 9 1559.587585
demand_9 0 10 656.072021
demand_10 0 11 1340.337692
demand_11 0 12 1273.887784
demand_12 0 13 124.843461
demand_13 0 14 242.187344
demand_14 0 15 129.612445
demand_15 0 16 3340.603725
demand_16 0 17 1375.271861
demand_17 0 18 11.468431
demand_18 0 19 718.651850
demand_19 0 20 270.279227
demand_20 0 21 360.281265
demand_21 0 22 1328.791092
demand_22 0 23 154.551591
demand_23 1 0 369.946657
demand_24 1 2 1259.069462
demand_25 1 3 4723.033726
demand_26 1 4 1079.387789
demand_27 1 5 1836.466534
demand_28 1 6 420.026478
demand_29 1 7 1615.365874
demand_30 1 8 1582.752353
demand_31 1 9 2924.047348
demand_32 1 10 1230.059582
demand_33 1 11 2512.979016
demand_34 1 12 2388.393081
demand_35 1 13 234.067130
demand_36 1 14 454.073415
demand_37 1 15 243.008428
demand_38 1 16 6263.247770
demand_39 1 17 2578.476565
demand_40 1 18 21.501989
demand_41 1 19 1347.389563
demand_42 1 20 506.742465
demand_43 1 21 675.485935
demand_44 1 22 2491.330468
demand_45 1 23 289.766457
demand_46 2 0 71.211392
demand_47 2 1 41.836531
demand_48 2 3 909.141360
demand_49 2 4 207.772406
demand_50 2 5 353.503231
demand_51 2 6 80.851306
demand_52 2 7 310.943350
demand_53 2 8 304.665541
demand_54 2 9 562.852721
demand_55 2 10 236.775366
demand_56 2 11 483.725777
demand_57 2 12 459.744109
demand_58 2 13 45.055810
demand_59 2 14 87.405034
demand_60 2 15 46.776929
demand_61 2 16 1205.618661
demand_62 2 17 496.333464
demand_63 2 18 4.138939
demand_64 2 19 259.360329
demand_65 2 20 97.543350
demand_66 2 21 130.024945
demand_67 2 22 479.558627
demand_68 2 23 55.777427
demand_69 3 0 100.858482
demand_70 3 1 59.254129
demand_71 3 2 343.259850
demand_72 3 4 294.273273
demand_73 3 5 500.675496
demand_74 3 6 114.511733
demand_75 3 7 440.396868
demand_76 3 8 431.505451
demand_77 3 9 797.182431
demand_78 3 10 335.350893
demand_79 3 11 685.112956
demand_80 3 12 651.147118
demand_81 3 13 63.813674
demand_82 3 14 123.793942
demand_83 3 15 66.251338
demand_84 3 16 1707.547960
demand_85 3 17 702.969539
demand_86 3 18 5.862083
demand_87 3 19 367.338541
demand_88 3 20 138.153095
demand_89 3 21 184.157592
demand_90 3 22 679.210917
demand_91 3 23 78.998970
demand_92 4 0 238.937433
demand_93 4 1 140.375199
demand_94 4 2 813.195144
demand_95 4 3 3050.465606
demand_96 4 5 1186.118568
demand_97 4 6 271.282485
demand_98 4 7 1043.316293
demand_99 4 8 1022.252200
demand_100 4 9 1888.554345
demand_101 4 10 794.458534
demand_102 4 11 1623.057658
demand_103 4 12 1542.591345
demand_104 4 13 151.176928
demand_105 4 14 293.272379
demand_106 4 15 156.951844
demand_107 4 16 4045.243590
demand_108 4 17 1665.360557
demand_109 4 18 13.887489
demand_110 4 19 870.238444
demand_111 4 20 327.289736
demand_112 4 21 436.276074
demand_113 4 22 1609.075511
demand_114 4 23 187.151450
demand_115 5 0 20.972366
demand_116 5 1 12.321217
demand_117 5 2 71.376953
demand_118 5 3 267.749926
demand_119 5 4 61.190755
demand_120 5 6 23.811403
demand_121 5 7 91.575483
demand_122 5 8 89.726614
demand_123 5 9 165.764953
demand_124 5 10 69.732376
demand_125 5 11 142.461389
demand_126 5 12 135.398582
demand_127 5 13 13.269322
demand_128 5 14 25.741532
demand_129 5 15 13.776207
demand_130 5 16 355.065034
demand_131 5 17 146.174461
demand_132 5 18 1.218953
demand_133 5 19 76.383841
demand_134 5 20 28.727353
demand_135 5 21 38.293461
demand_136 5 22 141.234128
demand_137 5 23 16.426931
demand_138 6 0 175.698613
demand_139 6 1 103.222536
demand_140 6 2 597.969339
demand_141 6 3 2243.108455
demand_142 6 4 512.633197
demand_143 6 5 872.192292
demand_144 6 7 767.185047
demand_145 6 8 751.695921
demand_146 6 9 1388.716598
demand_147 6 10 584.191689
demand_148 6 11 1193.488085
demand_149 6 12 1134.318539
demand_150 6 13 111.165405
demand_151 6 14 215.652899
demand_152 6 15 115.411892
demand_153 6 16 2974.601674
demand_154 6 17 1224.594809
demand_155 6 18 10.211931
demand_156 6 19 639.915168
demand_157 6 20 240.666990
demand_158 6 21 320.808256
demand_159 6 22 1183.206549
demand_160 6 23 137.618664
demand_161 7 0 91.874428
demand_162 7 1 53.976018
demand_163 7 2 312.683692
demand_164 7 3 1172.942136
demand_165 7 4 268.060635
demand_166 7 5 456.077408
demand_167 7 6 104.311505
demand_168 7 8 393.068742
demand_169 7 9 726.172740
demand_170 7 10 305.479232
demand_171 7 11 624.085947
demand_172 7 12 593.145644
demand_173 7 13 58.129417
demand_174 7 14 112.766894
demand_175 7 15 60.349945
demand_176 7 16 1555.446698
demand_177 7 17 640.351940
demand_178 7 18 5.339913
demand_179 7 19 334.617554
demand_180 7 20 125.846992
demand_181 7 21 167.753601
demand_182 7 22 618.709637
demand_183 7 23 71.962071
demand_184 8 0 16.271565
demand_185 8 1 9.559507
demand_186 8 2 55.378336
demand_187 8 3 207.735759
demand_188 8 4 47.475300
demand_189 8 5 80.774306
demand_190 8 6 18.474253
demand_191 8 7 71.049515
demand_192 8 9 128.609963
demand_193 8 10 54.102379
demand_194 8 11 110.529722
demand_195 8 12 105.049991
demand_196 8 13 10.295102
demand_197 8 14 19.971758
demand_198 8 15 10.688372
demand_199 8 16 275.479830
demand_200 8 17 113.410536
demand_201 8 18 0.945734
demand_202 8 19 59.262967
demand_203 8 20 22.288329
demand_204 8 21 29.710265
demand_205 8 22 109.577542
demand_206 8 23 12.744956
demand_207 9 0 15.315846
demand_208 9 1 8.998025
demand_209 9 2 52.125660
demand_210 9 3 195.534289
demand_211 9 4 44.686813
demand_212 9 5 76.029984
demand_213 9 6 17.389158
demand_214 9 7 66.876384
demand_215 9 8 65.526180
demand_216 9 10 50.924647
demand_217 9 11 104.037700
demand_218 9 12 98.879824
demand_219 9 13 9.690414
demand_220 9 14 18.798706
demand_221 9 15 10.060585
demand_222 9 16 259.299377
demand_223 9 17 106.749308
demand_224 9 18 0.890186
demand_225 9 19 55.782126
demand_226 9 20 20.979212
demand_227 9 21 27.965217
demand_228 9 22 103.141447
demand_229 9 23 11.996374
demand_230 10 0 40.365334
demand_231 10 1 23.714542
demand_232 10 2 137.378616
demand_233 10 3 515.336013
demand_234 10 4 117.773328
demand_235 10 5 200.379120
demand_236 10 6 45.829605
demand_237 10 7 176.254555
demand_238 10 8 172.696054
demand_239 10 9 319.046399
demand_240 10 11 274.194228
demand_241 10 12 260.600504
demand_242 10 13 25.539352
demand_243 10 14 49.544508
demand_244 10 15 26.514948
demand_245 10 16 683.390660
demand_246 10 17 281.340746
demand_247 10 18 2.346108
demand_248 10 19 147.015331
demand_249 10 20 55.291293
demand_250 10 21 73.703100
demand_251 10 22 271.832129
demand_252 10 23 31.616774
demand_253 11 0 3.086038
demand_254 11 1 1.813041
demand_255 11 2 10.502965
demand_256 11 3 39.398825
demand_257 11 4 9.004088
demand_258 11 5 15.319523
demand_259 11 6 3.503797
demand_260 11 7 13.475135
demand_261 11 8 13.203078
demand_262 11 9 24.391956
demand_263 11 10 10.260969
demand_264 11 12 19.923610
demand_265 11 13 1.952552
demand_266 11 14 3.787811
demand_267 11 15 2.027139
demand_268 11 16 52.247055
demand_269 11 17 21.509257
demand_270 11 18 0.179366
demand_271 11 19 11.239718
demand_272 11 20 4.227168
demand_273 11 21 5.634800
demand_274 11 22 20.782298
demand_275 11 23 2.417187
demand_276 12 0 7.165081
demand_277 12 1 4.209469
demand_278 12 2 24.385500
demand_279 12 3 91.475129
demand_280 12 4 20.905448
demand_281 12 5 35.568455
demand_282 12 6 8.135020
demand_283 12 7 31.286205
demand_284 12 8 30.654550
demand_285 12 9 56.632585
demand_286 12 10 23.823641
demand_287 12 11 48.671064
demand_288 12 13 4.533383
demand_289 12 14 8.794437
demand_290 12 15 4.706557
demand_291 12 16 121.305802
demand_292 12 17 49.939613
demand_293 12 18 0.416448
demand_294 12 19 26.096073
demand_295 12 20 9.814525
demand_296 12 21 13.082727
demand_297 12 22 48.251778
demand_298 12 23 5.612161
demand_299 13 0 15.244276
demand_300 13 1 8.955978
demand_301 13 2 51.882082
demand_302 13 3 194.620577
demand_303 13 4 44.477996
demand_304 13 5 75.674703
demand_305 13 6 17.307900
demand_306 13 7 66.563877
demand_307 13 8 65.219982
demand_308 13 9 120.490306
demand_309 13 10 50.686681
demand_310 13 11 103.551542
demand_311 13 12 98.417768
demand_312 13 14 18.710861
demand_313 13 15 10.013572
demand_314 13 16 258.087696
demand_315 13 17 106.250479
demand_316 13 18 0.886026
demand_317 13 19 55.521461
demand_318 13 20 20.881179
demand_319 13 21 27.834538
demand_320 13 22 102.659477
demand_321 13 23 11.940316
demand_322 14 0 20.520287
demand_323 14 1 12.055622
demand_324 14 2 69.838355
demand_325 14 3 261.978324
demand_326 14 4 59.871731
demand_327 14 5 101.865549
demand_328 14 6 23.298126
demand_329 14 7 89.601487
demand_330 14 8 87.792473
demand_331 14 9 162.191733
demand_332 14 10 68.229229
demand_333 14 11 139.390500
demand_334 14 12 132.479938
demand_335 14 13 12.983290
demand_336 14 15 13.479248
demand_337 14 16 347.411272
demand_338 14 17 143.023533
demand_339 14 18 1.192677
demand_340 14 19 74.737315
demand_341 14 20 28.108108
demand_342 14 21 37.468010
demand_343 14 22 138.189693
demand_344 14 23 16.072833
demand_345 15 0 268.560879
demand_346 15 1 157.778907
demand_347 15 2 914.015021
demand_348 15 3 3428.662119
demand_349 15 4 783.576032
demand_350 15 5 1333.173465
demand_351 15 6 304.916068
demand_352 15 7 1172.666575
demand_353 15 8 1148.990956
demand_354 15 9 2122.697181
demand_355 15 10 892.955447
demand_356 15 11 1824.284233
demand_357 15 12 1733.841712
demand_358 15 13 169.919833
demand_359 15 14 329.632268
demand_360 15 16 4546.772608
demand_361 15 17 1871.831843
demand_362 15 18 15.609259
demand_363 15 19 978.130545
demand_364 15 20 367.867095
demand_365 15 21 490.365551
demand_366 15 22 1808.568581
demand_367 15 23 210.354474
demand_368 16 0 48.893859
demand_369 16 1 28.725031
demand_370 16 2 166.404435
demand_371 16 3 624.217951
demand_372 16 4 142.656875
demand_373 16 5 242.715899
demand_374 16 6 55.512639
demand_375 16 7 213.494215
demand_376 16 8 209.183861
demand_377 16 9 386.455602
demand_378 16 10 162.570355
demand_379 16 11 332.126913
demand_380 16 12 315.661061
demand_381 16 13 30.935393
demand_382 16 14 60.012440
demand_383 16 15 32.117116
demand_384 16 17 340.783372
demand_385 16 18 2.841802
demand_386 16 19 178.077228
demand_387 16 20 66.973425
demand_388 16 21 89.275341
demand_389 16 22 329.265741
demand_390 16 23 38.296873
demand_391 17 0 463.504998
demand_392 17 1 272.308134
demand_393 17 2 1577.484150
demand_394 17 3 5917.474032
demand_395 17 4 1352.361551
demand_396 17 5 2300.903118
demand_397 17 6 526.249847
demand_398 17 7 2023.886800
demand_399 17 8 1983.025422
demand_400 17 9 3663.529683
demand_401 17 10 1541.137764
demand_402 17 11 3148.503469
demand_403 17 12 2992.410145
demand_404 17 13 293.261967
demand_405 17 14 568.907147
demand_406 17 15 304.464492
demand_407 17 16 7847.203340
demand_408 17 18 26.939774
demand_409 17 19 1688.140126
demand_410 17 20 634.896034
demand_411 17 21 846.314193
demand_412 17 22 3121.380071
demand_413 17 23 363.047479
demand_414 18 0 428.773971
demand_415 18 1 251.903734
demand_416 18 2 1459.281229
demand_417 18 3 5474.070072
demand_418 18 4 1251.027356
demand_419 18 5 2128.493480
demand_420 18 6 486.817268
demand_421 18 7 1872.234352
demand_422 18 8 1834.434770
demand_423 18 9 3389.016680
demand_424 18 10 1425.658324
demand_425 18 11 2912.582044
demand_426 18 12 2768.184994
demand_427 18 13 271.287470
demand_428 18 14 526.278201
demand_429 18 15 281.650575
demand_430 18 16 7259.202275
demand_431 18 17 2988.494729
demand_432 18 19 1561.645610
demand_433 18 20 587.322455
demand_434 18 21 782.898779
demand_435 18 22 2887.491038
demand_436 18 23 335.843863
demand_437 19 0 2.638746
demand_438 19 1 1.550257
demand_439 19 2 8.980659
demand_440 19 3 33.688335
demand_441 19 4 7.699030
demand_442 19 5 13.099102
demand_443 19 6 2.995954
demand_444 19 7 11.522041
demand_445 19 8 11.289416
demand_446 19 9 20.856570
demand_447 19 10 8.773738
demand_448 19 11 17.924513
demand_449 19 12 17.035869
demand_450 19 13 1.669548
demand_451 19 14 3.238803
demand_452 19 15 1.733324
demand_453 19 16 44.674334
demand_454 19 17 18.391692
demand_455 19 18 0.153369
demand_456 19 20 3.614480
demand_457 19 21 4.818089
demand_458 19 22 17.770098
demand_459 19 23 2.066839
demand_460 20 0 431.372915
demand_461 20 1 253.430608
demand_462 20 2 1468.126425
demand_463 20 3 5507.250259
demand_464 20 4 1258.610255
demand_465 20 5 2141.394998
demand_466 20 6 489.768032
demand_467 20 7 1883.582597
demand_468 20 8 1845.553899
demand_469 20 9 3409.558654
demand_470 20 10 1434.299721
demand_471 20 11 2930.236187
demand_472 20 12 2784.963898
demand_473 20 13 272.931835
demand_474 20 14 529.468151
demand_475 20 15 283.357754
demand_476 20 16 7303.202752
demand_477 20 17 3006.609005
demand_478 20 18 25.072198
demand_479 20 19 1571.111271
demand_480 20 21 787.644193
demand_481 20 22 2904.993096
demand_482 20 23 337.879526
demand_483 21 0 1226.418118
demand_484 21 1 720.517860
demand_485 21 2 4173.968244
demand_486 21 3 15657.430654
demand_487 21 4 3578.301668
demand_488 21 5 6088.109693
demand_489 21 6 1392.438809
demand_490 21 7 5355.134142
demand_491 21 8 5247.016356
demand_492 21 9 9693.572233
demand_493 21 10 4077.796968
demand_494 21 11 8330.830767
demand_495 21 12 7917.813255
demand_496 21 13 775.960975
demand_497 21 14 1505.308542
demand_498 21 15 805.602465
demand_499 21 16 20763.427347
demand_500 21 17 8547.963101
demand_501 21 18 71.281706
demand_502 21 19 4466.760111
demand_503 21 20 1679.912843
demand_504 21 22 8259.063200
demand_505 21 23 960.611012
demand_506 22 0 108.030831
demand_507 22 1 63.467868
demand_508 22 2 367.670090
demand_509 22 3 1379.207651
demand_510 22 4 315.199929
demand_511 22 5 536.280036
demand_512 22 6 122.655006
demand_513 22 7 471.714813
demand_514 22 8 462.191100
demand_515 22 9 853.872470
demand_516 22 10 359.198703
demand_517 22 11 733.833397
demand_518 22 12 697.452147
demand_519 22 13 68.351656
demand_520 22 14 132.597302
demand_521 22 15 70.962670
demand_522 22 16 1828.976828
demand_523 22 17 752.959816
demand_524 22 18 6.278953
demand_525 22 19 393.461089
demand_526 22 20 147.977577
demand_527 22 21 197.253592
demand_528 22 23 84.616824
demand_529 23 0 21.107825
demand_530 23 1 12.400799
demand_531 23 2 71.837972
demand_532 23 3 269.479304
demand_533 23 4 61.585982
demand_534 23 5 104.782170
demand_535 23 6 23.965199
demand_536 23 7 92.166962
demand_537 23 8 90.306152
demand_538 23 9 166.835617
demand_539 23 10 70.182772
demand_540 23 11 143.381537
demand_541 23 12 136.273112
demand_542 23 13 13.355028
demand_543 23 14 25.907795
demand_544 23 15 13.865186
demand_545 23 16 357.358374
demand_546 23 17 147.118592
demand_547 23 18 1.226826
demand_548 23 19 76.877199
demand_549 23 20 28.912901
demand_550 23 21 38.540796
demand_551 23 22 142.146349
