DEMANDS 552
label src dest bw
demand_0 0 1 36.250197
demand_1 0 2 867.293624
demand_2 0 3 2842.637931
demand_3 0 4 686.452609
demand_4 0 5 1208.111608
demand_5 0 6 454.196267
demand_6 0 7 1160.109354
demand_7 0 8 1014.070423
demand_8 0 9 2637.636192
demand_9 0 10 708.210933
demand_10 0 11 2377.628952
demand_11 0 12 1510.608556
demand_12 0 13 113.642169
demand_13 0 14 612.918680
demand_14 0 15 289.152910
demand_15 0 16 4788.037078
demand_16 0 17 2505.278936
demand_17 0 18 35.042521
demand_18 0 19 1003.652570
demand_19 0 20 622.908264
demand_20 0 21 671.834688
demand_21 0 22 2351.878115
demand_22 0 23 339.663393
demand_23 1 0 533.514730
demand_24 1 2 1097.160557
demand_25 1 3 3596.048826
demand_26 1 4 868.389559
demand_27 1 5 1528.308717
demand_28 1 6 574.576148
demand_29 1 7 1467.583978
demand_30 1 8 1282.838984
demand_31 1 9 3336.713560
demand_32 1 10 895.914694
demand_33 1 11 3007.794172
demand_34 1 12 1910.979258
demand_35 1 13 143.761815
demand_36 1 14 775.366245
demand_37 1 15 365.789808
demand_38 1 16 6057.055288
demand_39 1 17 3169.276423
demand_40 1 18 44.330167
demand_41 1 19 1269.659990
demand_42 1 20 788.003462
demand_43 1 21 849.897314
demand_44 1 22 2975.218350
demand_45 1 23 429.687556
demand_46 2 0 153.687779
demand_47 2 1 13.210137
demand_48 2 3 1035.901594
demand_49 2 4 250.154036
demand_50 2 5 440.254711
demand_51 2 6 165.516203
demand_52 2 7 422.761941
demand_53 2 8 369.543077
demand_54 2 9 961.195763
demand_55 2 10 258.083109
demand_56 2 11 866.445070
demand_57 2 12 550.489316
demand_58 2 13 41.412979
demand_59 2 14 223.357126
demand_60 2 15 105.371830
demand_61 2 16 1744.835382
demand_62 2 17 912.962715
demand_63 2 18 12.770041
demand_64 2 19 365.746649
demand_65 2 20 226.997486
demand_66 2 21 244.827038
demand_67 2 22 857.061063
demand_68 2 23 123.778637
demand_69 3 0 283.741498
demand_70 3 1 24.388823
demand_71 3 2 583.507750
demand_72 3 4 461.839459
demand_73 3 5 812.807182
demand_74 3 6 305.579373
demand_75 3 7 780.511675
demand_76 3 8 682.257929
demand_77 3 9 1774.579125
demand_78 3 10 476.478273
demand_79 3 11 1599.648473
demand_80 3 12 1016.324548
demand_81 3 13 76.457482
demand_82 3 14 412.366458
demand_83 3 15 194.539611
demand_84 3 16 3221.350494
demand_85 3 17 1685.530293
demand_86 3 18 23.576309
demand_87 3 19 675.248886
demand_88 3 20 419.087365
demand_89 3 21 452.004646
demand_90 3 22 1582.323529
demand_91 3 23 228.522632
demand_92 4 0 434.057140
demand_93 4 1 37.309110
demand_94 4 2 892.628352
demand_95 4 3 2925.674930
demand_96 4 5 1243.402055
demand_97 4 6 467.463906
demand_98 4 7 1193.997595
demand_99 4 8 1043.692685
demand_100 4 9 2714.684834
demand_101 4 10 728.898657
demand_102 4 11 2447.082459
demand_103 4 12 1554.735316
demand_104 4 13 116.961798
demand_105 4 14 630.822799
demand_106 4 15 297.599427
demand_107 4 16 4927.901612
demand_108 4 17 2578.461258
demand_109 4 18 36.066156
demand_110 4 19 1032.970514
demand_111 4 20 641.104191
demand_112 4 21 691.459817
demand_113 4 22 2420.579408
demand_114 4 23 349.585384
demand_115 5 0 95.491956
demand_116 5 1 8.207951
demand_117 5 2 196.376974
demand_118 5 3 643.644343
demand_119 5 4 155.430044
demand_120 5 6 102.841398
demand_121 5 7 262.677781
demand_122 5 8 229.610913
demand_123 5 9 597.226821
demand_124 5 10 160.356673
demand_125 5 11 538.354677
demand_126 5 12 342.039569
demand_127 5 13 25.731430
demand_128 5 14 138.780123
demand_129 5 15 65.471453
demand_130 5 16 1084.131379
demand_131 5 17 567.257827
demand_132 5 18 7.934503
demand_133 5 19 227.252051
demand_134 5 20 141.042014
demand_135 5 21 152.120181
demand_136 5 22 532.524043
demand_137 5 23 76.908290
demand_138 6 0 365.952184
demand_139 6 1 31.455191
demand_140 6 2 752.572103
demand_141 6 3 2466.627159
demand_142 6 4 595.651888
demand_143 6 5 1048.308288
demand_144 6 7 1006.655547
demand_145 6 8 879.933958
demand_146 6 9 2288.742085
demand_147 6 10 614.532122
demand_148 6 11 2063.127380
demand_149 6 12 1310.792363
demand_150 6 13 98.610117
demand_151 6 14 531.844680
demand_152 6 15 250.905123
demand_153 6 16 4154.698058
demand_154 6 17 2173.892424
demand_155 6 18 30.407261
demand_156 6 19 870.894130
demand_157 6 20 540.512889
demand_158 6 21 582.967556
demand_159 6 22 2040.782742
demand_160 6 23 294.734317
demand_161 7 0 212.038381
demand_162 7 1 18.225626
demand_163 7 2 436.051969
demand_164 7 3 1429.202097
demand_165 7 4 345.129958
demand_166 7 5 607.406109
demand_167 7 6 228.357699
demand_168 7 8 509.847406
demand_169 7 9 1326.132722
demand_170 7 10 356.069459
demand_171 7 11 1195.408057
demand_172 7 12 759.493460
demand_173 7 13 57.136234
demand_174 7 14 308.159070
demand_175 7 15 145.378326
demand_176 7 16 2407.296602
demand_177 7 17 1259.587044
demand_178 7 18 17.618439
demand_179 7 19 504.609589
demand_180 7 20 313.181565
demand_181 7 21 337.780459
demand_182 7 22 1182.461227
demand_183 7 23 170.773642
demand_184 8 0 63.297578
demand_185 8 1 5.440704
demand_186 8 2 130.169988
demand_187 8 3 426.644606
demand_188 8 4 103.028001
demand_189 8 5 181.322530
demand_190 8 6 68.169212
demand_191 8 7 174.117988
demand_192 8 9 395.876394
demand_193 8 10 106.293654
demand_194 8 11 356.852540
demand_195 8 12 226.723560
demand_196 8 13 17.056276
demand_197 8 14 91.991472
demand_198 8 15 43.398256
demand_199 8 16 718.624827
demand_200 8 17 376.011215
demand_201 8 18 5.259447
demand_202 8 19 150.635771
demand_203 8 20 93.490785
demand_204 8 21 100.834033
demand_205 8 22 352.987660
demand_206 8 23 50.979252
demand_207 9 0 38.291462
demand_208 9 1 3.291319
demand_209 9 2 78.745496
demand_210 9 3 258.095905
demand_211 9 4 62.326125
demand_212 9 5 109.689896
demand_213 9 6 41.238525
demand_214 9 7 105.331555
demand_215 9 8 92.072023
demand_216 9 10 64.301661
demand_217 9 11 215.875645
demand_218 9 12 137.154957
demand_219 9 13 10.318085
demand_220 9 14 55.649648
demand_221 9 15 26.253495
demand_222 9 16 434.727458
demand_223 9 17 227.465562
demand_224 9 18 3.181668
demand_225 9 19 91.126139
demand_226 9 20 56.556648
demand_227 9 21 60.998898
demand_228 9 22 213.537610
demand_229 9 23 30.839570
demand_230 10 0 104.648942
demand_231 10 1 8.995034
demand_232 10 2 215.208101
demand_233 10 3 705.365165
demand_234 10 4 170.334657
demand_235 10 5 299.777835
demand_236 10 6 112.703141
demand_237 10 7 287.866674
demand_238 10 8 251.628934
demand_239 10 9 654.496539
demand_240 10 11 589.978984
demand_241 10 12 374.838681
demand_242 10 13 28.198887
demand_243 10 14 152.088129
demand_244 10 15 71.749690
demand_245 10 16 1188.091711
demand_246 10 17 621.653736
demand_247 10 18 8.695365
demand_248 10 19 249.043873
demand_249 10 20 154.566920
demand_250 10 21 166.707402
demand_251 10 22 583.589235
demand_252 10 23 84.283236
demand_253 11 0 19.634044
demand_254 11 1 1.687632
demand_255 11 2 40.376952
demand_256 11 3 132.339328
demand_257 11 4 31.957878
demand_258 11 5 56.243772
demand_259 11 6 21.145158
demand_260 11 7 54.009021
demand_261 11 8 47.210162
demand_262 11 9 122.795449
demand_263 11 10 32.970840
demand_264 11 12 70.326551
demand_265 11 13 5.290624
demand_266 11 14 28.534498
demand_267 11 15 13.461546
demand_268 11 16 222.907604
demand_269 11 17 116.633542
demand_270 11 18 1.631408
demand_271 11 19 46.725158
demand_272 11 20 28.999564
demand_273 11 21 31.277339
demand_274 11 22 109.491950
demand_275 11 23 15.813067
demand_276 12 0 26.926059
demand_277 12 1 2.314413
demand_278 12 2 55.372809
demand_279 12 3 181.489687
demand_280 12 4 43.826921
demand_281 12 5 77.132509
demand_282 12 6 28.998395
demand_283 12 7 74.067781
demand_284 12 8 64.743850
demand_285 12 9 168.401245
demand_286 12 10 45.216093
demand_287 12 11 151.800948
demand_288 12 13 7.255543
demand_289 12 14 39.132110
demand_290 12 15 18.461117
demand_291 12 16 305.694700
demand_292 12 17 159.950827
demand_293 12 18 2.237308
demand_294 12 19 64.078717
demand_295 12 20 39.769900
demand_296 12 21 42.893633
demand_297 12 22 150.156873
demand_298 12 23 21.685985
demand_299 13 0 35.871693
demand_300 13 1 3.083329
demand_301 13 2 73.769297
demand_302 13 3 241.785937
demand_303 13 4 58.387523
demand_304 13 5 102.758214
demand_305 13 6 38.632521
demand_306 13 7 98.675292
demand_307 13 8 86.253675
demand_308 13 9 224.349127
demand_309 13 10 60.238218
demand_310 13 11 202.233720
demand_311 13 12 128.487663
demand_312 13 14 52.132956
demand_313 13 15 24.594447
demand_314 13 16 407.255535
demand_315 13 17 213.091231
demand_316 13 18 2.980608
demand_317 13 19 85.367565
demand_318 13 20 52.982639
demand_319 13 21 57.144168
demand_320 13 22 200.043434
demand_321 13 23 28.890711
demand_322 14 0 81.648699
demand_323 14 1 7.018063
demand_324 14 2 167.908638
demand_325 14 3 550.336647
demand_326 14 4 132.897694
demand_327 14 5 233.891233
demand_328 14 6 87.932708
demand_329 14 7 224.597964
demand_330 14 8 196.324727
demand_331 14 9 510.648170
demand_332 14 10 137.110121
demand_333 14 11 460.310591
demand_334 14 12 292.454849
demand_335 14 13 22.001202
demand_336 14 15 55.980201
demand_337 14 16 926.967251
demand_338 14 17 485.023715
demand_339 14 18 6.784256
demand_340 14 19 194.307824
demand_341 14 20 120.595466
demand_342 14 21 130.067655
demand_343 14 22 455.325211
demand_344 14 23 65.759065
demand_345 15 0 446.699738
demand_346 15 1 38.395797
demand_347 15 2 918.627558
demand_348 15 3 3010.889817
demand_349 15 4 727.082809
demand_350 15 5 1279.618096
demand_351 15 6 481.079528
demand_352 15 7 1228.774654
demand_353 15 8 1074.091877
demand_354 15 9 2793.754302
demand_355 15 10 750.128978
demand_356 15 11 2518.357587
demand_357 15 12 1600.019429
demand_358 15 13 120.368495
demand_359 15 14 649.196505
demand_360 15 16 5071.434502
demand_361 15 17 2653.563000
demand_362 15 18 37.116640
demand_363 15 19 1063.057406
demand_364 15 20 659.777359
demand_365 15 21 711.599673
demand_366 15 22 2491.082593
demand_367 15 23 359.767608
demand_368 16 0 141.803299
demand_369 16 1 12.188614
demand_370 16 2 291.615167
demand_371 16 3 955.796643
demand_372 16 4 230.809943
demand_373 16 5 406.210375
demand_374 16 6 152.717046
demand_375 16 7 390.070299
demand_376 16 8 340.966782
demand_377 16 9 886.867719
demand_378 16 10 238.125871
demand_379 16 11 799.443977
demand_380 16 12 507.920679
demand_381 16 13 38.210566
demand_382 16 14 206.085204
demand_383 16 15 97.223560
demand_384 16 17 842.364471
demand_385 16 18 11.782550
demand_386 16 19 337.463927
demand_387 16 20 209.444059
demand_388 16 21 225.894875
demand_389 16 22 790.785623
demand_390 16 23 114.206993
demand_391 17 0 620.480905
demand_392 17 1 53.333048
demand_393 17 2 1276.004463
demand_394 17 3 4182.226857
demand_395 17 4 1009.942387
demand_396 17 5 1777.432419
demand_397 17 6 668.235587
demand_398 17 7 1706.809174
demand_399 17 8 1491.949612
demand_400 17 9 3880.618351
demand_401 17 10 1041.954288
demand_402 17 11 3498.083084
demand_403 17 12 2222.480607
demand_404 17 13 167.195873
demand_405 17 14 901.755702
demand_406 17 15 425.415792
demand_407 17 16 7044.392478
demand_408 17 18 51.556257
demand_409 17 19 1476.622362
demand_410 17 20 916.452863
demand_411 17 21 988.435793
demand_412 17 22 3460.197203
demand_413 17 23 499.729265
demand_414 18 0 548.583750
demand_415 18 1 47.153173
demand_416 18 2 1128.149645
demand_417 18 3 3697.618530
demand_418 18 4 892.917054
demand_419 18 5 1571.475501
demand_420 18 6 590.804940
demand_421 18 7 1509.035603
demand_422 18 8 1319.072523
demand_423 18 9 3430.958389
demand_424 18 10 921.219631
demand_425 18 11 3092.748737
demand_426 18 12 1964.954498
demand_427 18 13 147.822339
demand_428 18 14 797.266315
demand_429 18 15 376.121470
demand_430 18 16 6228.135643
demand_431 18 17 3258.792023
demand_432 18 19 1305.521291
demand_433 18 20 810.260467
demand_434 18 21 873.902499
demand_435 18 22 3059.252817
demand_436 18 23 441.823997
demand_437 19 0 13.846536
demand_438 19 1 1.190170
demand_439 19 2 28.475077
demand_440 19 3 93.329792
demand_441 19 4 22.537685
demand_442 19 5 39.664849
demand_443 19 6 14.912220
demand_444 19 7 38.088834
demand_445 19 8 33.294068
demand_446 19 9 86.599153
demand_447 19 10 23.252057
demand_448 19 11 78.062567
demand_449 19 12 49.596461
demand_450 19 13 3.731112
demand_451 19 14 20.123411
demand_452 19 15 9.493499
demand_453 19 16 157.201344
demand_454 19 17 82.253585
demand_455 19 18 1.150520
demand_456 19 20 20.451391
demand_457 19 21 22.057748
demand_458 19 22 77.217113
demand_459 19 23 11.151865
demand_460 20 0 610.286262
demand_461 20 1 52.456774
demand_462 20 2 1255.039416
demand_463 20 3 4113.511909
demand_464 20 4 993.348802
demand_465 20 5 1748.228796
demand_466 20 6 657.256323
demand_467 20 7 1678.765907
demand_468 20 8 1467.436537
demand_469 20 9 3816.858899
demand_470 20 10 1024.834740
demand_471 20 11 3440.608775
demand_472 20 12 2185.964740
demand_473 20 13 164.448806
demand_474 20 14 886.939649
demand_475 20 15 418.426112
demand_476 20 16 6928.651490
demand_477 20 17 3625.327948
demand_478 20 18 50.709176
demand_479 20 19 1452.361117
demand_480 20 21 972.195565
demand_481 20 22 3403.345368
demand_482 20 23 491.518598
demand_483 21 0 672.079408
demand_484 21 1 57.768165
demand_485 21 2 1382.115577
demand_486 21 3 4530.016198
demand_487 21 4 1093.928075
demand_488 21 5 1925.241724
demand_489 21 6 723.805316
demand_490 21 7 1848.745529
demand_491 21 8 1616.018485
demand_492 21 9 4203.326263
demand_493 21 10 1128.602050
demand_494 21 11 3788.979788
demand_495 21 12 2407.299626
demand_496 21 13 181.099696
demand_497 21 14 976.744705
demand_498 21 15 460.792896
demand_499 21 16 7630.196332
demand_500 21 17 3992.402280
demand_501 21 18 55.843618
demand_502 21 19 1599.416637
demand_503 21 20 992.664065
demand_504 21 22 3747.943359
demand_505 21 23 541.286195
demand_506 22 0 338.926717
demand_507 22 1 29.132234
demand_508 22 2 696.994863
demand_509 22 3 2284.467431
demand_510 22 4 551.663162
demand_511 22 5 970.891013
demand_512 22 6 365.011867
demand_513 22 7 932.314315
demand_514 22 8 814.951081
demand_515 22 9 2119.719120
demand_516 22 10 569.149096
demand_517 22 11 1910.765998
demand_518 22 12 1213.990713
demand_519 22 13 91.327788
demand_520 22 14 492.568099
demand_521 22 15 232.375850
demand_522 22 16 3847.874765
demand_523 22 17 2013.351075
demand_524 22 18 28.161693
demand_525 22 19 806.578842
demand_526 22 20 500.596163
demand_527 22 21 539.915565
demand_528 22 23 272.968270
demand_529 23 0 101.962396
demand_530 23 1 8.764114
demand_531 23 2 209.683281
demand_532 23 3 687.257039
demand_533 23 4 165.961828
demand_534 23 5 292.081942
demand_535 23 6 109.809828
demand_536 23 7 280.476564
demand_537 23 8 245.169119
demand_538 23 9 637.694312
demand_539 23 10 171.222280
demand_540 23 11 574.833051
demand_541 23 12 365.215827
demand_542 23 13 27.474966
demand_543 23 14 148.183725
demand_544 23 15 69.907733
demand_545 23 16 1157.591035
demand_546 23 17 605.694649
demand_547 23 18 8.472137
demand_548 23 19 242.650422
demand_549 23 20 150.598880
demand_550 23 21 162.427692
demand_551 23 22 568.607339
