DEMANDS 552
label src dest bw
demand_0 0 1 64.554767
demand_1 0 2 1062.910248
demand_2 0 3 2342.398302
demand_3 0 4 627.001688
demand_4 0 5 1099.150324
demand_5 0 6 175.972064
demand_6 0 7 1082.888886
demand_7 0 8 1082.768083
demand_8 0 9 1611.097104
demand_9 0 10 866.481839
demand_10 0 11 1336.478409
demand_11 0 12 1137.260904
demand_12 0 13 68.365717
demand_13 0 14 179.254829
demand_14 0 15 74.539277
demand_15 0 16 2342.515246
demand_16 0 17 1528.244715
demand_17 0 18 20.567390
demand_18 0 19 1077.030970
demand_19 0 20 324.614854
demand_20 0 21 505.690473
demand_21 0 22 1211.109601
demand_22 0 23 124.255020
demand_23 1 0 268.007381
demand_24 1 2 1794.376534
demand_25 1 3 3954.373903
demand_26 1 4 1058.487410
demand_27 1 5 1855.556056
demand_28 1 6 297.071313
demand_29 1 7 1828.103934
demand_30 1 8 1827.899997
demand_31 1 9 2719.810861
demand_32 1 10 1462.771369
demand_33 1 11 2256.206956
demand_34 1 12 1919.893314
demand_35 1 13 115.413168
demand_36 1 14 302.613188
demand_37 1 15 125.835205
demand_38 1 16 3954.571325
demand_39 1 17 2579.941683
demand_40 1 18 34.721316
demand_41 1 19 1818.214757
demand_42 1 20 548.006079
demand_43 1 21 853.693076
demand_44 1 22 2044.562702
demand_45 1 23 209.763988
demand_46 2 0 89.887167
demand_47 2 1 36.550746
demand_48 2 3 1326.259987
demand_49 2 4 355.006768
demand_50 2 5 622.336130
demand_51 2 6 99.634937
demand_52 2 7 613.128945
demand_53 2 8 613.060547
demand_54 2 9 912.199101
demand_55 2 10 490.599823
demand_56 2 11 756.710691
demand_57 2 12 643.914244
demand_58 2 13 38.708496
demand_59 2 14 101.493630
demand_60 2 15 42.203950
demand_61 2 16 1326.326201
demand_62 2 17 865.288288
demand_63 2 18 11.645204
demand_64 2 19 609.812208
demand_65 2 20 183.796109
demand_66 2 21 286.320665
demand_67 2 22 685.727189
demand_68 2 23 70.352878
demand_69 3 0 102.656523
demand_70 3 1 41.743139
demand_71 3 2 687.311127
demand_72 3 4 405.438971
demand_73 3 5 710.745098
demand_74 3 6 113.789060
demand_75 3 7 700.229941
demand_76 3 8 700.151826
demand_77 3 9 1041.785954
demand_78 3 10 560.294353
demand_79 3 11 864.208886
demand_80 3 12 735.388595
demand_81 3 13 44.207419
demand_82 3 14 115.911799
demand_83 3 15 48.199436
demand_84 3 16 1514.743881
demand_85 3 17 988.210998
demand_86 3 18 13.299520
demand_87 3 19 696.442029
demand_88 3 20 209.906153
demand_89 3 21 326.995332
demand_90 3 22 783.141480
demand_91 3 23 80.347196
demand_92 4 0 217.201056
demand_93 4 1 88.320289
demand_94 4 2 1454.215460
demand_95 4 3 3204.740787
demand_96 4 5 1503.797143
demand_97 4 6 240.755320
demand_98 4 7 1481.549136
demand_99 4 8 1481.383859
demand_100 4 9 2204.214627
demand_101 4 10 1185.472893
demand_102 4 11 1828.496402
demand_103 4 12 1555.937946
demand_104 4 13 93.534222
demand_105 4 14 245.246618
demand_106 4 15 101.980547
demand_107 4 16 3204.900783
demand_108 4 17 2090.860536
demand_109 4 18 28.139175
demand_110 4 19 1473.534657
demand_111 4 20 444.120226
demand_112 4 21 691.857949
demand_113 4 22 1656.973681
demand_114 4 23 169.998898
demand_115 5 0 46.739144
demand_116 5 1 19.005500
demand_117 5 2 312.930276
demand_118 5 3 689.622994
demand_119 5 4 184.594900
demand_120 5 6 51.807748
demand_121 5 7 318.812166
demand_122 5 8 318.776600
demand_123 5 9 474.321386
demand_124 5 10 255.099997
demand_125 5 11 393.471188
demand_126 5 12 334.819774
demand_127 5 13 20.127478
demand_128 5 14 52.774224
demand_129 5 15 21.945029
demand_130 5 16 689.657423
demand_131 5 17 449.928902
demand_132 5 18 6.055224
demand_133 5 19 317.087543
demand_134 5 20 95.569514
demand_135 5 21 148.879795
demand_136 5 22 356.561490
demand_137 5 23 36.581788
demand_138 6 0 122.978780
demand_139 6 1 50.006762
demand_140 6 2 823.373732
demand_141 6 3 1814.517486
demand_142 6 4 485.701140
demand_143 6 5 851.446776
demand_144 6 7 838.850001
demand_145 6 8 838.756422
demand_146 6 9 1248.021681
demand_147 6 10 671.212256
demand_148 6 11 1035.290813
demand_149 6 12 880.968789
demand_150 6 13 52.958880
demand_151 6 14 138.858119
demand_152 6 15 57.741171
demand_153 6 16 1814.608075
demand_154 6 17 1183.840833
demand_155 6 18 15.932341
demand_156 6 19 834.312220
demand_157 6 20 251.459937
demand_158 6 21 391.728514
demand_159 6 22 938.175009
demand_160 6 23 96.253018
demand_161 7 0 100.304870
demand_162 7 1 40.786888
demand_163 7 2 671.566220
demand_164 7 3 1479.970277
demand_165 7 4 396.151184
demand_166 7 5 694.463366
demand_167 7 6 111.182383
demand_168 7 8 684.112765
demand_169 7 9 1017.920746
demand_170 7 10 547.459143
demand_171 7 11 844.411610
demand_172 7 12 718.542330
demand_173 7 13 43.194716
demand_174 7 14 113.256494
demand_175 7 15 47.095284
demand_176 7 16 1480.044164
demand_177 7 17 965.573084
demand_178 7 18 12.994855
demand_179 7 19 680.487952
demand_180 7 20 205.097628
demand_181 7 21 319.504530
demand_182 7 22 765.201294
demand_183 7 23 78.506604
demand_184 8 0 26.918318
demand_185 8 1 10.945774
demand_186 8 2 180.224879
demand_187 8 3 397.172246
demand_188 8 4 106.313119
demand_189 8 5 186.369672
demand_190 8 6 29.837462
demand_191 8 7 183.612416
demand_192 8 9 273.174316
demand_193 8 10 146.918881
demand_194 8 11 226.610535
demand_195 8 12 192.831623
demand_196 8 13 11.591951
demand_197 8 14 30.394081
demand_198 8 15 12.638727
demand_199 8 16 397.192075
demand_200 8 17 259.126035
demand_201 8 18 3.487364
demand_202 8 19 182.619159
demand_203 8 20 55.041028
demand_204 8 21 85.743838
demand_205 8 22 205.353257
demand_206 8 23 21.068426
demand_207 9 0 23.252967
demand_208 9 1 9.455335
demand_209 9 2 155.684437
demand_210 9 3 343.091021
demand_211 9 4 91.836922
demand_212 9 5 160.992520
demand_213 9 6 25.774624
demand_214 9 7 158.610708
demand_215 9 8 158.593014
demand_216 9 10 126.913573
demand_217 9 11 195.753959
demand_218 9 12 166.574576
demand_219 9 13 10.013525
demand_220 9 14 26.255450
demand_221 9 15 10.917766
demand_222 9 16 343.108150
demand_223 9 17 223.841965
demand_224 9 18 3.012505
demand_225 9 19 157.752699
demand_226 9 20 47.546330
demand_227 9 21 74.068471
demand_228 9 22 177.391193
demand_229 9 23 18.199630
demand_230 10 0 70.053065
demand_231 10 1 28.485621
demand_232 10 2 469.022814
demand_233 10 3 1033.613370
demand_234 10 4 276.672557
demand_235 10 5 485.014213
demand_236 10 6 77.649936
demand_237 10 7 477.838645
demand_238 10 8 477.785339
demand_239 10 9 710.917313
demand_240 10 11 589.738282
demand_241 10 12 501.830997
demand_242 10 13 30.167252
demand_243 10 14 79.098498
demand_244 10 15 32.891414
demand_245 10 16 1033.664972
demand_246 10 17 674.357631
demand_247 10 18 9.075625
demand_248 10 19 475.253764
demand_249 10 20 143.240478
demand_250 10 21 223.142424
demand_251 10 22 534.417684
demand_252 10 23 54.829125
demand_253 11 0 5.404166
demand_254 11 1 2.197492
demand_255 11 2 36.182243
demand_256 11 3 79.736954
demand_257 11 4 21.343597
demand_258 11 5 37.415882
demand_259 11 6 5.990218
demand_260 11 7 36.862331
demand_261 11 8 36.858219
demand_262 11 9 54.842926
demand_263 11 10 29.495677
demand_264 11 12 38.713194
demand_265 11 13 2.327219
demand_266 11 14 6.101966
demand_267 11 15 2.537372
demand_268 11 16 79.740935
demand_269 11 17 52.022570
demand_270 11 18 0.700129
demand_271 11 19 36.662923
demand_272 11 20 11.050127
demand_273 11 21 17.214074
demand_274 11 22 41.227058
demand_275 11 23 4.229732
demand_276 12 0 8.429710
demand_277 12 1 3.427766
demand_278 12 2 56.439022
demand_279 12 3 124.378017
demand_280 12 4 33.292898
demand_281 12 5 58.363318
demand_282 12 6 9.343866
demand_283 12 7 57.499859
demand_284 12 8 57.493445
demand_285 12 9 85.546964
demand_286 12 10 46.008953
demand_287 12 11 70.965102
demand_288 12 13 3.630122
demand_289 12 14 9.518176
demand_290 12 15 3.957930
demand_291 12 16 124.384227
demand_292 12 17 81.147620
demand_293 12 18 1.092099
demand_294 12 19 57.188812
demand_295 12 20 17.236587
demand_296 12 21 26.851445
demand_297 12 22 64.308197
demand_298 12 23 6.597765
demand_299 13 0 18.774013
demand_300 13 1 7.634062
demand_301 13 2 125.696716
demand_302 13 3 277.005302
demand_303 13 4 74.147421
demand_304 13 5 129.982363
demand_305 13 6 20.809951
demand_306 13 7 128.059332
demand_307 13 8 128.045047
demand_308 13 9 190.523721
demand_309 13 10 102.467656
demand_310 13 11 158.048102
demand_311 13 12 134.489211
demand_312 13 14 21.198162
demand_313 13 15 8.814801
demand_314 13 16 277.019132
demand_315 13 17 180.725835
demand_316 13 18 2.432241
demand_317 13 19 127.366592
demand_318 13 20 38.388021
demand_319 13 21 59.801504
demand_320 13 22 143.222346
demand_321 13 23 14.694042
demand_322 14 0 33.589216
demand_323 14 1 13.658356
demand_324 14 2 224.888213
demand_325 14 3 495.599482
demand_326 14 4 132.659639
demand_327 14 5 232.555809
demand_328 14 6 37.231782
demand_329 14 7 229.115249
demand_330 14 8 229.089690
demand_331 14 9 340.872383
demand_332 14 10 183.328322
demand_333 14 11 282.769163
demand_334 14 12 240.619161
demand_335 14 13 14.464668
demand_336 14 15 15.770856
demand_337 14 16 495.624225
demand_338 14 17 323.342656
demand_339 14 18 4.351603
demand_340 14 19 227.875844
demand_341 14 20 68.681297
demand_342 14 21 106.992878
demand_343 14 22 256.243906
demand_344 14 23 26.289604
demand_345 15 0 230.537763
demand_346 15 1 93.743384
demand_347 15 2 1543.508057
demand_348 15 3 3401.520174
demand_349 15 4 910.502236
demand_350 15 5 1596.134183
demand_351 15 6 255.538320
demand_352 15 7 1572.520091
demand_353 15 8 1572.344666
demand_354 15 9 2339.559116
demand_355 15 10 1258.263999
demand_356 15 11 1940.770818
demand_357 15 12 1651.476567
demand_358 15 13 99.277465
demand_359 15 14 260.305396
demand_360 15 16 3401.689994
demand_361 15 17 2219.244789
demand_362 15 18 29.866993
demand_363 15 19 1564.013502
demand_364 15 20 471.390359
demand_365 15 21 734.339820
demand_366 15 22 1758.716157
demand_367 15 23 180.437271
demand_368 16 0 72.673683
demand_369 16 1 29.551241
demand_370 16 2 486.568507
demand_371 16 3 1072.279852
demand_372 16 4 287.022611
demand_373 16 5 503.158129
demand_374 16 6 80.554746
demand_375 16 7 495.714129
demand_376 16 8 495.658829
demand_377 16 9 737.512046
demand_378 16 10 396.649459
demand_379 16 11 611.799825
demand_380 16 12 520.604012
demand_381 16 13 31.295780
demand_382 16 14 82.057497
demand_383 16 15 34.121850
demand_384 16 17 699.584701
demand_385 16 18 9.415136
demand_386 16 19 493.032551
demand_387 16 20 148.598967
demand_388 16 21 231.489967
demand_389 16 22 554.409736
demand_390 16 23 56.880230
demand_391 17 0 497.195268
demand_392 17 1 202.174109
demand_393 17 2 3328.846831
demand_394 17 3 7335.977031
demand_395 17 4 1963.658348
demand_396 17 5 3442.344336
demand_397 17 6 551.113370
demand_398 17 7 3391.416390
demand_399 17 8 3391.038055
demand_400 17 9 5045.671070
demand_401 17 10 2713.667809
demand_402 17 11 4185.613908
demand_403 17 12 3561.699930
demand_404 17 13 214.109330
demand_405 17 14 561.394408
demand_406 17 15 233.443826
demand_407 17 16 7336.343278
demand_408 17 18 64.413428
demand_409 17 19 3373.070433
demand_410 17 20 1016.636288
demand_411 17 21 1583.733088
demand_412 17 22 3792.980983
demand_413 17 23 389.144738
demand_414 18 0 290.290588
demand_415 18 1 118.040626
demand_416 18 2 1943.568179
demand_417 18 3 4283.156374
demand_418 18 4 1146.494289
demand_419 18 5 2009.834412
demand_420 18 6 321.771011
demand_421 18 7 1980.099810
demand_422 18 8 1979.878917
demand_423 18 9 2945.946820
demand_424 18 10 1584.392035
demand_425 18 11 2443.797031
demand_426 18 12 2079.520927
demand_427 18 13 125.009080
demand_428 18 14 327.773659
demand_429 18 15 136.297647
demand_430 18 16 4283.370210
demand_431 18 17 2794.448358
demand_432 18 19 1969.388408
demand_433 18 20 593.569497
demand_434 18 21 924.672534
demand_435 18 22 2214.555826
demand_436 18 23 227.204605
demand_437 19 0 1.121016
demand_438 19 1 0.455838
demand_439 19 2 7.505484
demand_440 19 3 16.540280
demand_441 19 4 4.427421
demand_442 19 5 7.761385
demand_443 19 6 1.242584
demand_444 19 7 7.646558
demand_445 19 8 7.645705
demand_446 19 9 11.376373
demand_447 19 10 6.118452
demand_448 19 11 9.437220
demand_449 19 12 8.030493
demand_450 19 13 0.482748
demand_451 19 14 1.265765
demand_452 19 15 0.526341
demand_453 19 16 16.541106
demand_454 19 17 10.791331
demand_455 19 18 0.145232
demand_456 19 20 2.292189
demand_457 19 21 3.570811
demand_458 19 22 8.551958
demand_459 19 23 0.877397
demand_460 20 0 417.096836
demand_461 20 1 169.603748
demand_462 20 2 2792.567768
demand_463 20 3 6154.147080
demand_464 20 4 1647.311904
demand_465 20 5 2887.780762
demand_466 20 6 462.328702
demand_467 20 7 2845.057337
demand_468 20 8 2844.739952
demand_469 20 9 4232.810674
demand_470 20 10 2276.494427
demand_471 20 11 3511.309196
demand_472 20 12 2987.908104
demand_473 20 13 179.616199
demand_474 20 14 470.953459
demand_475 20 15 195.835896
demand_476 20 16 6154.454325
demand_477 20 17 4015.133864
demand_478 20 18 54.036389
demand_479 20 19 2829.666923
demand_480 20 21 1328.592813
demand_481 20 22 3181.929652
demand_482 20 23 326.453306
demand_483 21 0 518.477371
demand_484 21 1 210.828033
demand_485 21 2 3471.335837
demand_486 21 3 7649.988497
demand_487 21 4 2047.711398
demand_488 21 5 3589.691525
demand_489 21 6 574.703400
demand_490 21 7 3536.583643
demand_491 21 8 3536.189114
demand_492 21 9 5261.647560
demand_493 21 10 2829.824499
demand_494 21 11 4364.776241
demand_495 21 12 3714.156053
demand_496 21 13 223.274133
demand_497 21 14 585.424511
demand_498 21 15 243.436229
demand_499 21 16 7650.370422
demand_500 21 17 4991.061715
demand_501 21 18 67.170600
demand_502 21 19 3517.452400
demand_503 21 20 1060.152708
demand_504 21 22 3955.336934
demand_505 21 23 405.801811
demand_506 22 0 113.523240
demand_507 22 1 46.161863
demand_508 22 2 760.066523
demand_509 22 3 1675.003640
demand_510 22 4 448.356758
demand_511 22 5 785.981099
demand_512 22 6 125.834214
demand_513 22 7 774.352860
demand_514 22 8 774.266476
demand_515 22 9 1152.064322
demand_516 22 10 619.604374
demand_517 22 11 955.689815
demand_518 22 12 813.233237
demand_519 22 13 48.887000
demand_520 22 14 128.181655
demand_521 22 15 53.301592
demand_522 22 16 1675.087264
demand_523 22 17 1092.818184
demand_524 22 18 14.707342
demand_525 22 19 770.163978
demand_526 22 20 232.125793
demand_527 22 21 361.609459
demand_528 22 23 88.852357
demand_529 23 0 53.344203
demand_530 23 1 21.691310
demand_531 23 2 357.152797
demand_532 23 3 787.078785
demand_533 23 4 210.681389
demand_534 23 5 369.329973
demand_535 23 6 59.129089
demand_536 23 7 363.865901
demand_537 23 8 363.825309
demand_538 23 9 541.351294
demand_539 23 10 291.150089
demand_540 23 11 449.075548
demand_541 23 12 382.135664
demand_542 23 13 22.971843
demand_543 23 14 60.232144
demand_544 23 15 25.046246
demand_545 23 16 787.118080
demand_546 23 17 513.511725
demand_547 23 18 6.910933
demand_548 23 19 361.897559
demand_549 23 20 109.075158
demand_550 23 21 169.919114
demand_551 23 22 406.949865
