DEMANDS 552
label src dest bw
demand_0 0 1 66.644730
demand_1 0 2 799.595437
demand_2 0 3 2912.423538
demand_3 0 4 460.849619
demand_4 0 5 1016.916209
demand_5 0 6 247.142912
demand_6 0 7 944.304524
demand_7 0 8 814.181508
demand_8 0 9 1925.986015
demand_9 0 10 734.893067
demand_10 0 11 1557.809810
demand_11 0 12 1342.635154
demand_12 0 13 156.379711
demand_13 0 14 250.992307
demand_14 0 15 185.316683
demand_15 0 16 3907.006872
demand_16 0 17 1715.024643
demand_17 0 18 13.085365
demand_18 0 19 813.611288
demand_19 0 20 267.943735
demand_20 0 21 371.366316
demand_21 0 22 1528.417301
demand_22 0 23 200.942441
demand_23 1 0 298.596814
demand_24 1 2 976.973080
demand_25 1 3 3558.498789
demand_26 1 4 563.081842
demand_27 1 5 1242.503040
demand_28 1 6 301.967671
demand_29 1 7 1153.783596
demand_30 1 8 994.794841
demand_31 1 9 2353.235651
demand_32 1 10 897.917509
demand_33 1 11 1903.385359
demand_34 1 12 1640.477598
demand_35 1 13 191.070085
demand_36 1 14 306.670993
demand_37 1 15 226.426268
demand_38 1 16 4773.714758
demand_39 1 17 2095.475825
demand_40 1 18 15.988147
demand_41 1 19 994.098127
demand_42 1 20 327.382829
demand_43 1 21 453.748079
demand_44 1 22 1867.472586
demand_45 1 23 245.518354
demand_46 2 0 126.474637
demand_47 2 1 34.490253
demand_48 2 3 1507.249308
demand_49 2 4 238.500774
demand_50 2 5 526.278624
demand_51 2 6 127.902408
demand_52 2 7 488.700329
demand_53 2 8 421.358535
demand_54 2 9 996.744138
demand_55 2 10 380.324857
demand_56 2 11 806.204087
demand_57 2 12 694.846021
demand_58 2 13 80.930266
demand_59 2 14 129.894562
demand_60 2 15 95.905846
demand_61 2 16 2021.970132
demand_62 2 17 887.566548
demand_63 2 18 6.771991
demand_64 2 19 421.063432
demand_65 2 20 138.667335
demand_66 2 21 192.191010
demand_67 2 22 790.992756
demand_68 2 23 103.992552
demand_69 3 0 144.489373
demand_70 3 1 39.402959
demand_71 3 2 472.751956
demand_72 3 4 272.472239
demand_73 3 5 601.240459
demand_74 3 6 146.120513
demand_75 3 7 558.309603
demand_76 3 8 481.375809
demand_77 3 9 1138.717924
demand_78 3 10 434.497396
demand_79 3 11 921.037816
demand_80 3 12 793.818181
demand_81 3 13 92.457774
demand_82 3 14 148.396425
demand_83 3 15 109.566439
demand_84 3 16 2309.974590
demand_85 3 17 1013.989347
demand_86 3 18 7.736577
demand_87 3 19 481.038673
demand_88 3 20 158.418769
demand_89 3 21 219.566226
demand_90 3 22 903.659820
demand_91 3 23 118.804995
demand_92 4 0 248.577644
demand_93 4 1 67.788340
demand_94 4 2 813.316336
demand_95 4 3 2962.400147
demand_96 4 5 1034.366289
demand_97 4 6 251.383835
demand_98 4 7 960.508602
demand_99 4 8 828.152701
demand_100 4 9 1959.035552
demand_101 4 10 747.503686
demand_102 4 11 1584.541517
demand_103 4 12 1365.674507
demand_104 4 13 159.063156
demand_105 4 14 255.299285
demand_106 4 15 188.496680
demand_107 4 16 3974.050334
demand_108 4 17 1744.454125
demand_109 4 18 13.309907
demand_110 4 19 827.572696
demand_111 4 20 272.541596
demand_112 4 21 377.738888
demand_113 4 22 1554.644638
demand_114 4 23 204.390574
demand_115 5 0 95.629846
demand_116 5 1 26.078727
demand_117 5 2 312.889425
demand_118 5 3 1139.659486
demand_119 5 4 180.334911
demand_120 5 6 96.709411
demand_121 5 7 369.515489
demand_122 5 8 318.597095
demand_123 5 9 753.656947
demand_124 5 10 287.570762
demand_125 5 11 609.586039
demand_126 5 12 525.386116
demand_127 5 13 61.192893
demand_128 5 14 98.215716
demand_129 5 15 72.516210
demand_130 5 16 1528.849560
demand_131 5 17 671.105723
demand_132 5 18 5.120430
demand_133 5 19 318.373963
demand_134 5 20 104.848974
demand_135 5 21 145.319230
demand_136 5 22 598.084466
demand_137 5 23 78.630720
demand_138 6 0 226.802719
demand_139 6 1 61.850212
demand_140 6 2 742.071383
demand_141 6 3 2702.899570
demand_142 6 4 427.695429
demand_143 6 5 943.757784
demand_144 6 7 876.369888
demand_145 6 8 755.608111
demand_146 6 9 1787.427791
demand_147 6 10 682.023795
demand_148 6 11 1445.738716
demand_149 6 12 1246.044037
demand_150 6 13 145.129528
demand_151 6 14 232.935556
demand_152 6 15 171.984732
demand_153 6 16 3625.931139
demand_154 6 17 1591.643286
demand_155 6 18 12.143985
demand_156 6 19 755.078914
demand_157 6 20 248.667475
demand_158 6 21 344.649685
demand_159 6 22 1418.460747
demand_160 6 23 186.486351
demand_161 7 0 143.219935
demand_162 7 1 39.056778
demand_163 7 2 468.598508
demand_164 7 3 1706.809797
demand_165 7 4 270.078384
demand_166 7 5 595.958152
demand_167 7 6 144.836744
demand_168 7 8 477.146595
demand_169 7 9 1128.713512
demand_170 7 10 430.680040
demand_171 7 11 912.945871
demand_172 7 12 786.843948
demand_173 7 13 91.645469
demand_174 7 14 147.092661
demand_175 7 15 108.603823
demand_176 7 16 2289.679890
demand_177 7 17 1005.080760
demand_178 7 18 7.668606
demand_179 7 19 476.812421
demand_180 7 20 157.026952
demand_181 7 21 217.637187
demand_182 7 22 895.720553
demand_183 7 23 117.761213
demand_184 8 0 88.491536
demand_185 8 1 24.132075
demand_186 8 2 289.533727
demand_187 8 3 1054.589361
demand_188 8 4 166.873773
demand_189 8 5 368.225638
demand_190 8 6 89.490516
demand_191 8 7 341.932927
demand_192 8 9 697.400064
demand_193 8 10 266.104981
demand_194 8 11 564.083359
demand_195 8 12 486.168557
demand_196 8 13 56.625136
demand_197 8 14 90.884383
demand_198 8 15 67.103222
demand_199 8 16 1414.728259
demand_200 8 17 621.010893
demand_201 8 18 4.738214
demand_202 8 19 294.608870
demand_203 8 20 97.022500
demand_204 8 21 134.471845
demand_205 8 22 553.440324
demand_206 8 23 72.761313
demand_207 9 0 75.150418
demand_208 9 1 20.493887
demand_209 9 2 245.883184
demand_210 9 3 895.597874
demand_211 9 4 141.715631
demand_212 9 5 312.711384
demand_213 9 6 75.998791
demand_214 9 7 290.382602
demand_215 9 8 250.368540
demand_216 9 10 225.986592
demand_217 9 11 479.041299
demand_218 9 12 412.873051
demand_219 9 13 48.088245
demand_220 9 14 77.182516
demand_221 9 15 56.986639
demand_222 9 16 1201.441688
demand_223 9 17 527.386352
demand_224 9 18 4.023874
demand_225 9 19 250.193192
demand_226 9 20 82.395241
demand_227 9 21 114.198666
demand_228 9 22 470.002824
demand_229 9 23 61.791707
demand_230 10 0 112.736067
demand_231 10 1 30.743677
demand_232 10 2 368.858936
demand_233 10 3 1343.521233
demand_234 10 4 212.593134
demand_235 10 5 469.110520
demand_236 10 6 114.008744
demand_237 10 7 435.614244
demand_238 10 8 375.587592
demand_239 10 9 888.470743
demand_240 10 11 718.628499
demand_241 10 12 619.366934
demand_242 10 13 72.139048
demand_243 10 14 115.784497
demand_244 10 15 85.487875
demand_245 10 16 1802.329442
demand_246 10 17 791.152795
demand_247 10 18 6.036370
demand_248 10 19 375.324546
demand_249 10 20 123.604309
demand_250 10 21 171.313864
demand_251 10 22 705.069531
demand_252 10 23 92.696146
demand_253 11 0 38.316531
demand_254 11 1 10.449106
demand_255 11 2 125.367109
demand_256 11 3 456.633570
demand_257 11 4 72.255770
demand_258 11 5 159.440436
demand_259 11 6 38.749086
demand_260 11 7 148.055782
demand_261 11 8 127.654032
demand_262 11 9 301.971831
demand_263 11 10 115.222542
demand_264 11 12 210.509315
demand_265 11 13 24.518489
demand_266 11 14 39.352626
demand_267 11 15 29.055464
demand_268 11 16 612.572475
demand_269 11 17 268.895583
demand_270 11 18 2.051630
demand_271 11 19 127.564629
demand_272 11 20 42.010409
demand_273 11 21 58.225847
demand_274 11 22 239.637758
demand_275 11 23 31.505399
demand_276 12 0 51.656399
demand_277 12 1 14.086953
demand_278 12 2 169.013562
demand_279 12 3 615.610163
demand_280 12 4 97.411556
demand_281 12 5 214.949490
demand_282 12 6 52.239548
demand_283 12 7 199.601279
demand_284 12 8 172.096676
demand_285 12 9 407.103071
demand_286 12 10 155.337174
demand_287 12 11 329.280250
demand_288 12 13 33.054581
demand_289 12 14 53.053209
demand_290 12 15 39.171100
demand_291 12 16 825.839067
demand_292 12 17 362.511354
demand_293 12 18 2.765904
demand_294 12 19 171.976147
demand_295 12 20 56.636298
demand_296 12 21 78.497126
demand_297 12 22 323.067443
demand_298 12 23 42.473977
demand_299 13 0 72.161576
demand_300 13 1 19.678815
demand_301 13 2 236.104051
demand_302 13 3 859.978637
demand_303 13 4 136.079393
demand_304 13 5 300.274395
demand_305 13 6 72.976208
demand_306 13 7 278.833661
demand_307 13 8 240.411017
demand_308 13 9 568.703970
demand_309 13 10 216.998774
demand_310 13 11 459.989126
demand_311 13 12 396.452485
demand_312 13 14 74.112854
demand_313 13 15 54.720197
demand_314 13 16 1153.658595
demand_315 13 17 506.411425
demand_316 13 18 3.863839
demand_317 13 19 240.242643
demand_318 13 20 79.118262
demand_319 13 21 109.656818
demand_320 13 22 451.310124
demand_321 13 23 59.334161
demand_322 14 0 93.835051
demand_323 14 1 25.589278
demand_324 14 2 307.017070
demand_325 14 3 1118.270190
demand_326 14 4 176.950359
demand_327 14 5 390.460751
demand_328 14 6 94.894354
demand_329 14 7 362.580368
demand_330 14 8 312.617618
demand_331 14 9 739.512203
demand_332 14 10 282.173592
demand_333 14 11 598.145239
demand_334 14 12 515.525592
demand_335 14 13 60.044415
demand_336 14 15 71.155215
demand_337 14 16 1500.155888
demand_338 14 17 658.510312
demand_339 14 18 5.024329
demand_340 14 19 312.398674
demand_341 14 20 102.881153
demand_342 14 21 142.591857
demand_343 14 22 586.859529
demand_344 14 23 77.154967
demand_345 15 0 249.484544
demand_346 15 1 68.035657
demand_347 15 2 816.283605
demand_348 15 3 2973.208043
demand_349 15 4 470.467902
demand_350 15 5 1038.140028
demand_351 15 6 252.300974
demand_352 15 7 964.012881
demand_353 15 8 831.174098
demand_354 15 9 1966.182815
demand_355 15 10 750.230847
demand_356 15 11 1590.322491
demand_357 15 12 1370.656976
demand_358 15 13 159.643475
demand_359 15 14 256.230708
demand_360 15 16 3988.549092
demand_361 15 17 1750.818518
demand_362 15 18 13.358467
demand_363 15 19 830.591978
demand_364 15 20 273.535926
demand_365 15 21 379.117015
demand_366 15 22 1560.316538
demand_367 15 23 205.136263
demand_368 16 0 121.194135
demand_369 16 1 33.050234
demand_370 16 2 396.532721
demand_371 16 3 1444.319437
demand_372 16 4 228.543017
demand_373 16 5 504.305719
demand_374 16 6 122.562295
demand_375 16 7 468.296372
demand_376 16 8 403.766197
demand_377 16 9 955.128607
demand_378 16 10 364.445736
demand_379 16 11 772.543882
demand_380 16 12 665.835180
demand_381 16 13 77.551308
demand_382 16 14 124.471274
demand_383 16 15 91.901636
demand_384 16 17 850.509342
demand_385 16 18 6.489251
demand_386 16 19 403.483416
demand_387 16 20 132.877770
demand_388 16 21 184.166754
demand_389 16 22 757.967647
demand_390 16 23 99.650710
demand_391 17 0 585.133786
demand_392 17 1 159.568848
demand_393 17 2 1914.487801
demand_394 17 3 6973.275580
demand_395 17 4 1103.421720
demand_396 17 5 2434.823396
demand_397 17 6 591.739358
demand_398 17 7 2260.967744
demand_399 17 8 1949.411531
demand_400 17 9 4611.427930
demand_401 17 10 1759.569586
demand_402 17 11 3729.896069
demand_403 17 12 3214.698966
demand_404 17 13 374.423158
demand_405 17 14 600.956042
demand_406 17 15 443.707546
demand_407 17 16 9354.626915
demand_408 17 18 31.330558
demand_409 17 19 1948.046242
demand_410 17 20 641.543196
demand_411 17 21 889.170008
demand_412 17 22 3659.520981
demand_413 17 23 481.120620
demand_414 18 0 351.070447
demand_415 18 1 95.738629
demand_416 18 2 1148.660535
demand_417 18 3 4183.848260
demand_418 18 4 662.034505
demand_419 18 5 1460.853155
demand_420 18 6 355.033679
demand_421 18 7 1356.542682
demand_422 18 8 1169.614186
demand_423 18 9 2766.779327
demand_424 18 10 1055.712206
demand_425 18 11 2237.875013
demand_426 18 12 1928.765401
demand_427 18 13 224.647608
demand_428 18 14 360.563535
demand_429 18 15 266.217077
demand_430 18 16 5612.619075
demand_431 18 17 2463.722318
demand_432 18 19 1168.795036
demand_433 18 20 384.915146
demand_434 18 21 533.487075
demand_435 18 22 2195.651141
demand_436 18 23 288.664293
demand_437 19 0 24.368483
demand_438 19 1 6.645405
demand_439 19 2 79.730764
demand_440 19 3 290.409054
demand_441 19 4 45.953104
demand_442 19 5 101.400662
demand_443 19 6 24.643579
demand_444 19 7 94.160269
demand_445 19 8 81.185198
demand_446 19 9 192.047540
demand_447 19 10 73.279040
demand_448 19 11 155.335262
demand_449 19 12 133.879362
demand_450 19 13 15.593228
demand_451 19 14 25.027417
demand_452 19 15 18.478646
demand_453 19 16 389.582818
demand_454 19 17 171.011763
demand_455 19 18 1.304793
demand_456 19 20 26.717710
demand_457 19 21 37.030377
demand_458 19 22 152.404421
demand_459 19 23 20.036751
demand_460 20 0 517.505831
demand_461 20 1 141.126374
demand_462 20 2 1693.217217
demand_463 20 3 6167.325937
demand_464 20 4 975.891648
demand_465 20 5 2153.414032
demand_466 20 6 523.347952
demand_467 20 7 1999.652079
demand_468 20 8 1724.104570
demand_469 20 9 4078.453340
demand_470 20 10 1556.203970
demand_471 20 11 3298.806208
demand_472 20 12 2843.153993
demand_473 20 13 331.148487
demand_474 20 14 531.499400
demand_475 20 15 392.425199
demand_476 20 16 8273.448044
demand_477 20 17 3631.723143
demand_478 20 18 27.709469
demand_479 20 19 1722.897077
demand_480 20 21 786.402486
demand_481 20 22 3236.564854
demand_482 20 23 425.514185
demand_483 21 0 595.879100
demand_484 21 1 162.499148
demand_485 21 2 1949.645183
demand_486 21 3 7101.331821
demand_487 21 4 1123.684800
demand_488 21 5 2479.536147
demand_489 21 6 602.605975
demand_490 21 7 2302.487834
demand_491 21 8 1985.210247
demand_492 21 9 4696.111536
demand_493 21 10 1791.882071
demand_494 21 11 3798.391350
demand_495 21 12 3273.733240
demand_496 21 13 381.299012
demand_497 21 14 611.991913
demand_498 21 15 451.855728
demand_499 21 16 9526.413953
demand_500 21 17 4181.726632
demand_501 21 18 31.905908
demand_502 21 19 1983.819886
demand_503 21 20 653.324404
demand_504 21 22 3726.723904
demand_505 21 23 489.955851
demand_506 22 0 185.321214
demand_507 22 1 50.538002
demand_508 22 2 606.348858
demand_509 22 3 2208.547727
demand_510 22 4 349.471279
demand_511 22 5 771.147449
demand_512 22 6 187.413304
demand_513 22 7 716.084588
demand_514 22 8 617.409760
demand_515 22 9 1460.512861
demand_516 22 10 557.283785
demand_517 22 11 1181.317645
demand_518 22 12 1018.146495
demand_519 22 13 118.585793
demand_520 22 14 190.332375
demand_521 22 15 140.529265
demand_522 22 16 2962.759721
demand_523 22 17 1300.536728
demand_524 22 18 9.922888
demand_525 22 19 616.977352
demand_526 22 20 203.186975
demand_527 22 21 281.614340
demand_528 22 23 152.378583
demand_529 23 0 110.690168
demand_530 23 1 30.185751
demand_531 23 2 362.164999
demand_532 23 3 1319.139428
demand_533 23 4 208.735060
demand_534 23 5 460.597248
demand_535 23 6 111.939749
demand_536 23 7 427.708853
demand_537 23 8 368.771546
demand_538 23 9 872.347053
demand_539 23 10 332.859012
demand_540 23 11 705.587053
demand_541 23 12 608.126856
demand_542 23 13 70.829891
demand_543 23 14 113.683276
demand_544 23 15 83.936467
demand_545 23 16 1769.621329
demand_546 23 17 776.795201
demand_547 23 18 5.926824
demand_548 23 19 368.513273
demand_549 23 20 121.361176
demand_550 23 21 168.204914
demand_551 23 22 692.274149
