DEMANDS 552
label src dest bw
demand_0 0 1 62.043663
demand_1 0 2 749.837407
demand_2 0 3 4622.637914
demand_3 0 4 532.453276
demand_4 0 5 1035.119865
demand_5 0 6 300.041013
demand_6 0 7 908.668470
demand_7 0 8 886.383100
demand_8 0 9 2747.219719
demand_9 0 10 634.830552
demand_10 0 11 1698.143739
demand_11 0 12 1198.782164
demand_12 0 13 90.243898
demand_13 0 14 328.826502
demand_14 0 15 129.545465
demand_15 0 16 4724.018823
demand_16 0 17 2420.331287
demand_17 0 18 3.953869
demand_18 0 19 773.803195
demand_19 0 20 355.012136
demand_20 0 21 422.388725
demand_21 0 22 1423.456588
demand_22 0 23 205.643113
demand_23 1 0 335.380410
demand_24 1 2 914.837405
demand_25 1 3 5639.838761
demand_26 1 4 649.618396
demand_27 1 5 1262.895611
demand_28 1 6 366.064349
demand_29 1 7 1108.618878
demand_30 1 8 1081.429664
demand_31 1 9 3351.739103
demand_32 1 10 774.523556
demand_33 1 11 2071.816365
demand_34 1 12 1462.571423
demand_35 1 13 110.101861
demand_36 1 14 401.184018
demand_37 1 15 158.051646
demand_38 1 16 5763.528306
demand_39 1 17 2952.919623
demand_40 1 18 4.823909
demand_41 1 19 944.076809
demand_42 1 20 433.131741
demand_43 1 21 515.334393
demand_44 1 22 1736.684938
demand_45 1 23 250.894407
demand_46 2 0 178.206378
demand_47 2 1 40.221642
demand_48 2 3 2996.761909
demand_49 2 4 345.178603
demand_50 2 5 671.047103
demand_51 2 6 194.510471
demand_52 2 7 589.071242
demand_53 2 8 574.624092
demand_54 2 9 1780.966531
demand_55 2 10 411.547704
demand_56 2 11 1100.871963
demand_57 2 12 777.146035
demand_58 2 13 58.503279
demand_59 2 14 213.171517
demand_60 2 15 83.981683
demand_61 2 16 3062.485085
demand_62 2 17 1569.051426
demand_63 2 18 2.563213
demand_64 2 19 501.640834
demand_65 2 20 230.147130
demand_66 2 21 273.825998
demand_67 2 22 922.797883
demand_68 2 23 133.314237
demand_69 3 0 203.923609
demand_70 3 1 46.026087
demand_71 3 2 556.254747
demand_72 3 4 394.991847
demand_73 3 5 767.886921
demand_74 3 6 222.580571
demand_75 3 7 674.081000
demand_76 3 8 657.548960
demand_77 3 9 2037.980493
demand_78 3 10 470.938773
demand_79 3 11 1259.740453
demand_80 3 12 889.297150
demand_81 3 13 66.945976
demand_82 3 14 243.934619
demand_83 3 15 96.101207
demand_84 3 16 3504.436920
demand_85 3 17 1795.483600
demand_86 3 18 2.933114
demand_87 3 19 574.033379
demand_88 3 20 263.360009
demand_89 3 21 313.342240
demand_90 3 22 1055.968235
demand_91 3 23 152.553015
demand_92 4 0 304.020129
demand_93 4 1 68.618132
demand_94 4 2 829.294072
demand_95 4 3 5112.476624
demand_96 4 5 1144.806539
demand_97 4 6 331.834917
demand_98 4 7 1004.955698
demand_99 4 8 980.308855
demand_100 4 9 3038.329382
demand_101 4 10 702.100493
demand_102 4 11 1878.087865
demand_103 4 12 1325.811345
demand_104 4 13 99.806610
demand_105 4 14 363.670665
demand_106 4 15 143.272774
demand_107 4 16 5224.600381
demand_108 4 17 2676.802155
demand_109 4 18 4.372842
demand_110 4 19 855.799399
demand_111 4 20 392.631065
demand_112 4 21 467.147227
demand_113 4 22 1574.293438
demand_114 4 23 227.434124
demand_115 5 0 56.603361
demand_116 5 1 12.775525
demand_117 5 2 154.400406
demand_118 5 3 951.855914
demand_119 5 4 109.638438
demand_120 5 6 61.781999
demand_121 5 7 187.105604
demand_122 5 8 182.516782
demand_123 5 9 565.685088
demand_124 5 10 130.719132
demand_125 5 11 349.667915
demand_126 5 12 246.843450
demand_127 5 13 18.582288
demand_128 5 14 67.709273
demand_129 5 15 26.674946
demand_130 5 16 972.731444
demand_131 5 17 498.374887
demand_132 5 18 0.814149
demand_133 5 19 159.335246
demand_134 5 20 73.101205
demand_135 5 21 86.974843
demand_136 5 22 293.106576
demand_137 5 23 42.344353
demand_138 6 0 256.482682
demand_139 6 1 57.888807
demand_140 6 2 699.623307
demand_141 6 3 4313.075332
demand_142 6 4 496.796663
demand_143 6 5 965.801353
demand_144 6 7 847.817985
demand_145 6 8 827.024992
demand_146 6 9 2563.247613
demand_147 6 10 592.318076
demand_148 6 11 1584.424739
demand_149 6 12 1118.503737
demand_150 6 13 84.200567
demand_151 6 14 306.806092
demand_152 6 15 120.870239
demand_153 6 16 4407.667101
demand_154 6 17 2258.249806
demand_155 6 18 3.689092
demand_156 6 19 721.984186
demand_157 6 20 331.238162
demand_158 6 21 394.102766
demand_159 6 22 1328.132467
demand_160 6 23 191.871882
demand_161 7 0 200.680289
demand_162 7 1 45.294062
demand_163 7 2 547.407748
demand_164 7 3 3374.688676
demand_165 7 4 388.709667
demand_166 7 5 755.674001
demand_167 7 6 219.040520
demand_168 7 8 647.090918
demand_169 7 9 2005.567265
demand_170 7 10 463.448688
demand_171 7 11 1239.704808
demand_172 7 12 875.153250
demand_173 7 13 65.881228
demand_174 7 14 240.054941
demand_175 7 15 94.572757
demand_176 7 16 3448.700315
demand_177 7 17 1766.927183
demand_178 7 18 2.886464
demand_179 7 19 564.903618
demand_180 7 20 259.171378
demand_181 7 21 308.358663
demand_182 7 22 1039.173502
demand_183 7 23 150.126723
demand_184 8 0 30.534427
demand_185 8 1 6.891699
demand_186 8 2 83.290601
demand_187 8 3 513.474371
demand_188 8 4 59.143960
demand_189 8 5 114.979267
demand_190 8 6 33.328020
demand_191 8 7 100.933272
demand_192 8 9 305.156264
demand_193 8 10 70.515845
demand_194 8 11 188.626776
demand_195 8 12 133.158584
demand_196 8 13 10.024131
demand_197 8 14 36.525461
demand_198 8 15 14.389679
demand_199 8 16 524.735581
demand_200 8 17 268.846080
demand_201 8 18 0.439189
demand_202 8 19 85.952678
demand_203 8 20 39.434115
demand_204 8 21 46.918186
demand_205 8 22 158.115018
demand_206 8 23 22.842470
demand_207 9 0 30.443348
demand_208 9 1 6.871142
demand_209 9 2 83.042158
demand_210 9 3 511.942756
demand_211 9 4 58.967543
demand_212 9 5 114.636302
demand_213 9 6 33.228608
demand_214 9 7 100.632204
demand_215 9 8 98.164169
demand_216 9 10 70.305507
demand_217 9 11 188.064132
demand_218 9 12 132.761392
demand_219 9 13 9.994231
demand_220 9 14 36.416511
demand_221 9 15 14.346757
demand_222 9 16 523.170376
demand_223 9 17 268.044154
demand_224 9 18 0.437879
demand_225 9 19 85.696295
demand_226 9 20 39.316489
demand_227 9 21 46.778236
demand_228 9 22 157.643385
demand_229 9 23 22.774334
demand_230 10 0 130.191544
demand_231 10 1 29.384569
demand_232 10 2 355.131339
demand_233 10 3 2189.332748
demand_234 10 4 252.175796
demand_235 10 5 490.244285
demand_236 10 6 142.102762
demand_237 10 7 430.355497
demand_238 10 8 419.800898
demand_239 10 9 1301.113824
demand_240 10 11 804.259768
demand_241 10 12 567.756571
demand_242 10 13 42.740514
demand_243 10 14 155.735890
demand_244 10 15 61.354173
demand_245 10 16 2237.347874
demand_246 10 17 1146.295826
demand_247 10 18 1.872596
demand_248 10 19 366.481803
demand_249 10 20 168.137698
demand_250 10 21 200.048000
demand_251 10 22 674.164878
demand_252 10 23 97.394866
demand_253 11 0 5.796050
demand_254 11 1 1.308183
demand_255 11 2 15.810235
demand_256 11 3 97.467783
demand_257 11 4 11.226715
demand_258 11 5 21.825382
demand_259 11 6 6.326330
demand_260 11 7 19.159169
demand_261 11 8 18.689285
demand_262 11 9 57.924808
demand_263 11 10 13.385328
demand_264 11 12 25.276183
demand_265 11 13 1.902782
demand_266 11 14 6.933269
demand_267 11 15 2.731451
demand_268 11 16 99.605388
demand_269 11 17 51.032404
demand_270 11 18 0.083367
demand_271 11 19 16.315550
demand_272 11 20 7.485390
demand_273 11 21 8.906017
demand_274 11 22 30.013417
demand_275 11 23 4.335961
demand_276 12 0 25.088657
demand_277 12 1 5.662575
demand_278 12 2 68.435845
demand_279 12 3 421.896972
demand_280 12 4 48.595722
demand_281 12 5 94.472884
demand_282 12 6 27.384017
demand_283 12 7 82.931972
demand_284 12 8 80.898040
demand_285 12 9 250.732093
demand_286 12 10 57.939448
demand_287 12 11 154.985468
demand_288 12 13 8.236342
demand_289 12 14 30.011199
demand_290 12 15 11.823301
demand_291 12 16 431.149762
demand_292 12 17 220.897778
demand_293 12 18 0.360860
demand_294 12 19 70.623144
demand_295 12 20 32.401098
demand_296 12 21 38.550396
demand_297 12 22 129.915437
demand_298 12 23 18.768549
demand_299 13 0 30.225347
demand_300 13 1 6.821939
demand_301 13 2 82.447504
demand_302 13 3 508.276801
demand_303 13 4 58.545284
demand_304 13 5 113.815407
demand_305 13 6 32.990662
demand_306 13 7 99.911590
demand_307 13 8 97.461228
demand_308 13 9 302.067364
demand_309 13 10 69.802059
demand_310 13 11 186.717429
demand_311 13 12 131.810705
demand_312 13 14 36.155737
demand_313 13 15 14.244022
demand_314 13 16 519.424022
demand_315 13 17 266.124725
demand_316 13 18 0.434743
demand_317 13 19 85.082635
demand_318 13 20 39.034949
demand_319 13 21 46.443263
demand_320 13 22 156.514521
demand_321 13 23 22.611250
demand_322 14 0 40.230408
demand_323 14 1 9.080107
demand_324 14 2 109.738914
demand_325 14 3 676.524351
demand_326 14 4 77.924686
demand_327 14 5 151.490081
demand_328 14 6 43.911086
demand_329 14 7 132.983885
demand_330 14 8 129.722414
demand_331 14 9 402.056374
demand_332 14 10 92.907629
demand_333 14 11 248.523811
demand_334 14 12 175.442105
demand_335 14 13 13.207220
demand_336 14 15 18.959015
demand_337 14 16 691.361475
demand_338 14 17 354.216160
demand_339 14 18 0.578650
demand_340 14 19 113.246314
demand_341 14 20 51.956125
demand_342 14 21 61.816708
demand_343 14 22 208.323269
demand_344 14 23 30.095927
demand_345 15 0 308.841241
demand_346 15 1 69.706269
demand_347 15 2 842.444910
demand_348 15 3 5193.549619
demand_349 15 4 598.213090
demand_350 15 5 1162.960733
demand_351 15 6 337.097112
demand_352 15 7 1020.892156
demand_353 15 8 995.854467
demand_354 15 9 3086.510817
demand_355 15 10 713.234312
demand_356 15 11 1907.870340
demand_357 15 12 1346.835890
demand_358 15 13 101.389331
demand_359 15 14 369.437707
demand_360 15 16 5307.451420
demand_361 15 17 2719.250538
demand_362 15 18 4.442186
demand_363 15 19 869.370555
demand_364 15 20 398.857358
demand_365 15 21 474.555187
demand_366 15 22 1599.258380
demand_367 15 23 231.040745
demand_368 16 0 161.907067
demand_369 16 1 36.542845
demand_370 16 2 441.643687
demand_371 16 3 2722.668716
demand_372 16 4 313.607491
demand_373 16 5 609.671042
demand_374 16 6 176.719937
demand_375 16 7 535.192949
demand_376 16 8 522.067180
demand_377 16 9 1618.073776
demand_378 16 10 373.906267
demand_379 16 11 1000.182779
demand_380 16 12 706.065834
demand_381 16 13 53.152387
demand_382 16 14 193.674185
demand_383 16 15 76.300457
demand_384 16 17 1425.541087
demand_385 16 18 2.328773
demand_386 16 19 455.759199
demand_387 16 20 209.097155
demand_388 16 21 248.781018
demand_389 16 22 838.395910
demand_390 16 23 121.120901
demand_391 17 0 435.374685
demand_392 17 1 98.265196
demand_393 17 2 1187.597831
demand_394 17 3 7321.366881
demand_395 17 4 843.303295
demand_396 17 5 1639.430220
demand_397 17 6 475.207096
demand_398 17 7 1439.155600
demand_399 17 8 1403.859873
demand_400 17 9 4351.066175
demand_401 17 10 1005.449154
demand_402 17 11 2689.532159
demand_403 17 12 1898.639737
demand_404 17 13 142.928930
demand_405 17 14 520.797758
demand_406 17 15 205.175030
demand_407 17 16 7481.934688
demand_408 17 18 6.262166
demand_409 17 19 1225.555016
demand_410 17 20 562.270752
demand_411 17 21 668.982273
demand_412 17 22 2254.480692
demand_413 17 23 325.699028
demand_414 18 0 354.928561
demand_415 18 1 80.108297
demand_416 18 2 968.160077
demand_417 18 3 5968.565230
demand_418 18 4 687.482379
demand_419 18 5 1336.505378
demand_420 18 6 387.400959
demand_421 18 7 1173.236393
demand_422 18 8 1144.462416
demand_423 18 9 3547.100248
demand_424 18 10 819.667824
demand_425 18 11 2192.575292
demand_426 18 12 1547.819595
demand_427 18 13 116.519313
demand_428 18 14 424.567630
demand_429 18 15 167.263924
demand_430 18 16 6099.464206
demand_431 18 17 3125.034977
demand_432 18 19 999.103743
demand_433 18 20 458.377475
demand_434 18 21 545.371431
demand_435 18 22 1837.910227
demand_436 18 23 265.518164
demand_437 19 0 4.381891
demand_438 19 1 0.989004
demand_439 19 2 11.952748
demand_440 19 3 73.686940
demand_441 19 4 8.487546
demand_442 19 5 16.500279
demand_443 19 6 4.782790
demand_444 19 7 14.484587
demand_445 19 8 14.129348
demand_446 19 9 43.791926
demand_447 19 10 10.119486
demand_448 19 11 27.069180
demand_449 19 12 19.109130
demand_450 19 13 1.438529
demand_451 19 14 5.241643
demand_452 19 15 2.065013
demand_453 19 16 75.302998
demand_454 19 17 38.581176
demand_455 19 18 0.063026
demand_456 19 20 5.659054
demand_457 19 21 6.733067
demand_458 19 22 22.690542
demand_459 19 23 3.278044
demand_460 20 0 386.292818
demand_461 20 1 87.187291
demand_462 20 2 1053.714257
demand_463 20 3 6495.994231
demand_464 20 4 748.233687
demand_465 20 5 1454.609423
demand_466 20 6 421.634731
demand_467 20 7 1276.912717
demand_468 20 8 1245.596046
demand_469 20 9 3860.549707
demand_470 20 10 892.100070
demand_471 20 11 2386.328356
demand_472 20 12 1684.597013
demand_473 20 13 126.815869
demand_474 20 14 462.085739
demand_475 20 15 182.044669
demand_476 20 16 6638.460462
demand_477 20 17 3401.187455
demand_478 20 18 5.556202
demand_479 20 19 1087.392347
demand_480 20 21 593.564707
demand_481 20 22 2000.322317
demand_482 20 23 288.981421
demand_483 21 0 469.596154
demand_484 21 1 105.989070
demand_485 21 2 1280.945797
demand_486 21 3 7896.843435
demand_487 21 4 909.588905
demand_488 21 5 1768.293269
demand_489 21 6 512.559485
demand_490 21 7 1552.276595
demand_491 21 8 1514.206541
demand_492 21 9 4693.070148
demand_493 21 10 1084.479809
demand_494 21 11 2900.935675
demand_495 21 12 2047.877259
demand_496 21 13 154.163478
demand_497 21 14 561.733679
demand_498 21 15 221.302267
demand_499 21 16 8070.032246
demand_500 21 17 4134.647271
demand_501 21 18 6.754387
demand_502 21 19 1321.886506
demand_503 21 20 606.466548
demand_504 21 22 2431.688145
demand_505 21 23 351.299733
demand_506 22 0 253.016143
demand_507 22 1 57.106400
demand_508 22 2 690.167417
demand_509 22 3 4254.781154
demand_510 22 4 490.082115
demand_511 22 5 952.747884
demand_512 22 6 276.164578
demand_513 22 7 836.359142
demand_514 22 8 815.847181
demand_515 22 9 2528.603560
demand_516 22 10 584.312490
demand_517 22 11 1563.010150
demand_518 22 12 1103.386390
demand_519 22 13 83.062538
demand_520 22 14 302.659397
demand_521 22 15 119.236594
demand_522 22 16 4348.094451
demand_523 22 17 2227.728007
demand_524 22 18 3.639231
demand_525 22 19 712.226074
demand_526 22 20 326.761251
demand_527 22 21 388.776196
demand_528 22 23 189.278602
demand_529 23 0 98.909912
demand_530 23 1 22.324224
demand_531 23 2 269.802541
demand_532 23 3 1663.293194
demand_533 23 4 191.584530
demand_534 23 5 372.451370
demand_535 23 6 107.959175
demand_536 23 7 326.952296
demand_537 23 8 318.933692
demand_538 23 9 988.490110
demand_539 23 10 228.421381
demand_540 23 11 611.017124
demand_541 23 12 431.339476
demand_542 23 13 32.471084
demand_543 23 14 118.316618
demand_544 23 15 46.612366
demand_545 23 16 1699.771538
demand_546 23 17 870.870839
demand_547 23 18 1.422660
demand_548 23 19 278.425785
demand_549 23 20 127.738595
demand_550 23 21 151.981683
demand_551 23 22 512.180642
