DEMANDS 552
label src dest bw
demand_0 0 1 21.057774
demand_1 0 2 602.536987
demand_2 0 3 2349.128861
demand_3 0 4 578.747160
demand_4 0 5 827.356828
demand_5 0 6 286.946230
demand_6 0 7 780.725237
demand_7 0 8 758.439833
demand_8 0 9 1675.115696
demand_9 0 10 597.585909
demand_10 0 11 1004.376528
demand_11 0 12 905.885500
demand_12 0 13 57.163302
demand_13 0 14 328.512878
demand_14 0 15 61.123555
demand_15 0 16 2941.619931
demand_16 0 17 1403.182876
demand_17 0 18 12.012905
demand_18 0 19 717.225187
demand_19 0 20 484.222473
demand_20 0 21 576.283934
demand_21 0 22 989.530537
demand_22 0 23 171.444208
demand_23 1 0 316.270842
demand_24 1 2 1099.662737
demand_25 1 3 4287.287797
demand_26 1 4 1056.245010
demand_27 1 5 1509.971161
demand_28 1 6 523.692459
demand_29 1 7 1424.865974
demand_30 1 8 1384.193901
demand_31 1 9 3057.177152
demand_32 1 10 1090.626750
demand_33 1 11 1833.041730
demand_34 1 12 1653.290253
demand_35 1 13 104.326132
demand_36 1 14 599.553850
demand_37 1 15 111.553809
demand_38 1 16 5368.616189
demand_39 1 17 2560.884982
demand_40 1 18 21.924204
demand_41 1 19 1308.974932
demand_42 1 20 883.732320
demand_43 1 21 1051.749489
demand_44 1 22 1805.946991
demand_45 1 23 312.894994
demand_46 2 0 86.866767
demand_47 2 1 10.555596
demand_48 2 3 1177.543991
demand_49 2 4 290.107645
demand_50 2 5 414.727807
demand_51 2 6 143.837068
demand_52 2 7 391.352866
demand_53 2 8 380.181898
demand_54 2 9 839.682511
demand_55 2 10 299.550913
demand_56 2 11 503.462183
demand_57 2 12 454.091746
demand_58 2 13 28.654155
demand_59 2 14 164.673114
demand_60 2 15 30.639305
demand_61 2 16 1474.541023
demand_62 2 17 703.371191
demand_63 2 18 6.021689
demand_64 2 19 359.522299
demand_65 2 20 242.725409
demand_66 2 21 288.872907
demand_67 2 22 496.020358
demand_68 2 23 85.939558
demand_69 3 0 99.746383
demand_70 3 1 12.120660
demand_71 3 2 346.814709
demand_72 3 4 333.121505
demand_73 3 5 476.218927
demand_74 3 6 165.163592
demand_75 3 7 449.378215
demand_76 3 8 436.550943
demand_77 3 9 964.181079
demand_78 3 10 343.964914
demand_79 3 11 578.109826
demand_80 3 12 521.419303
demand_81 3 13 32.902667
demand_82 3 14 189.088970
demand_83 3 15 35.182152
demand_84 3 16 1693.169185
demand_85 3 17 807.659066
demand_86 3 18 6.914517
demand_87 3 19 412.828174
demand_88 3 20 278.713970
demand_89 3 21 331.703695
demand_90 3 22 569.564612
demand_91 3 23 98.681698
demand_92 4 0 176.639422
demand_93 4 1 21.464300
demand_94 4 2 614.169137
demand_95 4 3 2394.479468
demand_96 4 5 843.329189
demand_97 4 6 292.485809
demand_98 4 7 795.797362
demand_99 4 8 773.081732
demand_100 4 9 1707.454285
demand_101 4 10 609.122476
demand_102 4 11 1023.766305
demand_103 4 12 923.373880
demand_104 4 13 58.266856
demand_105 4 14 334.854913
demand_106 4 15 62.303563
demand_107 4 16 2998.408748
demand_108 4 17 1430.271724
demand_109 4 18 12.244817
demand_110 4 19 731.071425
demand_111 4 20 493.570527
demand_112 4 21 587.409261
demand_113 4 22 1008.633709
demand_114 4 23 174.753988
demand_115 5 0 39.923568
demand_116 5 1 4.851304
demand_117 5 2 138.812860
demand_118 5 3 541.193822
demand_119 5 4 133.332144
demand_120 5 6 66.106858
demand_121 5 7 179.863984
demand_122 5 8 174.729858
demand_123 5 9 385.914235
demand_124 5 10 137.672227
demand_125 5 11 231.388912
demand_126 5 12 208.698486
demand_127 5 13 13.169318
demand_128 5 14 75.683009
demand_129 5 15 14.081684
demand_130 5 16 677.692297
demand_131 5 17 323.266176
demand_132 5 18 2.767541
demand_133 5 19 165.234801
demand_134 5 20 111.555486
demand_135 5 21 132.764665
demand_136 5 22 227.968684
demand_137 5 23 39.497427
demand_138 6 0 140.790712
demand_139 6 1 17.108152
demand_140 6 2 489.524415
demand_141 6 3 1908.523388
demand_142 6 4 470.196637
demand_143 6 5 672.176773
demand_144 6 7 634.291460
demand_145 6 8 616.185934
demand_146 6 9 1360.928954
demand_147 6 10 485.501967
demand_148 6 11 815.994442
demand_149 6 12 735.976511
demand_150 6 13 46.441684
demand_151 6 14 266.896602
demand_152 6 15 49.659147
demand_153 6 16 2389.886110
demand_154 6 17 1140.000185
demand_155 6 18 9.759750
demand_156 6 19 582.701556
demand_157 6 20 393.401116
demand_158 6 21 468.195417
demand_159 6 22 803.932983
demand_160 6 23 139.287923
demand_161 7 0 97.106256
demand_162 7 1 11.799845
demand_163 7 2 337.635079
demand_164 7 3 1316.347917
demand_165 7 4 324.304312
demand_166 7 5 463.614174
demand_167 7 6 160.791976
demand_168 7 8 424.996138
demand_169 7 9 938.660749
demand_170 7 10 334.860713
demand_171 7 11 562.808185
demand_172 7 12 507.618169
demand_173 7 13 32.031786
demand_174 7 14 184.084087
demand_175 7 15 34.250937
demand_176 7 16 1648.353708
demand_177 7 17 786.281624
demand_178 7 18 6.731501
demand_179 7 19 401.901273
demand_180 7 20 271.336858
demand_181 7 21 322.924029
demand_182 7 22 554.489148
demand_183 7 23 96.069752
demand_184 8 0 36.506418
demand_185 8 1 4.436069
demand_186 8 2 126.931546
demand_187 8 3 494.871792
demand_188 8 4 121.919938
demand_189 8 5 174.292506
demand_190 8 6 60.448619
demand_191 8 7 164.469010
demand_192 8 9 352.882943
demand_193 8 10 125.888543
demand_194 8 11 211.583801
demand_195 8 12 190.835500
demand_196 8 13 12.042126
demand_197 8 14 69.205125
demand_198 8 15 12.876400
demand_199 8 16 619.687047
demand_200 8 17 295.597077
demand_201 8 18 2.530661
demand_202 8 19 151.091973
demand_203 8 20 102.007194
demand_204 8 21 121.401030
demand_205 8 22 208.456317
demand_206 8 23 36.116751
demand_207 9 0 34.968693
demand_208 9 1 4.249213
demand_209 9 2 121.584930
demand_210 9 3 474.026779
demand_211 9 4 116.784420
demand_212 9 5 166.950949
demand_213 9 6 57.902399
demand_214 9 7 157.541238
demand_215 9 8 153.044304
demand_216 9 10 120.585860
demand_217 9 11 202.671457
demand_218 9 12 182.797118
demand_219 9 13 11.534887
demand_220 9 14 66.290063
demand_221 9 15 12.334020
demand_222 9 16 593.584560
demand_223 9 17 283.145923
demand_224 9 18 2.424064
demand_225 9 19 144.727669
demand_226 9 20 97.710442
demand_227 9 21 116.287370
demand_228 9 22 199.675710
demand_229 9 23 34.595440
demand_230 10 0 49.066555
demand_231 10 1 5.962312
demand_232 10 2 170.602709
demand_233 10 3 665.133853
demand_234 10 4 163.866842
demand_235 10 5 234.258343
demand_236 10 6 81.246140
demand_237 10 7 221.055045
demand_238 10 8 214.745141
demand_239 10 9 474.293333
demand_240 10 11 284.379814
demand_241 10 12 256.493002
demand_242 10 13 16.185254
demand_243 10 14 93.015347
demand_244 10 15 17.306563
demand_245 10 16 832.892154
demand_246 10 17 397.298100
demand_247 10 18 3.401342
demand_248 10 19 203.075599
demand_249 10 20 137.103062
demand_250 10 21 163.169403
demand_251 10 22 280.176311
demand_252 10 23 48.542823
demand_253 11 0 5.922460
demand_254 11 1 0.719666
demand_255 11 2 20.592188
demand_256 11 3 80.283377
demand_257 11 4 19.779152
demand_258 11 5 28.275588
demand_259 11 6 9.806619
demand_260 11 7 26.681916
demand_261 11 8 25.920294
demand_262 11 9 57.248432
demand_263 11 10 20.422981
demand_264 11 12 30.959369
demand_265 11 13 1.953602
demand_266 11 14 11.227193
demand_267 11 15 2.088947
demand_268 11 16 100.532238
demand_269 11 17 47.954908
demand_270 11 18 0.410551
demand_271 11 19 24.511750
demand_272 11 20 16.548694
demand_273 11 21 19.694969
demand_274 11 22 33.818006
demand_275 11 23 5.859244
demand_276 12 0 17.172170
demand_277 12 1 2.086672
demand_278 12 2 59.707039
demand_279 12 3 232.781609
demand_280 12 4 57.349640
demand_281 12 5 81.985053
demand_282 12 6 28.434287
demand_283 12 7 77.364201
demand_284 12 8 75.155879
demand_285 12 9 165.991800
demand_286 12 10 59.216423
demand_287 12 11 99.526419
demand_288 12 13 5.664468
demand_289 12 14 32.553240
demand_290 12 15 6.056900
demand_291 12 16 291.493171
demand_292 12 17 139.045232
demand_293 12 18 1.190392
demand_294 12 19 71.071807
demand_295 12 20 47.982930
demand_296 12 21 57.105553
demand_297 12 22 98.055290
demand_298 12 23 16.988876
demand_299 13 0 34.731795
demand_300 13 1 4.220426
demand_301 13 2 120.761245
demand_302 13 3 470.815457
demand_303 13 4 115.993257
demand_304 13 5 165.819930
demand_305 13 6 57.510136
demand_306 13 7 156.473966
demand_307 13 8 152.007496
demand_308 13 9 335.728863
demand_309 13 10 119.768944
demand_310 13 11 201.298448
demand_311 13 12 181.558748
demand_312 13 14 65.840978
demand_313 13 15 12.250462
demand_314 13 16 589.563287
demand_315 13 17 281.227734
demand_316 13 18 2.407642
demand_317 13 19 143.747203
demand_318 13 20 97.048497
demand_319 13 21 115.499574
demand_320 13 22 198.322995
demand_321 13 23 34.361071
demand_322 14 0 36.906911
demand_323 14 1 4.484735
demand_324 14 2 128.324048
demand_325 14 3 500.300779
demand_326 14 4 123.257459
demand_327 14 5 176.204581
demand_328 14 6 61.111770
demand_329 14 7 166.273316
demand_330 14 8 161.527129
demand_331 14 9 356.754243
demand_332 14 10 127.269602
demand_333 14 11 213.904979
demand_334 14 12 192.929059
demand_335 14 13 12.174234
demand_336 14 15 13.017661
demand_337 14 16 626.485319
demand_338 14 17 298.839922
demand_339 14 18 2.558423
demand_340 14 19 152.749526
demand_341 14 20 103.126263
demand_342 14 21 122.732859
demand_343 14 22 210.743185
demand_344 14 23 36.512970
demand_345 15 0 193.032072
demand_346 15 1 23.456250
demand_347 15 2 671.165812
demand_348 15 3 2616.694101
demand_349 15 4 644.666329
demand_350 15 5 921.592582
demand_351 15 6 319.629340
demand_352 15 7 869.649663
demand_353 15 8 844.825957
demand_354 15 9 1865.910990
demand_355 15 10 665.650807
demand_356 15 11 1118.774785
demand_357 15 12 1009.065651
demand_358 15 13 63.674189
demand_359 15 14 365.930419
demand_360 15 16 3276.669769
demand_361 15 17 1563.005085
demand_362 15 18 13.381172
demand_363 15 19 798.916972
demand_364 15 20 539.375302
demand_365 15 21 641.922543
demand_366 15 22 1102.237839
demand_367 15 23 190.971664
demand_368 16 0 51.396734
demand_369 16 1 6.245463
demand_370 16 2 178.704659
demand_371 16 3 696.721164
demand_372 16 4 171.648904
demand_373 16 5 245.383309
demand_374 16 6 85.104532
demand_375 16 7 231.552984
demand_376 16 8 224.943422
demand_377 16 9 496.817598
demand_378 16 10 177.236233
demand_379 16 11 297.885057
demand_380 16 12 268.673895
demand_381 16 13 16.953894
demand_382 16 14 97.432660
demand_383 16 15 18.128454
demand_384 16 17 416.165849
demand_385 16 18 3.562872
demand_386 16 19 212.719692
demand_387 16 20 143.614108
demand_388 16 21 170.918344
demand_389 16 22 293.481928
demand_390 16 23 50.848129
demand_391 17 0 544.398632
demand_392 17 1 66.152479
demand_393 17 2 1892.855138
demand_394 17 3 7379.730589
demand_395 17 4 1818.119981
demand_396 17 5 2599.121145
demand_397 17 6 901.434530
demand_398 17 7 2452.629148
demand_399 17 8 2382.620099
demand_400 17 9 5262.334794
demand_401 17 10 1877.301447
demand_402 17 11 3155.224180
demand_403 17 12 2845.817037
demand_404 17 13 179.577109
demand_405 17 14 1032.015133
demand_406 17 15 192.018146
demand_407 17 16 9241.026726
demand_408 17 18 37.738245
demand_409 17 19 2253.145299
demand_410 17 20 1521.172999
demand_411 17 21 1810.381818
demand_412 17 22 3108.585867
demand_413 17 23 538.587767
demand_414 18 0 336.289222
demand_415 18 1 40.864111
demand_416 18 2 1169.265948
demand_417 18 3 4558.651907
demand_418 18 4 1123.100094
demand_419 18 5 1605.544866
demand_420 18 6 556.839601
demand_421 18 7 1515.052942
demand_422 18 8 1471.806528
demand_423 18 9 3250.681343
demand_424 18 10 1159.658028
demand_425 18 11 1949.064204
demand_426 18 12 1757.935348
demand_427 18 13 110.929460
demand_428 18 14 637.502643
demand_429 18 15 118.614613
demand_430 18 16 5708.423038
demand_431 18 17 2722.976334
demand_432 18 19 1391.826570
demand_433 18 20 939.668205
demand_434 18 21 1118.320029
demand_435 18 22 1920.254502
demand_436 18 23 332.699700
demand_437 19 0 3.086804
demand_438 19 1 0.375092
demand_439 19 2 10.732711
demand_440 19 3 41.843940
demand_441 19 4 10.308954
demand_442 19 5 14.737322
demand_443 19 6 5.111240
demand_444 19 7 13.906696
demand_445 19 8 13.509736
demand_446 19 9 29.838057
demand_447 19 10 10.644520
demand_448 19 11 17.890492
demand_449 19 12 16.136117
demand_450 19 13 1.018223
demand_451 19 14 5.851647
demand_452 19 15 1.088765
demand_453 19 16 52.397708
demand_454 19 17 24.994244
demand_455 19 18 0.213980
demand_456 19 20 8.625230
demand_457 19 21 10.265078
demand_458 19 22 17.626047
demand_459 19 23 3.053856
demand_460 20 0 468.557584
demand_461 20 1 56.936671
demand_462 20 2 1629.158448
demand_463 20 3 6351.648465
demand_464 20 4 1564.834765
demand_465 20 5 2237.033402
demand_466 20 6 775.854237
demand_467 20 7 2110.949441
demand_468 20 8 2050.693465
demand_469 20 9 4529.230479
demand_470 20 10 1615.771567
demand_471 20 11 2715.664831
demand_472 20 12 2449.361693
demand_473 20 13 154.559934
demand_474 20 14 888.243447
demand_475 20 15 165.267790
demand_476 20 16 7953.644447
demand_477 20 17 3793.969973
demand_478 20 18 32.480869
demand_479 20 19 1939.256008
demand_480 20 21 1558.174618
demand_481 20 22 2675.523776
demand_482 20 23 463.556240
demand_483 21 0 1056.704875
demand_484 21 1 128.405259
demand_485 21 2 3674.126155
demand_486 21 3 14324.424846
demand_487 21 4 3529.061490
demand_488 21 5 5045.023670
demand_489 21 6 1749.729345
demand_490 21 7 4760.675403
demand_491 21 8 4624.784351
demand_492 21 9 10214.454085
demand_493 21 10 3643.935665
demand_494 21 11 6124.447376
demand_495 21 12 5523.872691
demand_496 21 13 348.568119
demand_497 21 14 2003.192803
demand_498 21 15 372.716791
demand_499 21 16 17937.293406
demand_500 21 17 8556.272918
demand_501 21 18 73.251814
demand_502 21 19 4373.467312
demand_503 21 20 2952.672600
demand_504 21 22 6033.920085
demand_505 21 23 1045.425696
demand_506 22 0 139.523027
demand_507 22 1 16.954110
demand_508 22 2 485.116721
demand_509 22 3 1891.338978
demand_510 22 4 465.962971
demand_511 22 5 666.124470
demand_512 22 6 231.027168
demand_513 22 7 628.580278
demand_514 22 8 610.637775
demand_515 22 9 1348.675103
demand_516 22 10 481.130491
demand_517 22 11 808.647200
demand_518 22 12 729.349754
demand_519 22 13 46.023521
demand_520 22 14 264.493456
demand_521 22 15 49.212014
demand_522 22 16 2368.367495
demand_523 22 17 1129.735585
demand_524 22 18 9.671873
demand_525 22 19 577.454892
demand_526 22 20 389.858919
demand_527 22 21 463.979769
demand_528 22 23 138.033770
demand_529 23 0 42.075816
demand_530 23 1 5.112834
demand_531 23 2 146.296152
demand_532 23 3 570.369157
demand_533 23 4 140.519975
demand_534 23 5 200.882474
demand_535 23 6 69.670626
demand_536 23 7 189.560310
demand_537 23 8 184.149408
demand_538 23 9 406.718568
demand_539 23 10 145.094029
demand_540 23 11 243.862907
demand_541 23 12 219.949258
demand_542 23 13 13.879266
demand_543 23 14 79.763020
demand_544 23 15 14.840817
demand_545 23 16 714.226158
demand_546 23 17 340.693202
demand_547 23 18 2.916737
demand_548 23 19 174.142480
demand_549 23 20 117.569354
demand_550 23 21 139.921904
demand_551 23 22 240.258297
