DEMANDS 552
label src dest bw
demand_0 0 1 178.323921
demand_1 0 2 1021.247088
demand_2 0 3 2426.877319
demand_3 0 4 703.075624
demand_4 0 5 1449.462805
demand_5 0 6 434.995315
demand_6 0 7 1434.545800
demand_7 0 8 1073.381938
demand_8 0 9 2109.115360
demand_9 0 10 740.494728
demand_10 0 11 1813.430168
demand_11 0 12 1586.017056
demand_12 0 13 207.109381
demand_13 0 14 468.326802
demand_14 0 15 242.925598
demand_15 0 16 2763.202844
demand_16 0 17 1841.788179
demand_17 0 18 12.419214
demand_18 0 19 1033.930103
demand_19 0 20 624.605497
demand_20 0 21 630.869160
demand_21 0 22 1604.555573
demand_22 0 23 318.589899
demand_23 1 0 479.346282
demand_24 1 2 1365.490779
demand_25 1 3 3244.933217
demand_26 1 4 940.069540
demand_27 1 5 1938.050171
demand_28 1 6 581.624269
demand_29 1 7 1918.104916
demand_30 1 8 1435.199331
demand_31 1 9 2820.059522
demand_32 1 10 990.101939
demand_33 1 11 2424.704266
demand_34 1 12 2120.634359
demand_35 1 13 276.922160
demand_36 1 14 626.191190
demand_37 1 15 324.811368
demand_38 1 16 3694.627917
demand_39 1 17 2462.621243
demand_40 1 18 16.605504
demand_41 1 19 1382.449005
demand_42 1 20 835.148571
demand_43 1 21 843.523599
demand_44 1 22 2145.421870
demand_45 1 23 425.980719
demand_46 2 0 266.298012
demand_47 2 1 132.460413
demand_48 2 3 1802.703593
demand_49 2 4 522.250113
demand_50 2 5 1076.672391
demand_51 2 6 323.117947
demand_52 2 7 1065.591922
demand_53 2 8 797.316560
demand_54 2 9 1566.667507
demand_55 2 10 550.045318
demand_56 2 11 1347.030216
demand_57 2 12 1178.105965
demand_58 2 13 153.842480
demand_59 2 14 347.876838
demand_60 2 15 180.447048
demand_61 2 16 2052.528843
demand_62 2 17 1368.094770
demand_63 2 18 9.225090
demand_64 2 19 768.011426
demand_65 2 20 463.961884
demand_66 2 21 468.614582
demand_67 2 22 1191.876521
demand_68 2 23 236.651087
demand_69 3 0 294.006783
demand_70 3 1 146.243149
demand_71 3 2 837.523032
demand_72 3 4 576.591145
demand_73 3 5 1188.702026
demand_74 3 6 356.738931
demand_75 3 7 1176.468615
demand_76 3 8 880.278735
demand_77 3 9 1729.681985
demand_78 3 10 607.278490
demand_79 3 11 1487.191053
demand_80 3 12 1300.689939
demand_81 3 13 169.850058
demand_82 3 14 384.074028
demand_83 3 15 199.222877
demand_84 3 16 2266.098039
demand_85 3 17 1510.447410
demand_86 3 18 10.184977
demand_87 3 19 847.924351
demand_88 3 20 512.237925
demand_89 3 21 517.374744
demand_90 3 22 1315.893346
demand_91 3 23 261.275044
demand_92 4 0 378.939836
demand_93 4 1 188.490056
demand_94 4 2 1079.467750
demand_95 4 3 2565.232087
demand_96 4 5 1532.095779
demand_97 4 6 459.794127
demand_98 4 7 1516.328364
demand_99 4 8 1134.574775
demand_100 4 9 2229.354716
demand_101 4 10 782.709872
demand_102 4 11 1916.812695
demand_103 4 12 1676.434902
demand_104 4 13 218.916558
demand_105 4 14 495.025822
demand_106 4 15 256.774635
demand_107 4 16 2920.731321
demand_108 4 17 1946.787378
demand_109 4 18 13.127226
demand_110 4 19 1092.873816
demand_111 4 20 660.213868
demand_112 4 21 666.834618
demand_113 4 22 1696.030289
demand_114 4 23 336.752511
demand_115 5 0 108.244068
demand_116 5 1 53.842137
demand_117 5 2 308.349688
demand_118 5 3 732.757893
demand_119 5 4 212.282759
demand_120 5 6 131.340076
demand_121 5 7 433.138812
demand_122 5 8 324.090996
demand_123 5 9 636.814608
demand_124 5 10 223.580876
demand_125 5 11 547.537059
demand_126 5 12 478.873204
demand_127 5 13 62.533459
demand_128 5 14 141.404000
demand_129 5 15 73.347609
demand_130 5 16 834.306159
demand_131 5 17 556.099319
demand_132 5 18 3.749789
demand_133 5 19 312.179127
demand_134 5 20 188.589923
demand_135 5 21 190.481139
demand_136 5 22 484.470621
demand_137 5 23 96.193269
demand_138 6 0 337.685588
demand_139 6 1 167.969608
demand_140 6 2 961.948751
demand_141 6 3 2285.961579
demand_142 6 4 662.251796
demand_143 6 5 1365.300279
demand_144 6 7 1351.249425
demand_145 6 8 1011.056410
demand_146 6 9 1986.650352
demand_147 6 10 697.498174
demand_148 6 11 1708.134011
demand_149 6 12 1493.925558
demand_150 6 13 195.083651
demand_151 6 14 441.133578
demand_152 6 15 228.820212
demand_153 6 16 2602.758486
demand_154 6 17 1734.845425
demand_155 6 18 11.698097
demand_156 6 19 973.895331
demand_157 6 20 588.338008
demand_158 6 21 594.237973
demand_159 6 22 1511.387643
demand_160 6 23 300.091094
demand_161 7 0 290.720296
demand_162 7 1 144.608404
demand_163 7 2 828.160973
demand_164 7 3 1968.030171
demand_165 7 4 570.145853
demand_166 7 5 1175.414394
demand_167 7 6 352.751207
demand_168 7 8 870.438741
demand_169 7 9 1710.347133
demand_170 7 10 600.490167
demand_171 7 11 1470.566829
demand_172 7 12 1286.150476
demand_173 7 13 167.951428
demand_174 7 14 379.780745
demand_175 7 15 196.995910
demand_176 7 16 2240.766983
demand_177 7 17 1493.563221
demand_178 7 18 10.071127
demand_179 7 19 838.446024
demand_180 7 20 506.511991
demand_181 7 21 511.591390
demand_182 7 22 1301.183935
demand_183 7 23 258.354441
demand_184 8 0 36.118733
demand_185 8 1 17.965971
demand_186 8 2 102.889703
demand_187 8 3 244.505653
demand_188 8 4 70.834221
demand_189 8 5 146.032042
demand_190 8 6 43.825377
demand_191 8 7 144.529167
demand_192 8 9 212.491429
demand_193 8 10 74.604161
demand_194 8 11 182.701418
demand_195 8 12 159.789757
demand_196 8 13 20.866079
demand_197 8 14 47.183494
demand_198 8 15 24.474530
demand_199 8 16 278.390140
demand_200 8 17 185.558462
demand_201 8 18 1.251224
demand_202 8 19 104.167505
demand_203 8 20 62.928428
demand_204 8 21 63.559486
demand_205 8 22 161.657495
demand_206 8 23 32.097639
demand_207 9 0 23.598617
demand_208 9 1 11.738287
demand_209 9 2 67.224250
demand_210 9 3 159.750768
demand_211 9 4 46.280407
demand_212 9 5 95.411826
demand_213 9 6 28.633848
demand_214 9 7 94.429904
demand_215 9 8 70.656060
demand_216 9 10 48.743544
demand_217 9 11 119.370213
demand_218 9 12 104.400598
demand_219 9 13 13.633109
demand_220 9 14 30.827914
demand_221 9 15 15.990734
demand_222 9 16 181.889613
demand_223 9 17 121.236897
demand_224 9 18 0.817503
demand_225 9 19 68.059117
demand_226 9 20 41.115060
demand_227 9 21 41.527370
demand_228 9 22 105.620908
demand_229 9 23 20.971386
demand_230 10 0 185.922410
demand_231 10 1 92.480447
demand_232 10 2 529.628258
demand_233 10 3 1258.601197
demand_234 10 4 364.621571
demand_235 10 5 751.704920
demand_236 10 6 225.592625
demand_237 10 7 743.968822
demand_238 10 8 556.665877
demand_239 10 9 1093.806883
demand_240 10 11 940.461787
demand_241 10 12 822.523227
demand_242 10 13 107.408855
demand_243 10 14 242.878644
demand_244 10 15 125.983479
demand_245 10 16 1433.022749
demand_246 10 17 955.168515
demand_247 10 18 6.440720
demand_248 10 19 536.205788
demand_249 10 20 323.926232
demand_250 10 21 327.174626
demand_251 10 22 832.137475
demand_252 10 23 165.223691
demand_253 11 0 10.316865
demand_254 11 1 5.131755
demand_255 11 2 29.389158
demand_256 11 3 69.839984
demand_257 11 4 20.232910
demand_258 11 5 41.712228
demand_259 11 6 12.518171
demand_260 11 7 41.282950
demand_261 11 8 30.889480
demand_262 11 9 60.695521
demand_263 11 10 21.309746
demand_264 11 12 45.641947
demand_265 11 13 5.960135
demand_266 11 14 13.477375
demand_267 11 15 6.990844
demand_268 11 16 79.518664
demand_269 11 17 53.002455
demand_270 11 18 0.357397
demand_271 11 19 29.754146
demand_272 11 20 17.974719
demand_273 11 21 18.154973
demand_274 11 22 46.175443
demand_275 11 23 9.168289
demand_276 12 0 17.098663
demand_277 12 1 8.505118
demand_278 12 2 48.708142
demand_279 12 3 115.749347
demand_280 12 4 33.533028
demand_281 12 5 69.131790
demand_282 12 6 20.747000
demand_283 12 7 68.420327
demand_284 12 8 51.194701
demand_285 12 9 100.593765
demand_286 12 10 35.317723
demand_287 12 11 86.491129
demand_288 12 13 9.878034
demand_289 12 14 22.336738
demand_290 12 15 11.586280
demand_291 12 16 131.790315
demand_292 12 17 87.843657
demand_293 12 18 0.592332
demand_294 12 19 49.313055
demand_295 12 20 29.790413
demand_296 12 21 30.089157
demand_297 12 22 76.528904
demand_298 12 23 15.195071
demand_299 13 0 18.663775
demand_300 13 1 9.283627
demand_301 13 2 53.166600
demand_302 13 3 126.344366
demand_303 13 4 36.602445
demand_304 13 5 75.459710
demand_305 13 6 22.646059
demand_306 13 7 74.683124
demand_307 13 8 55.880765
demand_308 13 9 109.801530
demand_309 13 10 38.550501
demand_310 13 11 94.408021
demand_311 13 12 82.568788
demand_312 13 14 24.381312
demand_313 13 15 12.646820
demand_314 13 16 143.853630
demand_315 13 17 95.884352
demand_316 13 18 0.646550
demand_317 13 19 53.826884
demand_318 13 20 32.517254
demand_319 13 21 32.843343
demand_320 13 22 83.533912
demand_321 13 23 16.585939
demand_322 14 0 37.331589
demand_323 14 1 18.569262
demand_324 14 2 106.344708
demand_325 14 3 252.716079
demand_326 14 4 73.212813
demand_327 14 5 150.935753
demand_328 14 6 45.297020
demand_329 14 7 149.382413
demand_330 14 8 111.773625
demand_331 14 9 219.626826
demand_332 14 10 77.109346
demand_333 14 11 188.836476
demand_334 14 12 165.155448
demand_335 14 13 21.566756
demand_336 14 15 25.296377
demand_337 14 16 287.738396
demand_338 14 17 191.789458
demand_339 14 18 1.293240
demand_340 14 19 107.665418
demand_341 14 20 65.041546
demand_342 14 21 65.693795
demand_343 14 22 167.085905
demand_344 14 23 33.175468
demand_345 15 0 417.163076
demand_346 15 1 207.502839
demand_347 15 2 1188.352461
demand_348 15 3 2823.984192
demand_349 15 4 818.119001
demand_350 15 5 1686.636575
demand_351 15 6 506.173049
demand_352 15 7 1669.278719
demand_353 15 8 1249.018070
demand_354 15 9 2454.227246
demand_355 15 10 861.660946
demand_356 15 11 2110.159458
demand_357 15 12 1845.535025
demand_358 15 13 240.998428
demand_359 15 14 544.958526
demand_360 15 16 3215.342239
demand_361 15 17 2143.157654
demand_362 15 18 14.451355
demand_363 15 19 1203.110781
demand_364 15 20 726.808906
demand_365 15 21 734.097484
demand_366 15 22 1867.106977
demand_367 15 23 370.720362
demand_368 16 0 224.289684
demand_369 16 1 111.564874
demand_370 16 2 638.923274
demand_371 16 3 1518.328346
demand_372 16 4 439.865518
demand_373 16 5 906.828065
demand_374 16 6 272.146314
demand_375 16 7 897.495532
demand_376 16 8 671.540423
demand_377 16 9 1319.526789
demand_378 16 10 463.276049
demand_379 16 11 1134.537129
demand_380 16 12 992.260562
demand_381 16 13 129.573935
demand_382 16 14 292.999507
demand_383 16 15 151.981651
demand_384 16 17 1152.278764
demand_385 16 18 7.769839
demand_386 16 19 646.858154
demand_387 16 20 390.772217
demand_388 16 21 394.690955
demand_389 16 22 1003.858823
demand_390 16 23 199.319541
demand_391 17 0 589.455919
demand_392 17 1 293.203746
demand_393 17 2 1679.154826
demand_394 17 3 3990.320077
demand_395 17 4 1156.010959
demand_396 17 5 2383.235645
demand_397 17 6 715.227970
demand_398 17 7 2358.708807
demand_399 17 8 1764.875984
demand_400 17 9 3467.849530
demand_401 17 10 1217.536196
demand_402 17 11 2981.678041
demand_403 17 12 2607.760867
demand_404 17 13 340.533374
demand_405 17 14 770.032266
demand_406 17 15 399.423112
demand_407 17 16 4543.313213
demand_408 17 18 20.419920
demand_409 17 19 1700.008491
demand_410 17 20 1026.988812
demand_411 17 21 1037.287651
demand_412 17 22 2638.242267
demand_413 17 23 523.831865
demand_414 18 0 483.220724
demand_415 18 1 240.360851
demand_416 18 2 1376.527716
demand_417 18 3 3271.161241
demand_418 18 4 947.667899
demand_419 18 5 1953.714970
demand_420 18 6 586.325400
demand_421 18 7 1933.608503
demand_422 18 8 1446.799706
demand_423 18 9 2842.853393
demand_424 18 10 998.104698
demand_425 18 11 2444.302575
demand_426 18 12 2137.774943
demand_427 18 13 279.160456
demand_428 18 14 631.252545
demand_429 18 15 327.436741
demand_430 18 16 3724.490718
demand_431 18 17 2482.526026
demand_432 18 19 1393.623012
demand_433 18 20 841.898878
demand_434 18 21 850.341600
demand_435 18 22 2162.762806
demand_436 18 23 429.423820
demand_437 19 0 2.786661
demand_438 19 1 1.386125
demand_439 19 2 7.938227
demand_440 19 3 18.864292
demand_441 19 4 5.465057
demand_442 19 5 11.266779
demand_443 19 6 3.381250
demand_444 19 7 11.150828
demand_445 19 8 8.343475
demand_446 19 9 16.394305
demand_447 19 10 5.755919
demand_448 19 11 14.095923
demand_449 19 12 12.328225
demand_450 19 13 1.609876
demand_451 19 14 3.640338
demand_452 19 15 1.888278
demand_453 19 16 21.478574
demand_454 19 17 14.316352
demand_455 19 18 0.096535
demand_456 19 20 4.855103
demand_457 19 21 4.903791
demand_458 19 22 12.472326
demand_459 19 23 2.476422
demand_460 20 0 539.632147
demand_461 20 1 268.420694
demand_462 20 2 1537.224235
demand_463 20 3 3653.038203
demand_464 20 4 1058.299113
demand_465 20 5 2181.792610
demand_466 20 6 654.773313
demand_467 20 7 2159.338904
demand_468 20 8 1615.699811
demand_469 20 9 3174.729488
demand_470 20 10 1114.623928
demand_471 20 11 2729.651652
demand_472 20 12 2387.339834
demand_473 20 13 311.749785
demand_474 20 14 704.945275
demand_475 20 15 365.661866
demand_476 20 16 4159.289584
demand_477 20 17 2772.337327
demand_478 20 18 18.693926
demand_479 20 19 1556.315244
demand_480 20 21 949.610894
demand_481 20 22 2415.244793
demand_482 20 23 479.554967
demand_483 21 0 754.415732
demand_484 21 1 375.257100
demand_485 21 2 2149.067940
demand_486 21 3 5107.015039
demand_487 21 4 1479.521753
demand_488 21 5 3050.186462
demand_489 21 6 915.385214
demand_490 21 7 3018.795765
demand_491 21 8 2258.778248
demand_492 21 9 4438.330599
demand_493 21 10 1558.264887
demand_494 21 11 3816.103545
demand_495 21 12 3337.545286
demand_496 21 13 435.831970
demand_497 21 14 985.526546
demand_498 21 15 511.202059
demand_499 21 16 5814.763842
demand_500 21 17 3875.778909
demand_501 21 18 26.134454
demand_502 21 19 2175.757523
demand_503 21 20 1314.392631
demand_504 21 22 3376.556935
demand_505 21 23 670.426722
demand_506 22 0 303.118771
demand_507 22 1 150.775582
demand_508 22 2 863.479915
demand_509 22 3 2051.961612
demand_510 22 4 594.461112
demand_511 22 5 1225.542803
demand_512 22 6 367.795142
demand_513 22 7 1212.930249
demand_514 22 8 907.560722
demand_515 22 9 1783.289052
demand_516 22 10 626.099533
demand_517 22 11 1533.282734
demand_518 22 12 1341.001495
demand_519 22 13 175.114125
demand_520 22 14 395.977420
demand_521 22 15 205.397280
demand_522 22 16 2336.329949
demand_523 22 17 1557.259863
demand_524 22 18 10.500634
demand_525 22 19 874.203597
demand_526 22 20 528.113429
demand_527 22 21 533.409451
demand_528 22 23 269.372596
demand_529 23 0 156.057257
demand_530 23 1 77.625096
demand_531 23 2 444.552829
demand_532 23 3 1056.429133
demand_533 23 4 306.051553
demand_534 23 5 630.956795
demand_535 23 6 189.355152
demand_536 23 7 624.463365
demand_537 23 8 467.247331
demand_538 23 9 918.106117
demand_539 23 10 322.340234
demand_540 23 11 789.393203
demand_541 23 12 690.399391
demand_542 23 13 90.155519
demand_543 23 14 203.864478
demand_544 23 15 105.746457
demand_545 23 16 1202.832942
demand_546 23 17 801.737556
demand_547 23 18 5.406132
demand_548 23 19 450.073794
demand_549 23 20 271.893201
demand_550 23 21 274.619798
demand_551 23 22 698.469280
