DEMANDS 552
label src dest bw
demand_0 0 1 214.041132
demand_1 0 2 807.226226
demand_2 0 3 2623.930826
demand_3 0 4 695.494309
demand_4 0 5 973.661291
demand_5 0 6 595.107641
demand_6 0 7 884.419340
demand_7 0 8 875.207417
demand_8 0 9 2161.869471
demand_9 0 10 700.293513
demand_10 0 11 1219.760119
demand_11 0 12 1082.310365
demand_12 0 13 478.046107
demand_13 0 14 629.743640
demand_14 0 15 487.929272
demand_15 0 16 5021.695048
demand_16 0 17 1292.397334
demand_17 0 18 70.233056
demand_18 0 19 863.742560
demand_19 0 20 675.294793
demand_20 0 21 690.864446
demand_21 0 22 1192.175145
demand_22 0 23 513.800131
demand_23 1 0 753.222074
demand_24 1 2 1090.752352
demand_25 1 3 3545.547245
demand_26 1 4 939.776272
demand_27 1 5 1315.645243
demand_28 1 6 804.130290
demand_29 1 7 1195.058392
demand_30 1 8 1182.610918
demand_31 1 9 2921.193756
demand_32 1 10 946.261125
demand_33 1 11 1648.182599
demand_34 1 12 1462.455677
demand_35 1 13 645.952645
demand_36 1 14 850.931665
demand_37 1 15 659.307123
demand_38 1 16 6785.490251
demand_39 1 17 1746.332548
demand_40 1 18 94.901365
demand_41 1 19 1167.119202
demand_42 1 20 912.481979
demand_43 1 21 933.520239
demand_44 1 22 1610.908815
demand_45 1 23 694.264735
demand_46 2 0 279.451507
demand_47 2 1 107.302923
demand_48 2 3 1315.426822
demand_49 2 4 348.664629
demand_50 2 5 488.115070
demand_51 2 6 298.338868
demand_52 2 7 443.376369
demand_53 2 8 438.758255
demand_54 2 9 1083.786607
demand_55 2 10 351.070562
demand_56 2 11 611.489129
demand_57 2 12 542.582933
demand_58 2 13 239.653677
demand_59 2 14 315.702558
demand_60 2 15 244.608297
demand_61 2 16 2517.471989
demand_62 2 17 647.903558
demand_63 2 18 35.209177
demand_64 2 19 433.010702
demand_65 2 20 338.538225
demand_66 2 21 346.343590
demand_67 2 22 597.660253
demand_68 2 23 257.577855
demand_69 3 0 343.726078
demand_70 3 1 131.982873
demand_71 3 2 497.754966
demand_72 3 4 428.858398
demand_73 3 5 600.382802
demand_74 3 6 366.957582
demand_75 3 7 545.354084
demand_76 3 8 539.673792
demand_77 3 9 1333.060338
demand_78 3 10 431.817702
demand_79 3 11 752.133216
demand_80 3 12 667.378415
demand_81 3 13 294.774645
demand_82 3 14 388.314966
demand_83 3 15 300.868840
demand_84 3 16 3096.497078
demand_85 3 17 796.923057
demand_86 3 18 43.307379
demand_87 3 19 532.604287
demand_88 3 20 416.402895
demand_89 3 21 426.003514
demand_90 3 22 735.123662
demand_91 3 23 316.821430
demand_92 4 0 572.912299
demand_93 4 1 219.985087
demand_94 4 2 829.643021
demand_95 4 3 2696.797785
demand_96 4 5 1000.700014
demand_97 4 6 611.633871
demand_98 4 7 908.979800
demand_99 4 8 899.512060
demand_100 4 9 2221.904915
demand_101 4 10 719.740771
demand_102 4 11 1253.633044
demand_103 4 12 1112.366289
demand_104 4 13 491.321520
demand_105 4 14 647.231717
demand_106 4 15 501.479142
demand_107 4 16 5161.148285
demand_108 4 17 1328.287405
demand_109 4 18 72.183438
demand_110 4 19 887.728822
demand_111 4 20 694.047833
demand_112 4 21 710.049857
demand_113 4 22 1225.282030
demand_114 4 23 528.068439
demand_115 5 0 174.659567
demand_116 5 1 67.065239
demand_117 5 2 252.927178
demand_118 5 3 822.152944
demand_119 5 4 217.918357
demand_120 5 6 186.464328
demand_121 5 7 277.113999
demand_122 5 8 274.227639
demand_123 5 9 677.375841
demand_124 5 10 219.422085
demand_125 5 11 382.185903
demand_126 5 12 339.118945
demand_127 5 13 149.785585
demand_128 5 14 197.316782
demand_129 5 15 152.882265
demand_130 5 16 1573.441391
demand_131 5 17 404.945231
demand_132 5 18 22.006035
demand_133 5 19 270.635369
demand_134 5 20 211.589268
demand_135 5 21 216.467688
demand_136 5 22 373.542738
demand_137 5 23 160.988349
demand_138 6 0 476.244859
demand_139 6 1 182.867023
demand_140 6 2 689.657430
demand_141 6 3 2241.767341
demand_142 6 4 594.198754
demand_143 6 5 831.851992
demand_144 6 7 755.607721
demand_145 6 8 747.737472
demand_146 6 9 1847.003102
demand_147 6 10 598.298976
demand_148 6 11 1042.107654
demand_149 6 12 924.676826
demand_150 6 13 408.420885
demand_151 6 14 538.024368
demand_152 6 15 416.864612
demand_153 6 16 4290.308205
demand_154 6 17 1104.165592
demand_155 6 18 60.003933
demand_156 6 19 737.942419
demand_157 6 20 576.941205
demand_158 6 21 590.243209
demand_159 6 22 1018.540305
demand_160 6 23 438.967500
demand_161 7 0 282.306671
demand_162 7 1 108.399240
demand_163 7 2 408.812588
demand_164 7 3 1328.866578
demand_165 7 4 352.226946
demand_166 7 5 493.102156
demand_167 7 6 301.387006
demand_168 7 8 443.241062
demand_169 7 9 1094.859688
demand_170 7 10 354.657461
demand_171 7 11 617.736733
demand_172 7 12 548.126520
demand_173 7 13 242.102226
demand_174 7 14 318.928101
demand_175 7 15 247.107468
demand_176 7 16 2543.193078
demand_177 7 17 654.523208
demand_178 7 18 35.568910
demand_179 7 19 437.434786
demand_180 7 20 341.997080
demand_181 7 21 349.882193
demand_182 7 22 603.766566
demand_183 7 23 260.209536
demand_184 8 0 128.746359
demand_185 8 1 49.435628
demand_186 8 2 186.439562
demand_187 8 3 606.031493
demand_188 8 4 160.633600
demand_189 8 5 224.879940
demand_190 8 6 137.447973
demand_191 8 7 204.268332
demand_192 8 9 499.312318
demand_193 8 10 161.742040
demand_194 8 11 281.719716
demand_195 8 12 249.973879
demand_196 8 13 110.411065
demand_197 8 14 145.447614
demand_198 8 15 112.693712
demand_199 8 16 1159.826821
demand_200 8 17 298.496240
demand_201 8 18 16.221252
demand_202 8 19 199.492756
demand_203 8 20 155.968255
demand_204 8 21 159.564272
demand_205 8 22 275.348601
demand_206 8 23 118.668929
demand_207 9 0 110.892723
demand_208 9 1 42.580244
demand_209 9 2 160.585440
demand_210 9 3 521.991324
demand_211 9 4 138.358066
demand_212 9 5 193.695177
demand_213 9 6 118.387658
demand_214 9 7 175.941842
demand_215 9 8 174.109269
demand_216 9 10 139.312795
demand_217 9 11 242.652814
demand_218 9 12 215.309266
demand_219 9 13 95.100038
demand_220 9 14 125.277966
demand_221 9 15 97.066144
demand_222 9 16 998.990225
demand_223 9 17 257.102889
demand_224 9 18 13.971803
demand_225 9 19 171.828509
demand_226 9 20 134.339678
demand_227 9 21 137.437025
demand_228 9 22 237.165201
demand_229 9 23 102.212760
demand_230 10 0 227.711208
demand_231 10 1 87.435843
demand_232 10 2 329.752066
demand_233 10 3 1071.876240
demand_234 10 4 284.109557
demand_235 10 5 397.740822
demand_236 10 6 243.101584
demand_237 10 7 361.285468
demand_238 10 8 357.522395
demand_239 10 9 883.124088
demand_240 10 11 498.272240
demand_241 10 12 442.123989
demand_242 10 13 195.281925
demand_243 10 14 257.250396
demand_244 10 15 199.319200
demand_245 10 16 2051.363378
demand_246 10 17 527.944556
demand_247 10 18 28.690217
demand_248 10 19 352.838999
demand_249 10 20 275.858051
demand_250 10 21 282.218257
demand_251 10 22 487.003772
demand_252 10 23 209.887451
demand_253 11 0 82.497915
demand_254 11 1 31.677294
demand_255 11 2 119.466487
demand_256 11 3 388.332029
demand_257 11 4 102.930578
demand_258 11 5 144.098259
demand_259 11 6 88.073723
demand_260 11 7 130.890782
demand_261 11 8 129.527451
demand_262 11 9 319.948663
demand_263 11 10 103.640842
demand_264 11 12 160.177919
demand_265 11 13 70.749051
demand_266 11 14 93.199723
demand_267 11 15 72.211722
demand_268 11 16 743.192240
demand_269 11 17 191.270012
demand_270 11 18 10.394232
demand_271 11 19 127.830695
demand_272 11 20 99.941125
demand_273 11 21 102.245375
demand_274 11 22 176.437499
demand_275 11 23 76.040514
demand_276 12 0 101.743474
demand_277 12 1 39.067144
demand_278 12 2 147.336274
demand_279 12 3 478.924221
demand_280 12 4 126.942779
demand_281 12 5 177.714279
demand_282 12 6 108.620037
demand_283 12 7 161.425690
demand_284 12 8 159.744314
demand_285 12 9 394.588014
demand_286 12 10 127.818737
demand_287 12 11 222.632647
demand_288 12 13 87.253771
demand_289 12 14 114.941857
demand_290 12 15 89.057663
demand_291 12 16 916.568137
demand_292 12 17 235.890512
demand_293 12 18 12.819054
demand_294 12 19 157.651729
demand_295 12 20 123.255930
demand_296 12 21 126.097728
demand_297 12 22 217.597791
demand_298 12 23 93.779655
demand_299 13 0 103.349004
demand_300 13 1 39.683630
demand_301 13 2 149.661266
demand_302 13 3 486.481729
demand_303 13 4 128.945958
demand_304 13 5 180.518641
demand_305 13 6 110.334080
demand_306 13 7 163.973015
demand_307 13 8 162.265107
demand_308 13 9 400.814681
demand_309 13 10 129.835739
demand_310 13 11 226.145829
demand_311 13 12 200.662385
demand_312 13 14 116.755660
demand_313 13 15 90.463008
demand_314 13 16 931.031742
demand_315 13 17 239.612905
demand_316 13 18 13.021341
demand_317 13 19 160.139501
demand_318 13 20 125.200930
demand_319 13 21 128.087572
demand_320 13 22 221.031522
demand_321 13 23 95.259514
demand_322 14 0 133.254131
demand_323 14 1 51.166508
demand_324 14 2 192.967336
demand_325 14 3 627.250361
demand_326 14 4 166.257834
demand_327 14 5 232.753619
demand_328 14 6 142.260413
demand_329 14 7 211.420341
demand_330 14 8 209.218232
demand_331 14 9 516.794647
demand_332 14 10 167.405083
demand_333 14 11 291.583516
demand_334 14 12 258.726168
demand_335 14 13 114.276867
demand_336 14 15 116.639436
demand_337 14 16 1200.435621
demand_338 14 17 308.947433
demand_339 14 18 16.789204
demand_340 14 19 206.477559
demand_341 14 20 161.429142
demand_342 14 21 165.151066
demand_343 14 22 284.989331
demand_344 14 23 122.823862
demand_345 15 0 601.339700
demand_346 15 1 230.900553
demand_347 15 2 870.809175
demand_348 15 3 2830.610508
demand_349 15 4 750.276448
demand_350 15 5 1050.353864
demand_351 15 6 641.982603
demand_352 15 7 954.082574
demand_353 15 8 944.145053
demand_354 15 9 2332.153873
demand_355 15 10 755.453672
demand_356 15 11 1315.837207
demand_357 15 12 1167.560921
demand_358 15 13 515.700460
demand_359 15 14 679.346783
demand_360 15 16 5417.239901
demand_361 15 17 1394.195852
demand_362 15 18 75.765117
demand_363 15 19 931.777142
demand_364 15 20 728.485873
demand_365 15 21 745.281903
demand_366 15 22 1286.079441
demand_367 15 23 554.270728
demand_368 16 0 253.513625
demand_369 16 1 97.343375
demand_370 16 2 367.116939
demand_371 16 3 1193.332703
demand_372 16 4 316.302585
demand_373 16 5 442.809638
demand_374 16 6 270.647916
demand_375 16 7 402.223455
demand_376 16 8 398.033981
demand_377 16 9 983.192664
demand_378 16 10 318.485207
demand_379 16 11 554.732474
demand_380 16 12 492.221952
demand_381 16 13 217.409715
demand_382 16 14 286.399959
demand_383 16 15 221.904461
demand_384 16 17 587.767020
demand_385 16 18 31.941163
demand_386 16 19 392.819899
demand_387 16 20 307.116084
demand_388 16 21 314.196978
demand_389 16 22 542.187154
demand_390 16 23 233.670222
demand_391 17 0 927.280908
demand_392 17 1 356.054446
demand_393 17 2 1342.809599
demand_394 17 3 4364.872432
demand_395 17 4 1156.945109
demand_396 17 5 1619.672015
demand_397 17 6 989.953283
demand_398 17 7 1471.219271
demand_399 17 8 1455.895364
demand_400 17 9 3596.239794
demand_401 17 10 1164.928519
demand_402 17 11 2029.053992
demand_403 17 12 1800.408238
demand_404 17 13 795.223049
demand_405 17 14 1047.569786
demand_406 17 15 811.663557
demand_407 17 16 8353.519863
demand_408 17 18 116.831711
demand_409 17 19 1436.823734
demand_410 17 20 1123.343496
demand_411 17 21 1149.243396
demand_412 17 22 1983.166770
demand_413 17 23 854.699372
demand_414 18 0 824.376062
demand_415 18 1 316.541363
demand_416 18 2 1193.791526
demand_417 18 3 3880.481437
demand_418 18 4 1028.553317
demand_419 18 5 1439.929181
demand_420 18 6 880.093381
demand_421 18 7 1307.950956
demand_422 18 8 1294.327617
demand_423 18 9 3197.147678
demand_424 18 10 1035.650769
demand_425 18 11 1803.880061
demand_426 18 12 1600.608232
demand_427 18 13 706.973303
demand_428 18 14 931.315902
demand_429 18 15 721.589328
demand_430 18 16 7426.489379
demand_431 18 17 1911.301858
demand_432 18 19 1277.372458
demand_433 18 20 998.680637
demand_434 18 21 1021.706300
demand_435 18 22 1763.085166
demand_436 18 23 759.849250
demand_437 19 0 15.386119
demand_438 19 1 5.907914
demand_439 19 2 22.280874
demand_440 19 3 72.425139
demand_441 19 4 19.196875
demand_442 19 5 26.874776
demand_443 19 6 16.426025
demand_444 19 7 24.411540
demand_445 19 8 24.157275
demand_446 19 9 59.671427
demand_447 19 10 19.329341
demand_448 19 11 33.667540
demand_449 19 12 29.873683
demand_450 19 13 13.194919
demand_451 19 14 17.382040
demand_452 19 15 13.467712
demand_453 19 16 138.607678
demand_454 19 17 35.672456
demand_455 19 18 1.938557
demand_456 19 20 18.639332
demand_457 19 21 19.069082
demand_458 19 22 32.906146
demand_459 19 23 14.181794
demand_460 20 0 916.688943
demand_461 20 1 351.987376
demand_462 20 2 1327.471213
demand_463 20 3 4315.014211
demand_464 20 4 1143.729780
demand_465 20 5 1601.171139
demand_466 20 6 978.645436
demand_467 20 7 1454.414112
demand_468 20 8 1439.265244
demand_469 20 9 3555.161361
demand_470 20 10 1151.621999
demand_471 20 11 2005.876906
demand_472 20 12 1779.842883
demand_473 20 13 786.139529
demand_474 20 14 1035.603808
demand_475 20 15 802.392243
demand_476 20 16 8258.100891
demand_477 20 17 2125.327698
demand_478 20 18 115.497189
demand_479 20 19 1420.411461
demand_480 20 21 1136.116040
demand_481 20 22 1960.513836
demand_482 20 23 844.936477
demand_483 21 0 1256.964342
demand_484 21 1 482.645269
demand_485 21 2 1820.229199
demand_486 21 3 5916.749669
demand_487 21 4 1568.282853
demand_488 21 5 2195.526675
demand_489 21 6 1341.919117
demand_490 21 7 1994.293366
demand_491 21 8 1973.521230
demand_492 21 9 4874.839057
demand_493 21 10 1579.104667
demand_494 21 11 2750.459428
demand_495 21 12 2440.521462
demand_496 21 13 1077.954920
demand_497 21 14 1420.020466
demand_498 21 15 1100.240650
demand_499 21 16 11323.512120
demand_500 21 17 2914.250414
demand_501 21 18 158.369804
demand_502 21 19 1947.668914
demand_503 21 20 1522.734596
demand_504 21 22 2688.257564
demand_505 21 23 1158.577324
demand_506 22 0 426.848525
demand_507 22 1 163.899972
demand_508 22 2 618.125847
demand_509 22 3 2009.250210
demand_510 22 4 532.568188
demand_511 22 5 745.571924
demand_512 22 6 455.698047
demand_513 22 7 677.235744
demand_514 22 8 670.181800
demand_515 22 9 1655.431097
demand_516 22 10 536.243134
demand_517 22 11 934.019773
demand_518 22 12 828.768924
demand_519 22 13 366.059284
demand_520 22 14 482.220235
demand_521 22 15 373.627224
demand_522 22 16 3845.315481
demand_523 22 17 989.641033
demand_524 22 18 53.780298
demand_525 22 19 661.402695
demand_526 22 20 517.100600
demand_527 22 21 529.022914
demand_528 22 23 393.437590
demand_529 23 0 176.612776
demand_530 23 1 67.815226
demand_531 23 2 255.755650
demand_532 23 3 831.347041
demand_533 23 4 220.355327
demand_534 23 5 308.487718
demand_535 23 6 188.549550
demand_536 23 7 280.212952
demand_537 23 8 277.294313
demand_538 23 9 684.950903
demand_539 23 10 221.875872
demand_540 23 11 386.459870
demand_541 23 12 342.911296
demand_542 23 13 151.460630
demand_543 23 14 199.523367
demand_544 23 15 154.591940
demand_545 23 16 1591.037111
demand_546 23 17 409.473714
demand_547 23 18 22.252127
demand_548 23 19 273.661872
demand_549 23 20 213.955461
demand_550 23 21 218.888435
demand_551 23 22 377.720049
