DEMANDS 552
label src dest bw
demand_0 0 1 15.565311
demand_1 0 2 687.389790
demand_2 0 3 2955.161106
demand_3 0 4 364.353328
demand_4 0 5 1251.334807
demand_5 0 6 161.062707
demand_6 0 7 1029.355841
demand_7 0 8 893.309005
demand_8 0 9 1982.519568
demand_9 0 10 415.644492
demand_10 0 11 1454.773630
demand_11 0 12 1327.838426
demand_12 0 13 29.634281
demand_13 0 14 189.134697
demand_14 0 15 82.094477
demand_15 0 16 3423.646412
demand_16 0 17 1592.582260
demand_17 0 18 12.149023
demand_18 0 19 840.654103
demand_19 0 20 229.361178
demand_20 0 21 246.148154
demand_21 0 22 1418.289950
demand_22 0 23 84.607519
demand_23 1 0 167.910534
demand_24 1 2 986.075670
demand_25 1 3 4239.243162
demand_26 1 4 522.672808
demand_27 1 5 1795.067116
demand_28 1 6 231.047972
demand_29 1 7 1476.633441
demand_30 1 8 1281.471282
demand_31 1 9 2843.967629
demand_32 1 10 596.251104
demand_33 1 11 2086.904553
demand_34 1 12 1904.813229
demand_35 1 13 42.511023
demand_36 1 14 271.317855
demand_37 1 15 117.766320
demand_38 1 16 4911.295568
demand_39 1 17 2284.594041
demand_40 1 18 17.428038
demand_41 1 19 1205.936675
demand_42 1 20 329.023620
demand_43 1 21 353.104904
demand_44 1 22 2034.567916
demand_45 1 23 121.371334
demand_46 2 0 86.325715
demand_47 2 1 11.479612
demand_48 2 3 2179.468365
demand_49 2 4 268.715147
demand_50 2 5 922.875108
demand_51 2 6 118.785766
demand_52 2 7 759.162839
demand_53 2 8 658.826591
demand_54 2 9 1462.133037
demand_55 2 10 306.543024
demand_56 2 11 1072.913791
demand_57 2 12 979.297487
demand_58 2 13 21.855654
demand_59 2 14 139.489211
demand_60 2 15 60.545706
demand_61 2 16 2524.982152
demand_62 2 17 1174.549383
demand_63 2 18 8.960057
demand_64 2 19 619.992940
demand_65 2 20 169.156744
demand_66 2 21 181.537350
demand_67 2 22 1046.006620
demand_68 2 23 62.399106
demand_69 3 0 110.808243
demand_70 3 1 14.735304
demand_71 3 2 650.735306
demand_72 3 4 344.924492
demand_73 3 5 1184.608427
demand_74 3 6 152.474173
demand_75 3 7 974.466304
demand_76 3 8 845.674052
demand_77 3 9 1876.803374
demand_78 3 10 393.480598
demand_79 3 11 1377.199046
demand_80 3 12 1257.032555
demand_81 3 13 28.054058
demand_82 3 14 179.049248
demand_83 3 15 77.716857
demand_84 3 16 3241.083338
demand_85 3 17 1507.659146
demand_86 3 18 11.501186
demand_87 3 19 795.826928
demand_88 3 20 217.130685
demand_89 3 21 233.022510
demand_90 3 22 1342.660828
demand_91 3 23 80.095894
demand_92 4 0 123.751357
demand_93 4 1 16.456482
demand_94 4 2 726.745367
demand_95 4 3 3124.354873
demand_96 4 5 1322.978295
demand_97 4 6 170.284136
demand_98 4 7 1088.290223
demand_99 4 8 944.454209
demand_100 4 9 2096.026055
demand_101 4 10 439.441658
demand_102 4 11 1538.064735
demand_103 4 12 1403.862026
demand_104 4 13 31.330952
demand_105 4 14 199.963350
demand_106 4 15 86.794685
demand_107 4 16 3619.662675
demand_108 4 17 1683.763411
demand_109 4 18 12.844599
demand_110 4 19 888.784621
demand_111 4 20 242.492943
demand_112 4 21 260.241035
demand_113 4 22 1499.492230
demand_114 4 23 89.451609
demand_115 5 0 54.609757
demand_116 5 1 7.262017
demand_117 5 2 320.702647
demand_118 5 3 1378.734454
demand_119 5 4 169.989543
demand_120 5 6 75.144026
demand_121 5 7 480.247375
demand_122 5 8 416.774538
demand_123 5 9 924.947215
demand_124 5 10 193.919506
demand_125 5 11 678.726626
demand_126 5 12 619.504833
demand_127 5 13 13.825914
demand_128 5 14 88.241052
demand_129 5 15 38.301290
demand_130 5 16 1597.306914
demand_131 5 17 743.021431
demand_132 5 18 5.668143
demand_133 5 19 392.208321
demand_134 5 20 107.008771
demand_135 5 21 114.840758
demand_136 5 22 661.705115
demand_137 5 23 39.473754
demand_138 6 0 116.462068
demand_139 6 1 15.487151
demand_140 6 2 683.938101
demand_141 6 3 2940.321930
demand_142 6 4 362.523748
demand_143 6 5 1245.051299
demand_144 6 7 1024.186989
demand_145 6 8 888.823304
demand_146 6 9 1972.564458
demand_147 6 10 413.557357
demand_148 6 11 1447.468567
demand_149 6 12 1321.170760
demand_150 6 13 29.485474
demand_151 6 14 188.184968
demand_152 6 15 81.682244
demand_153 6 16 3406.454764
demand_154 6 17 1584.585197
demand_155 6 18 12.088017
demand_156 6 19 836.432805
demand_157 6 20 228.209453
demand_158 6 21 244.912135
demand_159 6 22 1411.168087
demand_160 6 23 84.182667
demand_161 7 0 94.374171
demand_162 7 1 12.549898
demand_163 7 2 554.224156
demand_164 7 3 2382.668019
demand_165 7 4 293.768424
demand_166 7 5 1008.918065
demand_167 7 6 129.860589
demand_168 7 8 720.251357
demand_169 7 9 1598.452945
demand_170 7 10 335.123130
demand_171 7 11 1172.945393
demand_172 7 12 1070.600904
demand_173 7 13 23.893335
demand_174 7 14 152.494290
demand_175 7 15 66.190599
demand_176 7 16 2760.395296
demand_177 7 17 1284.056835
demand_178 7 18 9.795435
demand_179 7 19 677.797106
demand_180 7 20 184.927834
demand_181 7 21 198.462728
demand_182 7 22 1143.529569
demand_183 7 23 68.216799
demand_184 8 0 46.038101
demand_185 8 1 6.122157
demand_186 8 2 270.364523
demand_187 8 3 1162.325559
demand_188 8 4 143.307647
demand_189 8 5 492.175681
demand_190 8 6 63.349271
demand_191 8 7 404.866795
demand_192 8 9 779.765665
demand_193 8 10 163.481516
demand_194 8 11 572.192349
demand_195 8 12 522.266126
demand_196 8 13 11.655771
demand_197 8 14 74.390561
demand_198 8 15 32.289444
demand_199 8 16 1346.590453
demand_200 8 17 626.395313
demand_201 8 18 4.778460
demand_202 8 19 330.646525
demand_203 8 20 90.212462
demand_204 8 21 96.815125
demand_205 8 22 557.842568
demand_206 8 23 33.277875
demand_207 9 0 43.387550
demand_208 9 1 5.769686
demand_209 9 2 254.798828
demand_210 9 3 1095.406999
demand_211 9 4 135.056997
demand_212 9 5 463.839654
demand_213 9 6 59.702064
demand_214 9 7 381.557402
demand_215 9 8 331.128118
demand_216 9 10 154.069396
demand_217 9 11 539.249523
demand_218 9 12 492.197702
demand_219 9 13 10.984714
demand_220 9 14 70.107674
demand_221 9 15 30.430444
demand_222 9 16 1269.063211
demand_223 9 17 590.331860
demand_224 9 18 4.503350
demand_225 9 19 311.610215
demand_226 9 20 85.018661
demand_227 9 21 91.241188
demand_228 9 22 525.725902
demand_229 9 23 31.361968
demand_230 10 0 70.056797
demand_231 10 1 9.316168
demand_232 10 2 411.417329
demand_233 10 3 1768.726427
demand_234 10 4 218.073173
demand_235 10 5 748.950349
demand_236 10 6 96.399437
demand_237 10 7 616.091243
demand_238 10 8 534.664334
demand_239 10 9 1186.579894
demand_240 10 11 870.712788
demand_241 10 12 794.739383
demand_242 10 13 17.736744
demand_243 10 14 113.201117
demand_244 10 15 49.135281
demand_245 10 16 2049.124792
demand_246 10 17 953.194167
demand_247 10 18 7.271447
demand_248 10 19 503.149261
demand_249 10 20 137.277516
demand_250 10 21 147.324876
demand_251 10 22 848.876534
demand_252 10 23 50.639390
demand_253 11 0 23.292777
demand_254 11 1 3.097478
demand_255 11 2 136.789754
demand_256 11 3 588.073558
demand_257 11 4 72.505880
demand_258 11 5 249.014144
demand_259 11 6 32.051288
demand_260 11 7 204.840593
demand_261 11 8 177.767433
demand_262 11 9 394.519045
demand_263 11 10 82.712761
demand_264 11 12 264.238273
demand_265 11 13 5.897187
demand_266 11 14 37.637581
demand_267 11 15 16.336704
demand_268 11 16 681.301579
demand_269 11 17 316.921982
demand_270 11 18 2.417641
demand_271 11 19 167.289170
demand_272 11 20 45.642603
demand_273 11 21 48.983191
demand_274 11 22 282.238019
demand_275 11 23 16.836796
demand_276 12 0 28.890863
demand_277 12 1 3.841913
demand_278 12 2 169.665219
demand_279 12 3 729.408647
demand_280 12 4 89.931634
demand_281 12 5 308.861140
demand_282 12 6 39.754358
demand_283 12 7 254.071106
demand_284 12 8 220.491300
demand_285 12 9 489.336068
demand_286 12 10 102.591593
demand_287 12 11 359.074997
demand_288 12 13 7.314491
demand_289 12 14 46.683236
demand_290 12 15 20.262997
demand_291 12 16 845.042692
demand_292 12 17 393.089659
demand_293 12 18 2.998687
demand_294 12 19 207.494735
demand_295 12 20 56.612151
demand_296 12 21 60.755602
demand_297 12 22 350.069900
demand_298 12 23 20.883280
demand_299 13 0 42.962595
demand_300 13 1 5.713175
demand_301 13 2 252.303227
demand_302 13 3 1084.678147
demand_303 13 4 133.734195
demand_304 13 5 459.296624
demand_305 13 6 59.117318
demand_306 13 7 377.820277
demand_307 13 8 327.884918
demand_308 13 9 727.674592
demand_309 13 10 152.560379
demand_310 13 11 533.967899
demand_311 13 12 487.376922
demand_312 13 14 69.421011
demand_313 13 15 30.132396
demand_314 13 16 1256.633501
demand_315 13 17 584.549916
demand_316 13 18 4.459242
demand_317 13 19 308.558181
demand_318 13 20 84.185954
demand_319 13 21 90.347536
demand_320 13 22 520.576734
demand_321 13 23 31.054797
demand_322 14 0 52.182150
demand_323 14 1 6.939194
demand_324 14 2 306.446224
demand_325 14 3 1317.444591
demand_326 14 4 162.432877
demand_327 14 5 557.859357
demand_328 14 6 71.803595
demand_329 14 7 458.898597
demand_330 14 8 398.247363
demand_331 14 9 883.829879
demand_332 14 10 185.299065
demand_333 14 11 648.554709
demand_334 14 12 591.965544
demand_335 14 13 13.211301
demand_336 14 15 36.598656
demand_337 14 16 1526.300695
demand_338 14 17 709.991371
demand_339 14 18 5.416173
demand_340 14 19 374.773206
demand_341 14 20 102.251834
demand_342 14 21 109.735660
demand_343 14 22 632.289867
demand_344 14 23 37.718999
demand_345 15 0 126.387834
demand_346 15 1 16.807081
demand_347 15 2 742.228409
demand_348 15 3 3190.918103
demand_349 15 4 393.420727
demand_350 15 5 1351.163860
demand_351 15 6 173.911976
demand_352 15 7 1111.475846
demand_353 15 8 964.575458
demand_354 15 9 2140.681118
demand_355 15 10 448.803801
demand_356 15 11 1570.832637
demand_357 15 12 1433.770789
demand_358 15 13 31.998446
demand_359 15 14 204.223495
demand_360 15 16 3696.778255
demand_361 15 17 1719.635370
demand_362 15 18 13.118248
demand_363 15 19 907.719850
demand_364 15 20 247.659166
demand_365 15 21 265.785374
demand_366 15 22 1531.438360
demand_367 15 23 91.357342
demand_368 16 0 72.202604
demand_369 16 1 9.601518
demand_370 16 2 424.018848
demand_371 16 3 1822.901688
demand_372 16 4 224.752652
demand_373 16 5 771.890347
demand_374 16 6 99.352107
demand_375 16 7 634.961829
demand_376 16 8 551.040852
demand_377 16 9 1222.924280
demand_378 16 10 256.391790
demand_379 16 11 897.382312
demand_380 16 12 819.081878
demand_381 16 13 18.280012
demand_382 16 14 116.668414
demand_383 16 15 50.640271
demand_384 16 17 982.390058
demand_385 16 18 7.494168
demand_386 16 19 518.560487
demand_387 16 20 141.482262
demand_388 16 21 151.837368
demand_389 16 22 874.877224
demand_390 16 23 52.190451
demand_391 17 0 199.164804
demand_392 17 1 26.484979
demand_393 17 2 1169.620296
demand_394 17 3 5028.320837
demand_395 17 4 619.961269
demand_396 17 5 2129.194537
demand_397 17 6 274.054421
demand_398 17 7 1751.488748
demand_399 17 8 1519.999798
demand_400 17 9 3373.333669
demand_401 17 10 707.235168
demand_402 17 11 2475.353559
demand_403 17 12 2259.368402
demand_404 17 13 50.423874
demand_405 17 14 321.819997
demand_406 17 15 139.686925
demand_407 17 16 5825.466692
demand_408 17 18 20.672032
demand_409 17 19 1430.405447
demand_410 17 20 390.266908
demand_411 17 21 418.830597
demand_412 17 22 2413.275166
demand_413 17 23 143.962964
demand_414 18 0 170.708117
demand_415 18 1 22.700802
demand_416 18 2 1002.504832
demand_417 18 3 4309.873858
demand_418 18 4 531.381142
demand_419 18 5 1824.975011
demand_420 18 6 234.897499
demand_421 18 7 1501.235863
demand_422 18 8 1302.822077
demand_423 18 9 2891.351420
demand_424 18 10 606.185338
demand_425 18 11 2121.674797
demand_426 18 12 1936.549621
demand_427 18 13 43.219306
demand_428 18 14 275.838324
demand_429 18 15 119.728443
demand_430 18 16 4993.123435
demand_431 18 17 2322.658022
demand_432 18 19 1226.028975
demand_433 18 20 334.505534
demand_434 18 21 358.988040
demand_435 18 22 2068.466172
demand_436 18 23 123.393521
demand_437 19 0 11.135334
demand_438 19 1 1.480779
demand_439 19 2 65.393646
demand_440 19 3 281.134171
demand_441 19 4 34.662127
demand_442 19 5 119.043585
demand_443 19 6 15.322424
demand_444 19 7 97.925998
demand_445 19 8 84.983416
demand_446 19 9 188.603590
demand_447 19 10 39.541624
demand_448 19 11 138.397388
demand_449 19 12 126.321625
demand_450 19 13 2.819206
demand_451 19 14 17.993004
demand_452 19 15 7.809917
demand_453 19 16 325.702715
demand_454 19 17 151.507575
demand_455 19 18 1.155776
demand_456 19 20 21.819881
demand_457 19 21 23.416881
demand_458 19 22 134.926576
demand_459 19 23 8.048991
demand_460 20 0 185.676051
demand_461 20 1 24.691241
demand_462 20 2 1090.405898
demand_463 20 3 4687.769796
demand_464 20 4 577.973404
demand_465 20 5 1984.991445
demand_466 20 6 255.493649
demand_467 20 7 1632.866382
demand_468 20 8 1417.055390
demand_469 20 9 3144.869271
demand_470 20 10 659.336540
demand_471 20 11 2307.706295
demand_472 20 12 2106.349077
demand_473 20 13 47.008837
demand_474 20 14 300.024225
demand_475 20 15 130.226405
demand_476 20 16 5430.927679
demand_477 20 17 2526.312018
demand_478 20 18 19.271985
demand_479 20 19 1333.528959
demand_480 20 21 390.464628
demand_481 20 22 2249.832261
demand_482 20 23 134.212843
demand_483 21 0 365.895616
demand_484 21 1 48.656878
demand_485 21 2 2148.767898
demand_486 21 3 9237.779502
demand_487 21 4 1138.961830
demand_488 21 5 3911.649692
demand_489 21 6 503.479074
demand_490 21 7 3217.747511
demand_491 21 8 2792.467593
demand_492 21 9 6197.319867
demand_493 21 10 1299.297072
demand_494 21 11 4547.595730
demand_495 21 12 4150.798604
demand_496 21 13 92.636220
demand_497 21 14 591.231601
demand_498 21 15 256.625831
demand_499 21 16 10702.255992
demand_500 21 17 4978.382981
demand_501 21 18 37.977623
demand_502 21 19 2627.869332
demand_503 21 20 716.978841
demand_504 21 22 4433.548413
demand_505 21 23 264.481556
demand_506 22 0 116.060016
demand_507 22 1 15.433686
demand_508 22 2 681.576999
demand_509 22 3 2930.171302
demand_510 22 4 361.272237
demand_511 22 5 1240.753113
demand_512 22 6 159.700709
demand_513 22 7 1020.651274
demand_514 22 8 885.754894
demand_515 22 9 1965.754738
demand_516 22 10 412.129667
demand_517 22 11 1442.471591
demand_518 22 12 1316.609792
demand_519 22 13 29.383684
demand_520 22 14 187.535313
demand_521 22 15 81.400259
demand_522 22 16 3394.694944
demand_523 22 17 1579.114866
demand_524 22 18 12.046287
demand_525 22 19 833.545258
demand_526 22 20 227.421625
demand_527 22 21 244.066645
demand_528 22 23 83.892050
demand_529 23 0 59.287799
demand_530 23 1 7.884104
demand_531 23 2 348.175034
demand_532 23 3 1496.841141
demand_533 23 4 184.551377
demand_534 23 5 633.823116
demand_535 23 6 81.581098
demand_536 23 7 521.386861
demand_537 23 8 452.476742
demand_538 23 9 1004.181074
demand_539 23 10 210.531255
demand_540 23 11 736.868463
demand_541 23 12 672.573546
demand_542 23 13 15.010285
demand_543 23 14 95.800055
demand_544 23 15 41.582298
demand_545 23 16 1734.137198
demand_546 23 17 806.670960
demand_547 23 18 6.153694
demand_548 23 19 425.806107
demand_549 23 20 116.175476
demand_550 23 21 124.678375
demand_551 23 22 718.388836
