DEMANDS 552
label src dest bw
demand_0 0 1 53.751292
demand_1 0 2 424.087122
demand_2 0 3 3273.113543
demand_3 0 4 308.421899
demand_4 0 5 1018.369531
demand_5 0 6 224.329885
demand_6 0 7 1001.263585
demand_7 0 8 900.587841
demand_8 0 9 2235.619283
demand_9 0 10 393.856225
demand_10 0 11 1891.718668
demand_11 0 12 1255.247036
demand_12 0 13 71.507869
demand_13 0 14 243.801252
demand_14 0 15 161.569588
demand_15 0 16 5953.719809
demand_16 0 17 2181.229431
demand_17 0 18 3.470776
demand_18 0 19 456.642422
demand_19 0 20 282.781535
demand_20 0 21 282.986201
demand_21 0 22 1404.418280
demand_22 0 23 166.229718
demand_23 1 0 293.050727
demand_24 1 2 606.220344
demand_25 1 3 4678.821667
demand_26 1 4 440.880233
demand_27 1 5 1455.729954
demand_28 1 6 320.673118
demand_29 1 7 1431.277496
demand_30 1 8 1287.364415
demand_31 1 9 3195.753463
demand_32 1 10 563.006146
demand_33 1 11 2704.157426
demand_34 1 12 1794.339534
demand_35 1 13 102.218443
demand_36 1 14 348.506877
demand_37 1 15 230.959080
demand_38 1 16 8510.671224
demand_39 1 17 3118.004735
demand_40 1 18 4.961375
demand_41 1 19 652.757207
demand_42 1 20 404.228071
demand_43 1 21 404.520635
demand_44 1 22 2007.575537
demand_45 1 23 237.620601
demand_46 2 0 153.267962
demand_47 2 1 40.185827
demand_48 2 3 2447.062556
demand_49 2 4 230.584020
demand_50 2 5 761.358845
demand_51 2 6 167.714702
demand_52 2 7 748.570007
demand_53 2 8 673.302271
demand_54 2 9 1671.405579
demand_55 2 10 294.456886
demand_56 2 11 1414.296772
demand_57 2 12 938.454465
demand_58 2 13 53.461094
demand_59 2 14 182.271988
demand_60 2 15 120.793515
demand_61 2 16 4451.151670
demand_62 2 17 1630.742349
demand_63 2 18 2.594840
demand_64 2 19 341.397436
demand_65 2 20 211.414635
demand_66 2 21 211.567649
demand_67 2 22 1049.978664
demand_68 2 23 124.277546
demand_69 3 0 160.158363
demand_70 3 1 41.992444
demand_71 3 2 331.312121
demand_72 3 4 240.950286
demand_73 3 5 795.586924
demand_74 3 6 175.254579
demand_75 3 7 782.223143
demand_76 3 8 703.571629
demand_77 3 9 1746.546233
demand_78 3 10 307.694656
demand_79 3 11 1477.878697
demand_80 3 12 980.644154
demand_81 3 13 55.864521
demand_82 3 14 190.466311
demand_83 3 15 126.223977
demand_84 3 16 4651.260160
demand_85 3 17 1704.054924
demand_86 3 18 2.711495
demand_87 3 19 356.745492
demand_88 3 20 220.919111
demand_89 3 21 221.079003
demand_90 3 22 1097.182099
demand_91 3 23 129.864638
demand_92 4 0 217.339028
demand_93 4 1 56.984829
demand_94 4 2 449.599091
demand_95 4 3 3470.015467
demand_96 4 5 1079.631971
demand_97 4 6 237.824982
demand_98 4 7 1061.496976
demand_99 4 8 954.764843
demand_100 4 9 2370.108274
demand_101 4 10 417.549582
demand_102 4 11 2005.519501
demand_103 4 12 1330.759405
demand_104 4 13 75.809595
demand_105 4 14 258.467695
demand_106 4 15 171.289191
demand_107 4 16 6311.879975
demand_108 4 17 2312.446472
demand_109 4 18 3.679569
demand_110 4 19 484.112832
demand_111 4 20 299.792930
demand_112 4 21 300.009908
demand_113 4 22 1488.904400
demand_114 4 23 176.229662
demand_115 5 0 86.227541
demand_116 5 1 22.608280
demand_117 5 2 178.374885
demand_118 5 3 1376.701203
demand_119 5 4 129.725044
demand_120 5 6 94.355181
demand_121 5 7 421.140533
demand_122 5 8 378.795403
demand_123 5 9 940.321720
demand_124 5 10 165.659496
demand_125 5 11 795.674006
demand_126 5 12 527.968273
demand_127 5 13 30.076858
demand_128 5 14 102.545015
demand_129 5 15 67.957632
demand_130 5 16 2504.188479
demand_131 5 17 917.444856
demand_132 5 18 1.459840
demand_133 5 19 192.067939
demand_134 5 20 118.940475
demand_135 5 21 119.026559
demand_136 5 22 590.711049
demand_137 5 23 69.917725
demand_138 6 0 184.406772
demand_139 6 1 48.350213
demand_140 6 2 381.473672
demand_141 6 3 2944.222013
demand_142 6 4 277.430811
demand_143 6 5 916.040935
demand_144 6 7 900.653842
demand_145 6 8 810.094276
demand_146 6 9 2010.978055
demand_147 6 10 354.280459
demand_148 6 11 1701.633528
demand_149 6 12 1129.116331
demand_150 6 13 64.322560
demand_151 6 14 219.303425
demand_152 6 15 145.334628
demand_153 6 16 5355.473525
demand_154 6 17 1962.053447
demand_155 6 18 3.122023
demand_156 6 19 410.757724
demand_157 6 20 254.366862
demand_158 6 21 254.550962
demand_159 6 22 1263.298435
demand_160 6 23 149.526495
demand_161 7 0 154.919761
demand_162 7 1 40.618918
demand_163 7 2 320.475270
demand_164 7 3 2473.435034
demand_165 7 4 233.069070
demand_166 7 5 769.564161
demand_167 7 6 169.522196
demand_168 7 8 680.558583
demand_169 7 9 1689.418648
demand_170 7 10 297.630306
demand_171 7 11 1429.538929
demand_172 7 12 948.568375
demand_173 7 13 54.037254
demand_174 7 14 184.236370
demand_175 7 15 122.095331
demand_176 7 16 4499.122614
demand_177 7 17 1648.317183
demand_178 7 18 2.622805
demand_179 7 19 345.076744
demand_180 7 20 213.693093
demand_181 7 21 213.847755
demand_182 7 22 1061.294493
demand_183 7 23 125.616910
demand_184 8 0 49.408896
demand_185 8 1 12.954680
demand_186 8 2 102.209873
demand_187 8 3 788.858005
demand_188 8 4 74.333224
demand_189 8 5 245.438768
demand_190 8 6 54.066082
demand_191 8 7 241.316038
demand_192 8 9 538.809957
demand_193 8 10 94.923880
demand_194 8 11 455.925954
demand_195 8 12 302.528971
demand_196 8 13 17.234219
demand_197 8 14 58.758905
demand_198 8 15 38.940129
demand_199 8 16 1434.914942
demand_200 8 17 525.701377
demand_201 8 18 0.836497
demand_202 8 19 110.056075
demand_203 8 20 68.153602
demand_204 8 21 68.202929
demand_205 8 22 338.480956
demand_206 8 23 40.063274
demand_207 9 0 46.628531
demand_208 9 1 12.225687
demand_209 9 2 96.458263
demand_210 9 3 744.466954
demand_211 9 4 70.150304
demand_212 9 5 231.627303
demand_213 9 6 51.023646
demand_214 9 7 227.736570
demand_215 9 8 204.837956
demand_216 9 10 89.582271
demand_217 9 11 430.269838
demand_218 9 12 285.504895
demand_219 9 13 16.264405
demand_220 9 14 55.452392
demand_221 9 15 36.748869
demand_222 9 16 1354.168620
demand_223 9 17 496.118821
demand_224 9 18 0.789425
demand_225 9 19 103.862939
demand_226 9 20 64.318425
demand_227 9 21 64.364976
demand_228 9 22 319.433770
demand_229 9 23 37.808811
demand_230 10 0 108.308968
demand_231 10 1 28.397882
demand_232 10 2 224.053700
demand_233 10 3 1729.251281
demand_234 10 4 162.945451
demand_235 10 5 538.024970
demand_236 10 6 118.517960
demand_237 10 7 528.987557
demand_238 10 8 475.798550
demand_239 10 9 1181.122335
demand_240 10 11 999.432769
demand_241 10 12 663.172089
demand_242 10 13 37.779036
demand_243 10 14 128.805072
demand_244 10 15 85.360442
demand_245 10 16 3145.469130
demand_246 10 17 1152.387089
demand_247 10 18 1.833680
demand_248 10 19 241.253315
demand_249 10 20 149.399135
demand_250 10 21 149.507264
demand_251 10 22 741.982238
demand_252 10 23 87.822481
demand_253 11 0 25.725901
demand_254 11 1 6.745158
demand_255 11 2 53.217969
demand_256 11 3 410.737431
demand_257 11 4 38.703338
demand_258 11 5 127.793454
demand_259 11 6 28.150774
demand_260 11 7 125.646858
demand_261 11 8 113.013231
demand_262 11 9 280.544047
demand_263 11 10 49.424345
demand_264 11 12 157.518808
demand_265 11 13 8.973400
demand_266 11 14 30.594203
demand_267 11 15 20.275092
demand_268 11 16 747.122135
demand_269 11 17 273.718758
demand_270 11 18 0.435542
demand_271 11 19 57.303278
demand_272 11 20 35.485772
demand_273 11 21 35.511455
demand_274 11 22 176.238052
demand_275 11 23 20.859884
demand_276 12 0 36.887170
demand_277 12 1 9.671568
demand_278 12 2 76.306766
demand_279 12 3 588.937261
demand_280 12 4 55.494912
demand_281 12 5 183.237078
demand_282 12 6 40.364083
demand_283 12 7 180.159174
demand_284 12 8 162.044405
demand_285 12 9 402.259035
demand_286 12 10 70.867265
demand_287 12 11 340.380374
demand_288 12 13 12.866541
demand_289 12 14 43.867602
demand_290 12 15 29.071509
demand_291 12 16 1071.263612
demand_292 12 17 392.472571
demand_293 12 18 0.624503
demand_294 12 19 82.164500
demand_295 12 20 50.881395
demand_296 12 21 50.918221
demand_297 12 22 252.699530
demand_298 12 23 29.910015
demand_299 13 0 41.218268
demand_300 13 1 10.807152
demand_301 13 2 85.266305
demand_302 13 3 658.087177
demand_303 13 4 62.010833
demand_304 13 5 204.751812
demand_305 13 6 45.103422
demand_306 13 7 201.312517
demand_307 13 8 181.070807
demand_308 13 9 449.490176
demand_309 13 10 79.188127
demand_310 13 11 380.346047
demand_311 13 12 252.378039
demand_312 13 14 49.018305
demand_313 13 15 32.484933
demand_314 13 16 1197.045752
demand_315 13 17 438.554636
demand_316 13 18 0.697829
demand_317 13 19 91.811823
demand_318 13 20 56.855621
demand_319 13 21 56.896770
demand_320 13 22 282.370180
demand_321 13 23 33.421892
demand_322 14 0 50.811454
demand_323 14 1 13.322421
demand_324 14 2 105.111280
demand_325 14 3 811.251125
demand_326 14 4 76.443304
demand_327 14 5 252.405979
demand_328 14 6 55.600843
demand_329 14 7 248.166218
demand_330 14 8 223.213429
demand_331 14 9 554.105024
demand_332 14 10 97.618461
demand_333 14 11 468.868213
demand_334 14 12 311.116787
demand_335 14 13 17.723442
demand_336 14 15 40.045513
demand_337 14 16 1475.647523
demand_338 14 17 540.624334
demand_339 14 18 0.860242
demand_340 14 19 113.180210
demand_341 14 20 70.088262
demand_342 14 21 70.138989
demand_343 14 22 348.089333
demand_344 14 23 41.200540
demand_345 15 0 267.207810
demand_346 15 1 70.060088
demand_347 15 2 552.760309
demand_348 15 3 4266.215973
demand_349 15 4 402.000851
demand_350 15 5 1327.355224
demand_351 15 6 292.394298
demand_352 15 7 1305.059126
demand_353 15 8 1173.837137
demand_354 15 9 2913.933345
demand_355 15 10 513.356991
demand_356 15 11 2465.689104
demand_357 15 12 1636.104242
demand_358 15 13 93.204226
demand_359 15 14 317.773514
demand_360 15 16 7760.150760
demand_361 15 17 2843.040951
demand_362 15 18 4.523852
demand_363 15 19 595.193282
demand_364 15 20 368.580890
demand_365 15 21 368.847654
demand_366 15 22 1830.535855
demand_367 15 23 216.665835
demand_368 16 0 123.251586
demand_369 16 1 32.315736
demand_370 16 2 254.964796
demand_371 16 3 1967.823787
demand_372 16 4 185.425877
demand_373 16 5 612.252451
demand_374 16 6 134.869041
demand_375 16 7 601.968210
demand_376 16 8 541.441093
demand_377 16 9 1344.073387
demand_378 16 10 236.789723
demand_379 16 11 1137.317403
demand_380 16 12 754.665227
demand_381 16 13 42.991141
demand_382 16 14 146.575392
demand_383 16 15 97.137015
demand_384 16 17 1311.373744
demand_385 16 18 2.086660
demand_386 16 19 274.537320
demand_387 16 20 170.010671
demand_388 16 21 170.133718
demand_389 16 22 844.348252
demand_390 16 23 99.938725
demand_391 17 0 307.880710
demand_392 17 1 80.724248
demand_393 17 2 636.898436
demand_394 17 3 4915.595844
demand_395 17 4 463.191204
demand_396 17 5 1529.397917
demand_397 17 6 336.900946
demand_398 17 7 1503.708030
demand_399 17 8 1352.512153
demand_400 17 9 3357.476211
demand_401 17 10 591.497361
demand_402 17 11 2841.002703
demand_403 17 12 1885.143009
demand_404 17 13 107.391259
demand_405 17 14 366.143247
demand_406 17 15 242.646883
demand_407 17 16 8941.358119
demand_408 17 18 5.212447
demand_409 17 19 685.790322
demand_410 17 20 424.684240
demand_411 17 21 424.991610
demand_412 17 22 2109.169930
demand_413 17 23 249.645514
demand_414 18 0 297.478514
demand_415 18 1 77.996862
demand_416 18 2 615.379899
demand_417 18 3 4749.515312
demand_418 18 4 447.541618
demand_419 18 5 1477.724991
demand_420 18 6 325.518259
demand_421 18 7 1452.903074
demand_422 18 8 1306.815570
demand_423 18 9 3244.039010
demand_424 18 10 571.512765
demand_425 18 11 2745.015308
demand_426 18 12 1821.450719
demand_427 18 13 103.762890
demand_428 18 14 353.772566
demand_429 18 15 234.448706
demand_430 18 16 8639.261372
demand_431 18 17 3165.115554
demand_432 18 19 662.619901
demand_433 18 20 410.335667
demand_434 18 21 410.632652
demand_435 18 22 2037.908566
demand_436 18 23 241.210878
demand_437 19 0 0.208874
demand_438 19 1 0.054765
demand_439 19 2 0.432089
demand_440 19 3 3.334869
demand_441 19 4 0.314241
demand_442 19 5 1.037584
demand_443 19 6 0.228562
demand_444 19 7 1.020155
demand_445 19 8 0.917580
demand_446 19 9 2.277800
demand_447 19 10 0.401287
demand_448 19 11 1.927411
demand_449 19 12 1.278930
demand_450 19 13 0.072857
demand_451 19 14 0.248401
demand_452 19 15 0.164618
demand_453 19 16 6.066052
demand_454 19 17 2.222384
demand_455 19 18 0.003536
demand_456 19 20 0.288117
demand_457 19 21 0.288325
demand_458 19 22 1.430916
demand_459 19 23 0.169366
demand_460 20 0 298.539218
demand_461 20 1 78.274972
demand_462 20 2 617.574128
demand_463 20 3 4766.450421
demand_464 20 4 449.137395
demand_465 20 5 1482.994041
demand_466 20 6 326.678943
demand_467 20 7 1458.083618
demand_468 20 8 1311.475216
demand_469 20 9 3255.606117
demand_470 20 10 573.550580
demand_471 20 11 2754.803072
demand_472 20 12 1827.945375
demand_473 20 13 104.132872
demand_474 20 14 355.033995
demand_475 20 15 235.284668
demand_476 20 16 8670.065953
demand_477 20 17 3176.401248
demand_478 20 18 5.054295
demand_479 20 19 664.982572
demand_480 20 21 412.096824
demand_481 20 22 2045.175034
demand_482 20 23 242.070951
demand_483 21 0 329.774050
demand_484 21 1 86.464534
demand_485 21 2 682.188165
demand_486 21 3 5265.142949
demand_487 21 4 496.128644
demand_488 21 5 1638.153119
demand_489 21 6 360.857910
demand_490 21 7 1610.636428
demand_491 21 8 1448.689041
demand_492 21 9 3596.225719
demand_493 21 10 633.558628
demand_494 21 11 3043.025877
demand_495 21 12 2019.195177
demand_496 21 13 115.027832
demand_497 21 14 392.179625
demand_498 21 15 259.901457
demand_499 21 16 9577.176430
demand_500 21 17 3508.733996
demand_501 21 18 5.583104
demand_502 21 19 734.556744
demand_503 21 20 454.883457
demand_504 21 22 2259.152611
demand_505 21 23 267.397759
demand_506 22 0 177.240935
demand_507 22 1 46.471379
demand_508 22 2 366.650040
demand_509 22 3 2829.812905
demand_510 22 4 266.650166
demand_511 22 5 880.444630
demand_512 22 6 193.947321
demand_513 22 7 865.655461
demand_514 22 8 778.614936
demand_515 22 9 1932.833742
demand_516 22 10 340.513524
demand_517 22 11 1635.509991
demand_518 22 12 1085.240159
demand_519 22 13 61.823059
demand_520 22 14 210.781544
demand_521 22 15 139.687090
demand_522 22 16 5147.365934
demand_523 22 17 1885.810288
demand_524 22 18 3.000705
demand_525 22 19 394.796148
demand_526 22 20 244.482456
demand_527 22 21 244.659402
demand_528 22 23 143.716066
demand_529 23 0 96.285812
demand_530 23 1 25.245491
demand_531 23 2 199.181959
demand_532 23 3 1537.290648
demand_533 23 4 144.857211
demand_534 23 5 478.299923
demand_535 23 6 105.361525
demand_536 23 7 470.265735
demand_537 23 8 422.981130
demand_538 23 9 1050.008370
demand_539 23 10 184.983345
demand_540 23 11 888.487790
demand_541 23 12 589.554717
demand_542 23 13 33.585263
demand_543 23 14 114.506686
demand_544 23 15 75.884754
demand_545 23 16 2796.297062
demand_546 23 17 1024.462965
demand_547 23 18 1.630127
demand_548 23 19 214.472280
demand_549 23 20 132.814644
demand_550 23 21 132.910770
demand_551 23 22 659.616313
