DEMANDS 182
label src dest bw
demand_0 0 1 454.945541
demand_1 0 2 381.057723
demand_2 0 3 130.161195
demand_3 0 4 777.143580
demand_4 0 5 578.270250
demand_5 0 6 73.036128
demand_6 0 7 73.998893
demand_7 0 8 538.794680
demand_8 0 9 33.672702
demand_9 0 10 170.190845
demand_10 0 11 235.979595
demand_11 0 12 113.432478
demand_12 0 13 103.174967
demand_13 1 0 14.895038
demand_14 1 2 91.728856
demand_15 1 3 31.332622
demand_16 1 4 187.075310
demand_17 1 5 139.202187
demand_18 1 6 17.581380
demand_19 1 7 17.813138
demand_20 1 8 129.699562
demand_21 1 9 8.105750
demand_22 1 10 40.968627
demand_23 1 11 56.805405
demand_24 1 12 27.305657
demand_25 1 13 24.836452
demand_26 2 0 84.921618
demand_27 2 1 624.383268
demand_28 2 3 178.637803
demand_29 2 4 1066.579192
demand_30 2 5 793.638438
demand_31 2 6 100.237352
demand_32 2 7 101.558684
demand_33 2 8 739.460776
demand_34 2 9 46.213601
demand_35 2 10 233.575904
demand_36 2 11 323.866699
demand_37 2 12 155.678725
demand_38 2 13 141.600955
demand_39 3 0 28.334766
demand_40 3 1 208.330392
demand_41 3 2 174.495401
demand_42 3 4 355.872542
demand_43 3 5 264.803711
demand_44 3 6 33.444981
demand_45 3 7 33.885854
demand_46 3 8 246.726908
demand_47 3 9 15.419532
demand_48 3 10 77.934439
demand_49 3 11 108.060673
demand_50 3 12 51.943432
demand_51 3 13 47.246273
demand_52 4 0 112.813953
demand_53 4 1 829.460696
demand_54 4 2 694.747779
demand_55 4 3 237.311030
demand_56 4 5 1054.307386
demand_57 4 6 133.160108
demand_58 4 7 134.915430
demand_59 4 8 982.335181
demand_60 4 9 61.392366
demand_61 4 10 310.293440
demand_62 4 11 430.240065
demand_63 4 12 206.811088
demand_64 4 13 188.109504
demand_65 5 0 5.084622
demand_66 5 1 37.384510
demand_67 5 2 31.312883
demand_68 5 3 10.695813
demand_69 5 4 63.860681
demand_70 5 6 6.001641
demand_71 5 7 6.080755
demand_72 5 8 44.274695
demand_73 5 9 2.767007
demand_74 5 10 13.985193
demand_75 5 11 19.391291
demand_76 5 12 9.321154
demand_77 5 13 8.478258
demand_78 6 0 67.150301
demand_79 6 1 493.720273
demand_80 6 2 413.535041
demand_81 6 3 141.254754
demand_82 6 4 843.379055
demand_83 6 5 627.555872
demand_84 6 7 80.305774
demand_85 6 8 584.715823
demand_86 6 9 36.542606
demand_87 6 10 184.696108
demand_88 6 11 256.091992
demand_89 6 12 123.100260
demand_90 6 13 111.968507
demand_91 7 0 182.362473
demand_92 7 1 1340.813788
demand_93 7 2 1123.051889
demand_94 7 3 383.610583
demand_95 7 4 2290.394635
demand_96 7 5 1704.275906
demand_97 7 6 215.251802
demand_98 7 8 1587.933655
demand_99 7 9 99.240061
demand_100 7 10 501.585819
demand_101 7 11 695.478174
demand_102 7 12 334.307774
demand_103 7 13 304.076876
demand_104 8 0 265.597217
demand_105 8 1 1952.794370
demand_106 8 2 1635.640553
demand_107 8 3 558.699943
demand_108 8 4 3335.787407
demand_109 8 5 2482.149591
demand_110 8 6 313.498049
demand_111 8 7 317.630592
demand_112 8 9 144.535680
demand_113 8 10 730.521996
demand_114 8 11 1012.911618
demand_115 8 12 486.894112
demand_116 8 13 442.865084
demand_117 9 0 594.689455
demand_118 9 1 4372.433685
demand_119 9 2 3662.305648
demand_120 9 3 1250.965533
demand_121 9 4 7469.045101
demand_122 9 5 5557.694475
demand_123 9 6 701.942534
demand_124 9 7 711.195568
demand_125 9 8 5178.298929
demand_126 9 10 1635.686291
demand_127 9 11 2267.975034
demand_128 9 12 1090.187605
demand_129 9 13 991.603746
demand_130 10 0 438.817173
demand_131 10 1 3226.388112
demand_132 10 2 2702.389620
demand_133 10 3 923.078682
demand_134 10 4 5511.355930
demand_135 10 5 4100.983725
demand_136 10 6 517.958467
demand_137 10 7 524.786215
demand_138 10 8 3821.030416
demand_139 10 9 238.800463
demand_140 10 11 1673.522851
demand_141 10 12 804.441778
demand_142 10 13 731.697441
demand_143 11 0 259.886291
demand_144 11 1 1910.804984
demand_145 11 2 1600.470673
demand_146 11 3 546.686662
demand_147 11 4 3264.060620
demand_148 11 5 2428.777899
demand_149 11 6 306.757149
demand_150 11 7 310.800834
demand_151 11 8 2262.977581
demand_152 11 9 141.427844
demand_153 11 10 714.814161
demand_154 11 12 476.424815
demand_155 11 13 433.342508
demand_156 12 0 268.660111
demand_157 12 1 1975.314194
demand_158 12 2 1654.502926
demand_159 12 3 565.142928
demand_160 12 4 3374.256047
demand_161 12 5 2510.773992
demand_162 12 6 317.113340
demand_163 12 7 321.293541
demand_164 12 8 2339.376217
demand_165 12 9 146.202480
demand_166 12 10 738.946450
demand_167 12 11 1024.592618
demand_168 12 13 447.972249
demand_169 13 0 33.019041
demand_170 13 1 242.771356
demand_171 13 2 203.342800
demand_172 13 3 69.457565
demand_173 13 4 414.705022
demand_174 13 5 308.580786
demand_175 13 6 38.974071
demand_176 13 7 39.487829
demand_177 13 8 287.515545
demand_178 13 9 17.968673
demand_179 13 10 90.818480
demand_180 13 11 125.925152
demand_181 13 12 60.530666
