DEMANDS 182
label src dest bw
demand_0 0 1 144.920552
demand_1 0 2 124.189398
demand_2 0 3 83.068030
demand_3 0 4 336.619790
demand_4 0 5 240.904278
demand_5 0 6 46.261675
demand_6 0 7 47.756537
demand_7 0 8 172.235680
demand_8 0 9 3.006220
demand_9 0 10 105.190314
demand_10 0 11 108.544721
demand_11 0 12 61.018824
demand_12 0 13 58.046249
demand_13 1 0 18.076432
demand_14 1 2 81.729796
demand_15 1 3 54.667574
demand_16 1 4 221.531526
demand_17 1 5 158.540566
demand_18 1 6 30.445089
demand_19 1 7 31.428867
demand_20 1 8 113.349346
demand_21 1 9 1.978412
demand_22 1 10 69.226384
demand_23 1 11 71.433940
demand_24 1 12 40.156858
demand_25 1 13 38.200588
demand_26 2 0 34.433750
demand_27 2 1 181.675964
demand_28 2 3 104.136123
demand_29 2 4 421.994840
demand_30 2 5 302.003521
demand_31 2 6 57.994772
demand_32 2 7 59.868769
demand_33 2 8 215.918880
demand_34 2 9 3.768671
demand_35 2 10 131.869162
demand_36 2 11 136.074330
demand_37 2 12 76.494697
demand_38 2 13 72.768204
demand_39 3 0 18.162377
demand_40 3 1 95.826549
demand_41 3 2 82.118383
demand_42 3 4 222.584805
demand_43 3 5 159.294353
demand_44 3 6 30.589841
demand_45 3 7 31.578297
demand_46 3 8 113.888269
demand_47 3 9 1.987818
demand_48 3 10 69.555523
demand_49 3 11 71.773575
demand_50 3 12 40.347785
demand_51 3 13 38.382214
demand_52 4 0 169.935406
demand_53 4 1 896.596470
demand_54 4 2 768.336680
demand_55 4 3 513.926434
demand_56 4 5 1490.429910
demand_57 4 6 286.212368
demand_58 4 7 295.460805
demand_59 4 8 1065.590083
demand_60 4 9 18.598923
demand_61 4 10 650.792886
demand_62 4 11 671.545981
demand_63 4 12 377.512102
demand_64 4 13 359.121334
demand_65 5 0 6.089053
demand_66 5 1 32.126464
demand_67 5 2 27.530714
demand_68 5 3 18.414794
demand_69 5 4 74.622982
demand_70 5 6 10.255440
demand_71 5 7 10.586826
demand_72 5 8 38.181772
demand_73 5 9 0.666429
demand_74 5 10 23.318935
demand_75 5 11 24.062551
demand_76 5 12 13.526854
demand_77 5 13 12.867883
demand_78 6 0 32.428200
demand_79 6 1 171.094478
demand_80 6 2 146.619095
demand_81 6 3 98.070847
demand_82 6 4 397.416285
demand_83 6 5 284.413709
demand_84 6 7 56.381788
demand_85 6 8 203.342959
demand_86 6 9 3.549170
demand_87 6 10 124.188610
demand_88 6 11 128.148853
demand_89 6 12 72.039360
demand_90 6 13 68.529912
demand_91 7 0 223.713297
demand_92 7 1 1180.334089
demand_93 7 2 1011.485105
demand_94 7 3 676.563995
demand_95 7 4 2741.666442
demand_96 7 5 1962.092522
demand_97 7 6 376.787357
demand_98 7 8 1402.807552
demand_99 7 9 24.484752
demand_100 7 10 856.743311
demand_101 7 11 884.063946
demand_102 7 12 496.979876
demand_103 7 13 472.769151
demand_104 8 0 253.257973
demand_105 8 1 1336.214799
demand_106 8 2 1145.066790
demand_107 8 3 765.914355
demand_108 8 4 3103.744361
demand_109 8 5 2221.216086
demand_110 8 6 426.547744
demand_111 8 7 440.330865
demand_112 8 9 27.718329
demand_113 8 10 969.889035
demand_114 8 11 1000.817767
demand_115 8 12 562.613477
demand_116 8 13 535.205365
demand_117 9 0 651.859754
demand_118 9 1 3439.278297
demand_119 9 2 2947.283148
demand_120 9 3 1971.384106
demand_121 9 4 7988.716058
demand_122 9 5 5717.179815
demand_123 9 6 1097.889649
demand_124 9 7 1133.365975
demand_125 9 8 4087.525400
demand_126 9 10 2496.393777
demand_127 9 11 2576.001126
demand_128 9 12 1448.108734
demand_129 9 13 1377.563096
demand_130 10 0 476.522431
demand_131 10 1 2514.180765
demand_132 10 2 2154.522536
demand_133 10 3 1441.120948
demand_134 10 4 5839.910154
demand_135 10 5 4179.372031
demand_136 10 6 802.579146
demand_137 10 7 828.513045
demand_138 10 8 2988.062276
demand_139 10 9 52.153957
demand_140 10 11 1883.108002
demand_141 10 12 1058.596255
demand_142 10 13 1007.025992
demand_143 11 0 225.472841
demand_144 11 1 1189.617622
demand_145 11 2 1019.440611
demand_146 11 3 681.885288
demand_147 11 4 2763.230124
demand_148 11 5 1977.524721
demand_149 11 6 379.750855
demand_150 11 7 392.021819
demand_151 11 8 1413.840877
demand_152 11 9 24.677329
demand_153 11 10 863.481746
demand_154 11 12 500.888709
demand_155 11 13 476.487563
demand_156 12 0 404.716206
demand_157 12 1 2135.323828
demand_158 12 2 1829.861788
demand_159 12 3 1223.961277
demand_160 12 4 4959.905620
demand_161 12 5 3549.590709
demand_162 12 6 681.640079
demand_163 12 7 703.666050
demand_164 12 8 2537.797070
demand_165 12 9 44.294980
demand_166 12 10 1549.920843
demand_167 12 11 1599.346174
demand_168 12 13 855.279233
demand_169 13 0 22.751274
demand_170 13 1 120.038032
demand_171 13 2 102.866368
demand_172 13 3 68.805443
demand_173 13 4 278.822959
demand_174 13 5 199.541576
demand_175 13 6 38.318653
demand_176 13 7 39.556851
demand_177 13 8 142.663216
demand_178 13 9 2.490059
demand_179 13 10 87.129383
demand_180 13 11 89.907846
demand_181 13 12 50.542034
