DEMANDS 182
label src dest bw
demand_0 0 1 408.325726
demand_1 0 2 386.050230
demand_2 0 3 198.054577
demand_3 0 4 1075.074294
demand_4 0 5 872.704552
demand_5 0 6 162.905260
demand_6 0 7 179.706909
demand_7 0 8 550.823697
demand_8 0 9 81.102447
demand_9 0 10 315.269354
demand_10 0 11 384.166583
demand_11 0 12 180.642432
demand_12 0 13 180.317027
demand_13 1 0 50.000260
demand_14 1 2 168.211588
demand_15 1 3 86.297254
demand_16 1 4 468.436333
demand_17 1 5 380.258856
demand_18 1 6 70.981832
demand_19 1 7 78.302724
demand_20 1 8 240.007443
demand_21 1 9 35.338332
demand_22 1 10 137.370618
demand_23 1 11 167.390837
demand_24 1 12 78.710354
demand_25 1 13 78.568567
demand_26 2 0 132.951977
demand_27 2 1 473.087389
demand_28 2 3 229.466617
demand_29 2 4 1245.584246
demand_30 2 5 1011.118067
demand_31 2 6 188.742514
demand_32 2 7 208.208954
demand_33 2 8 638.185958
demand_34 2 9 93.965534
demand_35 2 10 365.272003
demand_36 2 11 445.096535
demand_37 2 12 209.292854
demand_38 2 13 208.915839
demand_39 3 0 54.907034
demand_40 3 1 195.377502
demand_41 3 2 184.719024
demand_42 3 4 514.406310
demand_43 3 5 417.575540
demand_44 3 6 77.947630
demand_45 3 7 85.986958
demand_46 3 8 263.560562
demand_47 3 9 38.806258
demand_48 3 10 150.851477
demand_49 3 11 183.817728
demand_50 3 12 86.434591
demand_51 3 13 86.278890
demand_52 4 0 167.071287
demand_53 4 1 594.495252
demand_54 4 2 562.063604
demand_55 4 3 288.354366
demand_56 4 5 1270.600112
demand_57 4 6 237.179285
demand_58 4 7 261.641374
demand_59 4 8 801.962873
demand_60 4 9 118.079799
demand_61 4 10 459.011329
demand_62 4 11 559.321138
demand_63 4 12 263.003433
demand_64 4 13 262.529667
demand_65 5 0 24.049431
demand_66 5 1 85.575880
demand_67 5 2 80.907438
demand_68 5 3 41.507781
demand_69 5 4 225.311371
demand_70 5 6 34.141275
demand_71 5 7 37.662523
demand_72 5 8 115.440247
demand_73 5 9 16.997247
demand_74 5 10 66.073360
demand_75 5 11 80.512668
demand_76 5 12 37.858587
demand_77 5 13 37.790390
demand_78 6 0 127.457509
demand_79 6 1 453.536241
demand_80 6 2 428.794365
demand_81 6 3 219.983515
demand_82 6 4 1194.108340
demand_83 6 5 969.331878
demand_84 6 7 199.604362
demand_85 6 8 611.811829
demand_86 6 9 90.082247
demand_87 6 10 350.176511
demand_88 6 11 426.702158
demand_89 6 12 200.643467
demand_90 6 13 200.282034
demand_91 7 0 214.908956
demand_92 7 1 764.717600
demand_93 7 2 722.999770
demand_94 7 3 370.919125
demand_95 7 4 2013.412780
demand_96 7 5 1634.412160
demand_97 7 6 305.091038
demand_98 7 8 1031.589609
demand_99 7 9 151.889692
demand_100 7 10 590.440447
demand_101 7 11 719.472052
demand_102 7 12 338.309438
demand_103 7 13 337.700017
demand_104 8 0 302.646959
demand_105 8 1 1076.918621
demand_106 8 2 1018.169210
demand_107 8 3 522.349312
demand_108 8 4 2835.401869
demand_109 8 5 2301.671739
demand_110 8 6 429.646473
demand_111 8 7 473.959156
demand_112 8 9 213.899663
demand_113 8 10 831.491667
demand_114 8 11 1013.201277
demand_115 8 12 476.426505
demand_116 8 13 475.568284
demand_117 9 0 812.066917
demand_118 9 1 2889.604398
demand_119 9 2 2731.967087
demand_120 9 3 1401.575607
demand_121 9 4 7607.993355
demand_122 9 5 6175.880565
demand_123 9 6 1152.833941
demand_124 9 7 1271.734405
demand_125 9 8 3898.021790
demand_126 9 10 2231.071068
demand_127 9 11 2718.637054
demand_128 9 12 1278.354833
demand_129 9 13 1276.052041
demand_130 10 0 522.039152
demand_131 10 1 1857.589070
demand_132 10 2 1756.251549
demand_133 10 3 901.006217
demand_134 10 4 4890.816651
demand_135 10 5 3970.179532
demand_136 10 6 741.102045
demand_137 10 7 817.537492
demand_138 10 8 2505.852593
demand_139 10 9 368.957941
demand_140 10 11 1747.682306
demand_141 10 12 821.793449
demand_142 10 13 820.313094
demand_143 11 0 243.463565
demand_144 11 1 866.324403
demand_145 11 2 819.063591
demand_146 11 3 420.202555
demand_147 11 4 2280.931710
demand_148 11 5 1851.573886
demand_149 11 6 345.627995
demand_150 11 7 381.275219
demand_151 11 8 1168.655267
demand_152 11 9 172.071032
demand_153 11 10 668.891324
demand_154 11 12 383.260071
demand_155 11 13 382.569677
demand_156 12 0 454.628641
demand_157 12 1 1617.720032
demand_158 12 2 1529.468147
demand_159 12 3 784.659982
demand_160 12 4 4259.269284
demand_161 12 5 3457.513323
demand_162 12 6 645.404112
demand_163 12 7 711.969508
demand_164 12 8 2182.273788
demand_165 12 9 321.314688
demand_166 12 10 1249.045843
demand_167 12 11 1522.005443
demand_168 12 13 714.386699
demand_169 13 0 61.616671
demand_170 13 1 219.252627
demand_171 13 2 207.291683
demand_172 13 3 106.346437
demand_173 13 4 577.266745
demand_174 13 5 468.603258
demand_175 13 6 87.472828
demand_176 13 7 96.494561
demand_177 13 8 295.767655
demand_178 13 9 43.548382
demand_179 13 10 169.285523
demand_180 13 11 206.280249
demand_181 13 12 96.996895
