DEMANDS 182
label src dest bw
demand_0 0 1 497.446896
demand_1 0 2 322.375204
demand_2 0 3 161.234805
demand_3 0 4 827.164878
demand_4 0 5 553.023770
demand_5 0 6 12.891667
demand_6 0 7 15.318724
demand_7 0 8 516.688801
demand_8 0 9 6.099349
demand_9 0 10 233.750928
demand_10 0 11 247.720334
demand_11 0 12 151.062812
demand_12 0 13 36.982218
demand_13 1 0 3.571137
demand_14 1 2 134.837558
demand_15 1 3 67.438523
demand_16 1 4 345.972306
demand_17 1 5 231.309276
demand_18 1 6 5.392105
demand_19 1 7 6.407253
demand_20 1 8 216.111709
demand_21 1 9 2.551131
demand_22 1 10 97.769320
demand_23 1 11 103.612203
demand_24 1 12 63.183956
demand_25 1 13 15.468286
demand_26 2 0 21.291907
demand_27 2 1 1240.520591
demand_28 2 3 402.083314
demand_29 2 4 2062.763025
demand_30 2 5 1379.116806
demand_31 2 6 32.148917
demand_32 2 7 38.201451
demand_33 2 8 1288.505571
demand_34 2 9 15.210403
demand_35 2 10 582.922200
demand_36 2 11 617.758756
demand_37 2 12 376.716652
demand_38 2 13 92.225326
demand_39 3 0 4.624273
demand_40 3 1 269.421894
demand_41 3 2 174.601427
demand_42 3 4 448.000238
demand_43 3 5 299.522849
demand_44 3 6 6.982248
demand_45 3 7 8.296765
demand_46 3 8 279.843490
demand_47 3 9 3.303464
demand_48 3 10 126.601690
demand_49 3 11 134.167651
demand_50 3 12 81.817033
demand_51 3 13 20.029915
demand_52 4 0 25.727957
demand_53 4 1 1498.976100
demand_54 4 2 971.425753
demand_55 4 3 485.855117
demand_56 4 5 1666.448059
demand_57 4 6 38.846963
demand_58 4 7 46.160509
demand_59 4 8 1556.958481
demand_60 4 9 18.379406
demand_61 4 10 704.370771
demand_62 4 11 746.465328
demand_63 4 12 455.203454
demand_64 4 13 111.439956
demand_65 5 0 2.998971
demand_66 5 1 174.727648
demand_67 5 2 113.233919
demand_68 5 3 56.633539
demand_69 5 4 290.540709
demand_70 5 6 4.528183
demand_71 5 7 5.380684
demand_72 5 8 181.486345
demand_73 5 9 2.142389
demand_74 5 10 82.104744
demand_75 5 11 87.011482
demand_76 5 12 53.060639
demand_77 5 13 12.989961
demand_78 6 0 12.228383
demand_79 6 1 712.456676
demand_80 6 2 461.714342
demand_81 6 3 230.924777
demand_82 6 4 1184.687540
demand_83 6 5 792.055353
demand_84 6 7 21.939885
demand_85 6 8 740.015444
demand_86 6 9 8.735650
demand_87 6 10 334.784296
demand_88 6 11 354.791652
demand_89 6 12 216.356178
demand_90 6 13 52.966916
demand_91 7 0 32.440602
demand_92 7 1 1890.071880
demand_93 7 2 1224.879103
demand_94 7 3 612.618904
demand_95 7 4 3142.850200
demand_96 7 5 2101.238716
demand_97 7 6 48.982471
demand_98 7 8 1963.182364
demand_99 7 9 23.174751
demand_100 7 10 888.147175
demand_101 7 11 941.224564
demand_102 7 12 573.969957
demand_103 7 13 140.515601
demand_104 8 0 37.808169
demand_105 8 1 2202.799932
demand_106 8 2 1427.545499
demand_107 8 3 713.981777
demand_108 8 4 3662.860804
demand_109 8 5 2448.906071
demand_110 8 6 57.087027
demand_111 8 7 67.834548
demand_112 8 9 27.009206
demand_113 8 10 1035.098484
demand_114 8 11 1096.957967
demand_115 8 12 668.938042
demand_116 8 13 163.765071
demand_117 9 0 64.821899
demand_118 9 1 3776.688486
demand_119 9 2 2447.518982
demand_120 9 3 1224.117868
demand_121 9 4 6279.954898
demand_122 9 5 4198.636120
demand_123 9 6 97.875396
demand_124 9 7 116.301963
demand_125 9 8 3922.775798
demand_126 9 10 1774.670712
demand_127 9 11 1880.728459
demand_128 9 12 1146.890630
demand_129 9 13 280.774323
demand_130 10 0 53.566275
demand_131 10 1 3120.907233
demand_132 10 2 2022.533689
demand_133 10 3 1011.562993
demand_134 10 4 5189.508413
demand_135 10 5 3469.588208
demand_136 10 6 80.880388
demand_137 10 7 96.107380
demand_138 10 8 3241.628059
demand_139 10 9 38.266401
demand_140 10 11 1554.160232
demand_141 10 12 947.745432
demand_142 10 13 232.020887
demand_143 11 0 34.158388
demand_144 11 1 1990.154446
demand_145 11 2 1289.738564
demand_146 11 3 645.058131
demand_147 11 4 3309.269538
demand_148 11 5 2212.502930
demand_149 11 6 51.576177
demand_150 11 7 61.286195
demand_151 11 8 2067.136255
demand_152 11 9 24.401894
demand_153 11 10 935.176100
demand_154 11 12 604.362656
demand_155 11 13 147.956144
demand_156 12 0 39.221368
demand_157 12 1 2285.136498
demand_158 12 2 1480.904495
demand_159 12 3 740.669088
demand_160 12 4 3799.771730
demand_161 12 5 2540.441626
demand_162 12 6 59.220833
demand_163 12 7 70.370077
demand_164 12 8 2373.528604
demand_165 12 9 28.018759
demand_166 12 10 1073.788540
demand_167 12 11 1137.960216
demand_168 12 13 169.886305
demand_169 13 0 5.251339
demand_170 13 1 305.956354
demand_171 13 2 198.277933
demand_172 13 3 99.167999
demand_173 13 4 508.750487
demand_174 13 5 340.139094
demand_175 13 6 7.929063
demand_176 13 7 9.421832
demand_177 13 8 317.791151
demand_178 13 9 3.751425
demand_179 13 10 143.769279
demand_180 13 11 152.361209
demand_181 13 12 92.911681
