DEMANDS 182
label src dest bw
demand_0 0 1 429.165581
demand_1 0 2 426.086763
demand_2 0 3 268.465897
demand_3 0 4 853.891883
demand_4 0 5 708.917931
demand_5 0 6 88.631897
demand_6 0 7 137.499468
demand_7 0 8 431.630467
demand_8 0 9 37.122161
demand_9 0 10 307.273981
demand_10 0 11 339.990423
demand_11 0 12 254.915283
demand_12 0 13 208.242951
demand_13 1 0 6.157441
demand_14 1 2 66.342085
demand_15 1 3 41.800377
demand_16 1 4 132.951719
demand_17 1 5 110.379147
demand_18 1 6 13.800065
demand_19 1 7 21.408788
demand_20 1 8 67.205244
demand_21 1 9 5.779953
demand_22 1 10 47.842830
demand_23 1 11 52.936809
demand_24 1 12 39.690534
demand_25 1 13 32.423611
demand_26 2 0 75.937037
demand_27 2 1 824.079949
demand_28 2 3 515.505840
demand_29 2 4 1639.635635
demand_30 2 5 1361.257936
demand_31 2 6 170.190184
demand_32 2 7 264.025262
demand_33 2 8 828.813002
demand_34 2 9 71.281646
demand_35 2 10 590.024779
demand_36 2 11 652.846601
demand_37 2 12 489.486071
demand_38 2 13 399.866270
demand_39 3 0 17.760041
demand_40 3 1 192.734589
demand_41 3 2 191.351918
demand_42 3 4 383.475537
demand_43 3 5 318.368976
demand_44 3 6 39.803826
demand_45 3 7 61.749834
demand_46 3 8 193.841549
demand_47 3 9 16.671245
demand_48 3 10 137.994115
demand_49 3 11 152.686789
demand_50 3 12 114.480272
demand_51 3 13 93.520127
demand_52 4 0 78.555817
demand_53 4 1 852.499335
demand_54 4 2 846.383536
demand_55 4 3 533.283677
demand_56 4 5 1408.202550
demand_57 4 6 176.059397
demand_58 4 7 273.130490
demand_59 4 8 857.395613
demand_60 4 9 73.739879
demand_61 4 10 610.372492
demand_62 4 11 675.360799
demand_63 4 12 506.366585
demand_64 4 13 413.656139
demand_65 5 0 0.719872
demand_66 5 1 7.812155
demand_67 5 2 7.756111
demand_68 5 3 4.886919
demand_69 5 4 15.543502
demand_70 5 6 1.613378
demand_71 5 7 2.502920
demand_72 5 8 7.857024
demand_73 5 9 0.675739
demand_74 5 10 5.593347
demand_75 5 11 6.188888
demand_76 5 12 4.640255
demand_77 5 13 3.790673
demand_78 6 0 75.892139
demand_79 6 1 823.592705
demand_80 6 2 817.684281
demand_81 6 3 515.201042
demand_82 6 4 1638.666186
demand_83 6 5 1360.453080
demand_84 6 7 263.869155
demand_85 6 8 828.322959
demand_86 6 9 71.239500
demand_87 6 10 589.675922
demand_88 6 11 652.460599
demand_89 6 12 489.196658
demand_90 6 13 399.629846
demand_91 7 0 96.436617
demand_92 7 1 1046.544417
demand_93 7 2 1039.036546
demand_94 7 3 654.669196
demand_95 7 4 2082.263403
demand_96 7 5 1728.736264
demand_97 7 6 216.133868
demand_98 7 8 1052.555181
demand_99 7 9 90.524479
demand_100 7 10 749.304893
demand_101 7 11 829.085777
demand_102 7 12 621.625262
demand_103 7 13 507.812152
demand_104 8 0 150.608124
demand_105 8 1 1634.421614
demand_106 8 2 1622.696333
demand_107 8 3 1022.417651
demand_108 8 4 3251.936810
demand_109 8 5 2699.822262
demand_110 8 6 337.543118
demand_111 8 7 523.648943
demand_112 8 9 141.374951
demand_113 8 10 1170.213221
demand_114 8 11 1294.809558
demand_115 8 12 970.811891
demand_116 8 13 793.066347
demand_117 9 0 284.565610
demand_118 9 1 3088.148052
demand_119 9 2 3065.993791
demand_120 9 3 1931.800859
demand_121 9 4 6144.352375
demand_122 9 5 5101.162876
demand_123 9 6 637.768807
demand_124 9 7 989.405335
demand_125 9 8 3105.884643
demand_126 9 10 2211.052306
demand_127 9 11 2446.470103
demand_128 9 12 1834.294666
demand_129 9 13 1498.454422
demand_130 10 0 163.087365
demand_131 10 1 1769.848185
demand_132 10 2 1757.151359
demand_133 10 3 1107.134174
demand_134 10 4 3521.389102
demand_135 10 5 2923.526886
demand_136 10 6 365.511610
demand_137 10 7 567.037981
demand_138 10 8 1780.013200
demand_139 10 9 153.089140
demand_140 10 11 1402.096207
demand_141 10 12 1051.252411
demand_142 10 13 858.779046
demand_143 11 0 97.729370
demand_144 11 1 1060.573560
demand_145 11 2 1052.965044
demand_146 11 3 663.445172
demand_147 11 4 2110.176573
demand_148 11 5 1751.910330
demand_149 11 6 219.031187
demand_150 11 7 339.794958
demand_151 11 8 1066.664900
demand_152 11 9 91.737978
demand_153 11 10 759.349479
demand_154 11 12 629.958277
demand_155 11 13 514.619479
demand_156 12 0 160.146699
demand_157 12 1 1737.935640
demand_158 12 2 1725.467753
demand_159 12 3 1087.171180
demand_160 12 4 3457.894115
demand_161 12 5 2870.812091
demand_162 12 6 358.920984
demand_163 12 7 556.813587
demand_164 12 8 1747.917367
demand_165 12 9 150.328754
demand_166 12 10 1244.327195
demand_167 12 11 1376.814684
demand_168 12 13 843.294201
demand_169 13 0 23.548264
demand_170 13 1 255.549237
demand_171 13 2 253.715936
demand_172 13 3 159.859640
demand_173 13 4 508.455078
demand_174 13 5 422.129463
demand_175 13 6 52.776398
demand_176 13 7 81.874889
demand_177 13 8 257.016968
demand_178 13 9 22.104615
demand_179 13 10 182.968148
demand_180 13 11 202.449350
demand_181 13 12 151.790845
