DEMANDS 182
label src dest bw
demand_0 0 1 671.886626
demand_1 0 2 500.261340
demand_2 0 3 321.252306
demand_3 0 4 1293.271130
demand_4 0 5 1009.881387
demand_5 0 6 50.326643
demand_6 0 7 59.675245
demand_7 0 8 679.029138
demand_8 0 9 20.358585
demand_9 0 10 390.931044
demand_10 0 11 455.310946
demand_11 0 12 260.702384
demand_12 0 13 75.308131
demand_13 1 0 13.805725
demand_14 1 2 229.575725
demand_15 1 3 147.426405
demand_16 1 4 593.497105
demand_17 1 5 463.446269
demand_18 1 6 23.095480
demand_19 1 7 27.385661
demand_20 1 8 311.614339
demand_21 1 9 9.342790
demand_22 1 10 179.402785
demand_23 1 11 208.947468
demand_24 1 12 119.639345
demand_25 1 13 34.559774
demand_26 2 0 40.198308
demand_27 2 1 897.787562
demand_28 2 3 429.263380
demand_29 2 4 1728.093239
demand_30 2 5 1349.422528
demand_31 2 6 67.247408
demand_32 2 7 79.739186
demand_33 2 8 907.331522
demand_34 2 9 27.203525
demand_35 2 10 522.369424
demand_36 2 11 608.395060
demand_37 2 12 348.355435
demand_38 2 13 100.628143
demand_39 3 0 15.567306
demand_40 3 1 347.679654
demand_41 3 2 258.869106
demand_42 3 4 669.226090
demand_43 3 5 522.581040
demand_44 3 6 26.042414
demand_45 3 7 30.880014
demand_46 3 8 351.375674
demand_47 3 9 10.534911
demand_48 3 10 202.294204
demand_49 3 11 235.608727
demand_50 3 12 134.905074
demand_51 3 13 38.969529
demand_52 4 0 41.790310
demand_53 4 1 933.343277
demand_54 4 2 694.932063
demand_55 4 3 446.263801
demand_56 4 5 1402.864661
demand_57 4 6 69.910655
demand_58 4 7 82.897153
demand_59 4 8 943.265213
demand_60 4 9 28.280885
demand_61 4 10 543.057189
demand_62 4 11 632.489760
demand_63 4 12 362.151602
demand_64 4 13 104.613391
demand_65 5 0 2.259759
demand_66 5 1 50.469366
demand_67 5 2 37.577579
demand_68 5 3 24.131155
demand_69 5 4 97.145219
demand_70 5 6 3.780331
demand_71 5 7 4.482559
demand_72 5 8 51.005882
demand_73 5 9 1.529253
demand_74 5 10 29.365135
demand_75 5 11 34.201089
demand_76 5 12 19.582893
demand_77 5 13 5.656838
demand_78 6 0 35.101448
demand_79 6 1 783.954473
demand_80 6 2 583.702816
demand_81 6 3 374.835831
demand_82 6 4 1508.983285
demand_83 6 5 1178.325332
demand_84 6 7 69.628823
demand_85 6 8 792.288327
demand_86 6 9 23.754311
demand_87 6 10 456.136689
demand_88 6 11 531.254886
demand_89 6 12 304.186439
demand_90 6 13 87.869209
demand_91 7 0 46.082492
demand_92 7 1 1029.204722
demand_93 7 2 766.306865
demand_94 7 3 492.098484
demand_95 7 4 1981.049633
demand_96 7 5 1546.949519
demand_97 7 6 77.091010
demand_98 7 8 1040.145716
demand_99 7 9 31.185547
demand_100 7 10 598.833287
demand_101 7 11 697.451263
demand_102 7 12 399.347322
demand_103 7 13 115.357981
demand_104 8 0 101.689240
demand_105 8 1 2271.123847
demand_106 8 2 1690.992819
demand_107 8 3 1085.903103
demand_108 8 4 4371.539469
demand_109 8 5 3413.620116
demand_110 8 6 170.115068
demand_111 8 7 201.715388
demand_112 8 9 68.816473
demand_113 8 10 1321.432491
demand_114 8 11 1539.050648
demand_115 8 12 881.231117
demand_116 8 13 254.557967
demand_117 9 0 122.259659
demand_118 9 1 2730.542842
demand_119 9 2 2033.058806
demand_120 9 3 1305.567263
demand_121 9 4 5255.845392
demand_122 9 5 4104.151337
demand_123 9 6 204.527147
demand_124 9 7 242.519803
demand_125 9 8 2759.569966
demand_126 9 10 1588.741201
demand_127 9 11 1850.380699
demand_128 9 12 1059.492780
demand_129 9 13 306.051753
demand_130 10 0 110.449932
demand_131 10 1 2466.784830
demand_132 10 2 1836.674578
demand_133 10 3 1179.455407
demand_134 10 4 4748.154647
demand_135 10 5 3707.708995
demand_136 10 6 184.770755
demand_137 10 7 219.093494
demand_138 10 8 2493.008066
demand_139 10 9 74.745123
demand_140 10 11 1671.642344
demand_141 10 12 957.150599
demand_142 10 13 276.488546
demand_143 11 0 54.843295
demand_144 11 1 1224.868190
demand_145 11 2 911.990474
demand_146 11 3 585.651976
demand_147 11 4 2357.669595
demand_148 11 5 1841.042134
demand_149 11 6 91.746884
demand_150 11 7 108.789647
demand_151 11 8 1237.889191
demand_152 11 9 37.114272
demand_153 11 10 712.678274
demand_154 11 12 475.267769
demand_155 11 13 137.288839
demand_156 12 0 110.318130
demand_157 12 1 2463.841162
demand_158 12 2 1834.482834
demand_159 12 3 1178.047937
demand_160 12 4 4742.488570
demand_161 12 5 3703.284505
demand_162 12 6 184.550264
demand_163 12 7 218.832045
demand_164 12 8 2490.033105
demand_165 12 9 74.655928
demand_166 12 10 1433.563285
demand_167 12 11 1669.647537
demand_168 12 13 276.158606
demand_169 13 0 28.380999
demand_170 13 1 633.860215
demand_171 13 2 471.948314
demand_172 13 3 303.070559
demand_173 13 4 1220.076550
demand_174 13 5 952.725666
demand_175 13 6 47.478333
demand_176 13 7 56.297837
demand_177 13 8 640.598486
demand_178 13 9 19.206361
demand_179 13 10 368.805727
demand_180 13 11 429.541954
demand_181 13 12 245.947550
