DEMANDS 182
label src dest bw
demand_0 0 1 154.777466
demand_1 0 2 134.654570
demand_2 0 3 120.138651
demand_3 0 4 556.343007
demand_4 0 5 271.514112
demand_5 0 6 26.656321
demand_6 0 7 38.549467
demand_7 0 8 265.226820
demand_8 0 9 10.044272
demand_9 0 10 126.626525
demand_10 0 11 134.600161
demand_11 0 12 71.252900
demand_12 0 13 57.326167
demand_13 1 0 4.757954
demand_14 1 2 24.628049
demand_15 1 3 21.973117
demand_16 1 4 101.754012
demand_17 1 5 49.659383
demand_18 1 6 4.875387
demand_19 1 7 7.050620
demand_20 1 8 48.509450
demand_21 1 9 1.837077
demand_22 1 10 23.159736
demand_23 1 11 24.618098
demand_24 1 12 13.032011
demand_25 1 13 10.484840
demand_26 2 0 66.620413
demand_27 2 1 396.372705
demand_28 2 3 307.665471
demand_29 2 4 1424.749920
demand_30 2 5 695.325912
demand_31 2 6 68.264705
demand_32 2 7 98.722100
demand_33 2 8 679.224661
demand_34 2 9 25.722576
demand_35 2 10 324.280397
demand_36 2 11 344.700240
demand_37 2 12 182.472974
demand_38 2 13 146.807726
demand_39 3 0 7.489419
demand_40 3 1 44.559934
demand_41 3 2 38.766617
demand_42 3 4 160.169361
demand_43 3 5 78.168039
demand_44 3 6 7.674269
demand_45 3 7 11.098267
demand_46 3 8 76.357948
demand_47 3 9 2.891714
demand_48 3 10 36.455369
demand_49 3 11 38.750953
demand_50 3 12 20.513481
demand_51 3 13 16.504019
demand_52 4 0 124.192217
demand_53 4 1 738.908733
demand_54 4 2 642.841880
demand_55 4 3 573.542780
demand_56 4 5 1296.210314
demand_57 4 6 127.257468
demand_58 4 7 184.035432
demand_59 4 8 1266.194740
demand_60 4 9 47.951426
demand_61 4 10 604.515937
demand_62 4 11 642.582132
demand_63 4 12 340.161854
demand_64 4 13 273.675532
demand_65 5 0 2.303604
demand_66 5 1 13.705796
demand_67 5 2 11.923881
demand_68 5 3 10.638473
demand_69 5 4 49.265078
demand_70 5 6 2.360461
demand_71 5 7 3.413618
demand_72 5 8 23.486266
demand_73 5 9 0.889437
demand_74 5 10 11.212985
demand_75 5 11 11.919063
demand_76 5 12 6.309560
demand_77 5 13 5.076325
demand_78 6 0 33.092989
demand_79 6 1 196.893972
demand_80 6 2 171.295432
demand_81 6 3 152.829586
demand_82 6 4 707.729536
demand_83 6 5 345.395833
demand_84 6 7 49.039165
demand_85 6 8 337.397706
demand_86 6 9 12.777419
demand_87 6 10 161.082876
demand_88 6 11 171.226218
demand_89 6 12 90.641530
demand_90 6 13 72.925194
demand_91 7 0 132.998855
demand_92 7 1 791.305752
demand_93 7 2 688.426668
demand_94 7 3 614.213475
demand_95 7 4 2844.325031
demand_96 7 5 1388.126343
demand_97 7 6 136.281467
demand_98 7 8 1355.982323
demand_99 7 9 51.351726
demand_100 7 10 647.382981
demand_101 7 11 688.148501
demand_102 7 12 364.283191
demand_103 7 13 293.082234
demand_104 8 0 142.382706
demand_105 8 1 847.137023
demand_106 8 2 736.999215
demand_107 8 3 657.549846
demand_108 8 4 3045.008880
demand_109 8 5 1486.066815
demand_110 8 6 145.896926
demand_111 8 7 210.991183
demand_112 8 9 54.974892
demand_113 8 10 693.059655
demand_114 8 11 736.701422
demand_115 8 12 389.985512
demand_116 8 13 313.760908
demand_117 9 0 597.225077
demand_118 9 1 3553.321102
demand_119 9 2 3091.347436
demand_120 9 3 2758.096600
demand_121 9 4 12772.307209
demand_122 9 5 6233.315778
demand_123 9 6 611.965493
demand_124 9 7 885.003728
demand_125 9 8 6088.974575
demand_126 9 10 2907.042698
demand_127 9 11 3090.098340
demand_128 9 12 1635.796465
demand_129 9 13 1316.071930
demand_130 10 0 413.447294
demand_131 10 1 2459.895024
demand_132 10 2 2140.079649
demand_133 10 3 1909.376583
demand_134 10 4 8842.019634
demand_135 10 5 4315.203165
demand_136 10 6 423.651797
demand_137 10 7 612.670852
demand_138 10 8 4215.278560
demand_139 10 9 159.634699
demand_140 10 11 2139.214924
demand_141 10 12 1132.430047
demand_142 10 13 911.090976
demand_143 11 0 134.324370
demand_144 11 1 799.192194
demand_145 11 2 695.287780
demand_146 11 3 620.334951
demand_147 11 4 2872.672614
demand_148 11 5 1401.960917
demand_149 11 6 137.639698
demand_150 11 7 199.049861
demand_151 11 8 1369.496538
demand_152 11 9 51.863516
demand_153 11 10 653.835036
demand_154 11 12 367.913771
demand_155 11 13 296.003199
demand_156 12 0 203.528608
demand_157 12 1 1210.937928
demand_158 12 2 1053.501710
demand_159 12 3 939.933005
demand_160 12 4 4352.680429
demand_161 12 5 2124.254542
demand_162 12 6 208.552001
demand_163 12 7 301.600826
demand_164 12 8 2075.064437
demand_165 12 9 78.583724
demand_166 12 10 990.692414
demand_167 12 11 1053.076030
demand_168 12 13 448.504756
demand_169 13 0 11.420571
demand_170 13 1 67.949185
demand_171 13 2 59.114989
demand_172 13 3 52.742325
demand_173 13 4 244.241328
demand_174 13 5 119.197988
demand_175 13 6 11.702448
demand_176 13 7 16.923684
demand_177 13 8 116.437791
demand_178 13 9 4.409557
demand_179 13 10 55.590580
demand_180 13 11 59.091103
demand_181 13 12 31.280887
