DEMANDS 182
label src dest bw
demand_0 0 1 481.751718
demand_1 0 2 449.375240
demand_2 0 3 414.682766
demand_3 0 4 1020.852092
demand_4 0 5 649.402917
demand_5 0 6 127.387152
demand_6 0 7 174.928341
demand_7 0 8 515.815107
demand_8 0 9 49.941776
demand_9 0 10 428.134948
demand_10 0 11 429.653102
demand_11 0 12 196.904852
demand_12 0 13 188.607028
demand_13 1 0 34.962139
demand_14 1 2 128.963905
demand_15 1 3 119.007689
demand_16 1 4 292.969128
demand_17 1 5 186.368826
demand_18 1 6 36.558188
demand_19 1 7 50.201791
demand_20 1 8 148.031143
demand_21 1 9 14.332535
demand_22 1 10 122.868262
demand_23 1 11 123.303949
demand_24 1 12 56.508718
demand_25 1 13 54.127368
demand_26 2 0 201.551036
demand_27 2 1 797.020242
demand_28 2 3 686.059949
demand_29 2 4 1688.919315
demand_30 2 5 1074.385936
demand_31 2 6 210.752001
demand_32 2 7 289.405151
demand_33 2 8 853.375434
demand_34 2 9 82.624731
demand_35 2 10 708.315523
demand_36 2 11 710.827189
demand_37 2 12 325.763556
demand_38 2 13 312.035461
demand_39 3 0 44.670157
demand_40 3 1 176.645180
demand_41 3 2 164.773611
demand_42 3 4 374.318545
demand_43 3 5 238.118290
demand_44 3 6 46.709385
demand_45 3 7 64.141439
demand_46 3 8 189.135294
demand_47 3 9 18.312283
demand_48 3 10 156.985377
demand_49 3 11 157.542043
demand_50 3 12 72.199624
demand_51 3 13 69.157039
demand_52 4 0 279.714583
demand_53 4 1 1106.112816
demand_54 4 2 1031.775693
demand_55 4 3 952.120991
demand_56 4 5 1491.043755
demand_57 4 6 292.483775
demand_58 4 7 401.639420
demand_59 4 8 1184.323127
demand_60 4 9 114.667444
demand_61 4 10 983.007504
demand_62 4 11 986.493220
demand_63 4 12 452.097983
demand_64 4 13 433.045993
demand_65 5 0 9.986498
demand_66 5 1 39.490946
demand_67 5 2 36.836928
demand_68 5 3 33.993059
demand_69 5 4 83.682970
demand_70 5 6 10.442389
demand_71 5 7 14.339514
demand_72 5 8 42.283246
demand_73 5 9 4.093910
demand_74 5 10 35.095783
demand_75 5 11 35.220232
demand_76 5 12 16.141009
demand_77 5 13 15.460806
demand_78 6 0 179.968802
demand_79 6 1 711.674724
demand_80 6 2 663.846102
demand_81 6 3 612.596142
demand_82 6 4 1508.068586
demand_83 6 5 959.339895
demand_84 6 7 258.415434
demand_85 6 8 761.995361
demand_86 6 9 73.777214
demand_87 6 10 632.468573
demand_88 6 11 634.711288
demand_89 6 12 290.880553
demand_90 6 13 278.622473
demand_91 7 0 293.412301
demand_92 7 1 1160.279538
demand_93 7 2 1082.302100
demand_94 7 3 998.746680
demand_95 7 4 2458.680998
demand_96 7 5 1564.060675
demand_97 7 6 306.806805
demand_98 7 8 1242.319834
demand_99 7 9 120.282748
demand_100 7 10 1031.145716
demand_101 7 11 1034.802129
demand_102 7 12 474.237376
demand_103 7 13 454.252403
demand_104 8 0 326.872220
demand_105 8 1 1292.594573
demand_106 8 2 1205.724806
demand_107 8 3 1112.640960
demand_108 8 4 2739.062106
demand_109 8 5 1742.421783
demand_110 8 6 341.794196
demand_111 8 7 469.352607
demand_112 8 9 133.999456
demand_113 8 10 1148.734692
demand_114 8 11 1152.808071
demand_115 8 12 528.318080
demand_116 8 13 506.054077
demand_117 9 0 637.404817
demand_118 9 1 2520.575193
demand_119 9 2 2351.178087
demand_120 9 3 2169.663451
demand_121 9 4 5341.204535
demand_122 9 5 3397.743741
demand_123 9 6 666.502853
demand_124 9 7 915.243312
demand_125 9 8 2698.798396
demand_126 9 10 2240.046668
demand_127 9 11 2247.989808
demand_128 9 12 1030.226704
demand_129 9 13 986.811627
demand_130 10 0 522.352045
demand_131 10 1 2065.606614
demand_132 10 2 1926.786006
demand_133 10 3 1778.035104
demand_134 10 4 4377.107039
demand_135 10 5 2784.444585
demand_136 10 6 546.197830
demand_137 10 7 750.040167
demand_138 10 8 2211.660193
demand_139 10 9 214.135328
demand_140 10 11 1842.223406
demand_141 10 12 844.268840
demand_142 10 13 808.690266
demand_143 11 0 309.288577
demand_144 11 1 1223.061223
demand_145 11 2 1140.864496
demand_146 11 3 1052.787967
demand_147 11 4 2591.718021
demand_148 11 5 1648.690595
demand_149 11 6 323.407846
demand_150 11 7 444.104428
demand_151 11 8 1309.540646
demand_152 11 9 126.791140
demand_153 11 10 1086.940086
demand_154 11 12 499.897935
demand_155 11 13 478.831593
demand_156 12 0 335.512724
demand_157 12 1 1326.762877
demand_158 12 2 1237.596804
demand_159 12 3 1142.052390
demand_160 12 4 2811.466176
demand_161 12 5 1788.480771
demand_162 12 6 350.829146
demand_163 12 7 481.759423
demand_164 12 8 1420.574770
demand_165 12 9 137.541583
demand_166 12 10 1179.100219
demand_167 12 11 1183.281274
demand_168 12 13 519.431056
demand_169 13 0 81.585972
demand_170 13 1 322.626329
demand_171 13 2 300.943990
demand_172 13 3 277.710642
demand_173 13 4 683.658721
demand_174 13 5 434.901365
demand_175 13 6 85.310436
demand_176 13 7 117.148495
demand_177 13 8 345.438383
demand_178 13 9 33.445717
demand_179 13 10 286.719490
demand_180 13 11 287.736189
demand_181 13 12 131.866036
