DEMANDS 182
label src dest bw
demand_0 0 1 244.882180
demand_1 0 2 196.104362
demand_2 0 3 144.688890
demand_3 0 4 1033.819951
demand_4 0 5 588.253510
demand_5 0 6 65.673832
demand_6 0 7 75.924785
demand_7 0 8 330.815196
demand_8 0 9 11.210344
demand_9 0 10 170.332015
demand_10 0 11 185.369857
demand_11 0 12 101.259801
demand_12 0 13 101.143111
demand_13 1 0 14.218373
demand_14 1 2 86.231976
demand_15 1 3 63.623312
demand_16 1 4 454.596403
demand_17 1 5 258.669732
demand_18 1 6 28.878421
demand_19 1 7 33.386020
demand_20 1 8 145.467688
demand_21 1 9 4.929468
demand_22 1 10 74.899233
demand_23 1 11 81.511747
demand_24 1 12 44.526459
demand_25 1 13 44.475147
demand_26 2 0 51.419874
demand_27 2 1 389.421016
demand_28 2 3 230.089811
demand_29 2 4 1644.020056
demand_30 2 5 935.463248
demand_31 2 6 104.437041
demand_32 2 7 120.738499
demand_33 2 8 526.074987
demand_34 2 9 17.827119
demand_35 2 10 270.868491
demand_36 2 11 294.782242
demand_37 2 12 161.027212
demand_38 2 13 160.841646
demand_39 3 0 20.735725
demand_40 3 1 157.039029
demand_41 3 2 125.758593
demand_42 3 4 662.972213
demand_43 3 5 377.237575
demand_44 3 6 42.115579
demand_45 3 7 48.689351
demand_46 3 8 212.146498
demand_47 3 9 7.189015
demand_48 3 10 109.231199
demand_49 3 11 118.874727
demand_50 3 12 64.936292
demand_51 3 13 64.861461
demand_52 4 0 84.098429
demand_53 4 1 636.907352
demand_54 4 2 510.042462
demand_55 4 3 376.317369
demand_56 4 5 1529.972438
demand_57 4 6 170.809270
demand_58 4 7 197.470692
demand_59 4 8 860.408179
demand_60 4 9 29.156678
demand_61 4 10 443.011872
demand_62 4 11 482.123382
demand_63 4 12 263.363843
demand_64 4 13 263.060345
demand_65 5 0 8.664046
demand_66 5 1 65.615906
demand_67 5 2 52.545945
demand_68 5 3 38.769226
demand_69 5 4 277.010900
demand_70 5 6 17.597230
demand_71 5 7 20.343961
demand_72 5 8 88.641562
demand_73 5 9 3.003799
demand_74 5 10 45.640273
demand_75 5 11 49.669646
demand_76 5 12 27.132451
demand_77 5 13 27.101183
demand_78 6 0 33.165351
demand_79 6 1 251.173011
demand_80 6 2 201.142129
demand_81 6 3 148.405834
demand_82 6 4 1060.377976
demand_83 6 5 603.365282
demand_84 6 7 77.875233
demand_85 6 8 339.313579
demand_86 6 9 11.498329
demand_87 6 10 174.707712
demand_88 6 11 190.131864
demand_89 6 12 103.861086
demand_90 6 13 103.741398
demand_91 7 0 109.183948
demand_92 7 1 826.888917
demand_93 7 2 662.181803
demand_94 7 3 488.568174
demand_95 7 4 3490.879817
demand_96 7 5 1986.344241
demand_97 7 6 221.759557
demand_98 7 8 1117.057268
demand_99 7 9 37.853753
demand_100 7 10 575.156819
demand_101 7 11 625.934808
demand_102 7 12 341.922011
demand_103 7 13 341.527984
demand_104 8 0 126.238636
demand_105 8 1 956.050145
demand_106 8 2 765.615545
demand_107 8 3 564.883219
demand_108 8 4 4036.160222
demand_109 8 5 2296.614045
demand_110 8 6 256.398716
demand_111 8 7 296.419696
demand_112 8 9 43.766563
demand_113 8 10 664.997135
demand_114 8 11 723.706718
demand_115 8 12 395.330717
demand_116 8 13 394.875142
demand_117 9 0 331.067303
demand_118 9 1 2507.290580
demand_119 9 2 2007.866067
demand_120 9 3 1481.435237
demand_121 9 4 10585.037361
demand_122 9 5 6022.988219
demand_123 9 6 672.418794
demand_124 9 7 777.375868
demand_125 9 8 3387.138354
demand_126 9 10 1743.989121
demand_127 9 11 1897.958016
demand_128 9 12 1036.775097
demand_129 9 13 1035.580329
demand_130 10 0 303.802505
demand_131 10 1 2300.804559
demand_132 10 2 1842.509775
demand_133 10 3 1359.432758
demand_134 10 4 9713.314610
demand_135 10 5 5526.969577
demand_136 10 6 617.042252
demand_137 10 7 713.355666
demand_138 10 8 3108.193135
demand_139 10 9 105.327434
demand_140 10 11 1741.653118
demand_141 10 12 951.392268
demand_142 10 13 950.295894
demand_143 11 0 117.516094
demand_144 11 1 889.991228
demand_145 11 2 712.714833
demand_146 11 3 525.852240
demand_147 11 4 3757.279065
demand_148 11 5 2137.927980
demand_149 11 6 238.682677
demand_150 11 7 275.938381
demand_151 11 8 1202.303175
demand_152 11 9 40.742484
demand_153 11 10 619.048718
demand_154 11 12 368.015080
demand_155 11 13 367.590983
demand_156 12 0 171.601413
demand_157 12 1 1299.598613
demand_158 12 2 1040.732964
demand_159 12 3 767.869187
demand_160 12 4 5486.519984
demand_161 12 5 3121.882720
demand_162 12 6 348.533408
demand_163 12 7 402.935586
demand_164 12 8 1755.648245
demand_165 12 9 59.493705
demand_166 12 10 903.958185
demand_167 12 11 983.764556
demand_168 12 13 536.770158
demand_169 13 0 30.505986
demand_170 13 1 231.032693
demand_171 13 2 185.013540
demand_172 13 3 136.505906
demand_173 13 4 975.351525
demand_174 13 5 554.984413
demand_175 13 6 61.959601
demand_176 13 7 71.630804
demand_177 13 8 312.105706
demand_178 13 9 10.576335
demand_179 13 10 160.698767
demand_180 13 11 174.886132
demand_181 13 12 95.532981
