DEMANDS 182
label src dest bw
demand_0 0 1 299.753377
demand_1 0 2 282.760577
demand_2 0 3 157.326834
demand_3 0 4 592.776725
demand_4 0 5 564.949891
demand_5 0 6 34.548357
demand_6 0 7 34.921102
demand_7 0 8 512.304429
demand_8 0 9 1.091874
demand_9 0 10 183.350550
demand_10 0 11 199.403963
demand_11 0 12 152.836019
demand_12 0 13 116.129110
demand_13 1 0 12.173382
demand_14 1 2 107.616985
demand_15 1 3 59.877652
demand_16 1 4 225.607277
demand_17 1 5 215.016550
demand_18 1 6 13.148898
demand_19 1 7 13.290763
demand_20 1 8 194.980002
demand_21 1 9 0.415561
demand_22 1 10 69.782123
demand_23 1 11 75.891956
demand_24 1 12 58.168475
demand_25 1 13 44.198045
demand_26 2 0 65.040408
demand_27 2 1 609.534175
demand_28 2 3 319.916603
demand_29 2 4 1205.383161
demand_30 2 5 1148.798622
demand_31 2 6 70.252434
demand_32 2 7 71.010393
demand_33 2 8 1041.746589
demand_34 2 9 2.220273
demand_35 2 10 372.834587
demand_36 2 11 405.478435
demand_37 2 12 310.784746
demand_38 2 13 236.142998
demand_39 3 0 15.239648
demand_40 3 1 142.820237
demand_41 3 2 134.723862
demand_42 3 4 282.433890
demand_43 3 5 269.175541
demand_44 3 6 16.460881
demand_45 3 7 16.638478
demand_46 3 8 244.092129
demand_47 3 9 0.520233
demand_48 3 10 87.359046
demand_49 3 11 95.007841
demand_50 3 12 72.820119
demand_51 3 13 55.330776
demand_52 4 0 98.730399
demand_53 4 1 925.264065
demand_54 4 2 872.811524
demand_55 4 3 485.628777
demand_56 4 5 1743.859698
demand_57 4 6 106.642180
demand_58 4 7 107.792751
demand_59 4 8 1581.356260
demand_60 4 9 3.370342
demand_61 4 10 565.957512
demand_62 4 11 615.510402
demand_63 4 12 471.766751
demand_64 4 13 358.461657
demand_65 5 0 6.322965
demand_66 5 1 59.256447
demand_67 5 2 55.897243
demand_68 5 3 31.100998
demand_69 5 4 117.182476
demand_70 5 6 6.829658
demand_71 5 7 6.903343
demand_72 5 8 101.274390
demand_73 5 9 0.215846
demand_74 5 10 36.245471
demand_75 5 11 39.418973
demand_76 5 12 30.213236
demand_77 5 13 22.956867
demand_78 6 0 61.706593
demand_79 6 1 578.290922
demand_80 6 2 545.508033
demand_81 6 3 303.518448
demand_82 6 4 1143.598123
demand_83 6 5 1089.913971
demand_84 6 7 67.370572
demand_85 6 8 988.349168
demand_86 6 9 2.106467
demand_87 6 10 353.723984
demand_88 6 11 384.694587
demand_89 6 12 294.854669
demand_90 6 13 224.038877
demand_91 7 0 116.454098
demand_92 7 1 1091.363892
demand_93 7 2 1029.495273
demand_94 7 3 572.806977
demand_95 7 4 2158.224610
demand_96 7 5 2056.910647
demand_97 7 6 125.786172
demand_98 7 8 1865.235221
demand_99 7 9 3.975373
demand_100 7 10 667.556016
demand_101 7 11 726.004449
demand_102 7 12 556.456494
demand_103 7 13 422.811307
demand_104 8 0 153.878546
demand_105 8 1 1442.091707
demand_106 8 2 1360.340586
demand_107 8 3 756.887962
demand_108 8 4 2851.805740
demand_109 8 5 2717.932862
demand_110 8 6 166.209636
demand_111 8 7 168.002884
demand_112 8 9 5.252925
demand_113 8 10 882.086170
demand_114 8 11 959.317972
demand_115 8 12 735.282981
demand_116 8 13 558.688706
demand_117 9 0 389.089340
demand_118 9 1 3646.398561
demand_119 9 2 3439.686901
demand_120 9 3 1913.827782
demand_121 9 4 7210.928608
demand_122 9 5 6872.424567
demand_123 9 6 420.269095
demand_124 9 7 424.803410
demand_125 9 8 6232.010307
demand_126 9 10 2230.397501
demand_127 9 11 2425.681845
demand_128 9 12 1859.198544
demand_129 9 13 1412.671387
demand_130 10 0 200.453040
demand_131 10 1 1878.570294
demand_132 10 2 1772.075522
demand_133 10 3 985.975603
demand_134 10 4 3714.963149
demand_135 10 5 3540.570902
demand_136 10 6 216.516386
demand_137 10 7 218.852398
demand_138 10 8 3210.639002
demand_139 10 9 6.842830
demand_140 10 11 1249.675202
demand_141 10 12 957.831432
demand_142 10 13 727.787284
demand_143 11 0 130.153775
demand_144 11 1 1219.752095
demand_145 11 2 1150.605244
demand_146 11 3 640.192071
demand_147 11 4 2412.118460
demand_148 11 5 2298.885908
demand_149 11 6 140.583675
demand_150 11 7 142.100443
demand_151 11 8 2084.661757
demand_152 11 9 4.443037
demand_153 11 10 746.087401
demand_154 11 12 621.918115
demand_155 11 13 472.550890
demand_156 12 0 172.527605
demand_157 12 1 1616.863649
demand_158 12 2 1525.204834
demand_159 12 3 848.617758
demand_160 12 4 3197.425664
demand_161 12 5 3047.328282
demand_162 12 6 186.353140
demand_163 12 7 188.363718
demand_164 12 8 2763.359725
demand_165 12 9 5.889544
demand_166 12 10 988.989158
demand_167 12 11 1075.580942
demand_168 12 13 626.398068
demand_169 13 0 18.066798
demand_170 13 1 169.315219
demand_171 13 2 159.716863
demand_172 13 3 88.865812
demand_173 13 4 334.828992
demand_174 13 5 319.111048
demand_175 13 6 19.514585
demand_176 13 7 19.725129
demand_177 13 8 289.374343
demand_178 13 9 0.616743
demand_179 13 10 103.565267
demand_180 13 11 112.633012
demand_181 13 12 86.329183
