DEMANDS 182
label src dest bw
demand_0 0 1 173.599133
demand_1 0 2 156.244968
demand_2 0 3 117.837605
demand_3 0 4 706.923642
demand_4 0 5 214.547755
demand_5 0 6 86.463555
demand_6 0 7 96.589486
demand_7 0 8 188.329510
demand_8 0 9 3.914708
demand_9 0 10 123.677995
demand_10 0 11 134.714239
demand_11 0 12 107.624744
demand_12 0 13 101.039706
demand_13 1 0 12.349289
demand_14 1 2 26.850751
demand_15 1 3 20.250433
demand_16 1 4 121.485071
demand_17 1 5 36.870105
demand_18 1 6 14.858792
demand_19 1 7 16.598936
demand_20 1 8 32.364491
demand_21 1 9 0.672744
demand_22 1 10 21.254106
demand_23 1 11 23.150688
demand_24 1 12 18.495349
demand_25 1 13 17.363708
demand_26 2 0 126.738726
demand_27 2 1 306.171901
demand_28 2 3 207.826865
demand_29 2 4 1246.781318
demand_30 2 5 378.391833
demand_31 2 6 152.493338
demand_32 2 7 170.352156
demand_33 2 8 332.151453
demand_34 2 9 6.904260
demand_35 2 10 218.127396
demand_36 2 11 237.591709
demand_37 2 12 189.814729
demand_38 2 13 178.200883
demand_39 3 0 52.036812
demand_40 3 1 125.709089
demand_41 3 2 113.142343
demand_42 3 4 511.907666
demand_43 3 5 155.361391
demand_44 3 6 62.611227
demand_45 3 7 69.943761
demand_46 3 8 136.375861
demand_47 3 9 2.834774
demand_48 3 10 89.559480
demand_49 3 11 97.551203
demand_50 3 12 77.934770
demand_51 3 13 73.166318
demand_52 4 0 185.201828
demand_53 4 1 447.405443
demand_54 4 2 402.679713
demand_55 4 3 303.694983
demand_56 4 5 552.939589
demand_57 4 6 222.836743
demand_58 4 7 248.933626
demand_59 4 8 485.369060
demand_60 4 9 10.089115
demand_61 4 10 318.747030
demand_62 4 11 347.190005
demand_63 4 12 277.374059
demand_64 4 13 260.402880
demand_65 5 0 11.552776
demand_66 5 1 27.908877
demand_67 5 2 25.118914
demand_68 5 3 18.944307
demand_69 5 4 113.649445
demand_70 5 6 13.900419
demand_71 5 7 15.528327
demand_72 5 8 30.277024
demand_73 5 9 0.629353
demand_74 5 10 19.883244
demand_75 5 11 21.657500
demand_76 5 12 17.302424
demand_77 5 13 16.243772
demand_78 6 0 79.223720
demand_79 6 1 191.386468
demand_80 6 2 172.254159
demand_81 6 3 129.911496
demand_82 6 4 779.356537
demand_83 6 5 236.530773
demand_84 6 7 106.486249
demand_85 6 8 207.626151
demand_86 6 9 4.315817
demand_87 6 10 136.350304
demand_88 6 11 148.517346
demand_89 6 12 118.652203
demand_90 6 13 111.392448
demand_91 7 0 204.353264
demand_92 7 1 493.670952
demand_93 7 2 444.320204
demand_94 7 3 335.099615
demand_95 7 4 2010.307664
demand_96 7 5 610.118222
demand_97 7 6 245.879948
demand_98 7 8 535.560329
demand_99 7 9 11.132414
demand_100 7 10 351.708171
demand_101 7 11 383.092390
demand_102 7 12 306.056884
demand_103 7 13 287.330742
demand_104 8 0 320.859007
demand_105 8 1 775.122297
demand_106 8 2 697.635735
demand_107 8 3 526.146378
demand_108 8 4 3156.422896
demand_109 8 5 957.958406
demand_110 8 6 386.060856
demand_111 8 7 431.273261
demand_112 8 9 17.479219
demand_113 8 10 552.223793
demand_114 8 11 601.500761
demand_115 8 12 480.545825
demand_116 8 13 451.143548
demand_117 9 0 1254.919170
demand_118 9 1 3031.598953
demand_119 9 2 2728.539444
demand_120 9 3 2057.823408
demand_121 9 4 12345.159437
demand_122 9 5 3746.693535
demand_123 9 6 1509.931646
demand_124 9 7 1686.762943
demand_125 9 8 3288.838700
demand_126 9 10 2159.815395
demand_127 9 11 2352.543699
demand_128 9 12 1879.474020
demand_129 9 13 1764.478087
demand_130 10 0 1242.293152
demand_131 10 1 3001.097367
demand_132 10 2 2701.087007
demand_133 10 3 2037.119193
demand_134 10 4 12220.952065
demand_135 10 5 3708.997225
demand_136 10 6 1494.739891
demand_137 10 7 1669.792049
demand_138 10 8 3255.748969
demand_139 10 9 67.675563
demand_140 10 11 2328.874238
demand_141 10 12 1860.564217
demand_142 10 13 1746.725284
demand_143 11 0 303.450224
demand_144 11 1 733.066642
demand_145 11 2 659.784252
demand_146 11 3 497.599359
demand_147 11 4 2985.165489
demand_148 11 5 905.982648
demand_149 11 6 365.114429
demand_150 11 7 407.873754
demand_151 11 8 795.269420
demand_152 11 9 16.530852
demand_153 11 10 522.261896
demand_154 11 12 454.472946
demand_155 11 13 426.665943
demand_156 12 0 659.568105
demand_157 12 1 1593.366349
demand_158 12 2 1434.082476
demand_159 12 3 1081.563433
demand_160 12 4 6488.444523
demand_161 12 5 1969.210140
demand_162 12 6 793.599124
demand_163 12 7 886.539200
demand_164 12 8 1728.567991
demand_165 12 9 35.930845
demand_166 12 10 1135.169006
demand_167 12 11 1236.464329
demand_168 12 13 927.385202
demand_169 13 0 57.825127
demand_170 13 1 139.692338
demand_171 13 2 125.727730
demand_172 13 3 94.821963
demand_173 13 4 568.849711
demand_174 13 5 172.643014
demand_175 13 6 69.575787
demand_176 13 7 77.723955
demand_177 13 8 151.545628
demand_178 13 9 3.150100
demand_179 13 10 99.521628
demand_180 13 11 108.402310
demand_181 13 12 86.603843
