DEMANDS 182
label src dest bw
demand_0 0 1 607.546500
demand_1 0 2 467.957942
demand_2 0 3 204.814984
demand_3 0 4 1518.750834
demand_4 0 5 711.400899
demand_5 0 6 57.402205
demand_6 0 7 95.182534
demand_7 0 8 662.302489
demand_8 0 9 2.485764
demand_9 0 10 298.230698
demand_10 0 11 377.768131
demand_11 0 12 191.127041
demand_12 0 13 115.720809
demand_13 1 0 2.611512
demand_14 1 2 84.721872
demand_15 1 3 37.080915
demand_16 1 4 274.963627
demand_17 1 5 128.796223
demand_18 1 6 10.392435
demand_19 1 7 17.232409
demand_20 1 8 119.907157
demand_21 1 9 0.450037
demand_22 1 10 53.993448
demand_23 1 11 68.393375
demand_24 1 12 34.602769
demand_25 1 13 20.950779
demand_26 2 0 22.250230
demand_27 2 1 937.153453
demand_28 2 3 315.931488
demand_29 2 4 2342.705603
demand_30 2 5 1097.351083
demand_31 2 6 88.544128
demand_32 2 7 146.821092
demand_33 2 8 1021.615736
demand_34 2 9 3.834345
demand_35 2 10 460.027222
demand_36 2 11 582.715411
demand_37 2 12 294.817544
demand_38 2 13 178.501820
demand_39 3 0 8.090460
demand_40 3 1 340.760613
demand_41 3 2 262.468198
demand_42 3 4 851.836798
demand_43 3 5 399.010457
demand_44 3 6 32.195742
demand_45 3 7 53.385969
demand_46 3 8 371.472146
demand_47 3 9 1.394215
demand_48 3 10 167.271601
demand_49 3 11 211.882547
demand_50 3 12 107.199314
demand_51 3 13 64.905475
demand_52 4 0 26.689738
demand_53 4 1 1124.140291
demand_54 4 2 865.860271
demand_55 4 3 378.968155
demand_56 4 5 1316.301574
demand_57 4 6 106.211017
demand_58 4 7 176.115773
demand_59 4 8 1225.455027
demand_60 4 9 4.599397
demand_61 4 10 551.814789
demand_62 4 11 698.982508
demand_63 4 12 353.641421
demand_64 4 13 214.117643
demand_65 5 0 0.095053
demand_66 5 1 4.003531
demand_67 5 2 3.083689
demand_68 5 3 1.349663
demand_69 5 4 10.008067
demand_70 5 6 0.378262
demand_71 5 7 0.627222
demand_72 5 8 4.364355
demand_73 5 9 0.016380
demand_74 5 10 1.965242
demand_75 5 11 2.489367
demand_76 5 12 1.259464
demand_77 5 13 0.762562
demand_78 6 0 15.771313
demand_79 6 1 664.269110
demand_80 6 2 511.648089
demand_81 6 3 223.937209
demand_82 6 4 1660.546584
demand_83 6 5 777.819710
demand_84 6 7 104.069100
demand_85 6 8 724.137304
demand_86 6 9 2.717844
demand_87 6 10 326.074532
demand_88 6 11 413.037850
demand_89 6 12 208.971313
demand_90 6 13 126.524898
demand_91 7 0 27.797269
demand_92 7 1 1170.788183
demand_93 7 2 901.790446
demand_94 7 3 394.694009
demand_95 7 4 2926.748045
demand_96 7 5 1370.923488
demand_97 7 6 110.618403
demand_98 7 8 1276.307127
demand_99 7 9 4.790256
demand_100 7 10 574.713174
demand_101 7 11 727.987839
demand_102 7 12 368.316304
demand_103 7 13 223.002776
demand_104 8 0 44.238247
demand_105 8 1 1863.262783
demand_106 8 2 1435.163593
demand_107 8 3 628.139801
demand_108 8 4 4657.802993
demand_109 8 5 2181.770152
demand_110 8 6 176.044785
demand_111 8 7 291.911934
demand_112 8 9 7.623502
demand_113 8 10 914.633136
demand_114 8 11 1158.563663
demand_115 8 12 586.160735
demand_116 8 13 354.900041
demand_117 9 0 73.479268
demand_118 9 1 3094.860118
demand_119 9 2 2383.791813
demand_120 9 3 1043.333682
demand_121 9 4 7736.562367
demand_122 9 5 3623.897550
demand_123 9 6 292.408558
demand_124 9 7 484.862688
demand_125 9 8 3373.788770
demand_126 9 10 1519.196134
demand_127 9 11 1924.362204
demand_128 9 12 973.606889
demand_129 9 13 589.485279
demand_130 10 0 64.625252
demand_131 10 1 2721.939387
demand_132 10 2 2096.552535
demand_133 10 3 917.615315
demand_134 10 4 6804.331382
demand_135 10 5 3187.229502
demand_136 10 6 257.174263
demand_137 10 7 426.438287
demand_138 10 8 2967.258029
demand_139 10 9 11.136760
demand_140 10 11 1692.482722
demand_141 10 12 856.290377
demand_142 10 13 518.454191
demand_143 11 0 39.836488
demand_144 11 1 1677.865872
demand_145 11 2 1292.363072
demand_146 11 3 565.639128
demand_147 11 4 4194.345938
demand_148 11 5 1964.681372
demand_149 11 6 158.528115
demand_150 11 7 262.866342
demand_151 11 8 1829.085911
demand_152 11 9 6.864955
demand_153 11 10 823.626028
demand_154 11 12 527.837030
demand_155 11 13 319.587055
demand_156 12 0 44.901079
demand_157 12 1 1891.180483
demand_158 12 2 1456.666983
demand_159 12 3 637.551366
demand_160 12 4 4727.591940
demand_161 12 5 2214.460123
demand_162 12 6 178.682505
demand_163 12 7 296.285718
demand_164 12 8 2061.625802
demand_165 12 9 7.737727
demand_166 12 10 928.337297
demand_167 12 11 1175.922692
demand_168 12 13 360.217590
demand_169 13 0 9.588385
demand_170 13 1 403.851475
demand_171 13 2 311.063442
demand_172 13 3 136.145684
demand_173 13 4 1009.551969
demand_174 13 5 472.886113
demand_175 13 6 38.156693
demand_176 13 7 63.270230
demand_177 13 8 440.249161
demand_178 13 9 1.652350
demand_179 13 10 198.241464
demand_180 13 11 251.112000
demand_181 13 12 127.046963
