DEMANDS 182
label src dest bw
demand_0 0 1 199.668487
demand_1 0 2 194.887598
demand_2 0 3 111.306822
demand_3 0 4 710.432290
demand_4 0 5 418.615461
demand_5 0 6 67.530299
demand_6 0 7 74.771956
demand_7 0 8 202.632523
demand_8 0 9 0.208664
demand_9 0 10 120.045215
demand_10 0 11 154.221267
demand_11 0 12 106.522191
demand_12 0 13 88.404169
demand_13 1 0 12.539178
demand_14 1 2 50.646785
demand_15 1 3 28.926072
demand_16 1 4 184.624941
demand_17 1 5 108.788488
demand_18 1 6 17.549565
demand_19 1 7 19.431504
demand_20 1 8 52.659512
demand_21 1 9 0.054227
demand_22 1 10 31.196978
demand_23 1 11 40.078545
demand_24 1 12 27.682657
demand_25 1 13 22.974201
demand_26 2 0 84.047372
demand_27 2 1 347.802151
demand_28 2 3 193.885139
demand_29 2 4 1237.500631
demand_30 2 5 729.185462
demand_31 2 6 117.630898
demand_32 2 7 130.245125
demand_33 2 8 352.965200
demand_34 2 9 0.363472
demand_35 2 10 209.106528
demand_36 2 11 268.637727
demand_37 2 12 185.550798
demand_38 2 13 153.991051
demand_39 3 0 36.403994
demand_40 3 1 150.645844
demand_41 3 2 147.038760
demand_42 3 4 536.006827
demand_43 3 5 315.836918
demand_44 3 6 50.950248
demand_45 3 7 56.413932
demand_46 3 8 152.882150
demand_47 3 9 0.157433
demand_48 3 10 90.571692
demand_49 3 11 116.356834
demand_50 3 12 80.368844
demand_51 3 13 66.699162
demand_52 4 0 89.118066
demand_53 4 1 368.785534
demand_54 4 2 359.955283
demand_55 4 3 205.582496
demand_56 4 5 773.178225
demand_57 4 6 124.727732
demand_58 4 7 138.102993
demand_59 4 8 374.260076
demand_60 4 9 0.385401
demand_61 4 10 221.722213
demand_62 4 11 284.845011
demand_63 4 12 196.745334
demand_64 4 13 163.281544
demand_65 5 0 9.673449
demand_66 5 1 40.030358
demand_67 5 2 39.071866
demand_68 5 3 22.315249
demand_69 5 4 142.430382
demand_70 5 6 13.538752
demand_71 5 7 14.990589
demand_72 5 8 40.624600
demand_73 5 9 0.041834
demand_74 5 10 24.067158
demand_75 5 11 30.918913
demand_76 5 12 21.356006
demand_77 5 13 17.723631
demand_78 6 0 57.775470
demand_79 6 1 239.084604
demand_80 6 2 233.359929
demand_81 6 3 133.279657
demand_82 6 4 850.677164
demand_83 6 5 501.253418
demand_84 6 7 89.532523
demand_85 6 8 242.633763
demand_86 6 9 0.249856
demand_87 6 10 143.743077
demand_88 6 11 184.665748
demand_89 6 12 127.550502
demand_90 6 13 105.855842
demand_91 7 0 179.405620
demand_92 7 1 742.410610
demand_93 7 2 724.634229
demand_94 7 3 413.862834
demand_95 7 4 2641.540875
demand_96 7 5 1556.502804
demand_97 7 6 251.092256
demand_98 7 8 753.431536
demand_99 7 9 0.775859
demand_100 7 10 446.354068
demand_101 7 11 573.428019
demand_102 7 12 396.072540
demand_103 7 13 328.705817
demand_104 8 0 279.907492
demand_105 8 1 1158.304246
demand_106 8 2 1130.569651
demand_107 8 3 645.706125
demand_108 8 4 4121.315036
demand_109 8 5 2428.445636
demand_110 8 6 391.752518
demand_111 8 7 433.762358
demand_112 8 9 1.210490
demand_113 8 10 696.398738
demand_114 8 11 894.658697
demand_115 8 12 617.949823
demand_116 8 13 512.844696
demand_117 9 0 848.457428
demand_118 9 1 3511.059442
demand_119 9 2 3426.990156
demand_120 9 3 1957.268649
demand_121 9 4 12492.557222
demand_122 9 5 7361.120373
demand_123 9 6 1187.482808
demand_124 9 7 1314.823312
demand_125 9 8 3563.180366
demand_126 9 10 2110.928431
demand_127 9 11 2711.895322
demand_128 9 12 1873.133563
demand_129 9 13 1554.538213
demand_130 10 0 552.765763
demand_131 10 1 2287.437631
demand_132 10 2 2232.666913
demand_133 10 3 1275.150716
demand_134 10 4 8138.838425
demand_135 10 5 4795.733033
demand_136 10 6 773.639098
demand_137 10 7 856.600798
demand_138 10 8 2321.394152
demand_139 10 9 2.390495
demand_140 10 11 1766.786212
demand_141 10 12 1220.337130
demand_142 10 13 1012.773856
demand_143 11 0 233.605166
demand_144 11 1 966.697439
demand_145 11 2 943.550703
demand_146 11 3 538.893351
demand_147 11 4 3439.566680
demand_148 11 5 2026.731910
demand_149 11 6 326.948776
demand_150 11 7 362.009345
demand_151 11 8 981.047855
demand_152 11 9 1.010251
demand_153 11 10 581.200387
demand_154 11 12 515.728500
demand_155 11 13 428.009874
demand_156 12 0 337.670431
demand_157 12 1 1397.336998
demand_158 12 2 1363.878971
demand_159 12 3 778.956877
demand_160 12 4 4971.807712
demand_161 12 5 2929.590346
demand_162 12 6 472.596289
demand_163 12 7 523.275464
demand_164 12 8 1418.080166
demand_165 12 9 1.460292
demand_166 12 10 840.110641
demand_167 12 11 1079.284396
demand_168 12 13 618.677581
demand_169 13 0 43.302393
demand_170 13 1 179.192579
demand_171 13 2 174.901968
demand_172 13 3 99.892361
demand_173 13 4 637.577799
demand_174 13 5 375.686646
demand_175 13 6 60.605100
demand_176 13 7 67.104128
demand_177 13 8 181.852655
demand_178 13 9 0.187266
demand_179 13 10 107.734636
demand_180 13 11 138.405950
demand_181 13 12 95.598391
