DEMANDS 182
label src dest bw
demand_0 0 1 538.716934
demand_1 0 2 398.332416
demand_2 0 3 295.664459
demand_3 0 4 1162.552619
demand_4 0 5 581.031816
demand_5 0 6 94.600907
demand_6 0 7 155.433633
demand_7 0 8 568.100845
demand_8 0 9 79.230532
demand_9 0 10 328.567345
demand_10 0 11 347.379133
demand_11 0 12 253.616439
demand_12 0 13 163.071459
demand_13 1 0 17.972102
demand_14 1 2 79.685322
demand_15 1 3 59.146875
demand_16 1 4 232.565506
demand_17 1 5 116.233843
demand_18 1 6 18.924656
demand_19 1 7 31.094078
demand_20 1 8 113.647037
demand_21 1 9 15.849853
demand_22 1 10 65.729008
demand_23 1 11 69.492256
demand_24 1 12 50.735282
demand_25 1 13 32.622004
demand_26 2 0 112.631882
demand_27 2 1 675.391786
demand_28 2 3 370.675831
demand_29 2 4 1457.497324
demand_30 2 5 728.442139
demand_31 2 6 118.601573
demand_32 2 7 194.867828
demand_33 2 8 712.230524
demand_34 2 9 99.331665
demand_35 2 10 411.926324
demand_36 2 11 435.510744
demand_37 2 12 317.960043
demand_38 2 13 204.443404
demand_39 3 0 20.309582
demand_40 3 1 121.785453
demand_41 3 2 90.049320
demand_42 3 4 262.813341
demand_43 3 5 131.351399
demand_44 3 6 21.386026
demand_45 3 7 35.138222
demand_46 3 8 128.428149
demand_47 3 9 17.911310
demand_48 3 10 74.277827
demand_49 3 11 78.530528
demand_50 3 12 57.333993
demand_51 3 13 36.864873
demand_52 4 0 167.132813
demand_53 4 1 1002.204062
demand_54 4 2 741.039199
demand_55 4 3 550.040481
demand_56 4 5 1080.924710
demand_57 4 6 175.991151
demand_58 4 7 289.161540
demand_59 4 8 1056.868530
demand_60 4 9 147.396816
demand_61 4 10 611.251489
demand_62 4 11 646.248068
demand_63 4 12 471.816289
demand_64 4 13 303.370598
demand_65 5 0 16.616177
demand_66 5 1 99.638128
demand_67 5 2 73.673378
demand_68 5 3 54.684476
demand_69 5 4 215.019352
demand_70 5 6 17.496865
demand_71 5 7 28.748152
demand_72 5 8 105.072815
demand_73 5 9 14.654044
demand_74 5 10 60.770013
demand_75 5 11 64.249338
demand_76 5 12 46.907505
demand_77 5 13 30.160802
demand_78 6 0 97.605417
demand_79 6 1 585.286295
demand_80 6 2 432.766244
demand_81 6 3 321.223160
demand_82 6 4 1263.049428
demand_83 6 5 631.259085
demand_84 6 7 168.870087
demand_85 6 8 617.210297
demand_86 6 9 86.079611
demand_87 6 10 356.970335
demand_88 6 11 377.408306
demand_89 6 12 275.540300
demand_90 6 13 177.168164
demand_91 7 0 235.745952
demand_92 7 1 1413.639526
demand_93 7 2 1045.258487
demand_94 7 3 775.848946
demand_95 7 4 3050.637966
demand_96 7 5 1524.677411
demand_97 7 6 248.240909
demand_98 7 8 1490.745432
demand_99 7 9 207.907723
demand_100 7 10 862.188947
demand_101 7 11 911.552693
demand_102 7 12 665.511327
demand_103 7 13 427.913520
demand_104 8 0 295.389173
demand_105 8 1 1771.287297
demand_106 8 2 1309.706645
demand_107 8 3 972.137067
demand_108 8 4 3822.442837
demand_109 8 5 1910.417530
demand_110 8 6 311.045328
demand_111 8 7 511.061751
demand_112 8 9 260.507931
demand_113 8 10 1080.320904
demand_114 8 11 1142.173572
demand_115 8 12 833.884268
demand_116 8 13 536.174724
demand_117 9 0 604.771902
demand_118 9 1 3626.486296
demand_119 9 2 2681.458399
demand_120 9 3 1990.327463
demand_121 9 4 7825.967355
demand_122 9 5 3911.337817
demand_123 9 6 636.825895
demand_124 9 7 1046.334178
demand_125 9 8 3824.290267
demand_126 9 10 2211.820160
demand_127 9 11 2338.455661
demand_128 9 12 1707.272374
demand_129 9 13 1097.749807
demand_130 10 0 312.952106
demand_131 10 1 1876.602599
demand_132 10 2 1387.577779
demand_133 10 3 1029.937351
demand_134 10 4 4049.713546
demand_135 10 5 2024.005088
demand_136 10 6 329.539127
demand_137 10 7 541.447913
demand_138 10 8 1978.960478
demand_139 10 9 275.996933
demand_140 10 11 1210.083704
demand_141 10 12 883.464465
demand_142 10 13 568.054026
demand_143 11 0 258.299252
demand_144 11 1 1548.879328
demand_145 11 2 1145.256081
demand_146 11 3 850.072718
demand_147 11 4 3342.485830
demand_148 11 5 1670.539965
demand_149 11 6 271.989574
demand_150 11 7 446.891356
demand_151 11 8 1633.361787
demand_152 11 9 227.797800
demand_153 11 10 944.672678
demand_154 11 12 729.179341
demand_155 11 13 468.851071
demand_156 12 0 303.081639
demand_157 12 1 1817.414811
demand_158 12 2 1343.813767
demand_159 12 3 997.453269
demand_160 12 4 3921.986138
demand_161 12 5 1960.168245
demand_162 12 6 319.145509
demand_163 12 7 524.370720
demand_164 12 8 1916.544337
demand_165 12 9 267.292028
demand_166 12 10 1108.454407
demand_167 12 11 1171.917831
demand_168 12 13 550.137680
demand_169 13 0 54.725630
demand_170 13 1 328.159670
demand_171 13 2 242.644375
demand_172 13 3 180.104142
demand_173 13 4 708.169465
demand_174 13 5 353.935799
demand_175 13 6 57.626186
demand_176 13 7 94.682469
demand_177 13 8 346.058892
demand_178 13 9 48.263315
demand_179 13 10 200.146950
demand_180 13 11 211.606159
demand_181 13 12 154.490571
