DEMANDS 182
label src dest bw
demand_0 0 1 370.839044
demand_1 0 2 259.541336
demand_2 0 3 192.541656
demand_3 0 4 571.240320
demand_4 0 5 470.647700
demand_5 0 6 106.224170
demand_6 0 7 121.355263
demand_7 0 8 425.635968
demand_8 0 9 15.290019
demand_9 0 10 211.969989
demand_10 0 11 235.623330
demand_11 0 12 137.097729
demand_12 0 13 129.557333
demand_13 1 0 9.296075
demand_14 1 2 51.777665
demand_15 1 3 38.411444
demand_16 1 4 113.960614
demand_17 1 5 93.892709
demand_18 1 6 21.191382
demand_19 1 7 24.209986
demand_20 1 8 84.913012
demand_21 1 9 3.050310
demand_22 1 10 42.287334
demand_23 1 11 47.006100
demand_24 1 12 27.350558
demand_25 1 13 25.846273
demand_26 2 0 91.755068
demand_27 2 1 730.216769
demand_28 2 3 379.132533
demand_29 2 4 1124.825628
demand_30 2 5 926.749349
demand_31 2 6 209.165327
demand_32 2 7 238.959866
demand_33 2 8 838.117038
demand_34 2 9 30.107479
demand_35 2 10 417.388737
demand_36 2 11 463.964379
demand_37 2 12 269.958254
demand_38 2 13 255.110508
demand_39 3 0 36.824370
demand_40 3 1 293.060348
demand_41 3 2 205.105895
demand_42 3 4 451.430047
demand_43 3 5 371.935428
demand_44 3 6 83.945023
demand_45 3 7 95.902565
demand_46 3 8 336.364325
demand_47 3 9 12.083135
demand_48 3 10 167.512023
demand_49 3 11 186.204382
demand_50 3 12 108.343253
demand_51 3 13 102.384357
demand_52 4 0 101.142856
demand_53 4 1 804.927847
demand_54 4 2 563.349657
demand_55 4 3 417.922932
demand_56 4 5 1021.568375
demand_57 4 6 230.565777
demand_58 4 7 263.408700
demand_59 4 8 923.867777
demand_60 4 9 33.187882
demand_61 4 10 460.093265
demand_62 4 11 511.434227
demand_63 4 12 297.578645
demand_64 4 13 281.211773
demand_65 5 0 5.568752
demand_66 5 1 44.317943
demand_67 5 2 31.017063
demand_68 5 3 23.010118
demand_69 5 4 68.267342
demand_70 5 6 12.694555
demand_71 5 7 14.502830
demand_72 5 8 50.866571
demand_73 5 9 1.827268
demand_74 5 10 25.331944
demand_75 5 11 28.158689
demand_76 5 12 16.384168
demand_77 5 13 15.483037
demand_78 6 0 63.215144
demand_79 6 1 503.086746
demand_80 6 2 352.098324
demand_81 6 3 261.205385
demand_82 6 4 774.954629
demand_83 6 5 638.488918
demand_84 6 7 164.632677
demand_85 6 8 577.425213
demand_86 6 9 20.742708
demand_87 6 10 287.562201
demand_88 6 11 319.650739
demand_89 6 12 185.989182
demand_90 6 13 175.759748
demand_91 7 0 102.176235
demand_92 7 1 813.151820
demand_93 7 2 569.105418
demand_94 7 3 422.192864
demand_95 7 4 1252.578748
demand_96 7 5 1032.005771
demand_97 7 6 232.921474
demand_98 7 8 933.306962
demand_99 7 9 33.526964
demand_100 7 10 464.794052
demand_101 7 11 516.659566
demand_102 7 12 300.619015
demand_103 7 13 284.084922
demand_104 8 0 222.898518
demand_105 8 1 1773.899137
demand_106 8 2 1241.509379
demand_107 8 3 921.018116
demand_108 8 4 2732.513544
demand_109 8 5 2251.331304
demand_110 8 6 508.120614
demand_111 8 7 580.499815
demand_112 8 9 73.139419
demand_113 8 10 1013.953051
demand_114 8 11 1127.098208
demand_115 8 12 655.803502
demand_116 8 13 619.734207
demand_117 9 0 454.937476
demand_118 9 1 3620.540872
demand_119 9 2 2533.929553
demand_120 9 3 1879.804586
demand_121 9 4 5577.079758
demand_122 9 5 4594.983353
demand_123 9 6 1037.077822
demand_124 9 7 1184.804289
demand_125 9 8 4155.529043
demand_126 9 10 2069.485455
demand_127 9 11 2300.415533
demand_128 9 12 1338.499656
demand_129 9 13 1264.881964
demand_130 10 0 335.614004
demand_131 10 1 2670.925749
demand_132 10 2 1869.316748
demand_133 10 3 1386.759230
demand_134 10 4 4114.292990
demand_135 10 5 3389.786163
demand_136 10 6 765.067418
demand_137 10 7 874.047386
demand_138 10 8 3065.594317
demand_139 10 9 110.124614
demand_140 10 11 1697.050053
demand_141 10 12 987.430697
demand_142 10 13 933.121853
demand_143 11 0 217.644969
demand_144 11 1 1732.089679
demand_145 11 2 1212.247944
demand_146 11 3 899.310417
demand_147 11 4 2668.110272
demand_148 11 5 2198.269132
demand_149 11 6 496.144597
demand_150 11 7 566.817875
demand_151 11 8 1988.031408
demand_152 11 9 71.415578
demand_153 11 10 990.054946
demand_154 11 12 640.346711
demand_155 11 13 605.127541
demand_156 12 0 331.780417
demand_157 12 1 2640.416815
demand_158 12 2 1847.964278
demand_159 12 3 1370.918825
demand_160 12 4 4067.297040
demand_161 12 5 3351.065969
demand_162 12 6 756.328354
demand_163 12 7 864.063486
demand_164 12 8 3030.577239
demand_165 12 9 108.866704
demand_166 12 10 1509.250796
demand_167 12 11 1677.665318
demand_168 12 13 922.463169
demand_169 13 0 40.135789
demand_170 13 1 319.413703
demand_171 13 2 223.549975
demand_172 13 3 165.841338
demand_173 13 4 492.024745
demand_174 13 5 405.381599
demand_175 13 6 91.493752
demand_176 13 7 104.526572
demand_177 13 8 366.611776
demand_178 13 9 13.169707
demand_179 13 10 182.575487
demand_180 13 11 202.948750
demand_181 13 12 118.085984
