DEMANDS 182
label src dest bw
demand_0 0 1 336.718777
demand_1 0 2 311.489230
demand_2 0 3 184.662697
demand_3 0 4 725.951447
demand_4 0 5 679.821717
demand_5 0 6 57.738696
demand_6 0 7 68.628448
demand_7 0 8 399.623594
demand_8 0 9 21.088300
demand_9 0 10 193.344389
demand_10 0 11 240.812174
demand_11 0 12 176.997313
demand_12 0 13 149.359272
demand_13 1 0 15.289298
demand_14 1 2 180.065108
demand_15 1 3 106.749465
demand_16 1 4 419.656648
demand_17 1 5 392.990060
demand_18 1 6 33.377477
demand_19 1 7 39.672604
demand_20 1 8 231.013656
demand_21 1 9 12.190685
demand_22 1 10 111.768161
demand_23 1 11 139.208249
demand_24 1 12 102.318274
demand_25 1 13 86.341327
demand_26 2 0 28.394635
demand_27 2 1 361.495272
demand_28 2 3 198.250577
demand_29 2 4 779.368523
demand_30 2 5 729.844468
demand_31 2 6 61.987235
demand_32 2 7 73.678278
demand_33 2 8 429.028762
demand_34 2 9 22.640023
demand_35 2 10 207.571086
demand_36 2 11 258.531653
demand_37 2 12 190.021157
demand_38 2 13 160.349450
demand_39 3 0 23.919669
demand_40 3 1 304.523988
demand_41 3 2 281.706720
demand_42 3 4 656.540843
demand_43 3 5 614.821728
demand_44 3 6 52.218110
demand_45 3 7 62.066657
demand_46 3 8 361.414269
demand_47 3 9 19.071979
demand_48 3 10 174.858096
demand_49 3 11 217.787330
demand_50 3 12 160.074018
demand_51 3 13 135.078541
demand_52 4 0 40.749342
demand_53 4 1 518.784430
demand_54 4 2 479.913130
demand_55 4 3 284.510810
demand_56 4 5 1047.404974
demand_57 4 6 88.958320
demand_58 4 7 105.736219
demand_59 4 8 615.702220
demand_60 4 9 32.490858
demand_61 4 10 297.886739
demand_62 4 11 371.020610
demand_63 4 12 272.700711
demand_64 4 13 230.118633
demand_65 5 0 12.305629
demand_66 5 1 156.664336
demand_67 5 2 144.925845
demand_68 5 3 85.917569
demand_69 5 4 337.761684
demand_70 5 6 26.863944
demand_71 5 7 31.930593
demand_72 5 8 185.931909
demand_73 5 9 9.811703
demand_74 5 10 89.956879
demand_75 5 11 112.042101
demand_76 5 12 82.351114
demand_77 5 13 69.492029
demand_78 6 0 26.795906
demand_79 6 1 341.141681
demand_80 6 2 315.580736
demand_81 6 3 187.088298
demand_82 6 4 735.487041
demand_83 6 5 688.751383
demand_84 6 7 69.529904
demand_85 6 8 404.872772
demand_86 6 9 21.365302
demand_87 6 10 195.884026
demand_88 6 11 243.975315
demand_89 6 12 179.322227
demand_90 6 13 151.321152
demand_91 7 0 63.057748
demand_92 7 1 802.795247
demand_93 7 2 742.643684
demand_94 7 3 440.267504
demand_95 7 4 1730.792610
demand_96 7 5 1620.811432
demand_97 7 6 137.658943
demand_98 7 8 952.771108
demand_99 7 9 50.278121
demand_100 7 10 460.966144
demand_101 7 11 574.137475
demand_102 7 12 421.991915
demand_103 7 13 356.098091
demand_104 8 0 135.967032
demand_105 8 1 1731.011501
demand_106 8 2 1601.310872
demand_107 8 3 949.318167
demand_108 8 4 3731.987608
demand_109 8 5 3494.842850
demand_110 8 6 296.824396
demand_111 8 7 352.806677
demand_112 8 9 108.411211
demand_113 8 10 993.949204
demand_114 8 11 1237.972665
demand_115 8 12 909.911787
demand_116 8 13 767.829521
demand_117 9 0 210.939952
demand_118 9 1 2685.500134
demand_119 9 2 2484.281913
demand_120 9 3 1472.777081
demand_121 9 4 5789.824745
demand_122 9 5 5421.917150
demand_123 9 6 460.494893
demand_124 9 7 547.346091
demand_125 9 8 3187.197416
demand_126 9 10 1542.017900
demand_127 9 11 1920.597152
demand_128 9 12 1411.641820
demand_129 9 13 1191.214663
demand_130 10 0 196.870616
demand_131 10 1 2506.381849
demand_132 10 2 2318.584541
demand_133 10 3 1374.545358
demand_134 10 4 5403.653297
demand_135 10 5 5060.284512
demand_136 10 6 429.780668
demand_137 10 7 510.839039
demand_138 10 8 2974.616778
demand_139 10 9 156.971743
demand_140 10 11 1792.496593
demand_141 10 12 1317.487715
demand_142 10 13 1111.762674
demand_143 11 0 133.769247
demand_144 11 1 1703.031257
demand_145 11 2 1575.427122
demand_146 11 3 933.973293
demand_147 11 4 3671.663385
demand_148 11 5 3438.351859
demand_149 11 6 292.026497
demand_150 11 7 347.103875
demand_151 11 8 2021.186576
demand_152 11 9 106.658842
demand_153 11 10 977.882909
demand_154 11 12 895.203881
demand_155 11 13 755.418248
demand_156 12 0 139.295698
demand_157 12 1 1773.389122
demand_158 12 2 1640.513238
demand_159 12 3 972.558825
demand_160 12 4 3823.351968
demand_161 12 5 3580.401570
demand_162 12 6 304.091079
demand_163 12 7 361.443886
demand_164 12 8 2104.688493
demand_165 12 9 111.065272
demand_166 12 10 1018.282493
demand_167 12 11 1268.279995
demand_168 12 13 786.627079
demand_169 13 0 24.070002
demand_170 13 1 306.437894
demand_171 13 2 283.477222
demand_172 13 3 168.056110
demand_173 13 4 660.667144
demand_174 13 5 618.685828
demand_175 13 6 52.546296
demand_176 13 7 62.456740
demand_177 13 8 363.685726
demand_178 13 9 19.191844
demand_179 13 10 175.957064
demand_180 13 11 219.156104
demand_181 13 12 161.080069
