DEMANDS 182
label src dest bw
demand_0 0 1 441.397954
demand_1 0 2 374.604959
demand_2 0 3 239.866566
demand_3 0 4 567.191248
demand_4 0 5 532.334039
demand_5 0 6 134.703093
demand_6 0 7 143.032941
demand_7 0 8 463.482786
demand_8 0 9 7.714698
demand_9 0 10 276.590745
demand_10 0 11 306.861468
demand_11 0 12 203.250274
demand_12 0 13 189.973007
demand_13 1 0 16.430494
demand_14 1 2 78.501783
demand_15 1 3 50.266161
demand_16 1 4 118.859943
demand_17 1 5 111.555307
demand_18 1 6 28.228225
demand_19 1 7 29.973818
demand_20 1 8 97.126917
demand_21 1 9 1.616683
demand_22 1 10 57.962037
demand_23 1 11 64.305535
demand_24 1 12 42.592893
demand_25 1 13 39.810524
demand_26 2 0 132.741228
demand_27 2 1 747.294025
demand_28 2 3 406.098057
demand_29 2 4 960.264151
demand_30 2 5 901.250320
demand_31 2 6 228.054561
demand_32 2 7 242.157132
demand_33 2 8 784.684011
demand_34 2 9 13.061111
demand_35 2 10 468.272700
demand_36 2 11 519.521534
demand_37 2 12 344.106070
demand_38 2 13 321.627438
demand_39 3 0 65.821281
demand_40 3 1 370.554431
demand_41 3 2 314.481584
demand_42 3 4 476.158144
demand_43 3 5 446.895450
demand_44 3 6 113.083505
demand_45 3 7 120.076429
demand_46 3 8 389.094690
demand_47 3 9 6.476504
demand_48 3 10 232.198463
demand_49 3 11 257.610793
demand_50 3 12 170.628996
demand_51 3 13 159.482704
demand_52 4 0 143.368873
demand_53 4 1 807.124541
demand_54 4 2 684.989256
demand_55 4 3 438.611440
demand_56 4 5 973.407021
demand_57 4 6 246.313267
demand_58 4 7 261.544930
demand_59 4 8 847.508077
demand_60 4 9 14.106822
demand_61 4 10 505.763963
demand_62 4 11 561.115927
demand_63 4 12 371.656195
demand_64 4 13 347.377858
demand_65 5 0 13.962786
demand_66 5 1 78.606372
demand_67 5 2 66.711539
demand_68 5 3 42.716647
demand_69 5 4 101.008276
demand_70 5 6 23.988606
demand_71 5 7 25.472027
demand_72 5 8 82.539350
demand_73 5 9 1.373872
demand_74 5 10 49.256674
demand_75 5 11 54.647437
demand_76 5 12 36.195833
demand_77 5 13 33.831350
demand_78 6 0 106.393974
demand_79 6 1 598.966743
demand_80 6 2 508.330205
demand_81 6 3 325.493343
demand_82 6 4 769.665314
demand_83 6 5 722.364893
demand_84 6 7 194.092370
demand_85 6 8 628.935346
demand_86 6 9 10.468666
demand_87 6 10 375.327200
demand_88 6 11 416.403866
demand_89 6 12 275.805888
demand_90 6 13 257.788946
demand_91 7 0 166.523064
demand_92 7 1 937.475816
demand_93 7 2 795.615582
demand_94 7 3 509.447547
demand_95 7 4 1204.645545
demand_96 7 5 1130.613053
demand_97 7 6 286.093061
demand_98 7 8 984.381326
demand_99 7 9 16.385085
demand_100 7 10 587.445258
demand_101 7 11 651.736609
demand_102 7 12 431.678975
demand_103 7 13 403.479667
demand_104 8 0 203.819218
demand_105 8 1 1147.442181
demand_106 8 2 973.809524
demand_107 8 3 623.548462
demand_108 8 4 1474.449887
demand_109 8 5 1383.836345
demand_110 8 6 350.169296
demand_111 8 7 371.823269
demand_112 8 9 20.054851
demand_113 8 10 719.015314
demand_114 8 11 797.705991
demand_115 8 12 528.362072
demand_116 8 13 493.846968
demand_117 9 0 830.380346
demand_118 9 1 4674.796840
demand_119 9 2 3967.399634
demand_120 9 3 2540.400231
demand_121 9 4 6007.059692
demand_122 9 5 5637.890850
demand_123 9 6 1426.625536
demand_124 9 7 1514.846039
demand_125 9 8 4908.694849
demand_126 9 10 2929.341951
demand_127 9 11 3249.935823
demand_128 9 12 2152.601139
demand_129 9 13 2011.983072
demand_130 10 0 438.107168
demand_131 10 1 2466.414352
demand_132 10 2 2093.192866
demand_133 10 3 1340.310564
demand_134 10 4 3169.313821
demand_135 10 5 2974.541009
demand_136 10 6 752.685051
demand_137 10 7 799.230029
demand_138 10 8 2589.818518
demand_139 10 9 43.107681
demand_140 10 11 1714.660258
demand_141 10 12 1135.708465
demand_142 10 13 1061.518627
demand_143 11 0 185.339318
demand_144 11 1 1043.405787
demand_145 11 2 885.516073
demand_146 11 3 567.012513
demand_147 11 4 1340.764329
demand_148 11 5 1258.366544
demand_149 11 6 318.420114
demand_150 11 7 338.110763
demand_151 11 8 1095.611380
demand_152 11 9 18.236516
demand_153 11 10 653.823567
demand_154 11 12 480.456491
demand_155 11 13 449.070805
demand_156 12 0 431.325284
demand_157 12 1 2428.234345
demand_158 12 2 2060.790315
demand_159 12 3 1319.562604
demand_160 12 4 3120.252955
demand_161 12 5 2928.495219
demand_162 12 6 741.033513
demand_163 12 7 786.857976
demand_164 12 8 2549.728219
demand_165 12 9 42.440375
demand_166 12 10 1521.590986
demand_167 12 11 1688.117378
demand_168 12 13 1045.086356
demand_169 13 0 70.587663
demand_170 13 1 397.387758
demand_171 13 2 337.254452
demand_172 13 3 215.950337
demand_173 13 4 510.638658
demand_174 13 5 479.256935
demand_175 13 6 121.272334
demand_176 13 7 128.771643
demand_177 13 8 417.270591
demand_178 13 9 6.945493
demand_179 13 10 249.012881
demand_180 13 11 276.265420
demand_181 13 12 182.984923
