DEMANDS 182
label src dest bw
demand_0 0 1 541.589307
demand_1 0 2 537.517570
demand_2 0 3 398.516602
demand_3 0 4 1365.854838
demand_4 0 5 835.399674
demand_5 0 6 80.249369
demand_6 0 7 139.266923
demand_7 0 8 616.002154
demand_8 0 9 5.563128
demand_9 0 10 412.107368
demand_10 0 11 491.994262
demand_11 0 12 302.152276
demand_12 0 13 237.714959
demand_13 1 0 9.390143
demand_14 1 2 97.289453
demand_15 1 3 72.130595
demand_16 1 4 247.216606
demand_17 1 5 151.205433
demand_18 1 6 14.524952
demand_19 1 7 25.206995
demand_20 1 8 111.494983
demand_21 1 9 1.006914
demand_22 1 10 74.590492
demand_23 1 11 89.049838
demand_24 1 12 54.688872
demand_25 1 13 43.025865
demand_26 2 0 66.573668
demand_27 2 1 694.981820
demand_28 2 3 511.387115
demand_29 2 4 1752.701295
demand_30 2 5 1072.007105
demand_31 2 6 102.978127
demand_32 2 7 178.711023
demand_33 2 8 790.470365
demand_34 2 9 7.138755
demand_35 2 10 528.827147
demand_36 2 11 631.340137
demand_37 2 12 387.729845
demand_38 2 13 305.042165
demand_39 3 0 13.806320
demand_40 3 1 144.128174
demand_41 3 2 143.044600
demand_42 3 4 363.482367
demand_43 3 5 222.317220
demand_44 3 6 21.356025
demand_45 3 7 37.061823
demand_46 3 8 163.930979
demand_47 3 9 1.480464
demand_48 3 10 109.670338
demand_49 3 11 130.929901
demand_50 3 12 80.409002
demand_51 3 13 63.260892
demand_52 4 0 89.299113
demand_53 4 1 932.219326
demand_54 4 2 925.210783
demand_55 4 3 685.953126
demand_56 4 5 1437.945156
demand_57 4 6 138.130520
demand_58 4 7 239.715436
demand_59 4 8 1060.303638
demand_60 4 9 9.575625
demand_61 4 10 709.346450
demand_62 4 11 846.853055
demand_63 4 12 520.084476
demand_64 4 13 409.170706
demand_65 5 0 8.410219
demand_66 5 1 87.796718
demand_67 5 2 87.136651
demand_68 5 3 64.603287
demand_69 5 4 221.417909
demand_70 5 6 13.009177
demand_71 5 7 22.576477
demand_72 5 8 99.859740
demand_73 5 9 0.901835
demand_74 5 10 66.806478
demand_75 5 11 79.756895
demand_76 5 12 48.981724
demand_77 5 13 38.535829
demand_78 6 0 58.869350
demand_79 6 1 614.554212
demand_80 6 2 609.933915
demand_81 6 3 452.206225
demand_82 6 4 1549.867828
demand_83 6 5 947.947792
demand_84 6 7 158.029475
demand_85 6 8 698.992230
demand_86 6 9 6.312614
demand_87 6 10 467.627988
demand_88 6 11 558.277539
demand_89 6 12 342.859342
demand_90 6 13 269.740793
demand_91 7 0 125.168233
demand_92 7 1 1306.667466
demand_93 7 2 1296.843774
demand_94 7 3 961.482569
demand_95 7 4 3295.334780
demand_96 7 5 2015.530146
demand_97 7 6 193.613939
demand_98 7 8 1486.199898
demand_99 7 9 13.421903
demand_100 7 10 994.272381
demand_101 7 11 1187.011794
demand_102 7 12 728.988817
demand_103 7 13 573.523884
demand_104 8 0 157.983399
demand_105 8 1 1649.234500
demand_106 8 2 1636.835345
demand_107 8 3 1213.553000
demand_108 8 4 4159.267715
demand_109 8 5 2543.938636
demand_110 8 6 244.373413
demand_111 8 7 424.092224
demand_112 8 9 16.940703
demand_113 8 10 1254.939267
demand_114 8 11 1498.208881
demand_115 8 12 920.106713
demand_116 8 13 723.883774
demand_117 9 0 185.652145
demand_118 9 1 1938.076557
demand_119 9 2 1923.505851
demand_120 9 3 1426.091087
demand_121 9 4 4887.709573
demand_122 9 5 2989.476532
demand_123 9 6 287.172250
demand_124 9 7 498.366482
demand_125 9 8 2204.362821
demand_126 9 10 1474.725622
demand_127 9 11 1760.600758
demand_128 9 12 1081.251484
demand_129 9 13 850.662639
demand_130 10 0 162.678418
demand_131 10 1 1698.247167
demand_132 10 2 1685.479529
demand_133 10 3 1249.617896
demand_134 10 4 4282.874640
demand_135 10 5 2619.540510
demand_136 10 6 251.635808
demand_137 10 7 436.695581
demand_138 10 8 1931.581548
demand_139 10 9 17.444154
demand_140 10 11 1542.733304
demand_141 10 12 947.450844
demand_142 10 13 745.396466
demand_143 11 0 147.505854
demand_144 11 1 1539.856372
demand_145 11 2 1528.279536
demand_146 11 3 1133.069506
demand_147 11 4 3883.422822
demand_148 11 5 2375.223244
demand_149 11 6 228.166436
demand_150 11 7 395.966197
demand_151 11 8 1751.428303
demand_152 11 9 15.817186
demand_153 11 10 1171.711013
demand_154 11 12 859.084736
demand_155 11 13 675.875409
demand_156 12 0 161.109121
demand_157 12 1 1681.864819
demand_158 12 2 1669.220346
demand_159 12 3 1237.563304
demand_160 12 4 4241.559369
demand_161 12 5 2594.270793
demand_162 12 6 249.208373
demand_163 12 7 432.482944
demand_164 12 8 1912.948312
demand_165 12 9 17.275877
demand_166 12 10 1279.768404
demand_167 12 11 1527.851139
demand_168 12 13 738.205909
demand_169 13 0 17.318066
demand_170 13 1 180.788314
demand_171 13 2 179.429125
demand_172 13 3 133.029112
demand_173 13 4 455.936981
demand_174 13 5 278.865363
demand_175 13 6 26.788099
demand_176 13 7 46.488791
demand_177 13 8 205.628120
demand_178 13 9 1.857032
demand_179 13 10 137.565855
demand_180 13 11 164.232957
demand_181 13 12 100.861667
