DEMANDS 182
label src dest bw
demand_0 0 1 242.467683
demand_1 0 2 228.231968
demand_2 0 3 102.054190
demand_3 0 4 383.802730
demand_4 0 5 318.969539
demand_5 0 6 50.219259
demand_6 0 7 50.967127
demand_7 0 8 256.916874
demand_8 0 9 0.274304
demand_9 0 10 161.513271
demand_10 0 11 223.617946
demand_11 0 12 78.231201
demand_12 0 13 71.551842
demand_13 1 0 8.539370
demand_14 1 2 112.852278
demand_15 1 3 50.462027
demand_16 1 4 189.776274
demand_17 1 5 157.718656
demand_18 1 6 24.831568
demand_19 1 7 25.201362
demand_20 1 8 127.035905
demand_21 1 9 0.135633
demand_22 1 10 79.862347
demand_23 1 11 110.570815
demand_24 1 12 38.682439
demand_25 1 13 35.379743
demand_26 2 0 41.815154
demand_27 2 1 587.077681
demand_28 2 3 247.099888
demand_29 2 4 929.286800
demand_30 2 5 772.308686
demand_31 2 6 121.593961
demand_32 2 7 123.404745
demand_33 2 8 622.062953
demand_34 2 9 0.664161
demand_35 2 10 391.065875
demand_36 2 11 541.437539
demand_37 2 12 189.418200
demand_38 2 13 173.245726
demand_39 3 0 8.957656
demand_40 3 1 125.763981
demand_41 3 2 118.380151
demand_42 3 4 199.072135
demand_43 3 5 165.444230
demand_44 3 6 26.047900
demand_45 3 7 26.435806
demand_46 3 8 133.258538
demand_47 3 9 0.142277
demand_48 3 10 83.774265
demand_49 3 11 115.986934
demand_50 3 12 40.577231
demand_51 3 13 37.112758
demand_52 4 0 98.772017
demand_53 4 1 1386.742403
demand_54 4 2 1305.324259
demand_55 4 3 583.677260
demand_56 4 5 1824.278520
demand_57 4 6 287.218381
demand_58 4 7 291.495654
demand_59 4 8 1469.381484
demand_60 4 9 1.568822
demand_61 4 10 923.740842
demand_62 4 11 1278.935339
demand_63 4 12 447.426735
demand_64 4 13 409.225563
demand_65 5 0 6.934233
demand_66 5 1 97.355465
demand_67 5 2 91.639550
demand_68 5 3 40.976731
demand_69 5 4 154.104220
demand_70 5 6 20.164004
demand_71 5 7 20.464287
demand_72 5 8 103.157094
demand_73 5 9 0.110138
demand_74 5 10 64.850702
demand_75 5 11 89.786931
demand_76 5 12 31.411340
demand_77 5 13 28.729449
demand_78 6 0 38.532221
demand_79 6 1 540.985859
demand_80 6 2 509.223605
demand_81 6 3 227.699927
demand_82 6 4 856.327934
demand_83 6 5 711.674266
demand_84 6 7 113.716164
demand_85 6 8 573.224416
demand_86 6 9 0.612017
demand_87 6 10 360.363058
demand_88 6 11 498.928952
demand_89 6 12 174.546863
demand_90 6 13 159.644100
demand_91 7 0 116.484302
demand_92 7 1 1635.419888
demand_93 7 2 1539.401442
demand_94 7 3 688.345144
demand_95 7 4 2588.710427
demand_96 7 5 2151.417139
demand_97 7 6 338.723798
demand_98 7 8 1732.878217
demand_99 7 9 1.850151
demand_100 7 10 1089.390604
demand_101 7 11 1508.280330
demand_102 7 12 527.661504
demand_103 7 13 482.609909
demand_104 8 0 145.186075
demand_105 8 1 2038.387925
demand_106 8 2 1918.710500
demand_107 8 3 857.953631
demand_108 8 4 3226.569588
demand_109 8 5 2681.527080
demand_110 8 6 422.185461
demand_111 8 7 428.472670
demand_112 8 9 2.306028
demand_113 8 10 1357.816833
demand_114 8 11 1879.921136
demand_115 8 12 657.677484
demand_116 8 13 601.525161
demand_117 9 0 189.500339
demand_118 9 1 2660.552691
demand_119 9 2 2504.346852
demand_120 9 3 1119.821606
demand_121 9 4 4211.395826
demand_122 9 5 3499.993304
demand_123 9 6 551.046565
demand_124 9 7 559.252781
demand_125 9 8 2819.100977
demand_126 9 10 1772.255018
demand_127 9 11 2453.718046
demand_128 9 12 858.416388
demand_129 9 13 785.125032
demand_130 10 0 184.003941
demand_131 10 1 2583.384181
demand_132 10 2 2431.709044
demand_133 10 3 1087.341526
demand_134 10 4 4089.245590
demand_135 10 5 3398.477078
demand_136 10 6 535.063629
demand_137 10 7 543.031827
demand_138 10 8 2737.333823
demand_139 10 9 2.922583
demand_140 10 11 2382.548711
demand_141 10 12 833.518285
demand_142 10 13 762.352723
demand_143 11 0 129.368709
demand_144 11 1 1816.314777
demand_145 11 2 1709.675666
demand_146 11 3 764.483462
demand_147 11 4 2875.049420
demand_148 11 5 2389.386829
demand_149 11 6 376.190264
demand_150 11 7 381.792510
demand_151 11 8 1924.553037
demand_152 11 9 2.054797
demand_153 11 10 1209.888828
demand_154 11 12 586.026496
demand_155 11 13 535.991714
demand_156 12 0 149.795947
demand_157 12 1 2103.109743
demand_158 12 2 1979.632383
demand_159 12 3 885.194922
demand_160 12 4 3329.017923
demand_161 12 5 2766.669513
demand_162 12 6 435.590471
demand_163 12 7 442.077308
demand_164 12 8 2228.438757
demand_165 12 9 2.379248
demand_166 12 10 1400.929517
demand_167 12 11 1939.611400
demand_168 12 13 620.624470
demand_169 13 0 15.072828
demand_170 13 1 211.619953
demand_171 13 2 199.195364
demand_172 13 3 89.070439
demand_173 13 4 334.973778
demand_174 13 5 278.388931
demand_175 13 6 43.830159
demand_176 13 7 44.482880
demand_177 13 8 224.230859
demand_178 13 9 0.239406
demand_179 13 10 140.964892
demand_180 13 11 195.168357
demand_181 13 12 68.278308
