DEMANDS 182
label src dest bw
demand_0 0 1 503.637792
demand_1 0 2 503.372554
demand_2 0 3 196.944195
demand_3 0 4 755.048015
demand_4 0 5 688.962975
demand_5 0 6 66.238583
demand_6 0 7 68.982272
demand_7 0 8 657.669525
demand_8 0 9 14.325899
demand_9 0 10 201.432938
demand_10 0 11 369.087928
demand_11 0 12 194.854203
demand_12 0 13 137.497431
demand_13 1 0 3.950962
demand_14 1 2 58.722255
demand_15 1 3 22.975045
demand_16 1 4 88.082120
demand_17 1 5 80.372795
demand_18 1 6 7.727237
demand_19 1 7 8.047309
demand_20 1 8 76.722175
demand_21 1 9 1.671226
demand_22 1 10 23.498691
demand_23 1 11 43.056927
demand_24 1 12 22.731232
demand_25 1 13 16.040126
demand_26 2 0 68.127803
demand_27 2 1 1013.101620
demand_28 2 3 396.166624
demand_29 2 4 1518.830357
demand_30 2 5 1385.895813
demand_31 2 6 133.243409
demand_32 2 7 138.762524
demand_33 2 8 1322.946912
demand_34 2 9 28.817518
demand_35 2 10 405.196033
demand_36 2 11 742.445431
demand_37 2 12 391.962463
demand_38 2 13 276.585421
demand_39 3 0 19.472720
demand_40 3 1 289.571116
demand_41 3 2 289.418615
demand_42 3 4 434.121704
demand_43 3 5 396.125511
demand_44 3 6 38.084474
demand_45 3 7 39.661983
demand_46 3 8 378.133058
demand_47 3 9 8.236805
demand_48 3 10 115.815694
demand_49 3 11 212.210451
demand_50 3 12 112.033191
demand_51 3 13 79.055395
demand_52 4 0 81.830469
demand_53 4 1 1216.868540
demand_54 4 2 1216.227684
demand_55 4 3 475.848317
demand_56 4 5 1664.643488
demand_57 4 6 160.042891
demand_58 4 7 166.672076
demand_59 4 8 1589.033564
demand_60 4 9 34.613637
demand_61 4 10 486.693828
demand_62 4 11 891.774793
demand_63 4 12 470.798566
demand_64 4 13 332.215535
demand_65 5 0 1.173566
demand_66 5 1 17.451638
demand_67 5 2 17.442447
demand_68 5 3 6.824346
demand_69 5 4 26.163295
demand_70 5 6 2.295244
demand_71 5 7 2.390316
demand_72 5 8 22.789017
demand_73 5 9 0.496409
demand_74 5 10 6.979886
demand_75 5 11 12.789328
demand_76 5 12 6.751926
demand_77 5 13 4.764447
demand_78 6 0 38.496423
demand_79 6 1 572.465082
demand_80 6 2 572.163597
demand_81 6 3 223.858648
demand_82 6 4 858.233100
demand_83 6 5 783.116860
demand_84 6 7 78.409410
demand_85 6 8 747.546838
demand_86 6 9 16.283680
demand_87 6 10 228.960823
demand_88 6 11 419.527593
demand_89 6 12 221.483037
demand_90 6 13 156.287871
demand_91 7 0 86.901729
demand_92 7 1 1292.281237
demand_93 7 2 1291.600667
demand_94 7 3 505.337949
demand_95 7 4 1937.373245
demand_96 7 5 1767.806033
demand_97 7 6 169.961190
demand_98 7 8 1687.510354
demand_99 7 9 36.758739
demand_100 7 10 516.855586
demand_101 7 11 947.040536
demand_102 7 12 499.975251
demand_103 7 13 352.803848
demand_104 8 0 133.652679
demand_105 8 1 1987.496123
demand_106 8 2 1986.449422
demand_107 8 3 777.197088
demand_108 8 4 2979.631447
demand_109 8 5 2718.841329
demand_110 8 6 261.396046
demand_111 8 7 272.223412
demand_112 8 9 56.534019
demand_113 8 10 794.910925
demand_114 8 11 1456.524585
demand_115 8 12 768.949392
demand_116 8 13 542.603467
demand_117 9 0 227.518618
demand_118 9 1 3383.339386
demand_119 9 2 3381.557574
demand_120 9 3 1323.032275
demand_121 9 4 5072.263695
demand_122 9 5 4628.317432
demand_123 9 6 444.977743
demand_124 9 7 463.409301
demand_125 9 8 4418.094203
demand_126 9 10 1353.186760
demand_127 9 11 2479.459928
demand_128 9 12 1308.992120
demand_129 9 13 923.680635
demand_130 10 0 145.812424
demand_131 10 1 2168.318895
demand_132 10 2 2167.176965
demand_133 10 3 847.906625
demand_134 10 4 3250.718878
demand_135 10 5 2966.202026
demand_136 10 6 285.177908
demand_137 10 7 296.990349
demand_138 10 8 2831.473892
demand_139 10 9 61.677494
demand_140 10 11 1589.039466
demand_141 10 12 838.908553
demand_142 10 13 591.969633
demand_143 11 0 114.985965
demand_144 11 1 1709.910809
demand_145 11 2 1709.010296
demand_146 11 3 668.649204
demand_147 11 4 2563.478720
demand_148 11 5 2339.112073
demand_149 11 6 224.887948
demand_150 11 7 234.203100
demand_151 11 8 2232.867049
demand_152 11 9 48.638147
demand_153 11 10 683.889023
demand_154 11 12 661.553430
demand_155 11 13 466.820298
demand_156 12 0 134.961602
demand_157 12 1 2006.960599
demand_158 12 2 2005.903647
demand_159 12 3 784.808541
demand_160 12 4 3008.812366
demand_161 12 5 2745.468209
demand_162 12 6 263.956020
demand_163 12 7 274.889422
demand_164 12 8 2620.766047
demand_165 12 9 57.087683
demand_166 12 10 802.695858
demand_167 12 11 1470.789009
demand_168 12 13 547.917436
demand_169 13 0 32.031539
demand_170 13 1 476.328353
demand_171 13 2 476.077498
demand_172 13 3 186.265022
demand_173 13 4 714.106017
demand_174 13 5 651.604397
demand_175 13 6 62.646838
demand_176 13 7 65.241752
demand_177 13 8 622.007814
demand_178 13 9 13.549086
demand_179 13 10 190.510365
demand_180 13 11 349.074370
demand_181 13 12 184.288358
