DEMANDS 182
label src dest bw
demand_0 0 1 462.735455
demand_1 0 2 430.439803
demand_2 0 3 238.204944
demand_3 0 4 1734.214678
demand_4 0 5 633.541500
demand_5 0 6 76.645094
demand_6 0 7 92.285365
demand_7 0 8 470.788011
demand_8 0 9 16.258425
demand_9 0 10 301.944150
demand_10 0 11 365.022296
demand_11 0 12 212.155856
demand_12 0 13 162.035321
demand_13 1 0 9.373849
demand_14 1 2 122.620280
demand_15 1 3 67.857937
demand_16 1 4 494.029335
demand_17 1 5 180.478282
demand_18 1 6 21.834047
demand_19 1 7 26.289524
demand_20 1 8 134.114358
demand_21 1 9 4.631571
demand_22 1 10 86.015457
demand_23 1 11 103.984659
demand_24 1 12 60.437279
demand_25 1 13 46.159338
demand_26 2 0 44.492653
demand_27 2 1 625.681060
demand_28 2 3 322.085374
demand_29 2 4 2344.893320
demand_30 2 5 856.633986
demand_31 2 6 103.634557
demand_32 2 7 124.782323
demand_33 2 8 636.569206
demand_34 2 9 21.983595
demand_35 2 10 408.269420
demand_36 2 11 493.559623
demand_37 2 12 286.863475
demand_38 2 13 219.093718
demand_39 3 0 15.455375
demand_40 3 1 217.342297
demand_41 3 2 202.173347
demand_42 3 4 814.543596
demand_43 3 5 297.568218
demand_44 3 6 35.999448
demand_45 3 7 43.345529
demand_46 3 8 221.124503
demand_47 3 9 7.636423
demand_48 3 10 141.820201
demand_49 3 11 171.447386
demand_50 3 12 99.647521
demand_51 3 13 76.106398
demand_52 4 0 70.152972
demand_53 4 1 986.531096
demand_54 4 2 917.678224
demand_55 4 3 507.842185
demand_56 4 5 1350.681871
demand_57 4 6 163.403880
demand_58 4 7 196.748232
demand_59 4 8 1003.698780
demand_60 4 9 34.662228
demand_61 4 10 643.731294
demand_62 4 11 778.211052
demand_63 4 12 452.306705
demand_64 4 13 345.451988
demand_65 5 0 2.527736
demand_66 5 1 35.546472
demand_67 5 2 33.065580
demand_68 5 3 18.298458
demand_69 5 4 133.219127
demand_70 5 6 5.887733
demand_71 5 7 7.089189
demand_72 5 8 36.165054
demand_73 5 9 1.248942
demand_74 5 10 23.194785
demand_75 5 11 28.040330
demand_76 5 12 16.297416
demand_77 5 13 12.447250
demand_78 6 0 40.633638
demand_79 6 1 571.413390
demand_80 6 2 531.532789
demand_81 6 3 294.149699
demand_82 6 4 2141.511909
demand_83 6 5 782.334900
demand_84 6 7 113.959484
demand_85 6 8 581.357166
demand_86 6 9 20.076875
demand_87 6 10 372.858679
demand_88 6 11 450.751342
demand_89 6 12 261.982728
demand_90 6 13 200.090897
demand_91 7 0 83.142078
demand_92 7 1 1169.191311
demand_93 7 2 1087.590052
demand_94 7 3 601.871216
demand_95 7 4 4381.831368
demand_96 7 5 1600.766072
demand_97 7 6 193.658768
demand_98 7 8 1189.537661
demand_99 7 9 41.080080
demand_100 7 10 762.920743
demand_101 7 11 922.299971
demand_102 7 12 536.053118
demand_103 7 13 409.413819
demand_104 8 0 86.770709
demand_105 8 1 1220.219197
demand_106 8 2 1135.056553
demand_107 8 3 628.139129
demand_108 8 4 4573.070892
demand_109 8 5 1670.629496
demand_110 8 6 202.110762
demand_111 8 7 243.353677
demand_112 8 9 42.872968
demand_113 8 10 796.217460
demand_114 8 11 962.552594
demand_115 8 12 559.448482
demand_116 8 13 427.282170
demand_117 9 0 168.421257
demand_118 9 1 2368.435761
demand_119 9 2 2203.135746
demand_120 9 3 1219.213056
demand_121 9 4 8876.294246
demand_122 9 5 3242.678570
demand_123 9 6 392.295381
demand_124 9 7 472.347552
demand_125 9 8 2409.651447
demand_126 9 10 1545.451759
demand_127 9 11 1868.306933
demand_128 9 12 1085.885057
demand_129 9 13 829.351296
demand_130 10 0 132.346844
demand_131 10 1 1861.136797
demand_132 10 2 1731.242651
demand_133 10 3 958.067902
demand_134 10 4 6975.066884
demand_135 10 5 2548.124170
demand_136 10 6 308.269019
demand_137 10 7 371.174690
demand_138 10 8 1893.524431
demand_139 10 9 65.391906
demand_140 10 11 1468.131346
demand_141 10 12 853.297636
demand_142 10 13 651.711243
demand_143 11 0 86.442787
demand_144 11 1 1215.607770
demand_145 11 2 1130.766971
demand_146 11 3 625.765279
demand_147 11 4 4555.788439
demand_148 11 5 1664.315888
demand_149 11 6 201.346949
demand_150 11 7 242.434000
demand_151 11 8 1236.761863
demand_152 11 9 42.710944
demand_153 11 10 793.208411
demand_154 11 12 557.334226
demand_155 11 13 425.667395
demand_156 12 0 112.846286
demand_157 12 1 1586.908824
demand_158 12 2 1476.153845
demand_159 12 3 816.902020
demand_160 12 4 5947.330258
demand_161 12 5 2172.672496
demand_162 12 6 262.847324
demand_163 12 7 316.484201
demand_164 12 8 1614.524324
demand_165 12 9 55.756779
demand_166 12 10 1035.489784
demand_167 12 11 1251.810502
demand_168 12 13 555.685280
demand_169 13 0 30.700729
demand_170 13 1 431.731159
demand_171 13 2 401.599387
demand_172 13 3 222.244687
demand_173 13 4 1618.018468
demand_174 13 5 591.092822
demand_175 13 6 71.509704
demand_176 13 7 86.102042
demand_177 13 8 439.244175
demand_178 13 9 15.169075
demand_179 13 10 281.713226
demand_180 13 11 340.564997
demand_181 13 12 197.940946
