DEMANDS 182
label src dest bw
demand_0 0 1 668.655215
demand_1 0 2 355.590285
demand_2 0 3 292.308263
demand_3 0 4 1678.747214
demand_4 0 5 810.133608
demand_5 0 6 31.709274
demand_6 0 7 144.566339
demand_7 0 8 804.388787
demand_8 0 9 15.317063
demand_9 0 10 347.719864
demand_10 0 11 348.161547
demand_11 0 12 162.511182
demand_12 0 13 153.480457
demand_13 1 0 10.211948
demand_14 1 2 232.972666
demand_15 1 3 191.512081
demand_16 1 4 1099.867546
demand_17 1 5 530.776555
demand_18 1 6 20.775017
demand_19 1 7 94.715764
demand_20 1 8 527.012712
demand_21 1 9 10.035305
demand_22 1 10 227.816190
demand_23 1 11 228.105568
demand_24 1 12 106.472716
demand_25 1 13 100.556041
demand_26 2 0 19.795923
demand_27 2 1 849.228363
demand_28 2 3 371.247336
demand_29 2 4 2132.099947
demand_30 2 5 1028.913590
demand_31 2 6 40.272496
demand_32 2 7 183.607086
demand_33 2 8 1021.617356
demand_34 2 9 19.453501
demand_35 2 10 441.623073
demand_36 2 11 442.184035
demand_37 2 12 206.398010
demand_38 2 13 194.928499
demand_39 3 0 10.726496
demand_40 3 1 460.157585
demand_41 3 2 244.711420
demand_42 3 4 1155.286381
demand_43 3 5 557.520701
demand_44 3 6 21.821804
demand_45 3 7 99.488191
demand_46 3 8 553.567210
demand_47 3 9 10.540953
demand_48 3 10 239.295124
demand_49 3 11 239.599083
demand_50 3 12 111.837538
demand_51 3 13 105.622741
demand_52 4 0 21.493857
demand_53 4 1 922.068281
demand_54 4 2 490.355143
demand_55 4 3 403.089921
demand_56 4 5 1117.165449
demand_57 4 6 43.726744
demand_58 4 7 199.355412
demand_59 4 8 1109.243404
demand_60 4 9 21.122064
demand_61 4 10 479.501917
demand_62 4 11 480.110993
demand_63 4 12 224.101156
demand_64 4 13 211.647884
demand_65 5 0 1.553881
demand_66 5 1 66.660180
demand_67 5 2 35.449828
demand_68 5 3 29.141060
demand_69 5 4 167.359186
demand_70 5 6 3.161190
demand_71 5 7 14.412238
demand_72 5 8 80.191855
demand_73 5 9 1.527003
demand_74 5 10 34.665203
demand_75 5 11 34.709236
demand_76 5 12 16.201212
demand_77 5 13 15.300913
demand_78 6 0 19.062728
demand_79 6 1 817.774899
demand_80 6 2 434.892009
demand_81 6 3 357.497189
demand_82 6 4 2053.131871
demand_83 6 5 990.804998
demand_84 6 7 176.806702
demand_85 6 8 983.779000
demand_86 6 9 18.732988
demand_87 6 10 425.266371
demand_88 6 11 425.806555
demand_89 6 12 198.753502
demand_90 6 13 187.708796
demand_91 7 0 25.412058
demand_92 7 1 1090.155790
demand_93 7 2 579.743939
demand_94 7 3 476.570792
demand_95 7 4 2736.980066
demand_96 7 5 1320.817999
demand_97 7 6 51.697867
demand_98 7 8 1311.451812
demand_99 7 9 24.972489
demand_100 7 10 566.912236
demand_101 7 11 567.632343
demand_102 7 12 264.953451
demand_103 7 13 250.230021
demand_104 8 0 35.694054
demand_105 8 1 1531.244704
demand_106 8 2 814.314656
demand_107 8 3 669.396528
demand_108 8 4 3844.392032
demand_109 8 5 1855.235357
demand_110 8 6 72.615387
demand_111 8 7 331.062163
demand_112 8 9 35.076631
demand_113 8 10 796.291105
demand_114 8 11 797.302576
demand_115 8 12 372.156504
demand_116 8 13 351.475815
demand_117 9 0 82.231159
demand_118 9 1 3527.647108
demand_119 9 2 1875.999788
demand_120 9 3 1542.140665
demand_121 9 4 8856.623894
demand_122 9 5 4274.049487
demand_123 9 6 167.289696
demand_124 9 7 762.693564
demand_125 9 8 4243.741340
demand_126 9 10 1834.477538
demand_127 9 11 1836.807740
demand_128 9 12 857.365784
demand_129 9 13 809.722078
demand_130 10 0 52.431487
demand_131 10 1 2249.266424
demand_132 10 2 1196.158007
demand_133 10 3 983.285775
demand_134 10 4 5647.080376
demand_135 10 5 2725.180754
demand_136 10 6 106.665742
demand_137 10 7 486.301768
demand_138 10 8 2705.855948
demand_139 10 9 51.524546
demand_140 10 11 1171.168729
demand_141 10 12 546.665812
demand_142 10 13 516.287663
demand_143 11 0 31.466214
demand_144 11 1 1349.873946
demand_145 11 2 717.861838
demand_146 11 3 590.108773
demand_147 11 4 3389.036794
demand_148 11 5 1635.489002
demand_149 11 6 64.014340
demand_150 11 7 291.848969
demand_151 11 8 1623.891420
demand_152 11 9 30.921923
demand_153 11 10 701.973116
demand_154 11 12 328.075825
demand_155 11 13 309.844693
demand_156 12 0 50.817458
demand_157 12 1 2180.025931
demand_158 12 2 1159.335971
demand_159 12 3 953.016710
demand_160 12 4 5473.242976
demand_161 12 5 2641.289911
demand_162 12 6 103.382188
demand_163 12 7 471.331655
demand_164 12 8 2622.559991
demand_165 12 9 49.938436
demand_166 12 10 1133.675926
demand_167 12 11 1135.115952
demand_168 12 13 500.394476
demand_169 13 0 12.857014
demand_170 13 1 551.554998
demand_171 13 2 293.316488
demand_172 13 3 241.116916
demand_173 13 4 1384.751655
demand_174 13 5 668.256570
demand_175 13 6 26.156094
demand_176 13 7 119.248733
demand_177 13 8 663.517828
demand_178 13 9 12.634617
demand_179 13 10 286.824397
demand_180 13 11 287.188729
demand_181 13 12 134.050932
