DEMANDS 182
label src dest bw
demand_0 0 1 258.884995
demand_1 0 2 201.438884
demand_2 0 3 127.564083
demand_3 0 4 386.728533
demand_4 0 5 277.532261
demand_5 0 6 41.893598
demand_6 0 7 57.995191
demand_7 0 8 269.331431
demand_8 0 9 6.679285
demand_9 0 10 179.366097
demand_10 0 11 184.945750
demand_11 0 12 104.616243
demand_12 0 13 91.584886
demand_13 1 0 12.847900
demand_14 1 2 75.299247
demand_15 1 3 47.684336
demand_16 1 4 144.561799
demand_17 1 5 103.743478
demand_18 1 6 15.660117
demand_19 1 7 21.679003
demand_20 1 8 100.677951
demand_21 1 9 2.496763
demand_22 1 10 67.048287
demand_23 1 11 69.134000
demand_24 1 12 39.106275
demand_25 1 13 34.235063
demand_26 2 0 57.427735
demand_27 2 1 432.557384
demand_28 2 3 213.140147
demand_29 2 4 646.164457
demand_30 2 5 463.714124
demand_31 2 6 69.997819
demand_32 2 7 96.901128
demand_33 2 8 450.011786
demand_34 2 9 11.160068
demand_35 2 10 299.693419
demand_36 2 11 309.016169
demand_37 2 12 174.797804
demand_38 2 13 153.024391
demand_39 3 0 16.059417
demand_40 3 1 120.962794
demand_41 3 2 94.121369
demand_42 3 4 180.697084
demand_43 3 5 129.675641
demand_44 3 6 19.574586
demand_45 3 7 27.097980
demand_46 3 8 125.843842
demand_47 3 9 3.120865
demand_48 3 10 83.807963
demand_49 3 11 86.415030
demand_50 3 12 48.881447
demand_51 3 13 42.792606
demand_52 4 0 69.270432
demand_53 4 1 521.758992
demand_54 4 2 405.981618
demand_55 4 3 257.093723
demand_56 4 5 559.340848
demand_57 4 6 84.432709
demand_58 4 7 116.883995
demand_59 4 8 542.812827
demand_60 4 9 13.461488
demand_61 4 10 361.495937
demand_62 4 11 372.741216
demand_63 4 12 210.844455
demand_64 4 13 184.580948
demand_65 5 0 5.099113
demand_66 5 1 38.407559
demand_67 5 2 29.884991
demand_68 5 3 18.925102
demand_69 5 4 57.374120
demand_70 5 6 6.215234
demand_71 5 7 8.604028
demand_72 5 8 39.957367
demand_73 5 9 0.990923
demand_74 5 10 26.610325
demand_75 5 11 27.438109
demand_76 5 12 15.520616
demand_77 5 13 13.587315
demand_78 6 0 38.347833
demand_79 6 1 288.843681
demand_80 6 2 224.749791
demand_81 6 3 142.326052
demand_82 6 4 431.481526
demand_83 6 5 309.648845
demand_84 6 7 64.706510
demand_85 6 8 300.498999
demand_86 6 9 7.452226
demand_87 6 10 200.122697
demand_88 6 11 206.348039
demand_89 6 12 116.722643
demand_90 6 13 102.183271
demand_91 7 0 94.606810
demand_92 7 1 712.597749
demand_93 7 2 554.473600
demand_94 7 3 351.128416
demand_95 7 4 1064.495383
demand_96 7 5 763.925558
demand_97 7 6 115.314847
demand_98 7 8 741.352241
demand_99 7 9 18.385167
demand_100 7 10 493.716820
demand_101 7 11 509.075177
demand_102 7 12 287.962999
demand_103 7 13 252.093342
demand_104 8 0 237.059281
demand_105 8 1 1785.578748
demand_106 8 2 1389.362060
demand_107 8 3 879.833593
demand_108 8 4 2667.339794
demand_109 8 5 1914.192465
demand_110 8 6 288.948065
demand_111 8 7 400.003795
demand_112 8 9 46.068294
demand_113 8 10 1237.121873
demand_114 8 11 1275.605794
demand_115 8 12 721.558006
demand_116 8 13 631.678271
demand_117 9 0 584.101795
demand_118 9 1 4399.573588
demand_119 9 2 3423.316183
demand_120 9 3 2167.864420
demand_121 9 4 6572.187153
demand_122 9 5 4716.471127
demand_123 9 6 711.953071
demand_124 9 7 985.588641
demand_125 9 8 4577.103625
demand_126 9 10 3048.204243
demand_127 9 11 3143.026632
demand_128 9 12 1777.881568
demand_129 9 13 1556.422556
demand_130 10 0 575.263056
demand_131 10 1 4332.998405
demand_132 10 2 3371.513912
demand_133 10 3 2135.059884
demand_134 10 4 6472.735570
demand_135 10 5 4645.100590
demand_136 10 6 701.179662
demand_137 10 7 970.674527
demand_138 10 8 4507.842024
demand_139 10 9 111.792238
demand_140 10 11 3095.465756
demand_141 10 12 1750.978327
demand_142 10 13 1532.870474
demand_143 11 0 210.236211
demand_144 11 1 1583.541928
demand_145 11 2 1232.156844
demand_146 11 3 780.281119
demand_147 11 4 2365.532411
demand_148 11 5 1697.603104
demand_149 11 6 256.253820
demand_150 11 7 354.743683
demand_151 11 8 1647.440452
demand_152 11 9 40.855703
demand_153 11 10 1097.142513
demand_154 11 12 639.914289
demand_155 11 13 560.204376
demand_156 12 0 296.878178
demand_157 12 1 2236.146855
demand_158 12 2 1739.949920
demand_159 12 3 1101.848419
demand_160 12 4 3340.409096
demand_161 12 5 2397.214608
demand_162 12 6 361.860437
demand_163 12 7 500.939670
demand_164 12 8 2326.379062
demand_165 12 9 57.693043
demand_166 12 10 1549.293857
demand_167 12 11 1597.488706
demand_168 12 13 791.074256
demand_169 13 0 19.663017
demand_170 13 1 148.105848
demand_171 13 2 115.241429
demand_172 13 3 72.978299
demand_173 13 4 221.244021
demand_174 13 5 158.773786
demand_175 13 6 23.966962
demand_176 13 7 33.178543
demand_177 13 8 154.082162
demand_178 13 9 3.821161
demand_179 13 10 102.613779
demand_180 13 11 105.805850
demand_181 13 12 59.850040
