DEMANDS 182
label src dest bw
demand_0 0 1 292.672049
demand_1 0 2 266.535342
demand_2 0 3 151.913340
demand_3 0 4 567.477895
demand_4 0 5 478.611418
demand_5 0 6 37.986645
demand_6 0 7 54.256042
demand_7 0 8 320.859274
demand_8 0 9 3.118239
demand_9 0 10 213.073302
demand_10 0 11 220.799493
demand_11 0 12 126.041378
demand_12 0 13 92.304208
demand_13 1 0 1.466825
demand_14 1 2 13.011855
demand_15 1 3 7.416181
demand_16 1 4 27.703419
demand_17 1 5 23.365091
demand_18 1 6 1.854451
demand_19 1 7 2.648699
demand_20 1 8 15.663868
demand_21 1 9 0.152228
demand_22 1 10 10.401919
demand_23 1 11 10.779100
demand_24 1 12 6.153151
demand_25 1 13 4.506153
demand_26 2 0 61.146967
demand_27 2 1 595.610252
demand_28 2 3 309.155394
demand_29 2 4 1154.861399
demand_30 2 5 974.011246
demand_31 2 6 77.305759
demand_32 2 7 110.415242
demand_33 2 8 652.973435
demand_34 2 9 6.345857
demand_35 2 10 433.620645
demand_36 2 11 449.344043
demand_37 2 12 256.503951
demand_38 2 13 187.846202
demand_39 3 0 3.298330
demand_40 3 1 32.127831
demand_41 3 2 29.258696
demand_42 3 4 62.294415
demand_43 3 5 52.539171
demand_44 3 6 4.169952
demand_45 3 7 5.955912
demand_46 3 8 35.222060
demand_47 3 9 0.342302
demand_48 3 10 23.389945
demand_49 3 11 24.238081
demand_50 3 12 13.836088
demand_51 3 13 10.132618
demand_52 4 0 69.168986
demand_53 4 1 673.749802
demand_54 4 2 613.581429
demand_55 4 3 349.714239
demand_56 4 5 1101.794138
demand_57 4 6 87.447689
demand_58 4 7 124.900884
demand_59 4 8 738.638600
demand_60 4 9 7.178385
demand_61 4 10 490.508387
demand_62 4 11 508.294576
demand_63 4 12 290.155325
demand_64 4 13 212.490200
demand_65 5 0 0.443506
demand_66 5 1 4.320030
demand_67 5 2 3.934235
demand_68 5 3 2.242340
demand_69 5 4 8.376344
demand_70 5 6 0.560708
demand_71 5 7 0.800855
demand_72 5 8 4.736092
demand_73 5 9 0.046027
demand_74 5 10 3.145101
demand_75 5 11 3.259145
demand_76 5 12 1.860453
demand_77 5 13 1.362470
demand_78 6 0 34.075022
demand_79 6 1 331.912333
demand_80 6 2 302.271322
demand_81 6 3 172.281266
demand_82 6 4 643.563036
demand_83 6 5 542.781701
demand_84 6 7 61.530473
demand_85 6 8 363.878788
demand_86 6 9 3.536319
demand_87 6 10 241.641308
demand_88 6 11 250.403396
demand_89 6 12 142.940496
demand_90 6 13 104.679983
demand_91 7 0 133.006290
demand_92 7 1 1295.565645
demand_93 7 2 1179.866795
demand_94 7 3 672.471816
demand_95 7 4 2512.043319
demand_96 7 5 2118.659819
demand_97 7 6 168.154738
demand_98 7 8 1420.341486
demand_99 7 9 13.803446
demand_100 7 10 943.207424
demand_101 7 11 977.408807
demand_102 7 12 557.944907
demand_103 7 13 408.601237
demand_104 8 0 197.837285
demand_105 8 1 1927.060658
demand_106 8 2 1754.966944
demand_107 8 3 1000.253430
demand_108 8 4 3736.483650
demand_109 8 5 3151.354005
demand_110 8 6 250.118072
demand_111 8 7 357.241783
demand_112 8 9 20.531633
demand_113 8 10 1402.953162
demand_114 8 11 1453.825258
demand_115 8 12 829.902895
demand_116 8 13 607.764934
demand_117 9 0 301.268747
demand_118 9 1 2934.548712
demand_119 9 2 2672.482553
demand_120 9 3 1523.196690
demand_121 9 4 5689.957522
demand_122 9 5 4798.915800
demand_123 9 6 380.882492
demand_124 9 7 544.011632
demand_125 9 8 3217.174902
demand_126 9 10 2136.432177
demand_127 9 11 2213.900751
demand_128 9 12 1263.785062
demand_129 9 13 925.510983
demand_130 10 0 290.501531
demand_131 10 1 2829.669198
demand_132 10 2 2576.969171
demand_133 10 3 1468.758293
demand_134 10 4 5486.600877
demand_135 10 5 4627.404605
demand_136 10 6 367.269915
demand_137 10 7 524.568889
demand_138 10 8 3102.194449
demand_139 10 9 30.148365
demand_140 10 11 2134.776887
demand_141 10 12 1218.617925
demand_142 10 13 892.433617
demand_143 11 0 142.795268
demand_144 11 1 1390.916498
demand_145 11 2 1266.702460
demand_146 11 3 721.964300
demand_147 11 4 2696.924319
demand_148 11 5 2274.588638
demand_149 11 6 180.530567
demand_150 11 7 257.850466
demand_151 11 8 1524.875573
demand_152 11 9 14.819350
demand_153 11 10 1012.625467
demand_154 11 12 599.008456
demand_155 11 13 438.673412
demand_156 12 0 263.416931
demand_157 12 1 2565.848014
demand_158 12 2 2336.708204
demand_159 12 3 1331.820183
demand_160 12 4 4975.063507
demand_161 12 5 4195.973481
demand_162 12 6 333.027897
demand_163 12 7 475.661270
demand_164 12 8 2812.964665
demand_165 12 9 27.337515
demand_166 12 10 1868.007927
demand_167 12 11 1935.743245
demand_168 12 13 809.228522
demand_169 13 0 3.474093
demand_170 13 1 33.839874
demand_171 13 2 30.817847
demand_172 13 3 17.564808
demand_173 13 4 65.613989
demand_174 13 5 55.338904
demand_175 13 6 4.392163
demand_176 13 7 6.273293
demand_177 13 8 37.098991
demand_178 13 9 0.360543
demand_179 13 10 24.636359
demand_180 13 11 25.529692
demand_181 13 12 14.573392
