DEMANDS 182
label src dest bw
demand_0 0 1 471.597359
demand_1 0 2 465.731413
demand_2 0 3 291.832990
demand_3 0 4 1312.679900
demand_4 0 5 798.542616
demand_5 0 6 79.431800
demand_6 0 7 140.795328
demand_7 0 8 741.911936
demand_8 0 9 53.385801
demand_9 0 10 440.500835
demand_10 0 11 441.810608
demand_11 0 12 181.624070
demand_12 0 13 146.816216
demand_13 1 0 15.304373
demand_14 1 2 97.277736
demand_15 1 3 60.955417
demand_16 1 4 274.180623
demand_17 1 5 166.792309
demand_18 1 6 16.590991
demand_19 1 7 29.408046
demand_20 1 8 154.963809
demand_21 1 9 11.150740
demand_22 1 10 92.007803
demand_23 1 11 92.281376
demand_24 1 12 37.935982
demand_25 1 13 30.665634
demand_26 2 0 131.205815
demand_27 2 1 844.475037
demand_28 2 3 522.576452
demand_29 2 4 2350.575945
demand_30 2 5 1429.925958
demand_31 2 6 142.236108
demand_32 2 7 252.117909
demand_33 2 8 1328.519123
demand_34 2 9 95.596329
demand_35 2 10 788.791438
demand_36 2 11 791.136809
demand_37 2 12 325.228694
demand_38 2 13 262.899329
demand_39 3 0 18.606638
demand_40 3 1 119.757200
demand_41 3 2 118.267604
demand_42 3 4 333.341283
demand_43 3 5 202.781516
demand_44 3 6 20.170872
demand_45 3 7 35.753496
demand_46 3 8 188.400749
demand_47 3 9 13.556764
demand_48 3 10 111.860564
demand_49 3 11 112.193167
demand_50 3 12 46.121526
demand_51 3 13 37.282437
demand_52 4 0 136.064591
demand_53 4 1 875.747393
demand_54 4 2 864.854443
demand_55 4 3 541.928353
demand_56 4 5 1482.878563
demand_57 4 6 147.503354
demand_58 4 7 261.454266
demand_59 4 8 1377.716460
demand_60 4 9 99.136425
demand_61 4 10 818.001735
demand_62 4 11 820.433959
demand_63 4 12 337.272469
demand_64 4 13 272.634942
demand_65 5 0 11.479488
demand_66 5 1 73.884994
demand_67 5 2 72.965978
demand_68 5 3 45.721373
demand_69 5 4 205.657102
demand_70 5 6 12.444552
demand_71 5 7 22.058355
demand_72 5 8 116.235084
demand_73 5 9 8.363935
demand_74 5 10 69.013112
demand_75 5 11 69.218314
demand_76 5 12 28.454980
demand_77 5 13 23.001645
demand_78 6 0 103.375846
demand_79 6 1 665.354059
demand_80 6 2 657.078078
demand_81 6 3 411.733146
demand_82 6 4 1851.997011
demand_83 6 5 1126.625415
demand_84 6 7 198.641365
demand_85 6 8 1046.727910
demand_86 6 9 75.319462
demand_87 6 10 621.481467
demand_88 6 11 623.329363
demand_89 6 12 256.244675
demand_90 6 13 207.135946
demand_91 7 0 157.085215
demand_92 7 1 1011.041645
demand_93 7 2 998.465842
demand_94 7 3 625.650887
demand_95 7 4 2814.210089
demand_96 7 5 1711.968535
demand_97 7 6 170.291153
demand_98 7 8 1590.559934
demand_99 7 9 114.452015
demand_100 7 10 944.374858
demand_101 7 11 947.182836
demand_102 7 12 389.377707
demand_103 7 13 314.754325
demand_104 8 0 233.134263
demand_105 8 1 1500.513260
demand_106 8 2 1481.849183
demand_107 8 3 928.544789
demand_108 8 4 4176.642549
demand_109 8 5 2540.777127
demand_110 8 6 252.733540
demand_111 8 7 447.978032
demand_112 8 9 169.861219
demand_113 8 10 1401.571343
demand_114 8 11 1405.738736
demand_115 8 12 577.885605
demand_116 8 13 467.135099
demand_117 9 0 288.798010
demand_118 9 1 1858.779734
demand_119 9 2 1835.659373
demand_120 9 3 1150.246574
demand_121 9 4 5173.868659
demand_122 9 5 3147.419727
demand_123 9 6 313.076861
demand_124 9 7 554.938439
demand_125 9 8 2924.212455
demand_126 9 10 1736.214186
demand_127 9 11 1741.376597
demand_128 9 12 715.863085
demand_129 9 13 578.669498
demand_130 10 0 261.199211
demand_131 10 1 1681.146626
demand_132 10 2 1660.235748
demand_133 10 3 1040.323989
demand_134 10 4 4679.431177
demand_135 10 5 2846.638554
demand_136 10 6 283.157869
demand_137 10 7 501.906099
demand_138 10 8 2644.761944
demand_139 10 9 190.309292
demand_140 10 11 1574.963046
demand_141 10 12 647.452083
demand_142 10 13 523.369314
demand_143 11 0 189.383374
demand_144 11 1 1218.921063
demand_145 11 2 1203.759560
demand_146 11 3 754.290437
demand_147 11 4 3392.837446
demand_148 11 5 2063.964938
demand_149 11 6 205.304574
demand_150 11 7 363.908719
demand_151 11 8 1917.593618
demand_152 11 9 137.984397
demand_153 11 10 1138.546974
demand_154 11 12 469.437329
demand_155 11 13 379.470696
demand_156 12 0 250.226189
demand_157 12 1 1610.521381
demand_158 12 2 1590.488972
demand_159 12 3 996.619808
demand_160 12 4 4482.847507
demand_161 12 5 2727.050802
demand_162 12 6 271.262361
demand_163 12 7 480.820941
demand_164 12 8 2533.655061
demand_165 12 9 182.314367
demand_166 12 10 1504.325670
demand_167 12 11 1508.798590
demand_168 12 13 501.382483
demand_169 13 0 22.446640
demand_170 13 1 144.472463
demand_171 13 2 142.675448
demand_172 13 3 89.402177
demand_173 13 4 402.135624
demand_174 13 5 244.631180
demand_175 13 6 24.333698
demand_176 13 7 43.132234
demand_177 13 8 227.282538
demand_178 13 9 16.354583
demand_179 13 10 134.946134
demand_180 13 11 135.347379
demand_181 13 12 55.639999
