DEMANDS 182
label src dest bw
demand_0 0 1 593.832244
demand_1 0 2 498.093916
demand_2 0 3 217.372815
demand_3 0 4 1199.838270
demand_4 0 5 959.446675
demand_5 0 6 44.134155
demand_6 0 7 105.674777
demand_7 0 8 607.559978
demand_8 0 9 13.592565
demand_9 0 10 235.397342
demand_10 0 11 484.010648
demand_11 0 12 185.726328
demand_12 0 13 115.766718
demand_13 1 0 5.204340
demand_14 1 2 109.613389
demand_15 1 3 47.836302
demand_16 1 4 264.043256
demand_17 1 5 211.141310
demand_18 1 6 9.712414
demand_19 1 7 23.255394
demand_20 1 8 133.703116
demand_21 1 9 2.991257
demand_22 1 10 51.802882
demand_23 1 11 106.514145
demand_24 1 12 40.871995
demand_25 1 13 25.476285
demand_26 2 0 36.814243
demand_27 2 1 924.413583
demand_28 2 3 338.382405
demand_29 2 4 1867.777988
demand_30 2 5 1493.562444
demand_31 2 6 68.703263
demand_32 2 7 164.503023
demand_33 2 8 945.783429
demand_34 2 9 21.159430
demand_35 2 10 366.441032
demand_36 2 11 753.455242
demand_37 2 12 289.118588
demand_38 2 13 180.213062
demand_39 3 0 12.208775
demand_40 3 1 306.564969
demand_41 3 2 257.140207
demand_42 3 4 619.414635
demand_43 3 5 495.312849
demand_44 3 6 22.784189
demand_45 3 7 54.554439
demand_46 3 8 313.651891
demand_47 3 9 7.017141
demand_48 3 10 121.523511
demand_49 3 11 249.869742
demand_50 3 12 95.880927
demand_51 3 13 59.764388
demand_52 4 0 41.858779
demand_53 4 1 1051.082970
demand_54 4 2 881.626146
demand_55 4 3 384.749846
demand_56 4 5 1698.220450
demand_57 4 6 78.117447
demand_58 4 7 187.044337
demand_59 4 8 1075.381057
demand_60 4 9 24.058838
demand_61 4 10 416.653255
demand_62 4 11 856.698764
demand_63 4 12 328.735568
demand_64 4 13 204.907072
demand_65 5 0 0.203010
demand_66 5 1 5.097619
demand_67 5 2 4.275775
demand_68 5 3 1.865988
demand_69 5 4 10.299742
demand_70 5 6 0.378860
demand_71 5 7 0.907141
demand_72 5 8 5.215462
demand_73 5 9 0.116682
demand_74 5 10 2.020716
demand_75 5 11 4.154880
demand_76 5 12 1.594326
demand_77 5 13 0.993773
demand_78 6 0 28.529723
demand_79 6 1 716.387511
demand_80 6 2 600.890680
demand_81 6 3 262.234279
demand_82 6 4 1447.461234
demand_83 6 5 1157.457552
demand_84 6 7 127.483968
demand_85 6 8 732.948379
demand_86 6 9 16.397803
demand_87 6 10 283.978712
demand_88 6 11 583.900903
demand_89 6 12 224.056580
demand_90 6 13 139.658687
demand_91 7 0 44.318583
demand_92 7 1 1112.849186
demand_93 7 2 933.434340
demand_94 7 3 407.359424
demand_95 7 4 2248.512195
demand_96 7 5 1798.015284
demand_97 7 6 82.707969
demand_98 7 8 1138.575134
demand_99 7 9 25.472640
demand_100 7 10 441.137616
demand_101 7 11 907.042116
demand_102 7 12 348.053503
demand_103 7 13 216.948304
demand_104 8 0 54.187306
demand_105 8 1 1360.654939
demand_106 8 2 1141.288560
demand_107 8 3 498.068938
demand_108 8 4 2749.203810
demand_109 8 5 2198.391666
demand_110 8 6 101.125119
demand_111 8 7 242.133883
demand_112 8 9 31.144807
demand_113 8 10 539.368751
demand_114 8 11 1109.019399
demand_115 8 12 425.556961
demand_116 8 13 265.257669
demand_117 9 0 168.228354
demand_118 9 1 4224.250280
demand_119 9 2 3543.211715
demand_120 9 3 1546.290532
demand_121 9 4 8535.099264
demand_122 9 5 6825.063686
demand_123 9 6 313.950143
demand_124 9 7 751.721906
demand_125 9 8 4321.903085
demand_126 9 10 1674.508749
demand_127 9 11 3443.029803
demand_128 9 12 1321.171930
demand_129 9 13 823.511349
demand_130 10 0 99.592016
demand_131 10 1 2500.777006
demand_132 10 2 2097.598816
demand_133 10 3 915.411624
demand_134 10 4 5052.820872
demand_135 10 5 4040.471373
demand_136 10 6 185.860034
demand_137 10 7 445.023077
demand_138 10 8 2558.587948
demand_139 10 9 57.241712
demand_140 10 11 2038.290630
demand_141 10 12 782.140301
demand_142 10 13 487.522782
demand_143 11 0 52.968570
demand_144 11 1 1330.052229
demand_145 11 2 1115.619655
demand_146 11 3 486.866789
demand_147 11 4 2687.371024
demand_148 11 5 2148.947284
demand_149 11 6 98.850698
demand_150 11 7 236.688011
demand_151 11 8 1360.799302
demand_152 11 9 30.444325
demand_153 11 10 527.237722
demand_154 11 12 415.985691
demand_155 11 13 259.291716
demand_156 12 0 65.112568
demand_157 12 1 1634.990625
demand_158 12 2 1371.395527
demand_159 12 3 598.489757
demand_160 12 4 3303.499167
demand_161 12 5 2641.632101
demand_162 12 6 121.513998
demand_163 12 7 290.952995
demand_164 12 8 1672.787017
demand_165 12 9 37.424234
demand_166 12 10 648.116453
demand_167 12 11 1332.620247
demand_168 12 13 318.739006
demand_169 13 0 18.759175
demand_170 13 1 471.046921
demand_171 13 2 395.104186
demand_172 13 3 172.427140
demand_173 13 4 951.750480
demand_174 13 5 761.064100
demand_175 13 6 35.008638
demand_176 13 7 83.824647
demand_177 13 8 481.936204
demand_178 13 9 10.782062
demand_179 13 10 186.724777
demand_180 13 11 383.932883
demand_181 13 12 147.324124
