DEMANDS 182
label src dest bw
demand_0 0 1 593.338376
demand_1 0 2 506.675367
demand_2 0 3 429.368303
demand_3 0 4 1539.365318
demand_4 0 5 1131.298223
demand_5 0 6 196.167131
demand_6 0 7 199.238329
demand_7 0 8 678.342455
demand_8 0 9 16.676746
demand_9 0 10 475.470117
demand_10 0 11 483.231855
demand_11 0 12 267.951374
demand_12 0 13 210.313399
demand_13 1 0 5.695344
demand_14 1 2 34.060822
demand_15 1 3 28.863921
demand_16 1 4 103.482530
demand_17 1 5 76.050565
demand_18 1 6 13.187169
demand_19 1 7 13.393628
demand_20 1 8 45.600997
demand_21 1 9 1.121080
demand_22 1 10 31.963076
demand_23 1 11 32.484852
demand_24 1 12 18.012804
demand_25 1 13 14.138140
demand_26 2 0 101.242183
demand_27 2 1 709.037707
demand_28 2 3 513.093926
demand_29 2 4 1839.537267
demand_30 2 5 1351.898225
demand_31 2 6 234.419175
demand_32 2 7 238.089248
demand_33 2 8 810.617344
demand_34 2 9 19.928665
demand_35 2 10 568.185465
demand_36 2 11 577.460720
demand_37 2 12 320.201145
demand_38 2 13 251.323926
demand_39 3 0 45.850630
demand_40 3 1 321.109492
demand_41 3 2 274.208236
demand_42 3 4 833.090922
demand_43 3 5 612.248612
demand_44 3 6 106.163920
demand_45 3 7 107.826025
demand_46 3 8 367.112949
demand_47 3 9 9.025308
demand_48 3 10 257.320230
demand_49 3 11 261.520814
demand_50 3 12 145.012918
demand_51 3 13 113.819755
demand_52 4 0 104.024986
demand_53 4 1 728.526739
demand_54 4 2 622.118116
demand_55 4 3 527.197131
demand_56 4 5 1389.057303
demand_57 4 6 240.862560
demand_58 4 7 244.633511
demand_59 4 8 832.898455
demand_60 4 9 20.476436
demand_61 4 10 583.802948
demand_62 4 11 593.333149
demand_63 4 12 329.002384
demand_64 4 13 258.231964
demand_65 5 0 1.192217
demand_66 5 1 8.349554
demand_67 5 2 7.130018
demand_68 5 3 6.042140
demand_69 5 4 21.662198
demand_70 5 6 2.760496
demand_71 5 7 2.803714
demand_72 5 8 9.545745
demand_73 5 9 0.234678
demand_74 5 10 6.690892
demand_75 5 11 6.800117
demand_76 5 12 3.770655
demand_77 5 13 2.959564
demand_78 6 0 89.217919
demand_79 6 1 624.827191
demand_80 6 2 533.564926
demand_81 6 3 452.155130
demand_82 6 4 1621.060336
demand_83 6 5 1191.336882
demand_84 6 7 209.812024
demand_85 6 8 714.342487
demand_86 6 9 17.561791
demand_87 6 10 500.703594
demand_88 6 11 508.877252
demand_89 6 12 282.171710
demand_90 6 13 221.474854
demand_91 7 0 107.546090
demand_92 7 1 753.186381
demand_93 7 2 643.175971
demand_94 7 3 545.042039
demand_95 7 4 1954.077200
demand_96 7 5 1436.075009
demand_97 7 6 249.015431
demand_98 7 8 861.090938
demand_99 7 9 21.169536
demand_100 7 10 603.563887
demand_101 7 11 613.416672
demand_102 7 12 340.138669
demand_103 7 13 266.972766
demand_104 8 0 178.224531
demand_105 8 1 1248.174519
demand_106 8 2 1065.866137
demand_107 8 3 903.239360
demand_108 8 4 3238.281295
demand_109 8 5 2379.852158
demand_110 8 6 412.666404
demand_111 8 7 419.127121
demand_112 8 9 35.081988
demand_113 8 10 1000.221304
demand_114 8 11 1016.549261
demand_115 8 12 563.675114
demand_116 8 13 442.425159
demand_117 9 0 379.057921
demand_118 9 1 2654.687520
demand_119 9 2 2266.943836
demand_120 9 3 1921.060093
demand_121 9 4 6887.358145
demand_122 9 5 5061.602946
demand_123 9 6 877.682036
demand_124 9 7 891.423051
demand_125 9 8 3035.008896
demand_126 9 10 2127.326725
demand_127 9 11 2162.053940
demand_128 9 12 1198.855823
demand_129 9 13 940.974623
demand_130 10 0 264.200329
demand_131 10 1 1850.295894
demand_132 10 2 1580.041658
demand_133 10 3 1338.963465
demand_134 10 4 4800.433347
demand_135 10 5 3527.896627
demand_136 10 6 611.737334
demand_137 10 7 621.314711
demand_138 10 8 2115.376841
demand_139 10 9 52.005595
demand_140 10 11 1506.934243
demand_141 10 12 835.592886
demand_142 10 13 655.851760
demand_143 11 0 143.909158
demand_144 11 1 1007.850847
demand_145 11 2 860.644142
demand_146 11 3 729.329545
demand_147 11 4 2614.782224
demand_148 11 5 1921.635136
demand_149 11 6 333.211565
demand_150 11 7 338.428335
demand_151 11 8 1152.239675
demand_152 11 9 28.327298
demand_153 11 10 807.638573
demand_154 11 12 455.145040
demand_155 11 13 357.240565
demand_156 12 0 254.718428
demand_157 12 1 1783.890520
demand_158 12 2 1523.335454
demand_159 12 3 1290.909330
demand_160 12 4 4628.150322
demand_161 12 5 3401.283745
demand_162 12 6 589.782658
demand_163 12 7 599.016312
demand_164 12 8 2039.457961
demand_165 12 9 50.139163
demand_166 12 10 1429.515884
demand_167 12 11 1452.851794
demand_168 12 13 632.313859
demand_169 13 0 51.201661
demand_170 13 1 358.584806
demand_171 13 2 306.209906
demand_172 13 3 259.489283
demand_173 13 4 930.317398
demand_174 13 5 683.701527
demand_175 13 6 118.553856
demand_176 13 7 120.409939
demand_177 13 8 409.957130
demand_178 13 9 10.078613
demand_179 13 10 287.350973
demand_180 13 11 292.041789
demand_181 13 12 161.936755
