DEMANDS 182
label src dest bw
demand_0 0 1 373.972138
demand_1 0 2 354.240175
demand_2 0 3 153.308109
demand_3 0 4 788.073571
demand_4 0 5 537.913924
demand_5 0 6 64.848411
demand_6 0 7 119.557008
demand_7 0 8 477.155358
demand_8 0 9 8.434438
demand_9 0 10 237.168295
demand_10 0 11 251.430855
demand_11 0 12 150.596873
demand_12 0 13 142.598937
demand_13 1 0 5.377972
demand_14 1 2 66.122180
demand_15 1 3 28.616366
demand_16 1 4 147.101165
demand_17 1 5 100.406571
demand_18 1 6 12.104551
demand_19 1 7 22.316413
demand_20 1 8 89.065427
demand_21 1 9 1.574365
demand_22 1 10 44.269639
demand_23 1 11 46.931877
demand_24 1 12 28.110288
demand_25 1 13 26.617400
demand_26 2 0 55.197666
demand_27 2 1 716.458099
demand_28 2 3 293.708609
demand_29 2 4 1509.796145
demand_30 2 5 1030.538771
demand_31 2 6 124.236981
demand_32 2 7 229.048044
demand_33 2 8 914.137139
demand_34 2 9 16.158747
demand_35 2 10 454.368462
demand_36 2 11 481.692762
demand_37 2 12 288.514405
demand_38 2 13 273.191912
demand_39 3 0 16.302995
demand_40 3 1 211.610626
demand_41 3 2 200.445374
demand_42 3 4 445.928251
demand_43 3 5 304.376424
demand_44 3 6 36.694212
demand_45 3 7 67.650851
demand_46 3 8 269.996434
demand_47 3 9 4.772593
demand_48 3 10 134.200723
demand_49 3 11 142.271135
demand_50 3 12 85.214633
demand_51 3 13 80.689033
demand_52 4 0 70.088617
demand_53 4 1 909.740586
demand_54 4 2 861.739770
demand_55 4 3 372.943850
demand_56 4 5 1308.552372
demand_57 4 6 157.753014
demand_58 4 7 290.839481
demand_59 4 8 1160.748489
demand_60 4 9 20.517973
demand_61 4 10 576.945716
demand_62 4 11 611.641429
demand_63 4 12 366.348380
demand_64 4 13 346.892261
demand_65 5 0 2.686403
demand_66 5 1 34.869145
demand_67 5 2 33.029338
demand_68 5 3 14.294441
demand_69 5 4 73.479944
demand_70 5 6 6.046463
demand_71 5 7 11.147490
demand_72 5 8 44.489944
demand_73 5 9 0.786427
demand_74 5 10 22.113561
demand_75 5 11 23.443401
demand_76 5 12 14.041645
demand_77 5 13 13.295918
demand_78 6 0 44.227622
demand_79 6 1 574.068440
demand_80 6 2 543.778757
demand_81 6 3 235.336641
demand_82 6 4 1209.737623
demand_83 6 5 825.728379
demand_84 6 7 183.526787
demand_85 6 8 732.460533
demand_86 6 9 12.947340
demand_87 6 10 364.066782
demand_88 6 11 385.960621
demand_89 6 12 231.174740
demand_90 6 13 218.897455
demand_91 7 0 76.688184
demand_92 7 1 995.402055
demand_93 7 2 942.881467
demand_94 7 3 408.060364
demand_95 7 4 2097.616299
demand_96 7 5 1431.766089
demand_97 7 6 172.607089
demand_98 7 8 1270.044945
demand_99 7 9 22.449952
demand_100 7 10 631.271113
demand_101 7 11 669.233785
demand_102 7 12 400.843863
demand_103 7 13 379.555749
demand_104 8 0 111.119671
demand_105 8 1 1442.318006
demand_106 8 2 1366.216706
demand_107 8 3 591.271444
demand_108 8 4 3039.404773
demand_109 8 5 2074.600911
demand_110 8 6 250.104278
demand_111 8 7 461.101798
demand_112 8 9 32.529539
demand_113 8 10 914.699430
demand_114 8 11 969.706596
demand_115 8 12 580.814876
demand_116 8 13 549.968818
demand_117 9 0 366.217317
demand_118 9 1 4753.450291
demand_119 9 2 4502.643088
demand_120 9 3 1948.654462
demand_121 9 4 10016.972292
demand_122 9 5 6837.266306
demand_123 9 6 824.269160
demand_124 9 7 1519.654104
demand_125 9 8 6064.981965
demand_126 9 10 3014.576712
demand_127 9 11 3195.863937
demand_128 9 12 1914.192730
demand_129 9 13 1812.533315
demand_130 10 0 129.170207
demand_131 10 1 1676.611478
demand_132 10 2 1588.148107
demand_133 10 3 687.318945
demand_134 10 4 3533.132712
demand_135 10 5 2411.603880
demand_136 10 6 290.731795
demand_137 10 7 536.004241
demand_138 10 8 2139.207891
demand_139 10 9 37.813713
demand_140 10 11 1127.227977
demand_141 10 12 675.163787
demand_142 10 13 639.307024
demand_143 11 0 91.865773
demand_144 11 1 1192.405070
demand_145 11 2 1129.489974
demand_146 11 3 488.820818
demand_147 11 4 2512.761850
demand_148 11 5 1715.131222
demand_149 11 6 206.768277
demand_150 11 7 381.205892
demand_151 11 8 1521.403360
demand_152 11 9 26.893090
demand_153 11 10 756.207878
demand_154 11 12 480.176078
demand_155 11 13 454.674769
demand_156 12 0 119.468014
demand_157 12 1 1550.678355
demand_158 12 2 1468.859617
demand_159 12 3 635.693256
demand_160 12 4 3267.753140
demand_161 12 5 2230.464235
demand_162 12 6 268.894438
demand_163 12 7 495.744056
demand_164 12 8 1978.528369
demand_165 12 9 34.973461
demand_166 12 10 983.420162
demand_167 12 11 1042.559978
demand_168 12 13 591.287592
demand_169 13 0 20.213132
demand_170 13 1 262.363662
demand_171 13 2 248.520518
demand_172 13 3 107.554742
demand_173 13 4 552.880408
demand_174 13 5 377.378561
demand_175 13 6 45.495012
demand_176 13 7 83.876341
demand_177 13 8 334.752818
demand_178 13 9 5.917259
demand_179 13 10 166.387642
demand_180 13 11 176.393675
demand_181 13 12 105.652649
