DEMANDS 182
label src dest bw
demand_0 0 1 536.488283
demand_1 0 2 435.319135
demand_2 0 3 352.641195
demand_3 0 4 772.090060
demand_4 0 5 661.129106
demand_5 0 6 120.607460
demand_6 0 7 161.408021
demand_7 0 8 626.480190
demand_8 0 9 79.205676
demand_9 0 10 374.912091
demand_10 0 11 399.510929
demand_11 0 12 188.732070
demand_12 0 13 180.298551
demand_13 1 0 47.044914
demand_14 1 2 201.606312
demand_15 1 3 163.316255
demand_16 1 4 357.572680
demand_17 1 5 306.184108
demand_18 1 6 55.856091
demand_19 1 7 74.751770
demand_20 1 8 290.137397
demand_21 1 9 36.681972
demand_22 1 10 173.630420
demand_23 1 11 185.022708
demand_24 1 12 87.406166
demand_25 1 13 83.500409
demand_26 2 0 118.308930
demand_27 2 1 624.829409
demand_28 2 3 410.709044
demand_29 2 4 899.226676
demand_30 2 5 769.994279
demand_31 2 6 140.467351
demand_32 2 7 187.986357
demand_33 2 8 729.639881
demand_34 2 9 92.248121
demand_35 2 10 436.647188
demand_36 2 11 465.296607
demand_37 2 12 219.809736
demand_38 2 13 209.987507
demand_39 3 0 63.669900
demand_40 3 1 336.262242
demand_41 3 2 272.851044
demand_42 3 4 483.933653
demand_43 3 5 414.385109
demand_44 3 6 75.594819
demand_45 3 7 101.167956
demand_46 3 8 392.667725
demand_47 3 9 49.644846
demand_48 3 10 234.988879
demand_49 3 11 250.407036
demand_50 3 12 118.294231
demand_51 3 13 113.008237
demand_52 4 0 131.987579
demand_53 4 1 697.070972
demand_54 4 2 565.619683
demand_55 4 3 458.194426
demand_56 4 5 859.019523
demand_57 4 6 156.707913
demand_58 4 7 209.720975
demand_59 4 8 813.999428
demand_60 4 9 102.913669
demand_61 4 10 487.131488
demand_62 4 11 519.093297
demand_63 4 12 245.223711
demand_64 4 13 234.265855
demand_65 5 0 42.075112
demand_66 5 1 222.212874
demand_67 5 2 180.308721
demand_68 5 3 146.063606
demand_69 5 4 319.798878
demand_70 5 6 49.955481
demand_71 5 7 66.855030
demand_72 5 8 259.487426
demand_73 5 9 32.806907
demand_74 5 10 155.288188
demand_75 5 11 165.477000
demand_76 5 12 78.172622
demand_77 5 13 74.679467
demand_78 6 0 118.270622
demand_79 6 1 624.627089
demand_80 6 2 506.837023
demand_81 6 3 410.576056
demand_82 6 4 898.935507
demand_83 6 5 769.744955
demand_84 6 7 187.925488
demand_85 6 8 729.403624
demand_86 6 9 92.218251
demand_87 6 10 436.505802
demand_88 6 11 465.145944
demand_89 6 12 219.738562
demand_90 6 13 209.919513
demand_91 7 0 261.173882
demand_92 7 1 1379.347458
demand_93 7 2 1119.234773
demand_94 7 3 906.664230
demand_95 7 4 1985.095470
demand_96 7 5 1699.807396
demand_97 7 6 310.089891
demand_98 7 8 1610.722703
demand_99 7 9 203.643121
demand_100 7 10 963.924201
demand_101 7 11 1027.169468
demand_102 7 12 485.242846
demand_103 7 13 463.559701
demand_104 8 0 385.678079
demand_105 8 1 2036.896166
demand_106 8 2 1652.785168
demand_107 8 3 1338.880124
demand_108 8 4 2931.410307
demand_109 8 5 2510.122558
demand_110 8 6 457.912839
demand_111 8 7 612.821172
demand_112 8 9 300.721830
demand_113 8 10 1423.436494
demand_114 8 11 1516.831411
demand_115 8 12 716.562957
demand_116 8 13 684.543240
demand_117 9 0 543.758483
demand_118 9 1 2871.772157
demand_119 9 2 2330.223064
demand_120 9 3 1887.655701
demand_121 9 4 4132.926674
demand_122 9 5 3538.962953
demand_123 9 6 645.600577
demand_124 9 7 864.002205
demand_125 9 8 3353.490512
demand_126 9 10 2006.869745
demand_127 9 11 2138.545050
demand_128 9 12 1010.265315
demand_129 9 13 965.121467
demand_130 10 0 392.423305
demand_131 10 1 2072.519979
demand_132 10 2 1681.691162
demand_133 10 3 1362.296150
demand_134 10 4 2982.678512
demand_135 10 5 2554.022751
demand_136 10 6 465.921396
demand_137 10 7 623.538963
demand_138 10 8 2420.169744
demand_139 10 9 305.981233
demand_140 10 11 1543.359675
demand_141 10 12 729.095115
demand_142 10 13 696.515397
demand_143 11 0 300.455829
demand_144 11 1 1586.808684
demand_145 11 2 1287.573663
demand_146 11 3 1043.031374
demand_147 11 4 2283.664434
demand_148 11 5 1955.467509
demand_149 11 6 356.729067
demand_150 11 7 477.407722
demand_151 11 8 1852.984003
demand_152 11 9 234.272134
demand_153 11 10 1108.903550
demand_154 11 12 558.225962
demand_155 11 13 533.281556
demand_156 12 0 386.087678
demand_157 12 1 2039.059392
demand_158 12 2 1654.540460
demand_159 12 3 1340.302042
demand_160 12 4 2934.523525
demand_161 12 5 2512.788360
demand_162 12 6 458.399151
demand_163 12 7 613.472001
demand_164 12 8 2381.096394
demand_165 12 9 301.041203
demand_166 12 10 1424.948213
demand_167 12 11 1518.442318
demand_168 12 13 685.270239
demand_169 13 0 71.236191
demand_170 13 1 376.222380
demand_171 13 2 305.275634
demand_172 13 3 247.296193
demand_173 13 4 541.442505
demand_174 13 5 463.629074
demand_175 13 6 84.578223
demand_176 13 7 113.190375
demand_177 13 8 439.330878
demand_178 13 9 55.544453
demand_179 13 10 262.914072
demand_180 13 11 280.164465
demand_181 13 12 132.351872
