DEMANDS 182
label src dest bw
demand_0 0 1 268.601547
demand_1 0 2 211.921453
demand_2 0 3 175.958476
demand_3 0 4 431.534645
demand_4 0 5 419.263699
demand_5 0 6 87.903997
demand_6 0 7 110.241696
demand_7 0 8 378.380815
demand_8 0 9 1.016817
demand_9 0 10 176.529742
demand_10 0 11 195.170771
demand_11 0 12 123.192591
demand_12 0 13 113.619058
demand_13 1 0 0.947561
demand_14 1 2 50.279807
demand_15 1 3 41.747346
demand_16 1 4 102.384532
demand_17 1 5 99.473167
demand_18 1 6 20.855822
demand_19 1 7 26.155593
demand_20 1 8 89.773424
demand_21 1 9 0.241247
demand_22 1 10 41.882883
demand_23 1 11 46.305594
demand_24 1 12 29.228281
demand_25 1 13 26.956895
demand_26 2 0 6.857167
demand_27 2 1 461.173758
demand_28 2 3 302.110813
demand_29 2 4 740.920730
demand_30 2 5 719.852207
demand_31 2 6 150.926222
demand_32 2 7 189.278795
demand_33 2 8 649.658591
demand_34 2 9 1.745817
demand_35 2 10 303.091645
demand_36 2 11 335.097244
demand_37 2 12 211.514754
demand_38 2 13 195.077537
demand_39 3 0 1.971060
demand_40 3 1 132.562199
demand_41 3 2 104.589024
demand_42 3 4 212.974132
demand_43 3 5 206.918086
demand_44 3 6 43.383023
demand_45 3 7 54.407287
demand_46 3 8 186.741265
demand_47 3 9 0.501827
demand_48 3 10 87.122249
demand_49 3 11 96.322106
demand_50 3 12 60.798908
demand_51 3 13 56.074108
demand_52 4 0 6.953137
demand_53 4 1 467.628190
demand_54 4 2 368.949646
demand_55 4 3 306.339053
demand_56 4 5 729.927015
demand_57 4 6 153.038535
demand_58 4 7 191.927877
demand_59 4 8 658.750993
demand_60 4 9 1.770251
demand_61 4 10 307.333613
demand_62 4 11 339.787152
demand_63 4 12 214.475043
demand_64 4 13 197.807776
demand_65 5 0 0.230625
demand_66 5 1 15.510532
demand_67 5 2 12.237511
demand_68 5 3 10.160811
demand_69 5 4 24.919186
demand_70 5 6 5.076061
demand_71 5 7 6.365962
demand_72 5 8 21.849791
demand_73 5 9 0.058717
demand_74 5 10 10.193799
demand_75 5 11 11.270235
demand_76 5 12 7.113818
demand_77 5 13 6.560990
demand_78 6 0 4.640002
demand_79 6 1 312.059959
demand_80 6 2 246.209304
demand_81 6 3 204.427694
demand_82 6 4 501.354833
demand_83 6 5 487.098509
demand_84 6 7 128.078261
demand_85 6 8 439.600974
demand_86 6 9 1.181333
demand_87 6 10 205.091388
demand_88 6 11 226.748445
demand_89 6 12 143.124548
demand_90 6 13 132.002064
demand_91 7 0 8.787004
demand_92 7 1 590.963559
demand_93 7 2 466.258879
demand_94 7 3 387.134953
demand_95 7 4 949.440735
demand_96 7 5 922.442820
demand_97 7 6 193.401936
demand_98 7 8 832.494362
demand_99 7 9 2.237149
demand_100 7 10 388.391824
demand_101 7 11 429.404876
demand_102 7 12 271.042118
demand_103 7 13 249.978914
demand_104 8 0 34.382742
demand_105 8 1 2312.386375
demand_106 8 2 1824.428363
demand_107 8 3 1514.823673
demand_108 8 4 3715.074785
demand_109 8 5 3609.434414
demand_110 8 6 756.764092
demand_111 8 7 949.068976
demand_112 8 9 8.753758
demand_113 8 10 1519.741696
demand_114 8 11 1680.222017
demand_115 8 12 1060.563024
demand_116 8 13 978.144636
demand_117 9 0 39.835803
demand_118 9 1 2679.128028
demand_119 9 2 2113.780472
demand_120 9 3 1755.072857
demand_121 9 4 4304.281106
demand_122 9 5 4181.886302
demand_123 9 6 876.785952
demand_124 9 7 1099.590156
demand_125 9 8 3774.105766
demand_126 9 10 1760.770872
demand_127 9 11 1946.703175
demand_128 9 12 1228.767023
demand_129 9 13 1133.277180
demand_130 10 0 39.548372
demand_131 10 1 2659.797064
demand_132 10 2 2098.528713
demand_133 10 3 1742.409315
demand_134 10 4 4273.224022
demand_135 10 5 4151.712345
demand_136 10 6 870.459596
demand_137 10 7 1091.656180
demand_138 10 8 3746.874106
demand_139 10 9 10.068915
demand_140 10 11 1932.656945
demand_141 10 12 1219.900985
demand_142 10 13 1125.100138
demand_143 11 0 27.749628
demand_144 11 1 1866.281090
demand_145 11 2 1472.459876
demand_146 11 3 1222.584083
demand_147 11 4 2998.363031
demand_148 11 5 2913.102788
demand_149 11 6 610.769260
demand_150 11 7 765.974710
demand_151 11 8 2629.042789
demand_152 11 9 7.064984
demand_153 11 10 1226.553322
demand_154 11 12 855.959341
demand_155 11 13 789.441097
demand_156 12 0 36.438299
demand_157 12 1 2450.631336
demand_158 12 2 1933.500977
demand_159 12 3 1605.386713
demand_160 12 4 3937.178831
demand_161 12 5 3825.222799
demand_162 12 6 802.006887
demand_163 12 7 1005.808630
demand_164 12 8 3452.220931
demand_165 12 9 9.277098
demand_166 12 10 1610.598758
demand_167 12 11 1780.673321
demand_168 12 13 1036.622565
demand_169 13 0 3.248544
demand_170 13 1 218.478442
demand_171 13 2 172.375288
demand_172 13 3 143.123277
demand_173 13 4 351.006977
demand_174 13 5 341.025884
demand_175 13 6 71.500439
demand_176 13 7 89.669751
demand_177 13 8 307.772059
demand_178 13 9 0.827071
demand_179 13 10 143.587941
demand_180 13 11 158.750412
demand_181 13 12 100.203911
