DEMANDS 182
label src dest bw
demand_0 0 1 562.754270
demand_1 0 2 463.461344
demand_2 0 3 272.872954
demand_3 0 4 753.982366
demand_4 0 5 717.488308
demand_5 0 6 68.526411
demand_6 0 7 80.925900
demand_7 0 8 589.678885
demand_8 0 9 3.774865
demand_9 0 10 288.479242
demand_10 0 11 356.241795
demand_11 0 12 271.833335
demand_12 0 13 100.699129
demand_13 1 0 31.890886
demand_14 1 2 289.003044
demand_15 1 3 170.156832
demand_16 1 4 470.164776
demand_17 1 5 447.407982
demand_18 1 6 42.731377
demand_19 1 7 50.463392
demand_20 1 8 367.709184
demand_21 1 9 2.353913
demand_22 1 10 179.888528
demand_23 1 11 222.143582
demand_24 1 12 169.508552
demand_25 1 13 62.793489
demand_26 2 0 125.300528
demand_27 2 1 1378.776954
demand_28 2 3 668.552795
demand_29 2 4 1847.295641
demand_30 2 5 1757.883316
demand_31 2 6 167.893237
demand_32 2 7 198.272623
demand_33 2 8 1444.743646
demand_34 2 9 9.248615
demand_35 2 10 706.789005
demand_36 2 11 872.810749
demand_37 2 12 666.005675
demand_38 2 13 246.718053
demand_39 3 0 39.544428
demand_40 3 1 435.137399
demand_41 3 2 358.361321
demand_42 3 4 583.000331
demand_43 3 5 554.782101
demand_44 3 6 52.986545
demand_45 3 7 62.574177
demand_46 3 8 455.956267
demand_47 3 9 2.918832
demand_48 3 10 223.060248
demand_49 3 11 275.456156
demand_50 3 12 210.189165
demand_51 3 13 77.863393
demand_52 4 0 131.287789
demand_53 4 1 1444.659332
demand_54 4 2 1189.762195
demand_55 4 3 700.498388
demand_56 4 5 1841.880611
demand_57 4 6 175.915714
demand_58 4 7 207.746724
demand_59 4 8 1513.778124
demand_60 4 9 9.690543
demand_61 4 10 740.561647
demand_62 4 11 914.516442
demand_63 4 12 697.829559
demand_64 4 13 258.507032
demand_65 5 0 19.873498
demand_66 5 1 218.683203
demand_67 5 2 180.098520
demand_68 5 3 106.036924
demand_69 5 4 292.993385
demand_70 5 6 26.628985
demand_71 5 7 31.447358
demand_72 5 8 229.145959
demand_73 5 9 1.466892
demand_74 5 10 112.101441
demand_75 5 11 138.433595
demand_76 5 12 105.632933
demand_77 5 13 39.131126
demand_78 6 0 52.211013
demand_79 6 1 574.517466
demand_80 6 2 473.149030
demand_81 6 3 278.576790
demand_82 6 4 769.742784
demand_83 6 5 732.485893
demand_84 6 7 82.617485
demand_85 6 8 602.004883
demand_86 6 9 3.853771
demand_87 6 10 294.509295
demand_88 6 11 363.688281
demand_89 6 12 277.515440
demand_90 6 13 102.804032
demand_91 7 0 158.183922
demand_92 7 1 1740.617931
demand_93 7 2 1433.501562
demand_94 7 3 844.005246
demand_95 7 4 2332.092879
demand_96 7 5 2219.215525
demand_97 7 6 211.954499
demand_98 7 8 1823.896671
demand_99 7 9 11.675786
demand_100 7 10 892.276022
demand_101 7 11 1101.867881
demand_102 7 12 840.789670
demand_103 7 13 311.465800
demand_104 8 0 171.721412
demand_105 8 1 1889.581220
demand_106 8 2 1556.181619
demand_107 8 3 916.235800
demand_108 8 4 2531.675004
demand_109 8 5 2409.137527
demand_110 8 6 230.093712
demand_111 8 7 271.727942
demand_112 8 9 12.675008
demand_113 8 10 968.637622
demand_114 8 11 1196.166498
demand_115 8 12 912.745032
demand_116 8 13 338.121259
demand_117 9 0 239.003478
demand_118 9 1 2629.936939
demand_119 9 2 2165.908235
demand_120 9 3 1275.225616
demand_121 9 4 3523.609116
demand_122 9 5 3353.060302
demand_123 9 6 320.246596
demand_124 9 7 378.193509
demand_125 9 8 2755.764572
demand_126 9 10 1348.158966
demand_127 9 11 1664.835798
demand_128 9 12 1270.367133
demand_129 9 13 470.600353
demand_130 10 0 204.347274
demand_131 10 1 2248.588381
demand_132 10 2 1851.845198
demand_133 10 3 1090.314167
demand_134 10 4 3012.675475
demand_135 10 5 2866.856739
demand_136 10 6 273.809902
demand_137 10 7 323.354343
demand_138 10 8 2356.170639
demand_139 10 9 15.083171
demand_140 10 11 1423.429732
demand_141 10 12 1086.160178
demand_142 10 13 402.361924
demand_143 11 0 165.332853
demand_144 11 1 1819.283051
demand_145 11 2 1498.286930
demand_146 11 3 882.149042
demand_147 11 4 2437.488994
demand_148 11 5 2319.510284
demand_149 11 6 221.533526
demand_150 11 7 261.618836
demand_151 11 8 1906.325473
demand_152 11 9 12.203459
demand_153 11 10 932.601357
demand_154 11 12 878.788141
demand_155 11 13 325.542120
demand_156 12 0 188.471250
demand_157 12 1 2073.892421
demand_158 12 2 1707.972768
demand_159 12 3 1005.606143
demand_160 12 4 2778.616525
demand_161 12 5 2644.126649
demand_162 12 6 252.537230
demand_163 12 7 298.232494
demand_164 12 8 2173.116463
demand_165 12 9 13.911338
demand_166 12 10 1063.119279
demand_167 12 11 1312.841495
demand_168 12 13 371.101866
demand_169 13 0 46.853582
demand_170 13 1 515.565577
demand_171 13 2 424.598671
demand_172 13 3 249.991709
demand_173 13 4 690.758603
demand_174 13 5 657.324685
demand_175 13 6 62.780259
demand_176 13 7 74.140011
demand_177 13 8 540.232479
demand_178 13 9 3.458331
demand_179 13 10 264.289362
demand_180 13 11 326.369814
demand_181 13 12 249.039266
