DEMANDS 182
label src dest bw
demand_0 0 1 636.526222
demand_1 0 2 452.632525
demand_2 0 3 166.304512
demand_3 0 4 1393.453554
demand_4 0 5 890.260165
demand_5 0 6 32.338880
demand_6 0 7 71.852320
demand_7 0 8 703.762742
demand_8 0 9 4.529145
demand_9 0 10 279.610072
demand_10 0 11 373.449929
demand_11 0 12 140.646737
demand_12 0 13 124.311876
demand_13 1 0 10.691733
demand_14 1 2 300.093323
demand_15 1 3 110.259142
demand_16 1 4 923.853423
demand_17 1 5 590.238476
demand_18 1 6 21.440532
demand_19 1 7 47.637764
demand_20 1 8 466.591525
demand_21 1 9 3.002803
demand_22 1 10 185.380217
demand_23 1 11 247.595619
demand_24 1 12 93.248152
demand_25 1 13 82.418213
demand_26 2 0 24.669950
demand_27 2 1 973.749030
demand_28 2 3 254.410347
demand_29 2 4 2131.686017
demand_30 2 5 1361.907715
demand_31 2 6 49.471572
demand_32 2 7 109.918687
demand_33 2 8 1076.606532
demand_34 2 9 6.928623
demand_35 2 10 427.743629
demand_36 2 11 571.298547
demand_37 2 12 215.159437
demand_38 2 13 190.170593
demand_39 3 0 11.905678
demand_40 3 1 469.929704
demand_41 3 2 334.166074
demand_42 3 4 1028.748218
demand_43 3 5 657.254457
demand_44 3 6 23.874901
demand_45 3 7 53.046580
demand_46 3 8 519.568568
demand_47 3 9 3.343742
demand_48 3 10 206.428383
demand_49 3 11 275.707753
demand_50 3 12 103.835596
demand_51 3 13 91.776020
demand_52 4 0 30.527103
demand_53 4 1 1204.937055
demand_54 4 2 856.828332
demand_55 4 3 314.812590
demand_56 4 5 1685.252586
demand_57 4 6 61.217140
demand_58 4 7 136.015642
demand_59 4 8 1332.215040
demand_60 4 9 8.573621
demand_61 4 10 529.298755
demand_62 4 11 706.936559
demand_63 4 12 266.242708
demand_64 4 13 235.320998
demand_65 5 0 9.516516
demand_66 5 1 375.626956
demand_67 5 2 267.107578
demand_68 5 3 98.139645
demand_69 5 4 822.305033
demand_70 5 6 19.083825
demand_71 5 7 42.401502
demand_72 5 8 415.304582
demand_73 5 9 2.672740
demand_74 5 10 165.003540
demand_75 5 11 220.380331
demand_76 5 12 82.998475
demand_77 5 13 73.358944
demand_78 6 0 22.081798
demand_79 6 1 871.591941
demand_80 6 2 619.787288
demand_81 6 3 227.719876
demand_82 6 4 1908.048475
demand_83 6 5 1219.028468
demand_84 6 7 98.386996
demand_85 6 8 963.658548
demand_86 6 9 6.201734
demand_87 6 10 382.868571
demand_88 6 11 511.362984
demand_89 6 12 192.586822
demand_90 6 13 170.219585
demand_91 7 0 36.745466
demand_92 7 1 1450.382446
demand_93 7 2 1031.364060
demand_94 7 3 378.939840
demand_95 7 4 3175.109687
demand_96 7 5 2028.538136
demand_97 7 6 73.687057
demand_98 7 8 1603.586926
demand_99 7 9 10.320065
demand_100 7 10 637.116785
demand_101 7 11 850.939368
demand_102 7 12 320.476284
demand_103 7 13 283.255829
demand_104 8 0 47.696054
demand_105 8 1 1882.613745
demand_106 8 2 1338.722873
demand_107 8 3 491.868440
demand_108 8 4 4121.330313
demand_109 8 5 2633.066740
demand_110 8 6 95.646680
demand_111 8 7 212.513107
demand_112 8 9 13.395568
demand_113 8 10 826.985200
demand_114 8 11 1104.529467
demand_115 8 12 415.982046
demand_116 8 13 367.669451
demand_117 9 0 69.910513
demand_118 9 1 2759.441949
demand_119 9 2 1962.233657
demand_120 9 3 720.956389
demand_121 9 4 6040.841771
demand_122 9 5 3859.418766
demand_123 9 6 140.194165
demand_124 9 7 311.491183
demand_125 9 8 3050.922910
demand_126 9 10 1212.153931
demand_127 9 11 1618.964566
demand_128 9 12 609.725872
demand_129 9 13 538.911664
demand_130 10 0 58.489780
demand_131 10 1 2308.653512
demand_132 10 2 1641.678901
demand_133 10 3 603.179385
demand_134 10 4 5053.996725
demand_135 10 5 3228.935725
demand_136 10 6 117.291741
demand_137 10 7 260.605306
demand_138 10 8 2552.517511
demand_139 10 9 16.427015
demand_140 10 11 1354.486995
demand_141 10 12 510.119728
demand_142 10 13 450.873883
demand_143 11 0 39.526782
demand_144 11 1 1560.163930
demand_145 11 2 1109.429454
demand_146 11 3 407.622328
demand_147 11 4 3415.438198
demand_148 11 5 2182.081037
demand_149 11 6 79.264534
demand_150 11 7 176.114344
demand_151 11 8 1724.964672
demand_152 11 9 11.101205
demand_153 11 10 685.341049
demand_154 11 12 344.733584
demand_155 11 13 304.695861
demand_156 12 0 50.200110
demand_157 12 1 1981.451474
demand_158 12 2 1409.006185
demand_159 12 3 517.691666
demand_160 12 4 4337.701266
demand_161 12 5 2771.303454
demand_162 12 6 100.668157
demand_163 12 7 223.670102
demand_164 12 8 2190.752990
demand_165 12 9 14.098839
demand_166 12 10 870.402146
demand_167 12 11 1162.517562
demand_168 12 13 386.972196
demand_169 13 0 16.121527
demand_170 13 1 636.333740
demand_171 13 2 452.495651
demand_172 13 3 166.254222
demand_173 13 4 1393.032181
demand_174 13 5 889.990956
demand_175 13 6 32.329101
demand_176 13 7 71.830592
demand_177 13 8 703.549929
demand_178 13 9 4.527775
demand_179 13 10 279.525519
demand_180 13 11 373.336999
demand_181 13 12 140.604206
