DEMANDS 182
label src dest bw
demand_0 0 1 502.627201
demand_1 0 2 428.525803
demand_2 0 3 228.616323
demand_3 0 4 858.104511
demand_4 0 5 785.348591
demand_5 0 6 78.789888
demand_6 0 7 180.006788
demand_7 0 8 565.819281
demand_8 0 9 25.640957
demand_9 0 10 303.678592
demand_10 0 11 395.793830
demand_11 0 12 218.588044
demand_12 0 13 194.085192
demand_13 1 0 8.259231
demand_14 1 2 60.841889
demand_15 1 3 32.458837
demand_16 1 4 121.833270
demand_17 1 5 111.503419
demand_18 1 6 11.186551
demand_19 1 7 25.557278
demand_20 1 8 80.334752
demand_21 1 9 3.640491
demand_22 1 10 43.116142
demand_23 1 11 56.194619
demand_24 1 12 31.035026
demand_25 1 13 27.556123
demand_26 2 0 86.540879
demand_27 2 1 747.744796
demand_28 2 3 340.106276
demand_29 2 4 1276.578708
demand_30 2 5 1168.341707
demand_31 2 6 117.213570
demand_32 2 7 267.791196
demand_33 2 8 841.753932
demand_34 2 9 38.145354
demand_35 2 10 451.774369
demand_36 2 11 588.811699
demand_37 2 12 325.187479
demand_38 2 13 288.735253
demand_39 3 0 21.961562
demand_40 3 1 189.755912
demand_41 3 2 161.780549
demand_42 3 4 323.958599
demand_43 3 5 296.491192
demand_44 3 6 29.745400
demand_45 3 7 67.957628
demand_46 3 8 213.612700
demand_47 3 9 9.680183
demand_48 3 10 114.647213
demand_49 3 11 149.423308
demand_50 3 12 82.523138
demand_51 3 13 73.272621
demand_52 4 0 87.553251
demand_53 4 1 756.492059
demand_54 4 2 644.963835
demand_55 4 3 344.084905
demand_56 4 5 1182.009194
demand_57 4 6 118.584757
demand_58 4 7 270.923869
demand_59 4 8 851.600933
demand_60 4 9 38.591585
demand_61 4 10 457.059313
demand_62 4 11 595.699733
demand_63 4 12 328.991586
demand_64 4 13 292.112934
demand_65 5 0 6.489511
demand_66 5 1 56.071748
demand_67 5 2 47.805194
demand_68 5 3 25.503827
demand_69 5 4 95.727848
demand_70 5 6 8.789590
demand_71 5 7 20.081077
demand_72 5 8 63.121288
demand_73 5 9 2.860437
demand_74 5 10 33.877573
demand_75 5 11 44.153703
demand_76 5 12 24.385099
demand_77 5 13 21.651626
demand_78 6 0 73.497836
demand_79 6 1 635.048138
demand_80 6 2 541.424167
demand_81 6 3 288.847022
demand_82 6 4 1084.178634
demand_83 6 5 992.254617
demand_84 6 7 227.430938
demand_85 6 8 714.888650
demand_86 6 9 32.396261
demand_87 6 10 383.685013
demand_88 6 11 500.068707
demand_89 6 12 276.176718
demand_90 6 13 245.218403
demand_91 7 0 94.407681
demand_92 7 1 815.716839
demand_93 7 2 695.457215
demand_94 7 3 371.022865
demand_95 7 4 1392.623196
demand_96 7 5 1274.547156
demand_97 7 6 127.868604
demand_98 7 8 918.271662
demand_99 7 9 41.612870
demand_100 7 10 492.841892
demand_101 7 11 642.336290
demand_102 7 12 354.747909
demand_103 7 13 314.982076
demand_104 8 0 142.531658
demand_105 8 1 1231.525570
demand_106 8 2 1049.964034
demand_107 8 3 560.150439
demand_108 8 4 2102.507873
demand_109 8 5 1924.242996
demand_110 8 6 193.049166
demand_111 8 7 441.048479
demand_112 8 9 62.824882
demand_113 8 10 744.066278
demand_114 8 11 969.764908
demand_115 8 12 535.579382
demand_116 8 13 475.543058
demand_117 9 0 425.281208
demand_118 9 1 3674.584925
demand_119 9 2 3132.847670
demand_120 9 3 1671.358199
demand_121 9 4 6273.392875
demand_122 9 5 5741.492079
demand_123 9 6 576.013663
demand_124 9 7 1315.985745
demand_125 9 8 4136.566817
demand_126 9 10 2220.120147
demand_127 9 11 2893.552193
demand_128 9 12 1598.043900
demand_129 9 13 1418.909518
demand_130 10 0 421.956406
demand_131 10 1 3645.857421
demand_132 10 2 3108.355408
demand_133 10 3 1658.291703
demand_134 10 4 6224.348173
demand_135 10 5 5696.605720
demand_136 10 6 571.510451
demand_137 10 7 1305.697512
demand_138 10 8 4104.227589
demand_139 10 9 185.989286
demand_140 10 11 2870.930717
demand_141 10 12 1585.550567
demand_142 10 13 1407.816638
demand_143 11 0 109.033620
demand_144 11 1 942.090288
demand_145 11 2 803.199660
demand_146 11 3 428.502908
demand_147 11 4 1608.372815
demand_148 11 5 1472.004060
demand_149 11 6 147.678415
demand_150 11 7 337.392499
demand_151 11 8 1060.533232
demand_152 11 9 48.059669
demand_153 11 10 569.194527
demand_154 11 12 409.706584
demand_155 11 13 363.780102
demand_156 12 0 170.587645
demand_157 12 1 1473.939541
demand_158 12 2 1256.639362
demand_159 12 3 670.410669
demand_160 12 4 2516.366338
demand_161 12 5 2303.011733
demand_162 12 6 231.049039
demand_163 12 7 527.864633
demand_164 12 8 1659.248464
demand_165 12 9 75.191356
demand_166 12 10 890.528573
demand_167 12 11 1160.653809
demand_168 12 13 569.149138
demand_169 13 0 49.572807
demand_170 13 1 428.327152
demand_171 13 2 365.179673
demand_172 13 3 194.821487
demand_173 13 4 731.256607
demand_174 13 5 669.255712
demand_175 13 6 67.142901
demand_176 13 7 153.397578
demand_177 13 8 482.177966
demand_178 13 9 21.850624
demand_179 13 10 258.787798
demand_180 13 11 337.286250
demand_181 13 12 186.275622
