DEMANDS 182
label src dest bw
demand_0 0 1 553.911680
demand_1 0 2 505.301010
demand_2 0 3 337.889685
demand_3 0 4 700.379899
demand_4 0 5 697.769771
demand_5 0 6 197.696962
demand_6 0 7 262.961030
demand_7 0 8 600.604920
demand_8 0 9 39.467356
demand_9 0 10 377.279878
demand_10 0 11 483.731854
demand_11 0 12 304.649925
demand_12 0 13 281.057581
demand_13 1 0 7.736085
demand_14 1 2 67.763395
demand_15 1 3 45.312698
demand_16 1 4 93.924450
demand_17 1 5 93.574419
demand_18 1 6 26.512152
demand_19 1 7 35.264390
demand_20 1 8 80.544126
demand_21 1 9 5.292770
demand_22 1 10 50.595120
demand_23 1 11 64.870863
demand_24 1 12 40.855080
demand_25 1 13 37.691228
demand_26 2 0 70.327951
demand_27 2 1 675.292958
demand_28 2 3 411.933044
demand_29 2 4 853.857448
demand_30 2 5 850.675351
demand_31 2 6 241.019229
demand_32 2 7 320.584921
demand_33 2 8 732.218308
demand_34 2 9 48.116024
demand_35 2 10 459.954996
demand_36 2 11 589.734296
demand_37 2 12 371.409299
demand_38 2 13 342.647053
demand_39 3 0 27.947105
demand_40 3 1 268.349684
demand_41 3 2 244.799616
demand_42 3 4 339.308108
demand_43 3 5 338.043598
demand_44 3 6 95.776852
demand_45 3 7 127.394875
demand_46 3 8 290.970828
demand_47 3 9 19.120472
demand_48 3 10 182.778121
demand_49 3 11 234.350159
demand_50 3 12 147.591600
demand_51 3 13 136.161983
demand_52 4 0 82.750192
demand_53 4 1 794.572022
demand_54 4 2 724.841269
demand_55 4 3 484.694039
demand_56 4 5 1000.932743
demand_57 4 6 283.591193
demand_58 4 7 377.210817
demand_59 4 8 861.552270
demand_60 4 9 56.614905
demand_61 4 10 541.198256
demand_62 4 11 693.900871
demand_63 4 12 437.012461
demand_64 4 13 403.169852
demand_65 5 0 2.193398
demand_66 5 1 21.061129
demand_67 5 2 19.212828
demand_68 5 3 12.847424
demand_69 5 4 26.630222
demand_70 5 6 7.516941
demand_71 5 7 9.998446
demand_72 5 8 22.836524
demand_73 5 9 1.500649
demand_74 5 10 14.345139
demand_75 5 11 18.392713
demand_76 5 12 11.583564
demand_77 5 13 10.686523
demand_78 6 0 68.800139
demand_79 6 1 660.622821
demand_80 6 2 602.647301
demand_81 6 3 402.984166
demand_82 6 4 835.308157
demand_83 6 5 832.195188
demand_84 6 7 313.620499
demand_85 6 8 716.311518
demand_86 6 9 47.070746
demand_87 6 10 449.962885
demand_88 6 11 576.922844
demand_89 6 12 363.340764
demand_90 6 13 335.203352
demand_91 7 0 124.546525
demand_92 7 1 1195.902769
demand_93 7 2 1090.951679
demand_94 7 3 729.508375
demand_95 7 4 1512.129624
demand_96 7 5 1506.494323
demand_97 7 6 426.830400
demand_98 7 8 1296.714102
demand_99 7 9 85.210553
demand_100 7 10 814.552332
demand_101 7 11 1044.383580
demand_102 7 12 657.743286
demand_103 7 13 606.807097
demand_104 8 0 153.434317
demand_105 8 1 1473.284978
demand_106 8 2 1343.991135
demand_107 8 3 898.713304
demand_108 8 4 1862.858684
demand_109 8 5 1855.916310
demand_110 8 6 525.831056
demand_111 8 7 699.419329
demand_112 8 9 104.974611
demand_113 8 10 1003.482679
demand_114 8 11 1286.621855
demand_115 8 12 810.302750
demand_116 8 13 747.552229
demand_117 9 0 299.027802
demand_118 9 1 2871.281851
demand_119 9 2 2619.301364
demand_120 9 3 1751.500381
demand_121 9 4 3630.521190
demand_122 9 5 3616.991212
demand_123 9 6 1024.790988
demand_124 9 7 1363.096791
demand_125 9 8 3113.323058
demand_126 9 10 1955.685184
demand_127 9 11 2507.494502
demand_128 9 12 1579.197247
demand_129 9 13 1456.902894
demand_130 10 0 270.749563
demand_131 10 1 2599.752606
demand_132 10 2 2371.601223
demand_133 10 3 1585.865797
demand_134 10 4 3287.192764
demand_135 10 5 3274.942280
demand_136 10 6 927.879316
demand_137 10 7 1234.192468
demand_138 10 8 2818.904641
demand_139 10 9 185.237766
demand_140 10 11 2270.367629
demand_141 10 12 1429.856897
demand_142 10 13 1319.127585
demand_143 11 0 129.326311
demand_144 11 1 1241.798543
demand_145 11 2 1132.819691
demand_146 11 3 757.505092
demand_147 11 4 1570.161398
demand_148 11 5 1564.309828
demand_149 11 6 443.211089
demand_150 11 7 589.524713
demand_151 11 8 1346.478764
demand_152 11 9 88.480722
demand_153 11 10 845.812825
demand_154 11 12 682.985838
demand_155 11 13 630.094844
demand_156 12 0 204.664420
demand_157 12 1 1965.199321
demand_158 12 2 1792.735625
demand_159 12 3 1198.784215
demand_160 12 4 2484.847586
demand_161 12 5 2475.587227
demand_162 12 6 701.400509
demand_163 12 7 932.948079
demand_164 12 8 2130.860249
demand_165 12 9 140.024528
demand_166 12 10 1338.534980
demand_167 12 11 1716.211347
demand_168 12 13 997.152048
demand_169 13 0 56.103970
demand_170 13 1 538.713488
demand_171 13 2 491.436595
demand_172 13 3 328.618690
demand_173 13 4 681.162922
demand_174 13 5 678.624410
demand_175 13 6 192.272566
demand_176 13 7 255.745923
demand_177 13 8 584.125562
demand_178 13 9 38.384454
demand_179 13 10 366.928098
demand_180 13 11 470.459251
demand_181 13 12 296.290961
