DEMANDS 182
label src dest bw
demand_0 0 1 619.462787
demand_1 0 2 469.183119
demand_2 0 3 212.626035
demand_3 0 4 1802.608371
demand_4 0 5 1343.729156
demand_5 0 6 85.501105
demand_6 0 7 92.710491
demand_7 0 8 888.608243
demand_8 0 9 6.037304
demand_9 0 10 368.916021
demand_10 0 11 435.681660
demand_11 0 12 115.802415
demand_12 0 13 112.753514
demand_13 1 0 10.450723
demand_14 1 2 159.465111
demand_15 1 3 72.266953
demand_16 1 4 612.667277
demand_17 1 5 456.704238
demand_18 1 6 29.059961
demand_19 1 7 31.510274
demand_20 1 8 302.018564
demand_21 1 9 2.051948
demand_22 1 10 125.386511
demand_23 1 11 148.078695
demand_24 1 12 39.358716
demand_25 1 13 38.322461
demand_26 2 0 34.495590
demand_27 2 1 694.953556
demand_28 2 3 238.537685
demand_29 2 4 2022.283052
demand_30 2 5 1507.482570
demand_31 2 6 95.920688
demand_32 2 7 104.008646
demand_33 2 8 996.898394
demand_34 2 9 6.773039
demand_35 2 10 413.873933
demand_36 2 11 488.775960
demand_37 2 12 129.914665
demand_38 2 13 126.494210
demand_39 3 0 25.593238
demand_40 3 1 515.605375
demand_41 3 2 390.521179
demand_42 3 4 1500.388052
demand_43 3 5 1118.443253
demand_44 3 6 71.166227
demand_45 3 7 77.166907
demand_46 3 8 739.626650
demand_47 3 9 5.025106
demand_48 3 10 307.064584
demand_49 3 11 362.636481
demand_50 3 12 96.387304
demand_51 3 13 93.849573
demand_52 4 0 39.062822
demand_53 4 1 786.965720
demand_54 4 2 596.050382
demand_55 4 3 270.120182
demand_56 4 5 1707.073942
demand_57 4 6 108.620630
demand_58 4 7 117.779437
demand_59 4 8 1128.888191
demand_60 4 9 7.669793
demand_61 4 10 468.671029
demand_62 4 11 553.490117
demand_63 4 12 147.115425
demand_64 4 13 143.242100
demand_65 5 0 6.646433
demand_66 5 1 133.900081
demand_67 5 2 101.416355
demand_68 5 3 45.960216
demand_69 5 4 389.643110
demand_70 5 6 18.481505
demand_71 5 7 20.039852
demand_72 5 8 192.077261
demand_73 5 9 1.304994
demand_74 5 10 79.743103
demand_75 5 11 94.174841
demand_76 5 12 25.031290
demand_77 5 13 24.372255
demand_78 6 0 33.055349
demand_79 6 1 665.938224
demand_80 6 2 504.383765
demand_81 6 3 228.578386
demand_82 6 4 1937.849766
demand_83 6 5 1444.542960
demand_84 6 7 99.666132
demand_85 6 8 955.276423
demand_86 6 9 6.490255
demand_87 6 10 396.594089
demand_88 6 11 468.368846
demand_89 6 12 124.490537
demand_90 6 13 121.212891
demand_91 7 0 50.545823
demand_92 7 1 1018.304064
demand_93 7 2 771.266792
demand_94 7 3 349.525363
demand_95 7 4 2963.218237
demand_96 7 5 2208.889521
demand_97 7 6 140.551013
demand_98 7 8 1460.738890
demand_99 7 9 9.924424
demand_100 7 10 606.442696
demand_101 7 11 716.195409
demand_102 7 12 190.361831
demand_103 7 13 185.349894
demand_104 8 0 66.655044
demand_105 8 1 1342.842940
demand_106 8 2 1017.073587
demand_107 8 3 460.920940
demand_108 8 4 3907.611520
demand_109 8 5 2912.874264
demand_110 8 6 185.345362
demand_111 8 7 200.973539
demand_112 8 9 13.087390
demand_113 8 10 799.719182
demand_114 8 11 944.450664
demand_115 8 12 251.031150
demand_116 8 13 244.421883
demand_117 9 0 141.148214
demand_118 9 1 2843.593999
demand_119 9 2 2153.747294
demand_120 9 3 976.042677
demand_121 9 4 8274.728442
demand_122 9 5 6168.280392
demand_123 9 6 392.485930
demand_124 9 7 425.580038
demand_125 9 8 4079.084521
demand_126 9 10 1693.479259
demand_127 9 11 1999.961544
demand_128 9 12 531.581655
demand_129 9 13 517.585920
demand_130 10 0 81.441415
demand_131 10 1 1640.731478
demand_132 10 2 1242.695330
demand_133 10 3 563.168984
demand_134 10 4 4774.453537
demand_135 10 5 3559.049502
demand_136 10 6 226.461309
demand_137 10 7 245.556351
demand_138 10 8 2353.599838
demand_139 10 9 15.990621
demand_140 10 11 1153.962156
demand_141 10 12 306.718454
demand_142 10 13 298.643025
demand_143 11 0 61.859784
demand_144 11 1 1246.236874
demand_145 11 2 943.903840
demand_146 11 3 427.761620
demand_147 11 4 3626.492288
demand_148 11 5 2703.317870
demand_149 11 6 172.011349
demand_150 11 7 186.515212
demand_151 11 8 1787.704413
demand_152 11 9 12.145864
demand_153 11 10 742.186226
demand_154 11 12 232.971606
demand_155 11 13 226.837819
demand_156 12 0 68.046186
demand_157 12 1 1370.869099
demand_158 12 2 1038.300690
demand_159 12 3 470.540712
demand_160 12 4 3989.166359
demand_161 12 5 2973.668176
demand_162 12 6 189.213662
demand_163 12 7 205.168010
demand_164 12 8 1966.487101
demand_165 12 9 13.360534
demand_166 12 10 816.409933
demand_167 12 11 964.162071
demand_168 12 13 249.523154
demand_169 13 0 30.190422
demand_170 13 1 608.220970
demand_171 13 2 460.668530
demand_172 13 3 208.767364
demand_173 13 4 1769.895196
demand_174 13 5 1319.343578
demand_175 13 6 83.949457
demand_176 13 7 91.028010
demand_177 13 8 872.482058
demand_178 13 9 5.927741
demand_179 13 10 362.221048
demand_180 13 11 427.775045
demand_181 13 12 113.700869
