DEMANDS 182
label src dest bw
demand_0 0 1 258.281499
demand_1 0 2 250.323316
demand_2 0 3 97.221086
demand_3 0 4 601.401692
demand_4 0 5 531.295913
demand_5 0 6 70.951621
demand_6 0 7 81.579442
demand_7 0 8 487.793640
demand_8 0 9 0.818767
demand_9 0 10 162.094845
demand_10 0 11 208.481733
demand_11 0 12 84.800598
demand_12 0 13 84.700132
demand_13 1 0 19.774695
demand_14 1 2 131.501449
demand_15 1 3 51.072804
demand_16 1 4 315.932192
demand_17 1 5 279.103775
demand_18 1 6 37.272761
demand_19 1 7 42.855836
demand_20 1 8 256.250882
demand_21 1 9 0.430120
demand_22 1 10 85.152703
demand_23 1 11 109.520961
demand_24 1 12 44.547994
demand_25 1 13 44.495216
demand_26 2 0 62.394762
demand_27 2 1 428.115417
demand_28 2 3 161.149157
demand_29 2 4 996.855514
demand_30 2 5 880.651431
demand_31 2 6 117.606112
demand_32 2 7 135.222294
demand_33 2 8 808.544083
demand_34 2 9 1.357150
demand_35 2 10 268.680887
demand_36 2 11 345.569638
demand_37 2 12 140.561534
demand_38 2 13 140.395006
demand_39 3 0 19.865844
demand_40 3 1 136.307502
demand_41 3 2 132.107588
demand_42 3 4 317.388440
demand_43 3 5 280.390267
demand_44 3 6 37.444564
demand_45 3 7 43.053374
demand_46 3 8 257.432037
demand_47 3 9 0.432103
demand_48 3 10 85.545203
demand_49 3 11 110.025783
demand_50 3 12 44.753332
demand_51 3 13 44.700311
demand_52 4 0 64.743545
demand_53 4 1 444.231359
demand_54 4 2 430.543679
demand_55 4 3 167.215443
demand_56 4 5 913.802601
demand_57 4 6 122.033267
demand_58 4 7 140.312591
demand_59 4 8 838.980850
demand_60 4 9 1.408239
demand_61 4 10 278.795088
demand_62 4 11 358.578233
demand_63 4 12 145.852820
demand_64 4 13 145.680024
demand_65 5 0 11.926987
demand_66 5 1 81.835829
demand_67 5 2 79.314299
demand_68 5 3 30.804251
demand_69 5 4 190.552581
demand_70 5 6 22.480839
demand_71 5 7 25.848237
demand_72 5 8 154.556162
demand_73 5 9 0.259424
demand_74 5 10 51.359335
demand_75 5 11 66.056901
demand_76 5 12 26.868852
demand_77 5 13 26.837019
demand_78 6 0 62.026878
demand_79 6 1 425.591221
demand_80 6 2 412.477881
demand_81 6 3 160.199011
demand_82 6 4 990.977989
demand_83 6 5 875.459053
demand_84 6 7 134.425015
demand_85 6 8 803.776854
demand_86 6 9 1.349148
demand_87 6 10 267.096727
demand_88 6 11 343.532137
demand_89 6 12 139.732774
demand_90 6 13 139.567227
demand_91 7 0 90.915772
demand_92 7 1 623.809481
demand_93 7 2 604.588630
demand_94 7 3 234.811380
demand_95 7 4 1452.524006
demand_96 7 5 1283.202357
demand_97 7 6 171.364555
demand_98 7 8 1178.134317
demand_99 7 9 1.977512
demand_100 7 10 391.496493
demand_101 7 11 503.531543
demand_102 7 12 204.813034
demand_103 7 13 204.570385
demand_104 8 0 229.700734
demand_105 8 1 1576.068614
demand_106 8 2 1527.506704
demand_107 8 3 593.256207
demand_108 8 4 3669.834406
demand_109 8 5 3242.039470
demand_110 8 6 432.956383
demand_111 8 7 497.808782
demand_112 8 9 4.996227
demand_113 8 10 989.124651
demand_114 8 11 1272.183712
demand_115 8 12 517.464713
demand_116 8 13 516.851654
demand_117 9 0 397.957862
demand_118 9 1 2730.548075
demand_119 9 2 2646.414282
demand_120 9 3 1027.819842
demand_121 9 4 6358.009532
demand_122 9 5 5616.852308
demand_123 9 6 750.099461
demand_124 9 7 862.456620
demand_125 9 8 5156.946934
demand_126 9 10 1713.664232
demand_127 9 11 2204.065708
demand_128 9 12 896.510636
demand_129 9 13 895.448509
demand_130 10 0 380.170459
demand_131 10 1 2608.501588
demand_132 10 2 2528.128298
demand_133 10 3 981.879687
demand_134 10 4 6073.827491
demand_135 10 5 5365.797548
demand_136 10 6 716.572491
demand_137 10 7 823.907656
demand_138 10 8 4926.448427
demand_139 10 9 8.269099
demand_140 10 11 2105.551245
demand_141 10 12 856.439569
demand_142 10 13 855.424916
demand_143 11 0 94.062002
demand_144 11 1 645.397023
demand_145 11 2 625.511015
demand_146 11 3 242.937259
demand_147 11 4 1502.790030
demand_148 11 5 1327.608838
demand_149 11 6 177.294794
demand_150 11 7 203.851725
demand_151 11 8 1218.904816
demand_152 11 9 2.045945
demand_153 11 10 405.044615
demand_154 11 12 211.900790
demand_155 11 13 211.649744
demand_156 12 0 352.548214
demand_157 12 1 2418.974321
demand_158 12 2 2344.440755
demand_159 12 3 910.538740
demand_160 12 4 5632.518222
demand_161 12 5 4975.931983
demand_162 12 6 664.508108
demand_163 12 7 764.044565
demand_164 12 8 4568.504880
demand_165 12 9 7.668286
demand_166 12 10 1518.123709
demand_167 12 11 1952.567105
demand_168 12 13 793.271859
demand_169 13 0 29.518588
demand_170 13 1 202.538838
demand_171 13 2 196.298201
demand_172 13 3 76.238701
demand_173 13 4 471.606370
demand_174 13 5 416.630915
demand_175 13 6 55.638747
demand_176 13 7 63.972857
demand_177 13 8 382.517360
demand_178 13 9 0.642060
demand_179 13 10 127.111317
demand_180 13 11 163.486925
demand_181 13 12 66.498819
