DEMANDS 182
label src dest bw
demand_0 0 1 517.029952
demand_1 0 2 426.145251
demand_2 0 3 200.993267
demand_3 0 4 1041.587421
demand_4 0 5 741.128579
demand_5 0 6 26.554249
demand_6 0 7 39.758029
demand_7 0 8 536.441299
demand_8 0 9 13.641900
demand_9 0 10 209.843550
demand_10 0 11 393.560934
demand_11 0 12 175.543975
demand_12 0 13 86.894040
demand_13 1 0 10.671779
demand_14 1 2 184.206074
demand_15 1 3 86.881598
demand_16 1 4 450.237868
demand_17 1 5 320.361157
demand_18 1 6 11.478373
demand_19 1 7 17.185855
demand_20 1 8 231.882780
demand_21 1 9 5.896865
demand_22 1 10 90.707233
demand_23 1 11 170.121136
demand_24 1 12 75.880856
demand_25 1 13 37.560925
demand_26 2 0 31.004542
demand_27 2 1 649.307600
demand_28 2 3 252.415658
demand_29 2 4 1308.068568
demand_30 2 5 930.739926
demand_31 2 6 33.347925
demand_32 2 7 49.929777
demand_33 2 8 673.685172
demand_34 2 9 17.132062
demand_35 2 10 263.530211
demand_36 2 11 494.250100
demand_37 2 12 220.455386
demand_38 2 13 109.125129
demand_39 3 0 14.826851
demand_40 3 1 310.508923
demand_41 3 2 255.926958
demand_42 3 4 625.538592
demand_43 3 5 445.094208
demand_44 3 6 15.947493
demand_45 3 7 23.877191
demand_46 3 8 322.166655
demand_47 3 9 8.192817
demand_48 3 10 126.024217
demand_49 3 11 236.358032
demand_50 3 12 105.425170
demand_51 3 13 52.185322
demand_52 4 0 36.355480
demand_53 4 1 761.368753
demand_54 4 2 627.533622
demand_55 4 3 295.978971
demand_56 4 5 1091.372251
demand_57 4 6 39.103297
demand_58 4 7 58.546939
demand_59 4 8 789.953544
demand_60 4 9 20.088810
demand_61 4 10 309.011735
demand_62 4 11 579.550559
demand_63 4 12 258.502814
demand_64 4 13 127.958557
demand_65 5 0 2.351647
demand_66 5 1 49.248995
demand_67 5 2 40.591895
demand_68 5 3 19.145344
demand_69 5 4 99.215015
demand_70 5 6 2.529389
demand_71 5 7 3.787098
demand_72 5 8 51.097997
demand_73 5 9 1.299441
demand_74 5 10 19.988366
demand_75 5 11 37.488120
demand_76 5 12 16.721206
demand_77 5 13 8.276975
demand_78 6 0 29.093878
demand_79 6 1 609.293832
demand_80 6 2 502.190776
demand_81 6 3 236.860471
demand_82 6 4 1227.458465
demand_83 6 5 873.382810
demand_84 6 7 46.852840
demand_85 6 8 632.169130
demand_86 6 9 16.076294
demand_87 6 10 247.290086
demand_88 6 11 463.791795
demand_89 6 12 206.869759
demand_90 6 13 102.400262
demand_91 7 0 46.084344
demand_92 7 1 965.113909
demand_93 7 2 795.463991
demand_94 7 3 375.184062
demand_95 7 4 1944.279058
demand_96 7 5 1383.427590
demand_97 7 6 49.567487
demand_98 7 8 1001.348098
demand_99 7 9 25.464651
demand_100 7 10 391.704443
demand_101 7 11 734.640478
demand_102 7 12 327.679145
demand_103 7 13 162.200751
demand_104 8 0 95.645068
demand_105 8 1 2003.031359
demand_106 8 2 1650.933951
demand_107 8 3 778.670200
demand_108 8 4 4035.225155
demand_109 8 5 2871.214289
demand_110 8 6 102.874107
demand_111 8 7 154.027012
demand_112 8 9 52.850233
demand_113 8 10 812.957181
demand_114 8 11 1524.698694
demand_115 8 12 680.076824
demand_116 8 13 336.637144
demand_117 9 0 163.822832
demand_118 9 1 3430.833129
demand_119 9 2 2827.753478
demand_120 9 3 1333.722265
demand_121 9 4 6911.616279
demand_122 9 5 4917.874630
demand_123 9 6 176.204876
demand_124 9 7 263.820621
demand_125 9 8 3559.640160
demand_126 9 10 1392.449708
demand_127 9 11 2611.535145
demand_128 9 12 1164.849511
demand_129 9 13 576.598994
demand_130 10 0 138.120770
demand_131 10 1 2892.571862
demand_132 10 2 2384.109001
demand_133 10 3 1124.475412
demand_134 10 4 5827.257117
demand_135 10 5 4146.312351
demand_136 10 6 148.560203
demand_137 10 7 222.429969
demand_138 10 8 3001.170438
demand_139 10 9 76.320871
demand_140 10 11 2201.813027
demand_141 10 12 982.096999
demand_142 10 13 486.136738
demand_143 11 0 78.901406
demand_144 11 1 1652.379922
demand_145 11 2 1361.920821
demand_146 11 3 642.355897
demand_147 11 4 3328.817094
demand_148 11 5 2368.578416
demand_149 11 6 84.864926
demand_150 11 7 127.062985
demand_151 11 8 1714.416793
demand_152 11 9 43.598251
demand_153 11 10 670.640586
demand_154 11 12 561.022315
demand_155 11 13 277.705317
demand_156 12 0 124.013099
demand_157 12 1 2597.124241
demand_158 12 2 2140.595835
demand_159 12 3 1009.621364
demand_160 12 4 5232.060408
demand_161 12 5 3722.807532
demand_162 12 6 133.386247
demand_163 12 7 199.710946
demand_164 12 8 2694.630546
demand_165 12 9 68.525449
demand_166 12 10 1054.077757
demand_167 12 11 1976.919592
demand_168 12 13 436.482676
demand_169 13 0 15.147277
demand_170 13 1 317.219388
demand_171 13 2 261.457843
demand_172 13 3 123.317732
demand_173 13 4 639.057222
demand_174 13 5 454.713221
demand_175 13 6 16.292137
demand_176 13 7 24.393205
demand_177 13 8 329.129058
demand_178 13 9 8.369873
demand_179 13 10 128.747750
demand_180 13 11 241.466009
demand_181 13 12 107.703533
