DEMANDS 182
label src dest bw
demand_0 0 1 345.303176
demand_1 0 2 300.344550
demand_2 0 3 245.295907
demand_3 0 4 809.280999
demand_4 0 5 736.170444
demand_5 0 6 45.547942
demand_6 0 7 133.980412
demand_7 0 8 349.459947
demand_8 0 9 1.193800
demand_9 0 10 261.308694
demand_10 0 11 262.055310
demand_11 0 12 188.089682
demand_12 0 13 186.934129
demand_13 1 0 20.260820
demand_14 1 2 135.228204
demand_15 1 3 110.442906
demand_16 1 4 364.373571
demand_17 1 5 331.456013
demand_18 1 6 20.507668
demand_19 1 7 60.323820
demand_20 1 8 157.342096
demand_21 1 9 0.537501
demand_22 1 10 117.652561
demand_23 1 11 117.988720
demand_24 1 12 84.686171
demand_25 1 13 84.165891
demand_26 2 0 49.512001
demand_27 2 1 379.928224
demand_28 2 3 269.892792
demand_29 2 4 890.431118
demand_30 2 5 809.989450
demand_31 2 6 50.115232
demand_32 2 7 147.415210
demand_33 2 8 384.501812
demand_34 2 9 1.313507
demand_35 2 10 287.511251
demand_36 2 11 288.332733
demand_37 2 12 206.950251
demand_38 2 13 205.678826
demand_39 3 0 30.441336
demand_40 3 1 233.590294
demand_41 3 2 203.176735
demand_42 3 4 547.461478
demand_43 3 5 498.003734
demand_44 3 6 30.812219
demand_45 3 7 90.634915
demand_46 3 8 236.402262
demand_47 3 9 0.807580
demand_48 3 10 176.769804
demand_49 3 11 177.274874
demand_50 3 12 127.238691
demand_51 3 13 126.456984
demand_52 4 0 72.330790
demand_53 4 1 555.027229
demand_54 4 2 482.762440
demand_55 4 3 394.279338
demand_56 4 5 1183.292453
demand_57 4 6 73.212035
demand_58 4 7 215.355033
demand_59 4 8 561.708666
demand_60 4 9 1.918868
demand_61 4 10 420.017686
demand_62 4 11 421.217767
demand_63 4 12 302.328222
demand_64 4 13 300.470830
demand_65 5 0 17.399587
demand_66 5 1 133.514985
demand_67 5 2 116.131275
demand_68 5 3 94.846157
demand_69 5 4 312.916729
demand_70 5 6 17.611575
demand_71 5 7 51.804889
demand_72 5 8 135.122242
demand_73 5 9 0.461595
demand_74 5 10 101.037664
demand_75 5 11 101.326351
demand_76 5 12 72.726788
demand_77 5 13 72.279982
demand_78 6 0 46.454563
demand_79 6 1 356.467107
demand_80 6 2 310.054933
demand_81 6 3 253.226522
demand_82 6 4 835.445709
demand_83 6 5 759.971430
demand_84 6 7 138.312107
demand_85 6 8 360.758270
demand_86 6 9 1.232396
demand_87 6 10 269.757016
demand_88 6 11 270.527770
demand_89 6 12 194.170774
demand_90 6 13 192.977861
demand_91 7 0 91.098749
demand_92 7 1 699.042360
demand_93 7 2 608.026737
demand_94 7 3 496.584572
demand_95 7 4 1638.333325
demand_96 7 5 1490.326070
demand_97 7 6 92.208653
demand_98 7 8 707.457456
demand_99 7 9 2.416765
demand_100 7 10 529.001351
demand_101 7 11 530.512823
demand_102 7 12 380.774532
demand_103 7 13 378.435196
demand_104 8 0 155.952547
demand_105 8 1 1196.695208
demand_106 8 2 1040.884965
demand_107 8 3 850.106391
demand_108 8 4 2804.673579
demand_109 8 5 2551.298987
demand_110 8 6 157.852599
demand_111 8 7 464.327375
demand_112 8 9 4.137275
demand_113 8 10 905.600888
demand_114 8 11 908.188386
demand_115 8 12 651.850422
demand_116 8 13 647.845698
demand_117 9 0 534.294416
demand_118 9 1 4099.885376
demand_119 9 2 3566.078495
demand_120 9 3 2912.469889
demand_121 9 4 9608.829482
demand_122 9 5 8740.766522
demand_123 9 6 540.804007
demand_124 9 7 1590.788533
demand_125 9 8 4149.239934
demand_126 9 10 3102.594388
demand_127 9 11 3111.459173
demand_128 9 12 2233.243684
demand_129 9 13 2219.523473
demand_130 10 0 315.002826
demand_131 10 1 2417.160728
demand_132 10 2 2102.445337
demand_133 10 3 1717.098697
demand_134 10 4 5665.057224
demand_135 10 5 5153.275185
demand_136 10 6 318.840672
demand_137 10 7 937.877822
demand_138 10 8 2446.258590
demand_139 10 9 8.356730
demand_140 10 11 1834.416387
demand_141 10 12 1316.648744
demand_142 10 13 1308.559748
demand_143 11 0 91.828177
demand_144 11 1 704.639592
demand_145 11 2 612.895207
demand_146 11 3 500.560724
demand_147 11 4 1651.451458
demand_148 11 5 1502.259109
demand_149 11 6 92.946968
demand_150 11 7 273.405834
demand_151 11 8 713.122067
demand_152 11 9 2.436116
demand_153 11 10 533.237065
demand_154 11 12 383.823393
demand_155 11 13 381.465326
demand_156 12 0 172.777548
demand_157 12 1 1325.801134
demand_158 12 2 1153.181243
demand_159 12 3 941.820448
demand_160 12 4 3107.256875
demand_161 12 5 2826.546867
demand_162 12 6 174.882588
demand_163 12 7 514.421514
demand_164 12 8 1341.761172
demand_165 12 9 4.583627
demand_166 12 10 1003.301990
demand_167 12 11 1006.168642
demand_168 12 13 717.738782
demand_169 13 0 33.353758
demand_170 13 1 255.938640
demand_171 13 2 222.615317
demand_172 13 3 181.813274
demand_173 13 4 599.838905
demand_174 13 5 545.649377
demand_175 13 6 33.760125
demand_176 13 7 99.306253
demand_177 13 8 259.019638
demand_178 13 9 0.884844
demand_179 13 10 193.681949
demand_180 13 11 194.235340
demand_181 13 12 139.412032
