DEMANDS 20
label src dest bw
demand_0 0 3 3795.865806
demand_1 0 6 4868.317001
demand_2 0 13 4844.642263
demand_3 0 16 4880.075840
demand_4 3 0 3413.721026
demand_5 3 6 3299.804533
demand_6 3 13 4328.905864
demand_7 3 16 2765.492043
demand_8 6 0 4551.800791
demand_9 6 3 2555.159611
demand_10 6 13 3174.072428
demand_11 6 16 3310.080332
demand_12 13 0 4221.798141
demand_13 13 3 3018.122534
demand_14 13 6 2743.056607
demand_15 13 16 2608.855325
demand_16 16 0 4537.094451
demand_17 16 3 3619.039741
demand_18 16 6 3602.091173
demand_19 16 13 3076.159262
