DEMANDS 20
label src dest bw
demand_0 0 3 3824.054642
demand_1 0 6 2518.285898
demand_2 0 13 3220.055659
demand_3 0 16 3111.909074
demand_4 3 0 4450.751906
demand_5 3 6 4893.852023
demand_6 3 13 3118.891698
demand_7 3 16 3590.890415
demand_8 6 0 3371.090799
demand_9 6 3 3729.192300
demand_10 6 13 3708.071698
demand_11 6 16 4047.238439
demand_12 13 0 2942.692696
demand_13 13 3 2522.608977
demand_14 13 6 4679.521296
demand_15 13 16 3467.538899
demand_16 16 0 4785.290746
demand_17 16 3 3854.914294
demand_18 16 6 3712.483309
demand_19 16 13 2972.806824
