DEMANDS 20
label src dest bw
demand_0 0 3 3155.920669
demand_1 0 6 4191.887821
demand_2 0 13 3161.622723
demand_3 0 16 3575.493334
demand_4 3 0 3712.513995
demand_5 3 6 4479.229092
demand_6 3 13 4031.162340
demand_7 3 16 2721.197809
demand_8 6 0 4299.215431
demand_9 6 3 3340.074128
demand_10 6 13 2710.856719
demand_11 6 16 4799.511144
demand_12 13 0 2829.583596
demand_13 13 3 2851.711059
demand_14 13 6 4378.774831
demand_15 13 16 4303.976967
demand_16 16 0 4896.852785
demand_17 16 3 4628.725394
demand_18 16 6 3243.222992
demand_19 16 13 3830.096052
