DEMANDS 20
label src dest bw
demand_0 0 3 3029.018422
demand_1 0 6 2747.672106
demand_2 0 13 2549.371817
demand_3 0 16 4871.463952
demand_4 3 0 3216.271051
demand_5 3 6 4206.658600
demand_6 3 13 4085.606635
demand_7 3 16 4585.162685
demand_8 6 0 3895.559134
demand_9 6 3 4289.500352
demand_10 6 13 3270.274249
demand_11 6 16 4390.341160
demand_12 13 0 2788.239289
demand_13 13 3 4578.427070
demand_14 13 6 3628.944652
demand_15 13 16 4092.468822
demand_16 16 0 4364.911873
demand_17 16 3 4707.633644
demand_18 16 6 3165.551239
demand_19 16 13 4674.459935
