DEMANDS 20
label src dest bw
demand_0 0 3 4660.511053
demand_1 0 6 4547.659581
demand_2 0 13 4363.550387
demand_3 0 16 3672.604718
demand_4 3 0 4528.672236
demand_5 3 6 2948.907970
demand_6 3 13 3225.302624
demand_7 3 16 3403.373071
demand_8 6 0 4539.106793
demand_9 6 3 3629.593613
demand_10 6 13 3246.998536
demand_11 6 16 2688.233679
demand_12 13 0 3574.684574
demand_13 13 3 3366.683786
demand_14 13 6 3640.296797
demand_15 13 16 3240.535435
demand_16 16 0 3754.270511
demand_17 16 3 2519.256347
demand_18 16 6 3610.363392
demand_19 16 13 4570.727167
