DEMANDS 20
label src dest bw
demand_0 0 3 3363.676181
demand_1 0 6 4040.487994
demand_2 0 13 3891.328859
demand_3 0 16 2612.041476
demand_4 3 0 4232.733525
demand_5 3 6 3396.733082
demand_6 3 13 2600.350706
demand_7 3 16 3716.806400
demand_8 6 0 3109.387381
demand_9 6 3 3489.240797
demand_10 6 13 3476.149201
demand_11 6 16 2815.723378
demand_12 13 0 3046.006422
demand_13 13 3 3228.436688
demand_14 13 6 4238.930958
demand_15 13 16 4099.595023
demand_16 16 0 2672.972059
demand_17 16 3 4146.371818
demand_18 16 6 3538.131872
demand_19 16 13 4369.703781
