DEMANDS 20
label src dest bw
demand_0 0 3 4744.616132
demand_1 0 6 3681.407736
demand_2 0 13 4356.172539
demand_3 0 16 3252.492882
demand_4 3 0 4845.057772
demand_5 3 6 3746.873361
demand_6 3 13 4804.411219
demand_7 3 16 4605.815132
demand_8 6 0 4694.222487
demand_9 6 3 3131.198547
demand_10 6 13 3822.044082
demand_11 6 16 3426.216306
demand_12 13 0 3864.554399
demand_13 13 3 3169.937164
demand_14 13 6 4129.496421
demand_15 13 16 4477.836368
demand_16 16 0 3960.624782
demand_17 16 3 2915.917589
demand_18 16 6 4927.335609
demand_19 16 13 3438.303387
