DEMANDS 20
label src dest bw
demand_0 0 3 4485.348613
demand_1 0 6 2817.903884
demand_2 0 13 4024.234028
demand_3 0 16 4721.027347
demand_4 3 0 3853.824510
demand_5 3 6 3957.503356
demand_6 3 13 3795.233985
demand_7 3 16 4366.719553
demand_8 6 0 4161.062697
demand_9 6 3 3040.534941
demand_10 6 13 3800.511398
demand_11 6 16 3607.708526
demand_12 13 0 4105.352376
demand_13 13 3 3076.752448
demand_14 13 6 4426.178690
demand_15 13 16 2713.492980
demand_16 16 0 3188.459459
demand_17 16 3 4027.684421
demand_18 16 6 4944.807041
demand_19 16 13 4469.786353
