DEMANDS 20
label src dest bw
demand_0 0 3 2839.530748
demand_1 0 6 3827.127474
demand_2 0 13 4031.383563
demand_3 0 16 3738.580114
demand_4 3 0 2893.360579
demand_5 3 6 4370.506682
demand_6 3 13 4408.746391
demand_7 3 16 2659.939864
demand_8 6 0 4612.040596
demand_9 6 3 3884.191200
demand_10 6 13 3885.918234
demand_11 6 16 3476.676685
demand_12 13 0 4921.839736
demand_13 13 3 2730.319574
demand_14 13 6 4992.674964
demand_15 13 16 3044.877432
demand_16 16 0 2954.139899
demand_17 16 3 3969.663829
demand_18 16 6 4767.897637
demand_19 16 13 2648.206101
