DEMANDS 20
label src dest bw
demand_0 0 3 2735.652550
demand_1 0 6 3170.486070
demand_2 0 13 3230.758477
demand_3 0 16 3303.608831
demand_4 3 0 3979.873380
demand_5 3 6 3036.835570
demand_6 3 13 2881.456426
demand_7 3 16 4956.080778
demand_8 6 0 2588.444903
demand_9 6 3 4718.403128
demand_10 6 13 2782.765146
demand_11 6 16 3515.863089
demand_12 13 0 2582.599884
demand_13 13 3 2982.570765
demand_14 13 6 3355.870740
demand_15 13 16 4262.846441
demand_16 16 0 4843.185275
demand_17 16 3 4996.640341
demand_18 16 6 4408.032603
demand_19 16 13 3270.574255
