DEMANDS 20
label src dest bw
demand_0 0 3 4647.884691
demand_1 0 6 4597.376894
demand_2 0 13 4596.723677
demand_3 0 16 4893.834569
demand_4 3 0 4853.776633
demand_5 3 6 2802.078420
demand_6 3 13 4155.334604
demand_7 3 16 4842.639408
demand_8 6 0 3666.559225
demand_9 6 3 3132.777932
demand_10 6 13 4892.676715
demand_11 6 16 4057.388940
demand_12 13 0 2658.123049
demand_13 13 3 4056.569438
demand_14 13 6 3173.612786
demand_15 13 16 2718.078518
demand_16 16 0 2760.401878
demand_17 16 3 4705.731776
demand_18 16 6 2833.438611
demand_19 16 13 4550.932685
