DEMANDS 20
label src dest bw
demand_0 0 3 4291.625797
demand_1 0 6 2525.478542
demand_2 0 13 4867.771645
demand_3 0 16 2612.675563
demand_4 3 0 4950.766116
demand_5 3 6 4691.262650
demand_6 3 13 2585.923253
demand_7 3 16 3713.316010
demand_8 6 0 2786.791641
demand_9 6 3 2577.333534
demand_10 6 13 4269.248088
demand_11 6 16 4415.708627
demand_12 13 0 4538.027733
demand_13 13 3 3513.627224
demand_14 13 6 2594.789398
demand_15 13 16 4985.222974
demand_16 16 0 2623.922814
demand_17 16 3 3382.930714
demand_18 16 6 2845.110706
demand_19 16 13 4498.596622
