DEMANDS 20
label src dest bw
demand_0 0 3 4037.859729
demand_1 0 6 4558.954802
demand_2 0 13 4868.672856
demand_3 0 16 4262.515871
demand_4 3 0 4215.263116
demand_5 3 6 3041.173070
demand_6 3 13 4849.376081
demand_7 3 16 4376.285766
demand_8 6 0 3157.037260
demand_9 6 3 3204.829680
demand_10 6 13 4452.404014
demand_11 6 16 3857.158534
demand_12 13 0 4368.271749
demand_13 13 3 4014.560181
demand_14 13 6 3652.774780
demand_15 13 16 4135.935672
demand_16 16 0 3467.674806
demand_17 16 3 4550.444971
demand_18 16 6 2574.218231
demand_19 16 13 3323.143241
