DEMANDS 20
label src dest bw
demand_0 0 3 4818.442658
demand_1 0 6 3915.840365
demand_2 0 13 4403.113065
demand_3 0 16 3400.656981
demand_4 3 0 4323.679811
demand_5 3 6 2590.847496
demand_6 3 13 2705.060628
demand_7 3 16 3711.564084
demand_8 6 0 4907.112753
demand_9 6 3 3382.338014
demand_10 6 13 3145.594636
demand_11 6 16 2710.837519
demand_12 13 0 4272.222225
demand_13 13 3 4051.796987
demand_14 13 6 3448.748315
demand_15 13 16 4615.112875
demand_16 16 0 4821.061411
demand_17 16 3 4435.159322
demand_18 16 6 3236.688150
demand_19 16 13 2554.523525
