DEMANDS 20
label src dest bw
demand_0 0 3 2601.337914
demand_1 0 6 3182.312668
demand_2 0 13 4505.919358
demand_3 0 16 2774.996211
demand_4 3 0 4670.860428
demand_5 3 6 2909.679188
demand_6 3 13 3030.195206
demand_7 3 16 3060.487356
demand_8 6 0 4533.360463
demand_9 6 3 3085.513480
demand_10 6 13 2582.631542
demand_11 6 16 3443.385861
demand_12 13 0 4160.715065
demand_13 13 3 4854.236898
demand_14 13 6 3604.851162
demand_15 13 16 2879.834040
demand_16 16 0 4035.639307
demand_17 16 3 2998.890817
demand_18 16 6 4888.874600
demand_19 16 13 2888.255311
