DEMANDS 20
label src dest bw
demand_0 0 3 4925.973432
demand_1 0 6 4717.804196
demand_2 0 13 2754.244518
demand_3 0 16 4169.198039
demand_4 3 0 4005.577039
demand_5 3 6 2871.572561
demand_6 3 13 4982.133002
demand_7 3 16 3465.354127
demand_8 6 0 3103.903658
demand_9 6 3 3351.174363
demand_10 6 13 4274.931573
demand_11 6 16 4494.021806
demand_12 13 0 3796.798561
demand_13 13 3 4903.077456
demand_14 13 6 3993.097731
demand_15 13 16 2786.215257
demand_16 16 0 4964.067523
demand_17 16 3 2852.824832
demand_18 16 6 2809.714329
demand_19 16 13 4705.988286
