DEMANDS 20
label src dest bw
demand_0 0 3 2609.357833
demand_1 0 6 3838.523091
demand_2 0 13 4777.636989
demand_3 0 16 4257.788292
demand_4 3 0 3711.332691
demand_5 3 6 2763.800173
demand_6 3 13 3752.446208
demand_7 3 16 3328.844080
demand_8 6 0 3332.055658
demand_9 6 3 4970.419084
demand_10 6 13 3243.210143
demand_11 6 16 3908.150184
demand_12 13 0 3145.786916
demand_13 13 3 3408.774608
demand_14 13 6 4148.422868
demand_15 13 16 4970.862726
demand_16 16 0 2674.598318
demand_17 16 3 4672.181385
demand_18 16 6 4661.025603
demand_19 16 13 2845.920006
