DEMANDS 20
label src dest bw
demand_0 0 3 4539.429703
demand_1 0 6 4886.623600
demand_2 0 13 4859.878184
demand_3 0 16 4009.732431
demand_4 3 0 4579.680128
demand_5 3 6 3975.861925
demand_6 3 13 4614.718132
demand_7 3 16 2929.361586
demand_8 6 0 3804.201746
demand_9 6 3 3377.044915
demand_10 6 13 3454.383394
demand_11 6 16 3887.098378
demand_12 13 0 2962.365015
demand_13 13 3 2581.174429
demand_14 13 6 4384.735497
demand_15 13 16 4143.201419
demand_16 16 0 3925.985902
demand_17 16 3 3042.404186
demand_18 16 6 4124.186557
demand_19 16 13 3843.436627
