DEMANDS 20
label src dest bw
demand_0 0 3 4701.415174
demand_1 0 6 2941.624012
demand_2 0 13 4152.272294
demand_3 0 16 2894.216380
demand_4 3 0 4466.870440
demand_5 3 6 3950.828775
demand_6 3 13 4753.858485
demand_7 3 16 2627.910754
demand_8 6 0 3879.154043
demand_9 6 3 3707.736580
demand_10 6 13 3356.854159
demand_11 6 16 3925.307659
demand_12 13 0 3773.977052
demand_13 13 3 2964.364576
demand_14 13 6 2516.815573
demand_15 13 16 4093.912262
demand_16 16 0 2802.837417
demand_17 16 3 4707.037976
demand_18 16 6 3237.220787
demand_19 16 13 3802.204015
