DEMANDS 20
label src dest bw
demand_0 0 3 4179.265507
demand_1 0 6 3196.829000
demand_2 0 13 2565.636646
demand_3 0 16 3131.968966
demand_4 3 0 4694.156120
demand_5 3 6 3024.422941
demand_6 3 13 4002.793117
demand_7 3 16 4581.125542
demand_8 6 0 4989.440568
demand_9 6 3 2830.081940
demand_10 6 13 3078.534477
demand_11 6 16 2706.179819
demand_12 13 0 2787.339464
demand_13 13 3 4948.860082
demand_14 13 6 3845.718954
demand_15 13 16 3402.034779
demand_16 16 0 3758.670551
demand_17 16 3 4532.899210
demand_18 16 6 3072.687601
demand_19 16 13 3891.429111
