DEMANDS 20
label src dest bw
demand_0 0 3 3685.267668
demand_1 0 6 4264.824503
demand_2 0 13 2561.956397
demand_3 0 16 4929.752275
demand_4 3 0 2719.486665
demand_5 3 6 4688.486323
demand_6 3 13 4809.723112
demand_7 3 16 3586.447384
demand_8 6 0 3121.781743
demand_9 6 3 4625.554667
demand_10 6 13 4768.429447
demand_11 6 16 4379.034139
demand_12 13 0 3745.053351
demand_13 13 3 2820.084630
demand_14 13 6 4896.481734
demand_15 13 16 3328.178605
demand_16 16 0 3073.664043
demand_17 16 3 4155.533908
demand_18 16 6 4862.870080
demand_19 16 13 4403.353535
