DEMANDS 20
label src dest bw
demand_0 0 3 3020.086401
demand_1 0 6 3329.696494
demand_2 0 13 4614.918553
demand_3 0 16 3365.981779
demand_4 3 0 3633.633429
demand_5 3 6 3411.019251
demand_6 3 13 4352.014531
demand_7 3 16 3309.843589
demand_8 6 0 3627.183403
demand_9 6 3 4381.248291
demand_10 6 13 3594.592676
demand_11 6 16 3429.182925
demand_12 13 0 4872.626584
demand_13 13 3 2996.635277
demand_14 13 6 4499.403023
demand_15 13 16 4259.775825
demand_16 16 0 3628.709220
demand_17 16 3 4715.755559
demand_18 16 6 3590.705926
demand_19 16 13 3846.659024
