DEMANDS 20
label src dest bw
demand_0 0 3 3459.605867
demand_1 0 6 2942.005733
demand_2 0 13 3919.183891
demand_3 0 16 3056.243340
demand_4 3 0 4937.953334
demand_5 3 6 2820.973760
demand_6 3 13 4171.538016
demand_7 3 16 4835.847922
demand_8 6 0 2841.180390
demand_9 6 3 2557.492184
demand_10 6 13 3232.186609
demand_11 6 16 3181.611546
demand_12 13 0 4461.618012
demand_13 13 3 3366.733773
demand_14 13 6 3105.336011
demand_15 13 16 4949.142241
demand_16 16 0 3075.163274
demand_17 16 3 3022.215153
demand_18 16 6 4750.929252
demand_19 16 13 3052.292619
