DEMANDS 20
label src dest bw
demand_0 0 3 3663.006686
demand_1 0 6 2781.862849
demand_2 0 13 4228.745448
demand_3 0 16 3140.983588
demand_4 3 0 3403.858915
demand_5 3 6 3465.095924
demand_6 3 13 3588.153872
demand_7 3 16 2553.856889
demand_8 6 0 2691.443227
demand_9 6 3 4437.693470
demand_10 6 13 3158.480054
demand_11 6 16 2661.524316
demand_12 13 0 3346.203334
demand_13 13 3 2880.340831
demand_14 13 6 3450.780663
demand_15 13 16 3577.107480
demand_16 16 0 4372.714282
demand_17 16 3 4395.676210
demand_18 16 6 2538.531002
demand_19 16 13 4046.701095
