DEMANDS 20
label src dest bw
demand_0 0 3 4076.626749
demand_1 0 6 4070.613050
demand_2 0 13 3961.839169
demand_3 0 16 2647.483281
demand_4 3 0 4081.136840
demand_5 3 6 4732.823777
demand_6 3 13 2888.689519
demand_7 3 16 3236.556192
demand_8 6 0 4513.852367
demand_9 6 3 3651.271002
demand_10 6 13 2798.462503
demand_11 6 16 4477.815125
demand_12 13 0 4678.713683
demand_13 13 3 3679.341409
demand_14 13 6 4748.609304
demand_15 13 16 4556.428667
demand_16 16 0 4125.409039
demand_17 16 3 3403.263116
demand_18 16 6 4808.079777
demand_19 16 13 3706.189235
