DEMANDS 20
label src dest bw
demand_0 0 3 3548.042297
demand_1 0 6 3518.137060
demand_2 0 13 3485.783632
demand_3 0 16 3422.470777
demand_4 3 0 3326.237235
demand_5 3 6 4000.010763
demand_6 3 13 3992.090759
demand_7 3 16 3645.820918
demand_8 6 0 3592.519218
demand_9 6 3 4127.893406
demand_10 6 13 4322.686803
demand_11 6 16 4653.035138
demand_12 13 0 4739.506755
demand_13 13 3 3050.262142
demand_14 13 6 3378.577350
demand_15 13 16 4498.925616
demand_16 16 0 3288.206364
demand_17 16 3 4416.858942
demand_18 16 6 2674.838224
demand_19 16 13 2956.746864
