DEMANDS 20
label src dest bw
demand_0 0 3 2964.739120
demand_1 0 6 4796.632470
demand_2 0 13 4193.553111
demand_3 0 16 2767.056181
demand_4 3 0 3786.242773
demand_5 3 6 2739.387764
demand_6 3 13 4127.502463
demand_7 3 16 4664.728217
demand_8 6 0 4661.889575
demand_9 6 3 4621.709142
demand_10 6 13 3138.791353
demand_11 6 16 4924.426047
demand_12 13 0 4135.020418
demand_13 13 3 3841.026359
demand_14 13 6 2525.758614
demand_15 13 16 3908.229462
demand_16 16 0 3919.822847
demand_17 16 3 3580.366997
demand_18 16 6 4524.933501
demand_19 16 13 4934.926484
