DEMANDS 20
label src dest bw
demand_0 0 3 3545.009914
demand_1 0 6 4062.095375
demand_2 0 13 4337.083120
demand_3 0 16 4275.685555
demand_4 3 0 3341.339669
demand_5 3 6 4459.797607
demand_6 3 13 3643.166794
demand_7 3 16 4026.867496
demand_8 6 0 2553.913234
demand_9 6 3 2507.588316
demand_10 6 13 3793.032615
demand_11 6 16 4603.683165
demand_12 13 0 3798.168726
demand_13 13 3 3845.290026
demand_14 13 6 2561.832561
demand_15 13 16 4742.652816
demand_16 16 0 3124.562833
demand_17 16 3 4713.891632
demand_18 16 6 3806.636176
demand_19 16 13 3405.481244
