DEMANDS 20
label src dest bw
demand_0 0 3 3173.548132
demand_1 0 6 3655.152968
demand_2 0 13 4565.507782
demand_3 0 16 3928.481564
demand_4 3 0 4958.992099
demand_5 3 6 2620.886089
demand_6 3 13 4123.401505
demand_7 3 16 4926.010973
demand_8 6 0 4911.743884
demand_9 6 3 4053.830503
demand_10 6 13 4455.696060
demand_11 6 16 2717.146255
demand_12 13 0 3961.325946
demand_13 13 3 3047.006538
demand_14 13 6 4828.903671
demand_15 13 16 3762.450573
demand_16 16 0 3442.216559
demand_17 16 3 2825.209000
demand_18 16 6 3351.873429
demand_19 16 13 4187.055208
