DEMANDS 20
label src dest bw
demand_0 0 3 2502.654180
demand_1 0 6 2548.248285
demand_2 0 13 3701.662725
demand_3 0 16 4826.315708
demand_4 3 0 4899.815406
demand_5 3 6 2585.521839
demand_6 3 13 3494.918073
demand_7 3 16 2731.573179
demand_8 6 0 4508.170733
demand_9 6 3 4271.142318
demand_10 6 13 4239.606214
demand_11 6 16 3077.828418
demand_12 13 0 2990.900052
demand_13 13 3 4464.328326
demand_14 13 6 4092.820649
demand_15 13 16 3772.855908
demand_16 16 0 4013.568051
demand_17 16 3 2541.003199
demand_18 16 6 4901.272093
demand_19 16 13 4053.920598
