DEMANDS 20
label src dest bw
demand_0 0 3 2535.706163
demand_1 0 6 3220.177101
demand_2 0 13 2627.792959
demand_3 0 16 4873.924018
demand_4 3 0 4321.367056
demand_5 3 6 4563.142234
demand_6 3 13 4449.431478
demand_7 3 16 4996.721248
demand_8 6 0 2868.984678
demand_9 6 3 2783.449857
demand_10 6 13 2511.544979
demand_11 6 16 4706.177484
demand_12 13 0 3847.854351
demand_13 13 3 3136.603994
demand_14 13 6 4685.238307
demand_15 13 16 2809.309363
demand_16 16 0 3912.748124
demand_17 16 3 3719.903760
demand_18 16 6 3739.673189
demand_19 16 13 4945.027756
