DEMANDS 20
label src dest bw
demand_0 0 3 4729.913224
demand_1 0 6 2668.221851
demand_2 0 13 4226.847956
demand_3 0 16 4162.489155
demand_4 3 0 2649.233033
demand_5 3 6 2898.620216
demand_6 3 13 3773.049569
demand_7 3 16 3412.231668
demand_8 6 0 3428.731460
demand_9 6 3 4390.856454
demand_10 6 13 3265.065153
demand_11 6 16 3997.770526
demand_12 13 0 4801.409820
demand_13 13 3 2544.516185
demand_14 13 6 3641.451787
demand_15 13 16 4320.383426
demand_16 16 0 2989.394086
demand_17 16 3 4876.749365
demand_18 16 6 4206.383040
demand_19 16 13 2841.297640
