DEMANDS 20
label src dest bw
demand_0 0 3 3830.512212
demand_1 0 6 3304.033824
demand_2 0 13 3133.930198
demand_3 0 16 4206.052188
demand_4 3 0 4007.371059
demand_5 3 6 2933.274390
demand_6 3 13 4997.190195
demand_7 3 16 3793.398471
demand_8 6 0 4541.008689
demand_9 6 3 2730.780582
demand_10 6 13 3750.633067
demand_11 6 16 4320.234378
demand_12 13 0 4250.757946
demand_13 13 3 3953.802211
demand_14 13 6 3522.148159
demand_15 13 16 3181.365211
demand_16 16 0 3227.847885
demand_17 16 3 3262.195372
demand_18 16 6 2525.106303
demand_19 16 13 4497.282622
