DEMANDS 20
label src dest bw
demand_0 0 3 4192.791271
demand_1 0 6 4961.145258
demand_2 0 13 3710.773619
demand_3 0 16 3007.996963
demand_4 3 0 3450.399633
demand_5 3 6 4243.413681
demand_6 3 13 3746.799058
demand_7 3 16 2851.606166
demand_8 6 0 4592.490973
demand_9 6 3 4793.384235
demand_10 6 13 4280.446714
demand_11 6 16 4964.656652
demand_12 13 0 3753.234026
demand_13 13 3 2730.697572
demand_14 13 6 2958.282375
demand_15 13 16 4086.051044
demand_16 16 0 4390.267853
demand_17 16 3 3592.266326
demand_18 16 6 2699.545102
demand_19 16 13 3108.309921
