DEMANDS 20
label src dest bw
demand_0 0 3 4894.117278
demand_1 0 6 3385.137384
demand_2 0 13 3731.063681
demand_3 0 16 3698.910028
demand_4 3 0 3691.245707
demand_5 3 6 3087.003336
demand_6 3 13 4250.409254
demand_7 3 16 3740.987045
demand_8 6 0 3350.476588
demand_9 6 3 4116.480771
demand_10 6 13 4636.904501
demand_11 6 16 3957.771801
demand_12 13 0 4640.235645
demand_13 13 3 4855.320521
demand_14 13 6 4941.413969
demand_15 13 16 3264.110642
demand_16 16 0 3460.754411
demand_17 16 3 3225.299312
demand_18 16 6 2547.842671
demand_19 16 13 4322.307373
