DEMANDS 20
label src dest bw
demand_0 0 3 3507.699380
demand_1 0 6 3310.930330
demand_2 0 13 3014.650275
demand_3 0 16 3923.223351
demand_4 3 0 4027.451897
demand_5 3 6 3861.316811
demand_6 3 13 3064.346429
demand_7 3 16 3570.603065
demand_8 6 0 3032.127403
demand_9 6 3 3944.339072
demand_10 6 13 2715.524884
demand_11 6 16 3598.829572
demand_12 13 0 3118.364089
demand_13 13 3 2916.459859
demand_14 13 6 3076.608706
demand_15 13 16 3274.489753
demand_16 16 0 3745.153950
demand_17 16 3 4818.334056
demand_18 16 6 2581.349002
demand_19 16 13 3585.989562
