DEMANDS 20
label src dest bw
demand_0 0 3 2939.236241
demand_1 0 6 4170.993004
demand_2 0 13 3381.050403
demand_3 0 16 3234.102752
demand_4 3 0 3334.670996
demand_5 3 6 3761.532780
demand_6 3 13 2546.018765
demand_7 3 16 4719.313411
demand_8 6 0 2710.269875
demand_9 6 3 3923.870454
demand_10 6 13 3453.632683
demand_11 6 16 4437.332553
demand_12 13 0 3543.663354
demand_13 13 3 4921.264335
demand_14 13 6 4603.928837
demand_15 13 16 2753.711896
demand_16 16 0 4438.164264
demand_17 16 3 3223.526156
demand_18 16 6 3129.515708
demand_19 16 13 4164.381782
