DEMANDS 552
label src dest bw
demand_0 0 1 148.969005
demand_1 0 2 242.978455
demand_2 0 3 220.146834
demand_3 0 4 156.001916
demand_4 0 5 138.426163
demand_5 0 6 1212.003557
demand_6 0 7 145.297424
demand_7 0 8 128.425991
demand_8 0 9 302.658012
demand_9 0 10 928.792506
demand_10 0 11 426.448931
demand_11 0 12 1660.979463
demand_12 0 13 925.625699
demand_13 0 14 907.656123
demand_14 0 15 241.727000
demand_15 0 16 515.993266
demand_16 0 17 273.753779
demand_17 0 18 323.669420
demand_18 0 19 1064.703275
demand_19 0 20 40.665304
demand_20 0 21 307.610296
demand_21 0 22 92.316439
demand_22 0 23 44.376902
demand_23 1 0 193.936061
demand_24 1 2 85.219732
demand_25 1 3 77.212007
demand_26 1 4 54.714486
demand_27 1 5 48.550150
demand_28 1 6 425.085498
demand_29 1 7 50.960104
demand_30 1 8 45.042794
demand_31 1 9 106.151118
demand_32 1 10 325.755005
demand_33 1 11 149.568254
demand_34 1 12 582.554629
demand_35 1 13 324.644313
demand_36 1 14 318.341851
demand_37 1 15 84.780809
demand_38 1 16 180.974101
demand_39 1 17 96.013548
demand_40 1 18 113.520440
demand_41 1 19 373.422932
demand_42 1 20 14.262525
demand_43 1 21 107.888030
demand_44 1 22 32.378106
demand_45 1 23 15.564292
demand_46 2 0 1098.570251
demand_47 2 1 295.963105
demand_48 2 3 437.375148
demand_49 2 4 309.935691
demand_50 2 5 275.017189
demand_51 2 6 2407.939399
demand_52 2 7 288.668617
demand_53 2 8 255.149420
demand_54 2 9 601.303642
demand_55 2 10 1845.271868
demand_56 2 11 847.244363
demand_57 2 12 3299.939070
demand_58 2 13 1838.980238
demand_59 2 14 1803.279312
demand_60 2 15 480.249388
demand_61 2 16 1025.145931
demand_62 2 17 543.878362
demand_63 2 18 643.047906
demand_64 2 19 2115.291617
demand_65 2 20 80.791502
demand_66 2 21 611.142556
demand_67 2 22 183.409024
demand_68 2 23 88.165493
demand_69 3 0 52.929310
demand_70 3 1 14.259555
demand_71 3 2 23.258292
demand_72 3 4 14.932757
demand_73 3 5 13.250377
demand_74 3 6 116.014949
demand_75 3 7 13.908105
demand_76 3 8 12.293144
demand_77 3 9 28.970916
demand_78 3 10 88.905527
demand_79 3 11 40.820384
demand_80 3 12 158.991652
demand_81 3 13 88.602395
demand_82 3 14 86.882318
demand_83 3 15 23.138501
demand_84 3 16 49.391713
demand_85 3 17 26.204156
demand_86 3 18 30.982163
demand_87 3 19 101.915127
demand_88 3 20 3.892549
demand_89 3 21 29.444957
demand_90 3 22 8.836679
demand_91 3 23 4.247829
demand_92 4 0 1499.216258
demand_93 4 1 403.900158
demand_94 4 2 658.788295
demand_95 4 3 596.884844
demand_96 4 5 375.315316
demand_97 4 6 3286.109279
demand_98 4 7 393.945388
demand_99 4 8 348.201818
demand_100 4 9 820.597677
demand_101 4 10 2518.238213
demand_102 4 11 1156.232406
demand_103 4 12 4503.419149
demand_104 4 13 2509.652040
demand_105 4 14 2460.931069
demand_106 4 15 655.395219
demand_107 4 16 1399.014260
demand_108 4 17 742.229532
demand_109 4 18 877.565977
demand_110 4 19 2886.733535
demand_111 4 20 110.255975
demand_112 4 21 834.024820
demand_113 4 22 250.297868
demand_114 4 23 120.319243
demand_115 5 0 1933.148413
demand_116 5 1 520.804751
demand_117 5 2 849.467540
demand_118 5 3 769.646795
demand_119 5 4 545.392239
demand_120 5 6 4237.238560
demand_121 5 7 507.968679
demand_122 5 8 448.985120
demand_123 5 9 1058.110922
demand_124 5 10 3247.115404
demand_125 5 11 1490.891543
demand_126 5 12 5806.885788
demand_127 5 13 3236.044055
demand_128 5 14 3173.221319
demand_129 5 15 845.092375
demand_130 5 16 1803.944016
demand_131 5 17 957.059953
demand_132 5 18 1131.568089
demand_133 5 19 3722.267767
demand_134 5 20 142.168391
demand_135 5 21 1075.424409
demand_136 5 22 322.743916
demand_137 5 23 155.144364
demand_138 6 0 114.178759
demand_139 6 1 30.760618
demand_140 6 2 50.172635
demand_141 6 3 45.458132
demand_142 6 4 32.212844
demand_143 6 5 28.583626
demand_144 6 7 30.002473
demand_145 6 8 26.518690
demand_146 6 9 62.495870
demand_147 6 10 191.786417
demand_148 6 11 88.057464
demand_149 6 12 342.975744
demand_150 6 13 191.132503
demand_151 6 14 187.421964
demand_152 6 15 49.914222
demand_153 6 16 106.547479
demand_154 6 17 56.527433
demand_155 6 18 66.834517
demand_156 6 19 219.850640
demand_157 6 20 8.396981
demand_158 6 21 63.518468
demand_159 6 22 19.062427
demand_160 6 23 9.163389
demand_161 7 0 1674.911846
demand_162 7 1 451.233874
demand_163 7 2 735.992765
demand_164 7 3 666.834748
demand_165 7 4 472.536881
demand_166 7 5 419.299127
demand_167 7 6 3671.213761
demand_168 7 8 389.008154
demand_169 7 9 916.764851
demand_170 7 10 2813.354639
demand_171 7 11 1291.733159
demand_172 7 12 5031.182152
demand_173 7 13 2803.762238
demand_174 7 14 2749.331578
demand_175 7 15 732.202049
demand_176 7 16 1562.967013
demand_177 7 17 829.212616
demand_178 7 18 980.409359
demand_179 7 19 3225.034525
demand_180 7 20 123.177052
demand_181 7 21 931.765543
demand_182 7 22 279.630681
demand_183 7 23 134.419650
demand_184 8 0 507.122990
demand_185 8 1 136.622755
demand_186 8 2 222.840893
demand_187 8 3 201.901510
demand_188 8 4 143.072793
demand_189 8 5 126.953683
demand_190 8 6 1111.555156
demand_191 8 7 133.255467
demand_192 8 9 277.574329
demand_193 8 10 851.816064
demand_194 8 11 391.105707
demand_195 8 12 1523.320849
demand_196 8 13 848.911715
demand_197 8 14 832.431422
demand_198 8 15 221.693155
demand_199 8 16 473.228789
demand_200 8 17 251.065620
demand_201 8 18 296.844354
demand_202 8 19 976.462824
demand_203 8 20 37.295046
demand_204 8 21 282.116178
demand_205 8 22 84.665439
demand_206 8 23 40.699034
demand_207 9 0 1125.209645
demand_208 9 1 303.139958
demand_209 9 2 494.441639
demand_210 9 3 447.981123
demand_211 9 4 317.451368
demand_212 9 5 281.686122
demand_213 9 6 2466.329880
demand_214 9 7 295.668586
demand_215 9 8 261.336576
demand_216 9 10 1890.018141
demand_217 9 11 867.789318
demand_218 9 12 3379.959785
demand_219 9 13 1883.573944
demand_220 9 14 1847.007301
demand_221 9 15 491.895027
demand_222 9 16 1050.004848
demand_223 9 17 557.066950
demand_224 9 18 658.641271
demand_225 9 19 2166.585640
demand_226 9 20 82.750628
demand_227 9 21 625.962243
demand_228 9 22 187.856537
demand_229 9 23 90.303431
demand_230 10 0 122.337782
demand_231 10 1 32.958720
demand_232 10 2 53.757887
demand_233 10 3 48.706494
demand_234 10 4 34.514720
demand_235 10 5 30.626164
demand_236 10 6 268.150320
demand_237 10 7 32.146400
demand_238 10 8 28.413671
demand_239 10 9 66.961720
demand_240 10 11 94.349902
demand_241 10 12 367.484214
demand_242 10 13 204.790511
demand_243 10 14 200.814823
demand_244 10 15 53.481008
demand_245 10 16 114.161183
demand_246 10 17 60.566789
demand_247 10 18 71.610399
demand_248 10 19 235.560797
demand_249 10 20 8.997015
demand_250 10 21 68.057391
demand_251 10 22 20.424596
demand_252 10 23 9.818189
demand_253 11 0 4823.690552
demand_254 11 1 1299.538588
demand_255 11 2 2119.634747
demand_256 11 3 1920.461952
demand_257 11 4 1360.890542
demand_258 11 5 1207.567576
demand_259 11 6 10572.973844
demand_260 11 7 1267.509366
demand_261 11 8 1120.330579
demand_262 11 9 2640.252358
demand_263 11 10 8102.368029
demand_264 11 12 14489.637695
demand_265 11 13 8074.742233
demand_266 11 14 7917.983737
demand_267 11 15 2108.717612
demand_268 11 16 4501.293149
demand_269 11 17 2388.104826
demand_270 11 18 2823.546430
demand_271 11 19 9287.992446
demand_272 11 20 354.745822
demand_273 11 21 2683.453855
demand_274 11 22 805.327085
demand_275 11 23 387.124133
demand_276 12 0 244.727789
demand_277 12 1 65.931511
demand_278 12 2 107.538724
demand_279 12 3 97.433781
demand_280 12 4 69.044175
demand_281 12 5 61.265403
demand_282 12 6 536.415113
demand_283 12 7 64.306522
demand_284 12 8 56.839472
demand_285 12 9 133.952026
demand_286 12 10 411.070029
demand_287 12 11 188.740083
demand_288 12 13 409.668447
demand_289 12 14 401.715374
demand_290 12 15 106.984848
demand_291 12 16 228.371101
demand_292 12 17 121.159433
demand_293 12 18 143.251369
demand_294 12 19 471.222155
demand_295 12 20 17.997871
demand_296 12 21 136.143835
demand_297 12 22 40.857911
demand_298 12 23 19.640570
demand_299 13 0 2138.308618
demand_300 13 1 576.076457
demand_301 13 2 939.619405
demand_302 13 3 851.327484
demand_303 13 4 603.273353
demand_304 13 5 535.306344
demand_305 13 6 4686.926087
demand_306 13 7 561.878124
demand_307 13 8 496.634787
demand_308 13 9 1170.405587
demand_309 13 10 3591.723639
demand_310 13 11 1649.116132
demand_311 13 12 6423.156049
demand_312 13 14 3509.987359
demand_313 13 15 934.779914
demand_314 13 16 1995.392081
demand_315 13 17 1058.630332
demand_316 13 18 1251.658579
demand_317 13 19 4117.302732
demand_318 13 20 157.256366
demand_319 13 21 1189.556511
demand_320 13 22 356.995920
demand_321 13 23 171.609447
demand_322 14 0 136.044676
demand_323 14 1 36.651461
demand_324 14 2 59.780995
demand_325 14 3 54.163637
demand_326 14 4 38.381797
demand_327 14 5 34.057562
demand_328 14 6 298.194252
demand_329 14 7 35.748127
demand_330 14 8 31.597178
demand_331 14 9 74.464204
demand_332 14 10 228.514665
demand_333 14 11 104.920996
demand_334 14 12 408.657653
demand_335 14 13 227.735523
demand_336 14 15 59.473094
demand_337 14 16 126.951959
demand_338 14 17 67.352775
demand_339 14 18 79.633727
demand_340 14 19 261.953354
demand_341 14 20 10.005053
demand_342 14 21 75.682635
demand_343 14 22 22.712996
demand_344 14 23 10.918233
demand_345 15 0 1371.954987
demand_346 15 1 369.615013
demand_347 15 2 602.866919
demand_348 15 3 546.218155
demand_349 15 4 387.064748
demand_350 15 5 343.456600
demand_351 15 6 3007.167237
demand_352 15 7 360.505256
demand_353 15 8 318.644637
demand_354 15 9 750.941079
demand_355 15 10 2304.477060
demand_356 15 11 1058.085387
demand_357 15 12 4121.145517
demand_358 15 13 2296.619726
demand_359 15 14 2252.034445
demand_360 15 16 1280.258656
demand_361 15 17 679.225230
demand_362 15 18 803.073614
demand_363 15 19 2641.692583
demand_364 15 20 100.896874
demand_365 15 21 763.228457
demand_366 15 22 229.051283
demand_367 15 23 110.105920
demand_368 16 0 658.976216
demand_369 16 1 177.533159
demand_370 16 2 289.568510
demand_371 16 3 262.359025
demand_372 16 4 185.914600
demand_373 16 5 164.968773
demand_374 16 6 1444.399931
demand_375 16 7 173.157568
demand_376 16 8 153.051113
demand_377 16 9 360.691361
demand_378 16 10 1106.884401
demand_379 16 11 508.218645
demand_380 16 12 1979.465001
demand_381 16 13 1103.110373
demand_382 16 14 1081.695210
demand_383 16 15 288.077093
demand_384 16 17 326.244867
demand_385 16 18 385.731614
demand_386 16 19 1268.855465
demand_387 16 20 48.462698
demand_388 16 21 366.593223
demand_389 16 22 110.017712
demand_390 16 23 52.885979
demand_391 17 0 849.435988
demand_392 17 1 228.844457
demand_393 17 2 373.260684
demand_394 17 3 338.187012
demand_395 17 4 239.648333
demand_396 17 5 212.648665
demand_397 17 6 1861.865803
demand_398 17 7 223.204216
demand_399 17 8 197.286518
demand_400 17 9 464.939727
demand_401 17 10 1426.800272
demand_402 17 11 655.105900
demand_403 17 12 2551.577381
demand_404 17 13 1421.935460
demand_405 17 14 1394.330806
demand_406 17 15 371.338213
demand_407 17 16 792.662869
demand_408 17 18 497.217208
demand_409 17 19 1635.584819
demand_410 17 20 62.469569
demand_411 17 21 472.547368
demand_412 17 22 141.815442
demand_413 17 23 68.171282
demand_414 18 0 1334.873648
demand_415 18 1 359.625021
demand_416 18 2 586.572571
demand_417 18 3 531.454915
demand_418 18 4 376.603122
demand_419 18 5 334.173620
demand_420 18 6 2925.889215
demand_421 18 7 350.761483
demand_422 18 8 310.032277
demand_423 18 9 730.644567
demand_424 18 10 2242.191420
demand_425 18 11 1029.487348
demand_426 18 12 4009.758776
demand_427 18 13 2234.546454
demand_428 18 14 2191.166229
demand_429 18 15 583.551441
demand_430 18 16 1245.655695
demand_431 18 17 660.867061
demand_432 18 19 2570.292647
demand_433 18 20 98.169823
demand_434 18 21 742.599841
demand_435 18 22 222.860462
demand_436 18 23 107.129966
demand_437 19 0 172.812249
demand_438 19 1 46.556922
demand_439 19 2 75.937468
demand_440 19 3 68.801957
demand_441 19 4 48.754901
demand_442 19 5 43.261993
demand_443 19 6 378.784537
demand_444 19 7 45.409452
demand_445 19 8 40.136664
demand_446 19 9 94.588976
demand_447 19 10 290.273273
demand_448 19 11 133.277052
demand_449 19 12 519.101890
demand_450 19 13 289.283559
demand_451 19 14 283.667571
demand_452 19 15 75.546354
demand_453 19 16 161.262126
demand_454 19 17 85.555606
demand_455 19 18 101.155620
demand_456 19 20 12.709029
demand_457 19 21 96.136701
demand_458 19 22 28.851433
demand_459 19 23 13.869006
demand_460 20 0 584.813132
demand_461 20 1 157.553065
demand_462 20 2 256.979635
demand_463 20 3 232.832384
demand_464 20 4 164.991235
demand_465 20 5 146.402712
demand_466 20 6 1281.842997
demand_467 20 7 153.669916
demand_468 20 8 135.826299
demand_469 20 9 320.098115
demand_470 20 10 982.312438
demand_471 20 11 451.022253
demand_472 20 12 1756.690301
demand_473 20 13 978.963150
demand_474 20 14 959.958111
demand_475 20 15 255.656066
demand_476 20 16 545.726414
demand_477 20 17 289.528329
demand_478 20 18 342.320266
demand_479 20 19 1126.054812
demand_480 20 21 325.335765
demand_481 20 22 97.636001
demand_482 20 23 46.934038
demand_483 21 0 109.918568
demand_484 21 1 29.612891
demand_485 21 2 48.300614
demand_486 21 3 43.762017
demand_487 21 4 31.010932
demand_488 21 5 27.517126
demand_489 21 6 240.928834
demand_490 21 7 28.883033
demand_491 21 8 25.529236
demand_492 21 9 60.164050
demand_493 21 10 184.630560
demand_494 21 11 84.771900
demand_495 21 12 330.178772
demand_496 21 13 184.001045
demand_497 21 14 180.428952
demand_498 21 15 48.051843
demand_499 21 16 102.572023
demand_500 21 17 54.418305
demand_501 21 18 64.340815
demand_502 21 19 211.647662
demand_503 21 20 8.083676
demand_504 21 22 18.351177
demand_505 21 23 8.821488
demand_506 22 0 531.658642
demand_507 22 1 143.232845
demand_508 22 2 233.622393
demand_509 22 3 211.669920
demand_510 22 4 149.994949
demand_511 22 5 133.095963
demand_512 22 6 1165.334479
demand_513 22 7 139.702641
demand_514 22 8 123.480855
demand_515 22 9 291.003946
demand_516 22 10 893.028675
demand_517 22 11 410.028205
demand_518 22 12 1597.022242
demand_519 22 13 889.983809
demand_520 22 14 872.706165
demand_521 22 15 232.419126
demand_522 22 16 496.124570
demand_523 22 17 263.212691
demand_524 22 18 311.206294
demand_525 22 19 1023.706102
demand_526 22 20 39.099457
demand_527 22 21 295.765538
demand_528 22 23 42.668137
demand_529 23 0 362.327622
demand_530 23 1 97.613792
demand_531 23 2 159.214653
demand_532 23 3 144.253949
demand_533 23 4 102.222195
demand_534 23 5 90.705464
demand_535 23 6 794.180397
demand_536 23 7 95.207943
demand_537 23 8 84.152727
demand_538 23 9 198.320425
demand_539 23 10 608.602835
demand_540 23 11 279.435963
demand_541 23 12 1088.377440
demand_542 23 13 606.527745
demand_543 23 14 594.752958
demand_544 23 15 158.394621
demand_545 23 16 338.111002
demand_546 23 17 179.380566
demand_547 23 18 212.088411
demand_548 23 19 697.660056
demand_549 23 20 26.646446
demand_550 23 21 201.565470
demand_551 23 22 60.491494
