DEMANDS 552
label src dest bw
demand_0 0 1 2134.903556
demand_1 0 2 752.122031
demand_2 0 3 181.287381
demand_3 0 4 448.316291
demand_4 0 5 2643.842040
demand_5 0 6 10.761193
demand_6 0 7 1214.071205
demand_7 0 8 1715.696666
demand_8 0 9 2306.084171
demand_9 0 10 1024.534575
demand_10 0 11 287.596035
demand_11 0 12 401.098281
demand_12 0 13 190.179207
demand_13 0 14 1147.541221
demand_14 0 15 1770.443800
demand_15 0 16 290.038337
demand_16 0 17 594.386155
demand_17 0 18 263.429360
demand_18 0 19 180.480179
demand_19 0 20 2046.956866
demand_20 0 21 147.170253
demand_21 0 22 690.689821
demand_22 0 23 1204.266537
demand_23 1 0 297.664294
demand_24 1 2 447.840731
demand_25 1 3 107.945081
demand_26 1 4 266.943777
demand_27 1 5 1574.239423
demand_28 1 6 6.407605
demand_29 1 7 722.902020
demand_30 1 8 1021.588010
demand_31 1 9 1373.126139
demand_32 1 10 610.045038
demand_33 1 11 171.245108
demand_34 1 12 238.828461
demand_35 1 13 113.239596
demand_36 1 14 683.287656
demand_37 1 15 1054.186439
demand_38 1 16 172.699343
demand_39 1 17 353.919071
demand_40 1 18 156.855393
demand_41 1 19 107.464443
demand_42 1 20 1218.832346
demand_43 1 21 87.630505
demand_44 1 22 411.261766
demand_45 1 23 717.063966
demand_46 2 0 460.205602
demand_47 2 1 1965.344551
demand_48 2 3 166.889116
demand_49 2 4 412.709969
demand_50 2 5 2433.861958
demand_51 2 6 9.906514
demand_52 2 7 1117.646847
demand_53 2 8 1579.432047
demand_54 2 9 2122.929604
demand_55 2 10 943.163657
demand_56 2 11 264.754489
demand_57 2 12 369.242123
demand_58 2 13 175.074732
demand_59 2 14 1056.400829
demand_60 2 15 1629.831037
demand_61 2 16 267.002818
demand_62 2 17 547.178625
demand_63 2 18 242.507188
demand_64 2 19 166.146024
demand_65 2 20 1884.382792
demand_66 2 21 135.481649
demand_67 2 22 635.833630
demand_68 2 23 1108.620888
demand_69 3 0 77.675989
demand_70 3 1 331.721476
demand_71 3 2 116.864778
demand_72 3 4 69.659419
demand_73 3 5 410.800376
demand_74 3 6 1.672075
demand_75 3 7 188.642475
demand_76 3 8 266.585077
demand_77 3 9 358.319532
demand_78 3 10 159.192260
demand_79 3 11 44.686694
demand_80 3 12 62.322681
demand_81 3 13 29.550060
demand_82 3 14 178.305041
demand_83 3 15 275.091691
demand_84 3 16 45.066179
demand_85 3 17 92.355766
demand_86 3 18 40.931674
demand_87 3 19 28.043024
demand_88 3 20 318.056312
demand_89 3 21 22.867325
demand_90 3 22 107.319437
demand_91 3 23 187.119025
demand_92 4 0 396.479527
demand_93 4 1 1693.197292
demand_94 4 2 596.509844
demand_95 4 3 143.779470
demand_96 4 5 2096.837664
demand_97 4 6 8.534729
demand_98 4 7 962.882876
demand_99 4 8 1360.723271
demand_100 4 9 1828.961062
demand_101 4 10 812.560906
demand_102 4 11 228.093127
demand_103 4 12 318.112039
demand_104 4 13 150.831599
demand_105 4 14 910.117782
demand_106 4 15 1404.143359
demand_107 4 16 230.030123
demand_108 4 17 471.409131
demand_109 4 18 208.926477
demand_110 4 19 143.139277
demand_111 4 20 1623.446555
demand_112 4 21 116.721092
demand_113 4 22 547.787806
demand_114 4 23 955.106770
demand_115 5 0 333.379307
demand_116 5 1 1423.722794
demand_117 5 2 501.574545
demand_118 5 3 120.896785
demand_119 5 4 298.972814
demand_120 5 6 7.176416
demand_121 5 7 809.638845
demand_122 5 8 1144.162435
demand_123 5 9 1537.879587
demand_124 5 10 683.240807
demand_125 5 11 191.791816
demand_126 5 12 267.484104
demand_127 5 13 126.826559
demand_128 5 14 765.271382
demand_129 5 15 1180.672161
demand_130 5 16 193.420537
demand_131 5 17 396.383769
demand_132 5 18 175.675563
demand_133 5 19 120.358479
demand_134 5 20 1365.072975
demand_135 5 21 98.144782
demand_136 5 22 460.606682
demand_137 5 23 803.100315
demand_138 6 0 789.292495
demand_139 6 1 3370.736250
demand_140 6 2 1187.503290
demand_141 6 3 286.229298
demand_142 6 4 707.833368
demand_143 6 5 4174.284211
demand_144 6 7 1916.861213
demand_145 6 8 2708.862858
demand_146 6 9 3641.008274
demand_147 6 10 1617.607419
demand_148 6 11 454.076897
demand_149 6 12 633.282244
demand_150 6 13 300.268340
demand_151 6 14 1811.818984
demand_152 6 15 2795.301493
demand_153 6 16 457.932975
demand_154 6 17 938.458768
demand_155 6 18 415.920846
demand_156 6 19 284.954831
demand_157 6 20 3231.879816
demand_158 6 21 232.362771
demand_159 6 22 1090.509786
demand_160 6 23 1901.380912
demand_161 7 0 7.557487
demand_162 7 1 32.274850
demand_163 7 2 11.370362
demand_164 7 3 2.740650
demand_165 7 4 6.777515
demand_166 7 5 39.968833
demand_167 7 6 0.162685
demand_168 7 8 25.937402
demand_169 7 9 34.862708
demand_170 7 10 15.488615
demand_171 7 11 4.347793
demand_172 7 12 6.063687
demand_173 7 13 2.875074
demand_174 7 14 17.348194
demand_175 7 15 26.765053
demand_176 7 16 4.384715
demand_177 7 17 8.985757
demand_178 7 18 3.982448
demand_179 7 19 2.728447
demand_180 7 20 30.945297
demand_181 7 21 2.224877
demand_182 7 22 10.441647
demand_183 7 23 18.205750
demand_184 8 0 915.069603
demand_185 8 1 3907.877373
demand_186 8 2 1376.736978
demand_187 8 3 331.841151
demand_188 8 4 820.629618
demand_189 8 5 4839.474112
demand_190 8 6 19.698043
demand_191 8 7 2222.321181
demand_192 8 9 4221.218391
demand_193 8 10 1875.380025
demand_194 8 11 526.435977
demand_195 8 12 734.198457
demand_196 8 13 348.117374
demand_197 8 14 2100.540027
demand_198 8 15 3240.744646
demand_199 8 16 530.906537
demand_200 8 17 1088.006154
demand_201 8 18 482.199597
demand_202 8 19 330.363592
demand_203 8 20 3746.893577
demand_204 8 21 269.390764
demand_205 8 22 1264.287147
demand_206 8 23 2204.374028
demand_207 9 0 813.562988
demand_208 9 1 3474.385316
demand_209 9 2 1224.018638
demand_210 9 3 295.030758
demand_211 9 4 729.599018
demand_212 9 5 4302.642121
demand_213 9 6 17.512984
demand_214 9 7 1975.804085
demand_215 9 8 2792.159527
demand_216 9 10 1667.348332
demand_217 9 11 468.039617
demand_218 9 12 652.755472
demand_219 9 13 309.501496
demand_220 9 14 1867.531841
demand_221 9 15 2881.256123
demand_222 9 16 472.014268
demand_223 9 17 967.316076
demand_224 9 18 428.710279
demand_225 9 19 293.717101
demand_226 9 20 3331.259090
demand_227 9 21 239.507852
demand_228 9 22 1124.042614
demand_229 9 23 1959.847769
demand_230 10 0 142.591601
demand_231 10 1 608.948751
demand_232 10 2 214.531364
demand_233 10 3 51.709467
demand_234 10 4 127.875400
demand_235 10 5 754.115709
demand_236 10 6 3.069467
demand_237 10 7 346.295336
demand_238 10 8 489.376365
demand_239 10 9 657.775416
demand_240 10 11 82.032392
demand_241 10 12 114.407181
demand_242 10 13 54.245725
demand_243 10 14 327.318670
demand_244 10 15 504.992152
demand_245 10 16 82.729022
demand_246 10 17 169.539606
demand_247 10 18 75.139216
demand_248 10 19 51.479225
demand_249 10 20 583.863296
demand_250 10 21 41.978075
demand_251 10 22 197.008761
demand_252 10 23 343.498703
demand_253 11 0 163.269528
demand_254 11 1 697.255480
demand_255 11 2 245.641639
demand_256 11 3 59.208117
demand_257 11 4 146.419256
demand_258 11 5 863.473830
demand_259 11 6 3.514585
demand_260 11 7 396.513368
demand_261 11 8 560.343299
demand_262 11 9 753.162746
demand_263 11 10 334.611062
demand_264 11 12 130.997943
demand_265 11 13 62.112171
demand_266 11 14 374.784801
demand_267 11 15 578.223610
demand_268 11 16 94.725974
demand_269 11 17 194.125399
demand_270 11 18 86.035533
demand_271 11 19 58.944486
demand_272 11 20 668.532256
demand_273 11 21 48.065527
demand_274 11 22 225.577995
demand_275 11 23 393.311182
demand_276 12 0 77.086359
demand_277 12 1 329.203413
demand_278 12 2 115.977670
demand_279 12 3 27.954623
demand_280 12 4 69.130642
demand_281 12 5 407.682034
demand_282 12 6 1.659382
demand_283 12 7 187.210511
demand_284 12 8 264.561459
demand_285 12 9 355.599567
demand_286 12 10 157.983848
demand_287 12 11 44.347482
demand_288 12 13 29.325748
demand_289 12 14 176.951547
demand_290 12 15 273.003500
demand_291 12 16 44.724086
demand_292 12 17 91.654703
demand_293 12 18 40.620966
demand_294 12 19 27.830152
demand_295 12 20 315.641981
demand_296 12 21 22.693742
demand_297 12 22 106.504786
demand_298 12 23 185.698625
demand_299 13 0 162.261661
demand_300 13 1 692.951304
demand_301 13 2 244.125287
demand_302 13 3 58.842624
demand_303 13 4 145.515406
demand_304 13 5 858.143584
demand_305 13 6 3.492890
demand_306 13 7 394.065681
demand_307 13 8 556.884286
demand_308 13 9 748.513453
demand_309 13 10 332.545500
demand_310 13 11 93.348501
demand_311 13 12 130.189289
demand_312 13 14 372.471245
demand_313 13 15 574.654221
demand_314 13 16 94.141229
demand_315 13 17 192.927058
demand_316 13 18 85.504433
demand_317 13 19 58.580621
demand_318 13 20 664.405390
demand_319 13 21 47.768818
demand_320 13 22 224.185496
demand_321 13 23 390.883262
demand_322 14 0 309.141435
demand_323 14 1 1320.213037
demand_324 14 2 465.108275
demand_325 14 3 112.107155
demand_326 14 4 277.236417
demand_327 14 5 1634.937896
demand_328 14 6 6.654665
demand_329 14 7 750.775194
demand_330 14 8 1060.977719
demand_331 14 9 1426.070221
demand_332 14 10 633.566748
demand_333 14 11 177.847863
demand_334 14 12 248.037050
demand_335 14 13 117.605813
demand_336 14 15 1094.833057
demand_337 14 16 179.358169
demand_338 14 17 367.565246
demand_339 14 18 162.903319
demand_340 14 19 111.607986
demand_341 14 20 1265.827270
demand_342 14 21 91.009304
demand_343 14 22 427.118923
demand_344 14 23 744.712040
demand_345 15 0 137.213986
demand_346 15 1 585.983219
demand_347 15 2 206.440655
demand_348 15 3 49.759326
demand_349 15 4 123.052783
demand_350 15 5 725.675436
demand_351 15 6 2.953706
demand_352 15 7 333.235359
demand_353 15 8 470.920315
demand_354 15 9 632.968464
demand_355 15 10 281.211798
demand_356 15 11 78.938671
demand_357 15 12 110.092496
demand_358 15 13 52.199934
demand_359 15 14 314.974368
demand_360 15 16 79.609029
demand_361 15 17 163.145689
demand_362 15 18 72.305460
demand_363 15 19 49.537768
demand_364 15 20 561.843822
demand_365 15 21 40.394939
demand_366 15 22 189.578889
demand_367 15 23 330.544197
demand_368 16 0 567.133860
demand_369 16 1 2421.990164
demand_370 16 2 853.262040
demand_371 16 3 205.665615
demand_372 16 4 508.602669
demand_373 16 5 2999.367068
demand_374 16 6 12.208281
demand_375 16 7 1377.330844
demand_376 16 8 1946.411321
demand_377 16 9 2616.189928
demand_378 16 10 1162.306680
demand_379 16 11 326.269900
demand_380 16 12 455.035118
demand_381 16 13 215.753151
demand_382 16 14 1301.854382
demand_383 16 15 2008.520459
demand_384 16 17 674.314968
demand_385 16 18 298.853462
demand_386 16 19 204.749867
demand_387 16 20 2322.217031
demand_388 16 21 166.960659
demand_389 16 22 783.568864
demand_390 16 23 1366.207714
demand_391 17 0 152.801531
demand_392 17 1 652.551068
demand_393 17 2 229.892368
demand_394 17 3 55.411999
demand_395 17 4 137.031611
demand_396 17 5 808.112358
demand_397 17 6 3.289248
demand_398 17 7 371.090984
demand_399 17 8 524.416988
demand_400 17 9 704.873850
demand_401 17 10 313.157533
demand_402 17 11 87.906125
demand_403 17 12 122.599033
demand_404 17 13 58.129860
demand_405 17 14 350.755540
demand_406 17 15 541.150905
demand_407 17 16 88.652635
demand_408 17 18 80.519380
demand_409 17 19 55.165271
demand_410 17 20 625.669429
demand_411 17 21 44.983814
demand_412 17 22 211.115101
demand_413 17 23 368.094105
demand_414 18 0 149.192798
demand_415 18 1 637.139686
demand_416 18 2 224.462971
demand_417 18 3 54.103327
demand_418 18 4 133.795318
demand_419 18 5 789.027066
demand_420 18 6 3.211566
demand_421 18 7 362.326881
demand_422 18 8 512.031765
demand_423 18 9 688.226754
demand_424 18 10 305.761652
demand_425 18 11 85.830035
demand_426 18 12 119.703596
demand_427 18 13 56.757000
demand_428 18 14 342.471702
demand_429 18 15 528.370476
demand_430 18 16 86.558915
demand_431 18 17 177.388345
demand_432 18 19 53.862426
demand_433 18 20 610.892914
demand_434 18 21 43.921426
demand_435 18 22 206.129169
demand_436 18 23 359.400780
demand_437 19 0 632.293791
demand_438 19 1 2700.260823
demand_439 19 2 951.296208
demand_440 19 3 229.295235
demand_441 19 4 567.037754
demand_442 19 5 3343.974516
demand_443 19 6 13.610932
demand_444 19 7 1535.577053
demand_445 19 8 2170.041115
demand_446 19 9 2916.772856
demand_447 19 10 1295.848034
demand_448 19 11 363.756154
demand_449 19 12 507.315645
demand_450 19 13 240.541761
demand_451 19 14 1451.428845
demand_452 19 15 2239.286183
demand_453 19 16 366.845217
demand_454 19 17 751.789300
demand_455 19 18 333.189749
demand_456 19 20 2589.024416
demand_457 19 21 186.143335
demand_458 19 22 873.595747
demand_459 19 23 1523.175949
demand_460 20 0 187.612138
demand_461 20 1 801.212527
demand_462 20 2 282.265488
demand_463 20 3 68.035729
demand_464 20 4 168.249581
demand_465 20 5 992.213141
demand_466 20 6 4.038591
demand_467 20 7 455.631382
demand_468 20 8 643.887476
demand_469 20 9 865.455267
demand_470 20 10 384.499775
demand_471 20 11 107.932532
demand_472 20 12 150.529033
demand_473 20 13 71.372762
demand_474 20 14 430.663202
demand_475 20 15 664.433645
demand_476 20 16 108.849109
demand_477 20 17 223.068453
demand_478 20 18 98.862969
demand_479 20 19 67.732793
demand_480 20 21 55.231839
demand_481 20 22 259.210462
demand_482 20 23 451.951767
demand_483 21 0 323.874503
demand_484 21 1 1383.131772
demand_485 21 2 487.274414
demand_486 21 3 117.449960
demand_487 21 4 290.448955
demand_488 21 5 1712.855795
demand_489 21 6 6.971813
demand_490 21 7 786.555652
demand_491 21 8 1111.541814
demand_492 21 9 1494.033900
demand_493 21 10 663.761283
demand_494 21 11 186.323739
demand_495 21 12 259.858004
demand_496 21 13 123.210673
demand_497 21 14 743.453126
demand_498 21 15 1147.010629
demand_499 21 16 187.906024
demand_500 21 17 385.082677
demand_501 21 18 170.666968
demand_502 21 19 116.927001
demand_503 21 20 1326.154088
demand_504 21 22 447.474564
demand_505 21 23 780.203539
demand_506 22 0 2053.556677
demand_507 22 1 8769.876792
demand_508 22 2 3089.609145
demand_509 22 3 744.702490
demand_510 22 4 1841.618852
demand_511 22 5 10860.522898
demand_512 22 6 44.205433
demand_513 22 7 4987.229916
demand_514 22 8 7047.835174
demand_515 22 9 9473.062141
demand_516 22 10 4208.640698
demand_517 22 11 1181.403154
demand_518 22 12 1647.654057
demand_519 22 13 781.228832
demand_520 22 14 4713.934310
demand_521 22 15 7272.728528
demand_522 22 16 1191.435778
demand_523 22 17 2441.652849
demand_524 22 18 1082.129927
demand_525 22 19 741.386621
demand_526 22 20 8408.604438
demand_527 22 21 604.554234
demand_528 22 23 4946.953750
demand_529 23 0 319.655979
demand_530 23 1 1365.116229
demand_531 23 2 480.927576
demand_532 23 3 115.920153
demand_533 23 4 286.665804
demand_534 23 5 1690.545536
demand_535 23 6 6.881004
demand_536 23 7 776.310621
demand_537 23 8 1097.063779
demand_538 23 9 1474.573837
demand_539 23 10 655.115671
demand_540 23 11 183.896839
demand_541 23 12 256.473306
demand_542 23 13 121.605831
demand_543 23 14 733.769514
demand_544 23 15 1132.070607
demand_545 23 16 185.458514
demand_546 23 17 380.066905
demand_547 23 18 168.444000
demand_548 23 19 115.404005
demand_549 23 20 1308.880690
demand_550 23 21 94.104720
demand_551 23 22 441.646126
