DEMANDS 552
label src dest bw
demand_0 0 1 409.954957
demand_1 0 2 1087.026262
demand_2 0 3 621.835141
demand_3 0 4 1021.287795
demand_4 0 5 230.313851
demand_5 0 6 856.539644
demand_6 0 7 290.873689
demand_7 0 8 2418.806463
demand_8 0 9 2040.343107
demand_9 0 10 1863.251242
demand_10 0 11 448.710624
demand_11 0 12 54.819874
demand_12 0 13 969.317503
demand_13 0 14 430.558264
demand_14 0 15 27.267039
demand_15 0 16 1304.939321
demand_16 0 17 810.441412
demand_17 0 18 423.213373
demand_18 0 19 1491.568223
demand_19 0 20 28.713381
demand_20 0 21 332.815996
demand_21 0 22 188.763940
demand_22 0 23 469.888338
demand_23 1 0 918.407945
demand_24 1 2 212.210939
demand_25 1 3 121.395613
demand_26 1 4 199.377374
demand_27 1 5 44.962224
demand_28 1 6 167.214987
demand_29 1 7 56.784809
demand_30 1 8 472.203118
demand_31 1 9 398.318919
demand_32 1 10 363.746773
demand_33 1 11 87.597978
demand_34 1 12 10.702020
demand_35 1 13 189.231654
demand_36 1 14 84.054247
demand_37 1 15 5.323113
demand_38 1 16 254.752261
demand_39 1 17 158.215619
demand_40 1 18 82.620366
demand_41 1 19 291.186243
demand_42 1 20 5.605470
demand_43 1 21 64.972851
demand_44 1 22 36.850787
demand_45 1 23 91.732324
demand_46 2 0 2441.634799
demand_47 2 1 212.769291
demand_48 2 3 322.736485
demand_49 2 4 530.055012
demand_50 2 5 119.534388
demand_51 2 6 444.549650
demand_52 2 7 150.965338
demand_53 2 8 1255.376296
demand_54 2 9 1058.951351
demand_55 2 10 967.039521
demand_56 2 11 232.883734
demand_57 2 12 28.451872
demand_58 2 13 503.082092
demand_59 2 14 223.462541
demand_60 2 15 14.151771
demand_61 2 16 677.272000
demand_62 2 17 420.624367
demand_63 2 18 219.650495
demand_64 2 19 774.133615
demand_65 2 20 14.902432
demand_66 2 21 172.733668
demand_67 2 22 97.969713
demand_68 2 23 243.875106
demand_69 3 0 5603.956342
demand_70 3 1 488.340770
demand_71 3 2 1294.872112
demand_72 3 4 1216.564062
demand_73 3 5 274.351222
demand_74 3 6 1020.315090
demand_75 3 7 346.490459
demand_76 3 8 2881.296563
demand_77 3 9 2430.468776
demand_78 3 10 2219.515899
demand_79 3 11 534.506749
demand_80 3 12 65.301758
demand_81 3 13 1154.656742
demand_82 3 14 512.883550
demand_83 3 15 32.480659
demand_84 3 16 1554.451436
demand_85 3 17 965.402603
demand_86 3 18 504.134273
demand_87 3 19 1776.764888
demand_88 3 20 34.203549
demand_89 3 21 396.452383
demand_90 3 22 224.856722
demand_91 3 23 559.733767
demand_92 4 0 1933.766827
demand_93 4 1 168.512587
demand_94 4 2 446.823741
demand_95 4 3 255.606248
demand_96 4 5 94.670847
demand_97 4 6 352.081878
demand_98 4 7 119.564057
demand_99 4 8 994.253947
demand_100 4 9 838.686029
demand_101 4 10 765.892158
demand_102 4 11 184.443161
demand_103 4 12 22.533790
demand_104 4 13 398.439382
demand_105 4 14 176.981606
demand_106 4 15 11.208157
demand_107 4 16 536.397223
demand_108 4 17 333.133132
demand_109 4 18 173.962478
demand_110 4 19 613.111307
demand_111 4 20 11.802677
demand_112 4 21 136.804504
demand_113 4 22 77.591695
demand_114 4 23 193.148291
demand_115 5 0 2497.039182
demand_116 5 1 217.597348
demand_117 5 2 576.975658
demand_118 5 3 330.059864
demand_119 5 4 542.082761
demand_120 5 6 454.637153
demand_121 5 7 154.390969
demand_122 5 8 1283.862681
demand_123 5 9 1082.980557
demand_124 5 10 988.983108
demand_125 5 11 238.168218
demand_126 5 12 29.097487
demand_127 5 13 514.497785
demand_128 5 14 228.533244
demand_129 5 15 14.472896
demand_130 5 16 692.640325
demand_131 5 17 430.168969
demand_132 5 18 224.634697
demand_133 5 19 791.699876
demand_134 5 20 15.240590
demand_135 5 21 176.653256
demand_136 5 22 100.192794
demand_137 5 23 249.409000
demand_138 6 0 3809.261393
demand_139 6 1 331.947204
demand_140 6 2 880.182864
demand_141 6 3 503.510039
demand_142 6 4 826.953357
demand_143 6 5 186.488875
demand_144 6 7 235.525162
demand_145 6 8 1958.546978
demand_146 6 9 1652.099037
demand_147 6 10 1508.704870
demand_148 6 11 363.328298
demand_149 6 12 44.388545
demand_150 6 13 784.872165
demand_151 6 14 348.630037
demand_152 6 15 22.078566
demand_153 6 16 1056.630616
demand_154 6 17 656.227607
demand_155 6 18 342.682760
demand_156 6 19 1207.747077
demand_157 6 20 23.249692
demand_158 6 21 269.486531
demand_159 6 22 152.845236
demand_160 6 23 380.476239
demand_161 7 0 366.993490
demand_162 7 1 31.980600
demand_163 7 2 84.798954
demand_164 7 3 48.509380
demand_165 7 4 79.670694
demand_166 7 5 17.966791
demand_167 7 6 66.818685
demand_168 7 8 188.691171
demand_169 7 9 159.167232
demand_170 7 10 145.352290
demand_171 7 11 35.003930
demand_172 7 12 4.276500
demand_173 7 13 75.616490
demand_174 7 14 33.587864
demand_175 7 15 2.127103
demand_176 7 16 101.798359
demand_177 7 17 63.222561
demand_178 7 18 33.014889
demand_179 7 19 116.357285
demand_180 7 20 2.239932
demand_181 7 21 25.962987
demand_182 7 22 14.725481
demand_183 7 23 36.656004
demand_184 8 0 5105.900022
demand_185 8 1 444.939074
demand_186 8 2 1179.789267
demand_187 8 3 674.900369
demand_188 8 4 1108.440910
demand_189 8 5 249.968027
demand_190 8 6 929.633730
demand_191 8 7 315.695829
demand_192 8 9 2214.458825
demand_193 8 10 2022.254562
demand_194 8 11 487.002013
demand_195 8 12 59.498010
demand_196 8 13 1052.035656
demand_197 8 14 467.300595
demand_198 8 15 29.593913
demand_199 8 16 1416.298261
demand_200 8 17 879.601637
demand_201 8 18 459.328917
demand_202 8 19 1618.853419
demand_203 8 20 31.163680
demand_204 8 21 361.217345
demand_205 8 22 204.872392
demand_206 8 23 509.986959
demand_207 9 0 2621.656909
demand_208 9 1 228.456803
demand_209 9 2 605.770319
demand_210 9 3 346.531896
demand_211 9 4 569.136050
demand_212 9 5 128.347676
demand_213 9 6 477.326364
demand_214 9 7 162.096035
demand_215 9 8 1347.935383
demand_216 9 10 1038.339493
demand_217 9 11 250.054288
demand_218 9 12 30.549632
demand_219 9 13 540.174412
demand_220 9 14 239.938469
demand_221 9 15 15.195183
demand_222 9 16 727.207369
demand_223 9 17 451.637066
demand_224 9 18 235.845360
demand_225 9 19 831.210605
demand_226 9 20 16.001190
demand_227 9 21 185.469348
demand_228 9 22 105.193035
demand_229 9 23 261.856055
demand_230 10 0 8353.768462
demand_231 10 1 727.965293
demand_232 10 2 1930.254476
demand_233 10 3 1104.205213
demand_234 10 4 1813.521354
demand_235 10 5 408.972955
demand_236 10 6 1520.974736
demand_237 10 7 516.510281
demand_238 10 8 4295.123461
demand_239 10 9 3623.078441
demand_240 10 11 796.784512
demand_241 10 12 97.344757
demand_242 10 13 1721.236656
demand_243 10 14 764.551001
demand_244 10 15 48.418632
demand_245 10 16 2317.207093
demand_246 10 17 1439.117174
demand_247 10 18 751.508530
demand_248 10 19 2648.607802
demand_249 10 20 50.986930
demand_250 10 21 590.988083
demand_251 10 22 335.191939
demand_252 10 23 834.390207
demand_253 11 0 8382.529199
demand_254 11 1 730.471565
demand_255 11 2 1936.900044
demand_256 11 3 1108.006821
demand_257 11 4 1819.765028
demand_258 11 5 410.380985
demand_259 11 6 1526.211217
demand_260 11 7 518.288547
demand_261 11 8 4309.910909
demand_262 11 9 3635.552142
demand_263 11 10 3320.003885
demand_264 11 12 97.679900
demand_265 11 13 1727.162609
demand_266 11 14 767.183232
demand_267 11 15 48.585330
demand_268 11 16 2325.184880
demand_269 11 17 1444.071833
demand_270 11 18 754.095858
demand_271 11 19 2657.726550
demand_272 11 20 51.162470
demand_273 11 21 593.022764
demand_274 11 22 336.345953
demand_275 11 23 837.262884
demand_276 12 0 2178.716258
demand_277 12 1 189.858006
demand_278 12 2 503.422716
demand_279 12 3 287.983784
demand_280 12 4 472.977971
demand_281 12 5 106.662763
demand_282 12 6 396.679942
demand_283 12 7 134.709186
demand_284 12 8 1120.195677
demand_285 12 9 944.922036
demand_286 12 10 862.907396
demand_287 12 11 207.806498
demand_288 12 13 448.909532
demand_289 12 14 199.399792
demand_290 12 15 12.627889
demand_291 12 16 604.342434
demand_292 12 17 375.330966
demand_293 12 18 195.998232
demand_294 12 19 690.773859
demand_295 12 20 13.297718
demand_296 12 21 154.133473
demand_297 12 22 87.420202
demand_298 12 23 217.614304
demand_299 13 0 7044.286487
demand_300 13 1 613.854226
demand_301 13 2 1627.680439
demand_302 13 3 931.117243
demand_303 13 4 1529.245636
demand_304 13 5 344.865036
demand_305 13 6 1282.556708
demand_306 13 7 435.545516
demand_307 13 8 3621.848067
demand_308 13 9 3055.148419
demand_309 13 10 2789.976384
demand_310 13 11 671.885796
demand_311 13 12 82.085631
demand_312 13 14 644.704998
demand_313 13 15 40.828845
demand_314 13 16 1953.976901
demand_315 13 17 1213.530601
demand_316 13 18 633.706980
demand_317 13 19 2233.429408
demand_318 13 20 42.994553
demand_319 13 21 498.348666
demand_320 13 22 282.649448
demand_321 13 23 703.596669
demand_322 14 0 13116.628477
demand_323 14 1 1143.011125
demand_324 14 2 3030.779574
demand_325 14 3 1733.762386
demand_326 14 4 2847.491637
demand_327 14 5 642.146874
demand_328 14 6 2388.151003
demand_329 14 7 810.996079
demand_330 14 8 6743.966983
demand_331 14 9 5688.758800
demand_332 14 10 5195.002185
demand_333 14 11 1251.067284
demand_334 14 12 152.845392
demand_335 14 13 2702.591273
demand_336 14 15 76.024278
demand_337 14 16 3638.351323
demand_338 14 17 2259.622755
demand_339 14 18 1179.977423
demand_340 14 19 4158.698517
demand_341 14 20 80.056878
demand_342 14 21 927.937032
demand_343 14 22 526.299974
demand_344 14 23 1310.113681
demand_345 15 0 135.819177
demand_346 15 1 11.835574
demand_347 15 2 31.382911
demand_348 15 3 17.952645
demand_349 15 4 29.485014
demand_350 15 5 6.649259
demand_351 15 6 24.728664
demand_352 15 7 8.397647
demand_353 15 8 69.831973
demand_354 15 9 58.905575
demand_355 15 10 53.792857
demand_356 15 11 12.954467
demand_357 15 12 1.582673
demand_358 15 13 27.984609
demand_359 15 14 12.430401
demand_360 15 16 37.674154
demand_361 15 17 23.397789
demand_362 15 18 12.218350
demand_363 15 19 43.062210
demand_364 15 20 0.828968
demand_365 15 21 9.608540
demand_366 15 22 5.449695
demand_367 15 23 13.565877
demand_368 16 0 1385.797720
demand_369 16 1 120.761384
demand_370 16 2 320.207852
demand_371 16 3 183.175422
demand_372 16 4 300.843119
demand_373 16 5 67.844086
demand_374 16 6 252.312873
demand_375 16 7 85.683338
demand_376 16 8 712.513440
demand_377 16 9 601.028610
demand_378 16 10 548.862247
demand_379 16 11 132.177731
demand_380 16 12 16.148418
demand_381 16 13 285.534109
demand_382 16 14 126.830548
demand_383 16 15 8.032115
demand_384 16 17 238.733610
demand_385 16 18 124.666947
demand_386 16 19 439.374717
demand_387 16 20 8.458167
demand_388 16 21 98.038381
demand_389 16 22 55.604632
demand_390 16 23 138.416100
demand_391 17 0 1481.039399
demand_392 17 1 129.060948
demand_393 17 2 342.214767
demand_394 17 3 195.764514
demand_395 17 4 321.519155
demand_396 17 5 72.506805
demand_397 17 6 269.653572
demand_398 17 7 91.572095
demand_399 17 8 761.482330
demand_400 17 9 642.335485
demand_401 17 10 586.583887
demand_402 17 11 141.261906
demand_403 17 12 17.258250
demand_404 17 13 305.158003
demand_405 17 14 135.547228
demand_406 17 15 8.584138
demand_407 17 16 410.817587
demand_408 17 18 133.234928
demand_409 17 19 469.571610
demand_410 17 20 9.039472
demand_411 17 21 104.776262
demand_412 17 22 59.426170
demand_413 17 23 147.929019
demand_414 18 0 2970.628814
demand_415 18 1 258.866963
demand_416 18 2 686.405134
demand_417 18 3 392.659174
demand_418 18 4 644.894434
demand_419 18 5 145.432190
demand_420 18 6 540.863850
demand_421 18 7 183.672834
demand_422 18 8 1527.360684
demand_423 18 9 1288.379162
demand_424 18 10 1176.554113
demand_425 18 11 283.339315
demand_426 18 12 34.616131
demand_427 18 13 612.077678
demand_428 18 14 271.876967
demand_429 18 15 17.217832
demand_430 18 16 824.006817
demand_431 18 17 511.755020
demand_432 18 19 941.854049
demand_433 18 20 18.131128
demand_434 18 21 210.157396
demand_435 18 22 119.195407
demand_436 18 23 296.712029
demand_437 19 0 4645.598368
demand_438 19 1 404.827401
demand_439 19 2 1073.430163
demand_440 19 3 614.057471
demand_441 19 4 1008.513927
demand_442 19 5 227.433176
demand_443 19 6 845.826381
demand_444 19 7 287.235555
demand_445 19 8 2388.552978
demand_446 19 9 2014.823294
demand_447 19 10 1839.946425
demand_448 19 11 443.098327
demand_449 19 12 54.134209
demand_450 19 13 957.193659
demand_451 19 14 425.173010
demand_452 19 15 26.925994
demand_453 19 16 1288.617650
demand_454 19 17 800.304728
demand_455 19 18 417.919986
demand_456 19 20 28.354245
demand_457 19 21 328.653264
demand_458 19 22 186.402955
demand_459 19 23 464.011159
demand_460 20 0 44.342442
demand_461 20 1 3.864095
demand_462 20 2 10.245938
demand_463 20 3 5.861206
demand_464 20 4 9.626310
demand_465 20 5 2.170860
demand_466 20 6 8.073450
demand_467 20 7 2.741676
demand_468 20 8 22.798844
demand_469 20 9 19.231577
demand_470 20 10 17.562370
demand_471 20 11 4.229393
demand_472 20 12 0.516713
demand_473 20 13 9.136456
demand_474 20 14 4.058295
demand_475 20 15 0.257010
demand_476 20 16 12.299912
demand_477 20 17 7.638944
demand_478 20 18 3.989065
demand_479 20 19 14.059013
demand_480 20 21 3.137010
demand_481 20 22 1.779224
demand_482 20 23 4.429007
demand_483 21 0 261.285957
demand_484 21 1 22.769018
demand_485 21 2 60.373757
demand_486 21 3 34.536906
demand_487 21 4 56.722623
demand_488 21 5 12.791699
demand_489 21 6 47.572463
demand_490 21 7 16.155210
demand_491 21 8 134.341219
demand_492 21 9 113.321254
demand_493 21 10 103.485520
demand_494 21 11 24.921519
demand_495 21 12 3.044712
demand_496 21 13 53.836178
demand_497 21 14 23.913332
demand_498 21 15 1.514419
demand_499 21 16 72.476712
demand_500 21 17 45.012153
demand_501 21 18 23.505395
demand_502 21 19 82.842136
demand_503 21 20 1.594750
demand_504 21 22 10.484005
demand_505 21 23 26.097736
demand_506 22 0 10360.752034
demand_507 22 1 902.858144
demand_508 22 2 2393.995965
demand_509 22 3 1369.489286
demand_510 22 4 2249.217840
demand_511 22 5 507.228252
demand_512 22 6 1886.387223
demand_513 22 7 640.601301
demand_514 22 8 5327.022090
demand_515 22 9 4493.519003
demand_516 22 10 4103.503393
demand_517 22 11 988.211104
demand_518 22 12 120.731727
demand_519 22 13 2134.761846
demand_520 22 14 948.233527
demand_521 22 15 60.051155
demand_522 22 16 2873.913517
demand_523 22 17 1784.863473
demand_524 22 18 932.057618
demand_525 22 19 3284.932877
demand_526 22 20 63.236483
demand_527 22 21 732.972312
demand_528 22 23 1034.851525
demand_529 23 0 1862.920414
demand_530 23 1 162.338879
demand_531 23 2 430.453691
demand_532 23 3 246.241734
demand_533 23 4 404.421785
demand_534 23 5 91.202440
demand_535 23 6 339.182837
demand_536 23 7 115.183651
demand_537 23 8 957.827981
demand_538 23 9 807.959524
demand_539 23 10 737.832564
demand_540 23 11 177.685812
demand_541 23 12 21.708231
demand_542 23 13 383.841965
demand_543 23 14 170.497623
demand_544 23 15 10.797529
demand_545 23 16 516.745516
demand_546 23 17 320.928306
demand_547 23 18 167.589105
demand_548 23 19 590.649066
demand_549 23 20 11.370269
demand_550 23 21 131.792468
demand_551 23 22 74.749008
