DEMANDS 552
label src dest bw
demand_0 0 1 633.345500
demand_1 0 2 1168.847765
demand_2 0 3 1074.176503
demand_3 0 4 2892.957791
demand_4 0 5 1884.760443
demand_5 0 6 1593.458966
demand_6 0 7 176.330067
demand_7 0 8 498.432641
demand_8 0 9 136.438781
demand_9 0 10 2070.600933
demand_10 0 11 681.724432
demand_11 0 12 899.771709
demand_12 0 13 727.845816
demand_13 0 14 573.703418
demand_14 0 15 1810.314270
demand_15 0 16 787.735262
demand_16 0 17 2074.475737
demand_17 0 18 735.289801
demand_18 0 19 1720.259645
demand_19 0 20 735.565274
demand_20 0 21 197.126316
demand_21 0 22 102.813469
demand_22 0 23 905.685623
demand_23 1 0 898.190731
demand_24 1 2 640.080160
demand_25 1 3 588.236627
demand_26 1 4 1584.231018
demand_27 1 5 1032.125655
demand_28 1 6 872.604200
demand_29 1 7 96.561230
demand_30 1 8 272.949869
demand_31 1 9 74.716109
demand_32 1 10 1133.894948
demand_33 1 11 373.323452
demand_34 1 12 492.729709
demand_35 1 13 398.580277
demand_36 1 14 314.169378
demand_37 1 15 991.357713
demand_38 1 16 431.376718
demand_39 1 17 1136.016854
demand_40 1 18 402.656725
demand_41 1 19 942.042327
demand_42 1 20 402.807579
demand_43 1 21 107.949596
demand_44 1 22 56.302338
demand_45 1 23 495.968265
demand_46 2 0 91.559693
demand_47 2 1 35.355165
demand_48 2 3 59.963617
demand_49 2 4 161.493212
demand_50 2 5 105.212740
demand_51 2 6 88.951455
demand_52 2 7 9.843251
demand_53 2 8 27.823941
demand_54 2 9 7.616405
demand_55 2 10 115.586890
demand_56 2 11 38.055815
demand_57 2 12 50.227841
demand_58 2 13 40.630444
demand_59 2 14 32.025772
demand_60 2 15 101.056941
demand_61 2 16 43.973644
demand_62 2 17 115.803193
demand_63 2 18 41.045988
demand_64 2 19 96.029833
demand_65 2 20 41.061366
demand_66 2 21 11.004157
demand_67 2 22 5.739343
demand_68 2 23 50.557972
demand_69 3 0 1799.795164
demand_70 3 1 694.978894
demand_71 3 2 1282.593036
demand_72 3 4 3174.483133
demand_73 3 5 2068.174052
demand_74 3 6 1748.524858
demand_75 3 7 193.489454
demand_76 3 8 546.937123
demand_77 3 9 149.716187
demand_78 3 10 2272.099426
demand_79 3 11 748.065774
demand_80 3 12 987.332108
demand_81 3 13 798.675415
demand_82 3 14 629.532802
demand_83 3 15 1986.483222
demand_84 3 16 864.392944
demand_85 3 17 2276.351303
demand_86 3 18 806.843804
demand_87 3 19 1887.665020
demand_88 3 20 807.146085
demand_89 3 21 216.309469
demand_90 3 22 112.818661
demand_91 3 23 993.821528
demand_92 4 0 1542.085703
demand_93 4 1 595.466105
demand_94 4 2 1098.940825
demand_95 4 3 1009.931701
demand_96 4 5 1772.035895
demand_97 4 6 1498.156700
demand_98 4 7 165.784044
demand_99 4 8 468.622171
demand_100 4 9 128.278593
demand_101 4 10 1946.761559
demand_102 4 11 640.951569
demand_103 4 12 845.957784
demand_104 4 13 684.314506
demand_105 4 14 539.391122
demand_106 4 15 1702.042230
demand_107 4 16 740.622059
demand_108 4 17 1950.404617
demand_109 4 18 691.313278
demand_110 4 19 1617.373630
demand_111 4 20 691.572276
demand_112 4 21 185.336502
demand_113 4 22 96.664358
demand_114 4 23 851.517995
demand_115 5 0 643.024599
demand_116 5 1 248.299659
demand_117 5 2 458.240409
demand_118 5 3 421.125056
demand_119 5 4 1134.168368
demand_120 5 6 624.706921
demand_121 5 7 69.129244
demand_122 5 8 195.407806
demand_123 5 9 53.490082
demand_124 5 10 811.767835
demand_125 5 11 267.266356
demand_126 5 12 352.750605
demand_127 5 13 285.347994
demand_128 5 14 224.917305
demand_129 5 15 709.723864
demand_130 5 16 308.827325
demand_131 5 17 813.286931
demand_132 5 18 288.266367
demand_133 5 19 674.418438
demand_134 5 20 288.374365
demand_135 5 21 77.282300
demand_136 5 22 40.307461
demand_137 5 23 355.069123
demand_138 6 0 437.882455
demand_139 6 1 169.085388
demand_140 6 2 312.049392
demand_141 6 3 286.774835
demand_142 6 4 772.338150
demand_143 6 5 503.177889
demand_144 6 7 47.075156
demand_145 6 8 133.067460
demand_146 6 9 36.425307
demand_147 6 10 552.792059
demand_148 6 11 182.001199
demand_149 6 12 240.213673
demand_150 6 13 194.314308
demand_151 6 14 153.162635
demand_152 6 15 483.302860
demand_153 6 16 210.303101
demand_154 6 17 553.826523
demand_155 6 18 196.301642
demand_156 6 19 459.260815
demand_157 6 20 196.375186
demand_158 6 21 52.627167
demand_159 6 22 27.448297
demand_160 6 23 241.792521
demand_161 7 0 1652.002530
demand_162 7 1 637.909754
demand_163 7 2 1177.271159
demand_164 7 3 1081.917641
demand_165 7 4 2913.806120
demand_166 7 5 1898.343119
demand_167 7 6 1604.942354
demand_168 7 8 502.024635
demand_169 7 9 137.422038
demand_170 7 10 2085.522883
demand_171 7 11 686.637333
demand_172 7 12 906.255986
demand_173 7 13 733.091094
demand_174 7 14 577.837858
demand_175 7 15 1823.360443
demand_176 7 16 793.412139
demand_177 7 17 2089.425611
demand_178 7 18 740.588725
demand_179 7 19 1732.656832
demand_180 7 20 740.866183
demand_181 7 21 198.546922
demand_182 7 22 103.554402
demand_183 7 23 912.212518
demand_184 8 0 3290.917085
demand_185 8 1 1270.765675
demand_186 8 2 2345.215399
demand_187 8 3 2155.263800
demand_188 8 4 5804.527640
demand_189 8 5 3781.646632
demand_190 8 6 3197.169568
demand_191 8 7 353.794567
demand_192 8 9 273.755352
demand_193 8 10 4154.523230
demand_194 8 11 1367.834788
demand_195 8 12 1805.332167
demand_196 8 13 1460.374281
demand_197 8 14 1151.097800
demand_198 8 15 3632.275331
demand_199 8 16 1580.538477
demand_200 8 17 4162.297768
demand_201 8 18 1475.310143
demand_202 8 19 3451.586707
demand_203 8 20 1475.862862
demand_204 8 21 395.520858
demand_205 8 22 206.288396
demand_206 8 23 1817.198041
demand_207 9 0 160.956758
demand_208 9 1 62.152378
demand_209 9 2 114.703062
demand_210 9 3 105.412645
demand_211 9 4 283.895926
demand_212 9 5 184.958043
demand_213 9 6 156.371624
demand_214 9 7 17.303878
demand_215 9 8 48.912914
demand_216 9 10 203.195211
demand_217 9 11 66.899970
demand_218 9 12 88.297701
demand_219 9 13 71.426020
demand_220 9 14 56.299495
demand_221 9 15 177.652383
demand_222 9 16 77.303178
demand_223 9 17 203.575459
demand_224 9 18 72.156524
demand_225 9 19 168.815012
demand_226 9 20 72.183557
demand_227 9 21 19.344685
demand_228 9 22 10.089440
demand_229 9 23 88.878054
demand_230 10 0 985.661999
demand_231 10 1 380.606804
demand_232 10 2 702.415053
demand_233 10 3 645.522683
demand_234 10 4 1738.513055
demand_235 10 5 1132.640320
demand_236 10 6 957.583697
demand_237 10 7 105.964949
demand_238 10 8 299.531385
demand_239 10 9 81.992417
demand_240 10 11 409.679957
demand_241 10 12 540.714721
demand_242 10 13 437.396445
demand_243 10 14 344.765100
demand_244 10 15 1087.902147
demand_245 10 16 473.386802
demand_246 10 17 1246.649074
demand_247 10 18 441.869882
demand_248 10 19 1033.784129
demand_249 10 20 442.035427
demand_250 10 21 118.462383
demand_251 10 22 61.785401
demand_252 10 23 544.268666
demand_253 11 0 249.522195
demand_254 11 1 96.351331
demand_255 11 2 177.817696
demand_256 11 3 163.415285
demand_257 11 4 440.107861
demand_258 11 5 286.730034
demand_259 11 6 242.414120
demand_260 11 7 26.825227
demand_261 11 8 75.826935
demand_262 11 9 20.756535
demand_263 11 10 315.002089
demand_264 11 12 136.882952
demand_265 11 13 110.727735
demand_266 11 14 87.277936
demand_267 11 15 275.404482
demand_268 11 16 119.838762
demand_269 11 17 315.591566
demand_270 11 18 111.860195
demand_271 11 19 261.704403
demand_272 11 20 111.902102
demand_273 11 21 29.988976
demand_274 11 22 15.641091
demand_275 11 23 137.782640
demand_276 12 0 1784.292184
demand_277 12 1 688.992522
demand_278 12 2 1271.545104
demand_279 12 3 1168.555832
demand_280 12 4 3147.138939
demand_281 12 5 2050.359324
demand_282 12 6 1733.463507
demand_283 12 7 191.822785
demand_284 12 8 542.225945
demand_285 12 9 148.426570
demand_286 12 10 2252.528137
demand_287 12 11 741.622125
demand_288 12 13 791.795827
demand_289 12 14 624.110166
demand_290 12 15 1969.372159
demand_291 12 16 856.947282
demand_292 12 17 2256.743389
demand_293 12 18 799.893856
demand_294 12 19 1871.405152
demand_295 12 20 800.193533
demand_296 12 21 214.446234
demand_297 12 22 111.846869
demand_298 12 23 985.261001
demand_299 13 0 1527.787579
demand_300 13 1 589.944980
demand_301 13 2 1088.751513
demand_302 13 3 1000.567677
demand_303 13 4 2694.715486
demand_304 13 5 1755.605688
demand_305 13 6 1484.265884
demand_306 13 7 164.246905
demand_307 13 8 464.277136
demand_308 13 9 127.089202
demand_309 13 10 1928.711306
demand_310 13 11 635.008706
demand_311 13 12 838.114115
demand_312 13 14 534.389921
demand_313 13 15 1686.261000
demand_314 13 16 733.755057
demand_315 13 17 1932.320586
demand_316 13 18 684.903464
demand_317 13 19 1602.377442
demand_318 13 20 685.160060
demand_319 13 21 183.618073
demand_320 13 22 95.768092
demand_321 13 23 843.622773
demand_322 14 0 831.588541
demand_323 14 1 321.112367
demand_324 14 2 592.617256
demand_325 14 3 544.618000
demand_326 14 4 1466.757912
demand_327 14 5 955.591990
demand_328 14 6 807.899290
demand_329 14 7 89.401070
demand_330 14 8 252.710227
demand_331 14 9 69.175797
demand_332 14 10 1049.814937
demand_333 14 11 345.640959
demand_334 14 12 456.193063
demand_335 14 13 369.024952
demand_336 14 15 917.847052
demand_337 14 16 399.389487
demand_338 14 17 1051.779501
demand_339 14 18 372.799125
demand_340 14 19 872.188476
demand_341 14 20 372.938793
demand_342 14 21 99.944971
demand_343 14 22 52.127435
demand_344 14 23 459.191474
demand_345 15 0 403.018464
demand_346 15 1 155.622891
demand_347 15 2 287.204169
demand_348 15 3 263.941960
demand_349 15 4 710.844957
demand_350 15 5 463.115106
demand_351 15 6 391.537779
demand_352 15 7 43.327054
demand_353 15 8 122.472692
demand_354 15 9 33.525142
demand_355 15 10 508.779020
demand_356 15 11 167.510351
demand_357 15 12 221.087976
demand_358 15 13 178.843096
demand_359 15 14 140.967899
demand_360 15 16 193.558869
demand_361 15 17 509.731120
demand_362 15 18 180.672199
demand_363 15 19 422.694689
demand_364 15 20 180.739887
demand_365 15 21 48.437018
demand_366 15 22 25.262877
demand_367 15 23 222.541117
demand_368 16 0 890.025379
demand_369 16 1 343.677362
demand_370 16 2 634.261262
demand_371 16 3 582.889034
demand_372 16 4 1569.828951
demand_373 16 5 1022.742716
demand_374 16 6 864.671453
demand_375 16 7 95.683402
demand_376 16 8 270.468512
demand_377 16 9 74.036873
demand_378 16 10 1123.586836
demand_379 16 11 369.929611
demand_380 16 12 488.250359
demand_381 16 13 394.956828
demand_382 16 14 311.313300
demand_383 16 15 982.345391
demand_384 16 17 1125.689452
demand_385 16 18 398.996218
demand_386 16 19 933.478325
demand_387 16 20 399.145700
demand_388 16 21 106.968238
demand_389 16 22 55.790499
demand_390 16 23 491.459473
demand_391 17 0 1314.816131
demand_392 17 1 507.707476
demand_393 17 2 936.981077
demand_394 17 3 861.089944
demand_395 17 4 2319.075921
demand_396 17 5 1510.876714
demand_397 17 6 1277.361298
demand_398 17 7 141.351116
demand_399 17 8 399.557553
demand_400 17 9 109.373145
demand_401 17 10 1659.851651
demand_402 17 11 546.489382
demand_403 17 12 721.282181
demand_404 17 13 583.461574
demand_405 17 14 459.896715
demand_406 17 15 1451.198578
demand_407 17 16 631.470630
demand_408 17 18 589.428880
demand_409 17 19 1379.008271
demand_410 17 20 589.649708
demand_411 17 21 158.021971
demand_412 17 22 82.418154
demand_413 17 23 726.022940
demand_414 18 0 977.679208
demand_415 18 1 377.524303
demand_416 18 2 696.726254
demand_417 18 3 640.294650
demand_418 18 4 1724.432988
demand_419 18 5 1123.467163
demand_420 18 6 949.828309
demand_421 18 7 105.106748
demand_422 18 8 297.105506
demand_423 18 9 81.328368
demand_424 18 10 1234.242880
demand_425 18 11 406.361995
demand_426 18 12 536.335519
demand_427 18 13 433.854009
demand_428 18 14 341.972878
demand_429 18 15 1079.091322
demand_430 18 16 469.552883
demand_431 18 17 1236.552571
demand_432 18 19 1025.411601
demand_433 18 20 438.455420
demand_434 18 21 117.502966
demand_435 18 22 61.285007
demand_436 18 23 539.860682
demand_437 19 0 2364.257465
demand_438 19 1 912.942246
demand_439 19 2 1684.847376
demand_440 19 3 1548.382532
demand_441 19 4 4170.083126
demand_442 19 5 2716.806911
demand_443 19 6 2296.907465
demand_444 19 7 254.172750
demand_445 19 8 718.470747
demand_446 19 9 196.671055
demand_447 19 10 2984.688556
demand_448 19 11 982.678544
demand_449 19 12 1296.984987
demand_450 19 13 1049.160677
demand_451 19 14 826.970567
demand_452 19 15 2609.495726
demand_453 19 16 1135.488922
demand_454 19 17 2990.273932
demand_455 19 18 1059.890884
demand_456 19 20 1060.287968
demand_457 19 21 284.149712
demand_458 19 22 148.201510
demand_459 19 23 1305.509657
demand_460 20 0 908.264092
demand_461 20 1 350.720119
demand_462 20 2 647.258767
demand_463 20 3 594.833801
demand_464 20 4 1601.998437
demand_465 20 5 1043.701119
demand_466 20 6 882.390604
demand_467 20 7 97.644180
demand_468 20 8 276.011048
demand_469 20 9 75.554063
demand_470 20 10 1146.611772
demand_471 20 11 377.510338
demand_472 20 12 498.255756
demand_473 20 13 403.050422
demand_474 20 14 317.692841
demand_475 20 15 1002.475957
demand_476 20 16 436.214681
demand_477 20 17 1148.757476
demand_478 20 18 407.172588
demand_479 20 19 952.607491
demand_480 20 21 109.160269
demand_481 20 22 56.933778
demand_482 20 23 501.530633
demand_483 21 0 2677.974927
demand_484 21 1 1034.082150
demand_485 21 2 1908.412723
demand_486 21 3 1753.840121
demand_487 21 4 4723.418756
demand_488 21 5 3077.304776
demand_489 21 6 2601.688138
demand_490 21 7 287.899378
demand_491 21 8 813.805889
demand_492 21 9 222.767681
demand_493 21 10 3380.732106
demand_494 21 11 1113.071880
demand_495 21 12 1469.084196
demand_496 21 13 1188.375644
demand_497 21 14 936.702739
demand_498 21 15 2955.754282
demand_499 21 16 1286.158935
demand_500 21 17 3387.058614
demand_501 21 18 1200.529661
demand_502 21 19 2808.719401
demand_503 21 20 1200.979434
demand_504 21 22 167.866627
demand_505 21 23 1478.740018
demand_506 22 0 968.148355
demand_507 22 1 373.844028
demand_508 22 2 689.934256
demand_509 22 3 634.052773
demand_510 22 4 1707.622448
demand_511 22 5 1112.515105
demand_512 22 6 940.568960
demand_513 22 7 104.082120
demand_514 22 8 294.209189
demand_515 22 9 80.535543
demand_516 22 10 1222.210930
demand_517 22 11 402.400597
demand_518 22 12 531.107081
demand_519 22 13 429.624607
demand_520 22 14 338.639174
demand_521 22 15 1068.571859
demand_522 22 16 464.975473
demand_523 22 17 1224.498106
demand_524 22 18 434.018558
demand_525 22 19 1015.415432
demand_526 22 20 434.181161
demand_527 22 21 116.357495
demand_528 22 23 534.597879
demand_529 23 0 119.490491
demand_530 23 1 46.140456
demand_531 23 2 85.152841
demand_532 23 3 78.255855
demand_533 23 4 210.757621
demand_534 23 5 137.308477
demand_535 23 6 116.086596
demand_536 23 7 12.845990
demand_537 23 8 36.311791
demand_538 23 9 9.939831
demand_539 23 10 150.847319
demand_540 23 11 49.664955
demand_541 23 12 65.550125
demand_542 23 13 53.024988
demand_543 23 14 41.795414
demand_544 23 15 131.884928
demand_545 23 16 57.388051
demand_546 23 17 151.129606
demand_547 23 18 53.567297
demand_548 23 19 125.324272
demand_549 23 20 53.587366
demand_550 23 21 14.361037
demand_551 23 22 7.490162
