DEMANDS 552
label src dest bw
demand_0 0 1 48.262641
demand_1 0 2 95.076898
demand_2 0 3 141.159872
demand_3 0 4 6.264988
demand_4 0 5 408.597549
demand_5 0 6 86.279999
demand_6 0 7 750.959786
demand_7 0 8 86.677621
demand_8 0 9 49.700603
demand_9 0 10 115.021294
demand_10 0 11 48.541941
demand_11 0 12 88.917910
demand_12 0 13 1578.903839
demand_13 0 14 28.869182
demand_14 0 15 709.579924
demand_15 0 16 234.415532
demand_16 0 17 79.503620
demand_17 0 18 474.842330
demand_18 0 19 879.124821
demand_19 0 20 343.677943
demand_20 0 21 292.756142
demand_21 0 22 407.687338
demand_22 0 23 202.305796
demand_23 1 0 1569.768415
demand_24 1 2 632.611117
demand_25 1 3 939.232415
demand_26 1 4 41.685219
demand_27 1 5 2718.676751
demand_28 1 6 574.079382
demand_29 1 7 4996.645024
demand_30 1 8 576.725027
demand_31 1 9 330.691837
demand_32 1 10 765.314716
demand_33 1 11 322.982474
demand_34 1 12 591.631192
demand_35 1 13 10505.518617
demand_36 1 14 192.086258
demand_37 1 15 4721.316727
demand_38 1 16 1559.725598
demand_39 1 17 528.991531
demand_40 1 18 3159.448228
demand_41 1 19 5849.413969
demand_42 1 20 2286.722557
demand_43 1 21 1947.905266
demand_44 1 22 2712.620496
demand_45 1 23 1346.077737
demand_46 2 0 406.291207
demand_47 2 1 83.114105
demand_48 2 3 243.094375
demand_49 2 4 10.789068
demand_50 2 5 703.654404
demand_51 2 6 148.584596
demand_52 2 7 1293.243588
demand_53 2 8 149.269348
demand_54 2 9 85.590450
demand_55 2 10 198.080581
demand_56 2 11 83.595095
demand_57 2 12 153.127397
demand_58 2 13 2719.063397
demand_59 2 14 49.716224
demand_60 2 15 1221.982461
demand_61 2 16 403.691901
demand_62 2 17 136.914850
demand_63 2 18 817.735929
demand_64 2 19 1513.959281
demand_65 2 20 591.854989
demand_66 2 21 504.161489
demand_67 2 22 702.086910
demand_68 2 23 348.395052
demand_69 3 0 1553.465930
demand_70 3 1 317.789134
demand_71 3 2 626.041274
demand_72 3 4 41.252306
demand_73 3 5 2690.442531
demand_74 3 6 568.117407
demand_75 3 7 4944.753465
demand_76 3 8 570.735576
demand_77 3 9 327.257509
demand_78 3 10 757.366708
demand_79 3 11 319.628211
demand_80 3 12 585.486936
demand_81 3 13 10396.415863
demand_82 3 14 190.091388
demand_83 3 15 4672.284530
demand_84 3 16 1543.527410
demand_85 3 17 523.497805
demand_86 3 18 3126.636473
demand_87 3 19 5788.666166
demand_88 3 20 2262.974303
demand_89 3 21 1927.675724
demand_90 3 22 2684.449172
demand_91 3 23 1332.098342
demand_92 4 0 832.502017
demand_93 4 1 170.303120
demand_94 4 2 335.495367
demand_95 4 3 498.107155
demand_96 4 5 1441.807502
demand_97 4 6 304.453981
demand_98 4 7 2649.892187
demand_99 4 8 305.857057
demand_100 4 9 175.377220
demand_101 4 10 405.872636
demand_102 4 11 171.288681
demand_103 4 12 313.762308
demand_104 4 13 5571.436749
demand_105 4 14 101.869929
demand_106 4 15 2503.876151
demand_107 4 16 827.175966
demand_108 4 17 280.542347
demand_109 4 18 1675.563731
demand_110 4 19 3102.144800
demand_111 4 20 1212.727382
demand_112 4 21 1033.040955
demand_113 4 22 1438.595663
demand_114 4 23 713.871180
demand_115 5 0 740.593518
demand_116 5 1 151.501599
demand_117 5 2 298.456567
demand_118 5 3 443.115960
demand_119 5 4 19.666470
demand_120 5 6 270.842161
demand_121 5 7 2357.343211
demand_122 5 8 272.090337
demand_123 5 9 156.015517
demand_124 5 10 361.064162
demand_125 5 11 152.378354
demand_126 5 12 279.122845
demand_127 5 13 4956.348284
demand_128 5 14 90.623455
demand_129 5 15 2227.447393
demand_130 5 16 735.855465
demand_131 5 17 249.570379
demand_132 5 18 1490.580939
demand_133 5 19 2759.666985
demand_134 5 20 1078.841877
demand_135 5 21 918.992891
demand_136 5 22 1279.774225
demand_137 5 23 635.059565
demand_138 6 0 116.151683
demand_139 6 1 23.760896
demand_140 6 2 46.808717
demand_141 6 3 69.496510
demand_142 6 4 3.084409
demand_143 6 5 201.162718
demand_144 6 7 369.716147
demand_145 6 8 42.673545
demand_146 6 9 24.468841
demand_147 6 10 56.627839
demand_148 6 11 23.898403
demand_149 6 12 43.776495
demand_150 6 13 777.333561
demand_151 6 14 14.213015
demand_152 6 15 349.343814
demand_153 6 16 115.408586
demand_154 6 17 39.141606
demand_155 6 18 233.776668
demand_156 6 19 432.814976
demand_157 6 20 169.201184
demand_158 6 21 144.131117
demand_159 6 22 200.714598
demand_160 6 23 99.600166
demand_161 7 0 41.135482
demand_162 7 1 8.414996
demand_163 7 2 16.577454
demand_164 7 3 24.612407
demand_165 7 4 1.092353
demand_166 7 5 71.242407
demand_167 7 6 15.043641
demand_168 7 8 15.112970
demand_169 7 9 8.665717
demand_170 7 10 20.054926
demand_171 7 11 8.463694
demand_172 7 12 15.503583
demand_173 7 13 275.295115
demand_174 7 14 5.033584
demand_175 7 15 123.721206
demand_176 7 16 40.872312
demand_177 7 17 13.862122
demand_178 7 18 82.792739
demand_179 7 19 153.282779
demand_180 7 20 59.923129
demand_181 7 21 51.044487
demand_182 7 22 71.083704
demand_183 7 23 35.273711
demand_184 8 0 7.197743
demand_185 8 1 1.472427
demand_186 8 2 2.900665
demand_187 8 3 4.306593
demand_188 8 4 0.191136
demand_189 8 5 12.465748
demand_190 8 6 2.632284
demand_191 8 7 22.910748
demand_192 8 9 1.516297
demand_193 8 10 3.509141
demand_194 8 11 1.480948
demand_195 8 12 2.712763
demand_196 8 13 48.170179
demand_197 8 14 0.880759
demand_198 8 15 21.648305
demand_199 8 16 7.151695
demand_200 8 17 2.425546
demand_201 8 18 14.486785
demand_202 8 19 26.820886
demand_203 8 20 10.485140
demand_204 8 21 8.931586
demand_205 8 22 12.437979
demand_206 8 23 6.172071
demand_207 9 0 904.363947
demand_208 9 1 185.003758
demand_209 9 2 364.455471
demand_210 9 3 541.103978
demand_211 9 4 24.015395
demand_212 9 5 1566.264942
demand_213 9 6 330.734579
demand_214 9 7 2878.632014
demand_215 9 8 332.258769
demand_216 9 10 440.907735
demand_217 9 11 186.074393
demand_218 9 12 340.846404
demand_219 9 13 6052.365551
demand_220 9 14 110.663385
demand_221 9 15 2720.011810
demand_222 9 16 898.578149
demand_223 9 17 304.758883
demand_224 9 18 1820.199108
demand_225 9 19 3369.923265
demand_226 9 20 1317.410528
demand_227 9 21 1122.213492
demand_228 9 22 1562.775855
demand_229 9 23 775.492845
demand_230 10 0 1104.414213
demand_231 10 1 225.927605
demand_232 10 2 445.075020
demand_233 10 3 660.799146
demand_234 10 4 29.327733
demand_235 10 5 1912.731340
demand_236 10 6 403.894882
demand_237 10 7 3515.401207
demand_238 10 8 405.756232
demand_239 10 9 232.659009
demand_240 10 11 227.235070
demand_241 10 12 416.243499
demand_242 10 13 7391.182013
demand_243 10 14 135.142733
demand_244 10 15 3321.693345
demand_245 10 16 1097.348565
demand_246 10 17 372.173219
demand_247 10 18 2222.837136
demand_248 10 19 4115.368778
demand_249 10 20 1608.828964
demand_250 10 21 1370.453272
demand_251 10 22 1908.470448
demand_252 10 23 947.036117
demand_253 11 0 1349.235113
demand_254 11 1 276.010082
demand_255 11 2 543.736977
demand_256 11 3 807.281725
demand_257 11 4 35.828955
demand_258 11 5 2336.735851
demand_259 11 6 493.428236
demand_260 11 7 4294.677386
demand_261 11 8 495.702200
demand_262 11 9 284.233670
demand_263 11 10 657.797340
demand_264 11 12 508.514231
demand_265 11 13 9029.621480
demand_266 11 14 165.100483
demand_267 11 15 4058.029355
demand_268 11 16 1340.603189
demand_269 11 17 454.674677
demand_270 11 18 2715.584316
demand_271 11 19 5027.642703
demand_272 11 20 1965.465949
demand_273 11 21 1674.248352
demand_274 11 22 2331.530426
demand_275 11 23 1156.970245
demand_276 12 0 708.185839
demand_277 12 1 144.872031
demand_278 12 2 285.396387
demand_279 12 3 423.725620
demand_280 12 4 18.805883
demand_281 12 5 1226.504723
demand_282 12 6 258.990361
demand_283 12 7 2254.188078
demand_284 12 8 260.183918
demand_285 12 9 149.188424
demand_286 12 10 345.264332
demand_287 12 11 145.710420
demand_288 12 13 4739.463121
demand_289 12 14 86.657858
demand_290 12 15 2129.976380
demand_291 12 16 703.655119
demand_292 12 17 238.649413
demand_293 12 18 1425.354512
demand_294 12 19 2638.906540
demand_295 12 20 1031.632766
demand_296 12 21 878.778622
demand_297 12 22 1223.772502
demand_298 12 23 607.269952
demand_299 13 0 461.790107
demand_300 13 1 94.467394
demand_301 13 2 186.099779
demand_302 13 3 276.300780
demand_303 13 4 12.262842
demand_304 13 5 799.772765
demand_305 13 6 168.881076
demand_306 13 7 1469.899137
demand_307 13 8 169.659365
demand_308 13 9 97.282005
demand_309 13 10 225.138155
demand_310 13 11 95.014086
demand_311 13 12 174.044419
demand_312 13 14 56.507401
demand_313 13 15 1388.903824
demand_314 13 16 458.835739
demand_315 13 17 155.617257
demand_316 13 18 929.437693
demand_317 13 19 1720.764333
demand_318 13 20 672.701682
demand_319 13 21 573.029354
demand_320 13 22 797.991153
demand_321 13 23 395.985405
demand_322 14 0 625.126276
demand_323 14 1 127.880718
demand_324 14 2 251.923677
demand_325 14 3 374.028969
demand_326 14 4 16.600236
demand_327 14 5 1082.654139
demand_328 14 6 228.614681
demand_329 14 7 1989.805671
demand_330 14 8 229.668252
demand_331 14 9 131.690862
demand_332 14 10 304.770012
demand_333 14 11 128.620776
demand_334 14 12 235.604309
demand_335 14 13 4183.595277
demand_336 14 15 1880.162139
demand_337 14 16 621.126941
demand_338 14 17 210.659421
demand_339 14 18 1258.181834
demand_340 14 19 2329.402435
demand_341 14 20 910.637736
demand_342 14 21 775.711087
demand_343 14 22 1080.242367
demand_344 14 23 536.046307
demand_345 15 0 178.380433
demand_346 15 1 36.490896
demand_347 15 2 71.886683
demand_348 15 3 106.729555
demand_349 15 4 4.736895
demand_350 15 5 308.936485
demand_351 15 6 65.235437
demand_352 15 7 567.793118
demand_353 15 8 65.536075
demand_354 15 9 37.578125
demand_355 15 10 86.966440
demand_356 15 11 36.702072
demand_357 15 12 67.229935
demand_358 15 13 1193.793263
demand_359 15 14 21.827697
demand_360 15 16 177.239219
demand_361 15 17 60.111885
demand_362 15 18 359.023495
demand_363 15 19 664.697408
demand_364 15 20 259.851425
demand_365 15 21 221.349966
demand_366 15 22 308.248283
demand_367 15 23 152.961371
demand_368 16 0 468.927031
demand_369 16 1 95.927379
demand_370 16 2 188.975934
demand_371 16 3 280.570983
demand_372 16 4 12.452363
demand_373 16 5 812.133181
demand_374 16 6 171.491118
demand_375 16 7 1492.616294
demand_376 16 8 172.281435
demand_377 16 9 98.785489
demand_378 16 10 228.617644
demand_379 16 11 96.482520
demand_380 16 12 176.734259
demand_381 16 13 3138.247401
demand_382 16 14 57.380718
demand_383 16 15 1410.369206
demand_384 16 17 158.022308
demand_385 16 18 943.802068
demand_386 16 19 1747.358589
demand_387 16 20 683.098225
demand_388 16 21 581.885470
demand_389 16 22 810.324034
demand_390 16 23 402.105323
demand_391 17 0 170.345447
demand_392 17 1 34.847196
demand_393 17 2 68.648613
demand_394 17 3 101.922019
demand_395 17 4 4.523525
demand_396 17 5 295.020720
demand_397 17 6 62.296966
demand_398 17 7 542.217390
demand_399 17 8 62.584061
demand_400 17 9 35.885452
demand_401 17 10 83.049115
demand_402 17 11 35.048860
demand_403 17 12 64.201623
demand_404 17 13 1140.019924
demand_405 17 14 20.844488
demand_406 17 15 512.339784
demand_407 17 16 169.255638
demand_408 17 18 342.851606
demand_409 17 19 634.756713
demand_410 17 20 248.146652
demand_411 17 21 211.379456
demand_412 17 22 294.363517
demand_413 17 23 146.071364
demand_414 18 0 72.663004
demand_415 18 1 14.864512
demand_416 18 2 29.282934
demand_417 18 3 43.476126
demand_418 18 4 1.929567
demand_419 18 5 125.844818
demand_420 18 6 26.573558
demand_421 18 7 231.289683
demand_422 18 8 26.696023
demand_423 18 9 15.307393
demand_424 18 10 35.425650
demand_425 18 11 14.950535
demand_426 18 12 27.386014
demand_427 18 13 486.289913
demand_428 18 14 8.891480
demand_429 18 15 218.545013
demand_430 18 16 72.198132
demand_431 18 17 24.486487
demand_432 18 19 270.763502
demand_433 18 20 105.850092
demand_434 18 21 90.166580
demand_435 18 22 125.564480
demand_436 18 23 62.308587
demand_437 19 0 758.673157
demand_438 19 1 155.200112
demand_439 19 2 305.742598
demand_440 19 3 453.933468
demand_441 19 4 20.146575
demand_442 19 5 1313.943543
demand_443 19 6 277.454058
demand_444 19 7 2414.891532
demand_445 19 8 278.732705
demand_446 19 9 159.824225
demand_447 19 10 369.878592
demand_448 19 11 156.098270
demand_449 19 12 285.936893
demand_450 19 13 5077.344464
demand_451 19 14 92.835788
demand_452 19 15 2281.824651
demand_453 19 16 753.819437
demand_454 19 17 255.662982
demand_455 19 18 1526.969544
demand_456 19 20 1105.178958
demand_457 19 21 941.427680
demand_458 19 22 1311.016539
demand_459 19 23 650.562870
demand_460 20 0 517.956914
demand_461 20 1 105.957315
demand_462 20 2 208.734804
demand_463 20 3 309.906811
demand_464 20 4 13.754352
demand_465 20 5 897.047875
demand_466 20 6 189.421817
demand_467 20 7 1648.680667
demand_468 20 8 190.294767
demand_469 20 9 109.114263
demand_470 20 10 252.521356
demand_471 20 11 106.570501
demand_472 20 12 195.213169
demand_473 20 13 3466.375010
demand_474 20 14 63.380308
demand_475 20 15 1557.834022
demand_476 20 16 514.643211
demand_477 20 17 174.544741
demand_478 20 18 1042.483744
demand_479 20 19 1930.058205
demand_480 20 21 642.726017
demand_481 20 22 895.049568
demand_482 20 23 444.148490
demand_483 21 0 47.799813
demand_484 21 1 9.778303
demand_485 21 2 19.263156
demand_486 21 3 28.599845
demand_487 21 4 1.269325
demand_488 21 5 82.784339
demand_489 21 6 17.480851
demand_490 21 7 152.149002
demand_491 21 8 17.561411
demand_492 21 9 10.069643
demand_493 21 10 23.304011
demand_494 21 11 9.834891
demand_495 21 12 18.015307
demand_496 21 13 319.895483
demand_497 21 14 5.849071
demand_498 21 15 143.765191
demand_499 21 16 47.494007
demand_500 21 17 16.107915
demand_501 21 18 96.205933
demand_502 21 19 178.116015
demand_503 21 20 69.631233
demand_504 21 22 82.599924
demand_505 21 23 40.988380
demand_506 22 0 919.040531
demand_507 22 1 188.006115
demand_508 22 2 370.370082
demand_509 22 3 549.885352
demand_510 22 4 24.405132
demand_511 22 5 1591.683270
demand_512 22 6 336.101946
demand_513 22 7 2925.348255
demand_514 22 8 337.650872
demand_515 22 9 193.607667
demand_516 22 10 448.063062
demand_517 22 11 189.094125
demand_518 22 12 346.377873
demand_519 22 13 6150.587126
demand_520 22 14 112.459300
demand_521 22 15 2764.153864
demand_522 22 16 913.160838
demand_523 22 17 309.704701
demand_524 22 18 1849.738438
demand_525 22 19 3424.612488
demand_526 22 20 1338.790290
demand_527 22 21 1140.425474
demand_528 22 23 788.078028
demand_529 23 0 302.275362
demand_530 23 1 61.835811
demand_531 23 2 121.815902
demand_532 23 3 180.859046
demand_533 23 4 8.026926
demand_534 23 5 523.509705
demand_535 23 6 110.545002
demand_536 23 7 962.156373
demand_537 23 8 111.054449
demand_538 23 9 63.678179
demand_539 23 10 147.369370
demand_540 23 11 62.193661
demand_541 23 12 113.924787
demand_542 23 13 2022.947727
demand_543 23 14 36.988222
demand_544 23 15 909.139024
demand_545 23 16 300.341513
demand_546 23 17 101.862864
demand_547 23 18 608.384873
demand_548 23 19 1126.365972
demand_549 23 20 440.332397
demand_550 23 21 375.089577
demand_551 23 22 522.343510
