DEMANDS 552
label src dest bw
demand_0 0 1 63.453316
demand_1 0 2 48.868593
demand_2 0 3 714.527602
demand_3 0 4 552.807303
demand_4 0 5 430.382356
demand_5 0 6 207.767812
demand_6 0 7 534.474146
demand_7 0 8 322.164535
demand_8 0 9 347.139761
demand_9 0 10 328.607041
demand_10 0 11 1089.456362
demand_11 0 12 540.299616
demand_12 0 13 905.692030
demand_13 0 14 274.752045
demand_14 0 15 408.425285
demand_15 0 16 1465.136047
demand_16 0 17 215.924812
demand_17 0 18 303.026860
demand_18 0 19 0.915527
demand_19 0 20 18.851706
demand_20 0 21 62.418831
demand_21 0 22 504.391947
demand_22 0 23 9.883049
demand_23 1 0 1006.838772
demand_24 1 2 59.356561
demand_25 1 3 867.876448
demand_26 1 4 671.448433
demand_27 1 5 522.749169
demand_28 1 6 252.358048
demand_29 1 7 649.180693
demand_30 1 8 391.306104
demand_31 1 9 421.641406
demand_32 1 10 399.131273
demand_33 1 11 1323.270809
demand_34 1 12 656.256399
demand_35 1 13 1100.067764
demand_36 1 14 333.718150
demand_37 1 15 496.079766
demand_38 1 16 1779.577254
demand_39 1 17 262.265668
demand_40 1 18 368.061183
demand_41 1 19 1.112013
demand_42 1 20 22.897578
demand_43 1 21 75.814893
demand_44 1 22 612.642381
demand_45 1 23 12.004107
demand_46 2 0 534.893046
demand_47 2 1 40.944940
demand_48 2 3 461.067939
demand_49 2 4 356.713615
demand_50 2 5 277.715661
demand_51 2 6 134.067707
demand_52 2 7 344.883658
demand_53 2 8 207.885234
demand_54 2 9 224.001163
demand_55 2 10 212.042433
demand_56 2 11 703.000693
demand_57 2 12 348.642697
demand_58 2 13 584.421870
demand_59 2 14 177.291065
demand_60 2 15 263.547277
demand_61 2 16 945.418001
demand_62 2 17 139.331228
demand_63 2 18 195.536140
demand_64 2 19 0.590768
demand_65 2 20 12.164565
demand_66 2 21 40.277411
demand_67 2 22 325.472318
demand_68 2 23 6.377301
demand_69 3 0 3107.359431
demand_70 3 1 237.861840
demand_71 3 2 183.189379
demand_72 3 4 2072.259906
demand_73 3 5 1613.336320
demand_74 3 6 778.840846
demand_75 3 7 2003.536022
demand_76 3 8 1207.669735
demand_77 3 9 1301.292159
demand_78 3 10 1231.820187
demand_79 3 11 4083.948832
demand_80 3 12 2025.373443
demand_81 3 13 3395.087710
demand_82 3 14 1029.938723
demand_83 3 15 1531.027789
demand_84 3 16 5492.226080
demand_85 3 17 809.418271
demand_86 3 18 1135.930022
demand_87 3 19 3.431955
demand_88 3 20 70.667725
demand_89 3 21 233.983960
demand_90 3 22 1890.769537
demand_91 3 23 37.047715
demand_92 4 0 873.164185
demand_93 4 1 66.838885
demand_94 4 2 51.475991
demand_95 4 3 752.651420
demand_96 4 5 453.345525
demand_97 4 6 218.853322
demand_98 4 7 562.991163
demand_99 4 8 339.353713
demand_100 4 9 365.661499
demand_101 4 10 346.139960
demand_102 4 11 1147.584608
demand_103 4 12 569.127451
demand_104 4 13 954.015479
demand_105 4 14 289.411517
demand_106 4 15 430.216929
demand_107 4 16 1543.308786
demand_108 4 17 227.445541
demand_109 4 18 319.194942
demand_110 4 19 0.964375
demand_111 4 20 19.857544
demand_112 4 21 65.749206
demand_113 4 22 531.303919
demand_114 4 23 10.410362
demand_115 5 0 4371.561105
demand_116 5 1 334.633824
demand_117 5 2 257.718356
demand_118 5 3 3768.205030
demand_119 5 4 2915.340503
demand_120 5 6 1095.705349
demand_121 5 7 2818.656914
demand_122 5 8 1698.999475
demand_123 5 9 1830.711354
demand_124 5 10 1732.975324
demand_125 5 11 5745.467258
demand_126 5 12 2849.378698
demand_127 5 13 4776.349088
demand_128 5 14 1448.960175
demand_129 5 15 2153.912890
demand_130 5 16 7726.689637
demand_131 5 17 1138.722929
demand_132 5 18 1598.073094
demand_133 5 19 4.828215
demand_134 5 20 99.418263
demand_135 5 21 329.178263
demand_136 5 22 2660.012384
demand_137 5 23 52.120249
demand_138 6 0 1049.425041
demand_139 6 1 80.331284
demand_140 6 2 61.867166
demand_141 6 3 904.585027
demand_142 6 4 699.848693
demand_143 6 5 544.859895
demand_144 6 7 676.639095
demand_145 6 8 407.857182
demand_146 6 9 439.475577
demand_147 6 10 416.013332
demand_148 6 11 1379.241207
demand_149 6 12 684.014082
demand_150 6 13 1146.597341
demand_151 6 14 347.833429
demand_152 6 15 517.062456
demand_153 6 16 1854.848050
demand_154 6 17 273.358722
demand_155 6 18 383.629070
demand_156 6 19 1.159048
demand_157 6 20 23.866077
demand_158 6 21 79.021636
demand_159 6 22 638.555321
demand_160 6 23 12.511845
demand_161 7 0 663.970859
demand_162 7 1 50.825575
demand_163 7 2 39.143334
demand_164 7 3 572.330632
demand_165 7 4 442.794025
demand_166 7 5 344.732666
demand_167 7 6 166.420280
demand_168 7 8 258.051097
demand_169 7 9 278.056045
demand_170 7 10 263.211491
demand_171 7 11 872.645432
demand_172 7 12 432.775472
demand_173 7 13 725.451739
demand_174 7 14 220.074090
demand_175 7 15 327.145237
demand_176 7 16 1173.561717
demand_177 7 17 172.953968
demand_178 7 18 242.721980
demand_179 7 19 0.733329
demand_180 7 20 15.100059
demand_181 7 21 49.996962
demand_182 7 22 404.013730
demand_183 7 23 7.916240
demand_184 8 0 2537.523974
demand_185 8 1 194.242133
demand_186 8 2 149.595646
demand_187 8 3 2187.298855
demand_188 8 4 1692.243626
demand_189 8 5 1317.478612
demand_190 8 6 636.015035
demand_191 8 7 1636.122502
demand_192 8 9 1062.657901
demand_193 8 10 1005.925875
demand_194 8 11 3335.023932
demand_195 8 12 1653.955322
demand_196 8 13 2772.487911
demand_197 8 14 841.065947
demand_198 8 15 1250.264028
demand_199 8 16 4485.047725
demand_200 8 17 660.985095
demand_201 8 18 927.620292
demand_202 8 19 2.802594
demand_203 8 20 57.708498
demand_204 8 21 191.075388
demand_205 8 22 1544.035422
demand_206 8 23 30.253811
demand_207 9 0 280.306588
demand_208 9 1 21.456881
demand_209 9 2 16.525024
demand_210 9 3 241.619108
demand_211 9 4 186.933027
demand_212 9 5 145.534757
demand_213 9 6 70.257151
demand_214 9 7 180.733629
demand_215 9 8 108.940658
demand_216 9 10 111.119206
demand_217 9 11 368.402107
demand_218 9 12 182.703524
demand_219 9 13 306.261787
demand_220 9 14 92.908019
demand_221 9 15 138.109924
demand_222 9 16 495.439033
demand_223 9 17 73.015459
demand_224 9 18 102.469211
demand_225 9 19 0.309587
demand_226 9 20 6.374747
demand_227 9 21 21.107068
demand_228 9 22 170.561266
demand_229 9 23 3.341975
demand_230 10 0 203.191983
demand_231 10 1 15.553920
demand_232 10 2 11.978857
demand_233 10 3 175.147741
demand_234 10 4 135.506242
demand_235 10 5 105.496971
demand_236 10 6 50.928842
demand_237 10 7 131.012349
demand_238 10 8 78.970204
demand_239 10 9 85.092227
demand_240 10 11 267.051714
demand_241 10 12 132.440310
demand_242 10 13 222.006698
demand_243 10 14 67.348273
demand_244 10 15 100.114769
demand_245 10 16 359.139757
demand_246 10 17 52.928317
demand_247 10 18 74.279104
demand_248 10 19 0.224417
demand_249 10 20 4.621002
demand_250 10 21 15.300343
demand_251 10 22 123.638485
demand_252 10 23 2.422571
demand_253 11 0 372.046177
demand_254 11 1 28.479354
demand_255 11 2 21.933384
demand_256 11 3 320.696941
demand_257 11 4 248.113034
demand_258 11 5 193.165813
demand_259 11 6 93.251124
demand_260 11 7 239.884678
demand_261 11 8 144.595087
demand_262 11 9 155.804561
demand_263 11 10 147.486637
demand_264 11 12 242.499287
demand_265 11 13 406.496072
demand_266 11 14 123.315237
demand_267 11 15 183.310958
demand_268 11 16 657.587820
demand_269 11 17 96.912179
demand_270 11 18 136.005644
demand_271 11 19 0.410910
demand_272 11 20 8.461093
demand_273 11 21 28.015053
demand_274 11 22 226.383073
demand_275 11 23 4.435747
demand_276 12 0 1902.784494
demand_277 12 1 145.654158
demand_278 12 2 112.175600
demand_279 12 3 1640.165133
demand_280 12 4 1268.943650
demand_281 12 5 987.922833
demand_282 12 6 476.921424
demand_283 12 7 1226.860735
demand_284 12 8 739.513821
demand_285 12 9 796.843300
demand_286 12 10 754.302295
demand_287 12 11 2500.796797
demand_288 12 13 2078.974253
demand_289 12 14 630.680639
demand_290 12 15 937.521391
demand_291 12 16 3363.152173
demand_292 12 17 495.645441
demand_293 12 18 695.584170
demand_294 12 19 2.101550
demand_295 12 20 43.273221
demand_296 12 21 143.279547
demand_297 12 22 1157.808434
demand_298 12 23 22.686084
demand_299 13 0 2151.631510
demand_300 13 1 164.702875
demand_301 13 2 126.845976
demand_302 13 3 1854.666670
demand_303 13 4 1434.896674
demand_304 13 5 1117.123828
demand_305 13 6 539.293423
demand_306 13 7 1387.310137
demand_307 13 8 836.227773
demand_308 13 9 901.054827
demand_309 13 10 852.950290
demand_310 13 11 2827.852133
demand_311 13 12 1402.431041
demand_312 13 14 713.161339
demand_313 13 15 1060.130862
demand_314 13 16 3802.986735
demand_315 13 17 560.466176
demand_316 13 18 786.552983
demand_317 13 19 2.376391
demand_318 13 20 48.932512
demand_319 13 21 162.017711
demand_320 13 22 1309.227145
demand_321 13 23 25.652980
demand_322 14 0 676.683800
demand_323 14 1 51.798724
demand_324 14 2 39.892805
demand_325 14 3 583.288952
demand_326 14 4 451.272129
demand_327 14 5 351.333206
demand_328 14 6 169.606701
demand_329 14 7 436.306259
demand_330 14 8 262.991959
demand_331 14 9 283.379938
demand_332 14 10 268.251158
demand_333 14 11 889.353831
demand_334 14 12 441.061753
demand_335 14 13 739.341844
demand_336 14 15 333.409033
demand_337 14 16 1196.031710
demand_338 14 17 176.265490
demand_339 14 18 247.369337
demand_340 14 19 0.747370
demand_341 14 20 15.389177
demand_342 14 21 50.954245
demand_343 14 22 411.749314
demand_344 14 23 8.067811
demand_345 15 0 2815.182486
demand_346 15 1 215.496309
demand_347 15 2 165.964557
demand_348 15 3 2426.635371
demand_349 15 4 1877.410684
demand_350 15 5 1461.638492
demand_351 15 6 705.608462
demand_352 15 7 1815.148728
demand_353 15 8 1094.115683
demand_354 15 9 1178.935034
demand_355 15 10 1115.995331
demand_356 15 11 3699.945720
demand_357 15 12 1834.932834
demand_358 15 13 3075.856422
demand_359 15 14 933.096258
demand_360 15 16 4975.806312
demand_361 15 17 733.310771
demand_362 15 18 1029.121469
demand_363 15 19 3.109257
demand_364 15 20 64.023022
demand_365 15 21 211.983055
demand_366 15 22 1712.985383
demand_367 15 23 33.564214
demand_368 16 0 1417.563110
demand_369 16 1 108.511480
demand_370 16 2 83.570154
demand_371 16 3 1221.913250
demand_372 16 4 945.355458
demand_373 16 5 735.996624
demand_374 16 6 355.303619
demand_375 16 7 914.003937
demand_376 16 8 550.933390
demand_377 16 9 593.643510
demand_378 16 10 561.950715
demand_379 16 11 1863.078712
demand_380 16 12 923.966069
demand_381 16 13 1548.823430
demand_382 16 14 469.853318
demand_383 16 15 698.447850
demand_384 16 17 369.252900
demand_385 16 18 518.206062
demand_386 16 19 1.565642
demand_387 16 20 32.238292
demand_388 16 21 106.742409
demand_389 16 22 862.560384
demand_390 16 23 16.900997
demand_391 17 0 941.345542
demand_392 17 1 72.058025
demand_393 17 2 55.495513
demand_394 17 3 811.422492
demand_395 17 4 627.771801
demand_396 17 5 488.745183
demand_397 17 6 235.942566
demand_398 17 7 606.952541
demand_399 17 8 365.852277
demand_400 17 9 394.214316
demand_401 17 10 373.168431
demand_402 17 11 1237.194188
demand_403 17 12 613.567984
demand_404 17 13 1028.510140
demand_405 17 14 312.010325
demand_406 17 15 463.810581
demand_407 17 16 1663.818639
demand_408 17 18 344.119400
demand_409 17 19 1.039679
demand_410 17 20 21.408128
demand_411 17 21 70.883257
demand_412 17 22 572.790987
demand_413 17 23 11.223259
demand_414 18 0 2083.121249
demand_415 18 1 159.458558
demand_416 18 2 122.807064
demand_417 18 3 1795.612088
demand_418 18 4 1389.208020
demand_419 18 5 1081.553404
demand_420 18 6 522.121741
demand_421 18 7 1343.136689
demand_422 18 8 809.601381
demand_423 18 9 872.364272
demand_424 18 10 825.791436
demand_425 18 11 2737.810279
demand_426 18 12 1357.776128
demand_427 18 13 2276.009424
demand_428 18 14 690.453514
demand_429 18 15 1026.375155
demand_430 18 16 3681.895546
demand_431 18 17 542.620330
demand_432 18 19 2.300724
demand_433 18 20 47.374448
demand_434 18 21 156.858893
demand_435 18 22 1267.539944
demand_436 18 23 24.836162
demand_437 19 0 817.047573
demand_438 19 1 62.543276
demand_439 19 2 48.167726
demand_440 19 3 704.279936
demand_441 19 4 544.879009
demand_442 19 5 424.209865
demand_443 19 6 204.788032
demand_444 19 7 526.808784
demand_445 19 8 317.544091
demand_446 19 9 342.161126
demand_447 19 10 323.894199
demand_448 19 11 1073.831514
demand_449 19 12 532.550705
demand_450 19 13 892.702707
demand_451 19 14 270.811586
demand_452 19 15 402.567700
demand_453 19 16 1444.123247
demand_454 19 17 212.828045
demand_455 19 18 298.680886
demand_456 19 20 18.581337
demand_457 19 21 61.523628
demand_458 19 22 497.158020
demand_459 19 23 9.741308
demand_460 20 0 2001.355781
demand_461 20 1 153.199583
demand_462 20 2 117.986712
demand_463 20 3 1725.131763
demand_464 20 4 1334.679632
demand_465 20 5 1039.100896
demand_466 20 6 501.627721
demand_467 20 7 1290.416667
demand_468 20 8 777.823377
demand_469 20 9 838.122735
demand_470 20 10 793.377949
demand_471 20 11 2630.347337
demand_472 20 12 1304.481486
demand_473 20 13 2186.672822
demand_474 20 14 663.352233
demand_475 20 15 986.088473
demand_476 20 16 3537.375917
demand_477 20 17 521.321711
demand_478 20 18 731.618008
demand_479 20 19 2.210418
demand_480 20 21 150.701958
demand_481 20 22 1217.787201
demand_482 20 23 23.861307
demand_483 21 0 3988.641681
demand_484 21 1 305.322146
demand_485 21 2 235.143957
demand_486 21 3 3438.135549
demand_487 21 4 2659.976233
demand_488 21 5 2070.896732
demand_489 21 6 999.728911
demand_490 21 7 2571.761479
demand_491 21 8 1550.178519
demand_492 21 9 1670.353321
demand_493 21 10 1581.178312
demand_494 21 11 5242.202872
demand_495 21 12 2599.792240
demand_496 21 13 4357.972951
demand_497 21 14 1322.040984
demand_498 21 15 1965.244571
demand_499 21 16 7049.883462
demand_500 21 17 1038.978440
demand_501 21 18 1458.092613
demand_502 21 19 4.405296
demand_503 21 20 90.709890
demand_504 21 22 2427.013145
demand_505 21 23 47.554865
demand_506 22 0 717.409360
demand_507 22 1 54.916180
demand_508 22 2 42.293715
demand_509 22 3 618.393634
demand_510 22 4 478.431506
demand_511 22 5 372.477855
demand_512 22 6 179.814317
demand_513 22 7 462.564929
demand_514 22 8 278.819876
demand_515 22 9 300.434886
demand_516 22 10 284.395594
demand_517 22 11 942.878731
demand_518 22 12 467.606628
demand_519 22 13 783.838418
demand_520 22 14 237.786357
demand_521 22 15 353.474933
demand_522 22 16 1268.013722
demand_523 22 17 186.873858
demand_524 22 18 262.257022
demand_525 22 19 0.792350
demand_526 22 20 16.315360
demand_527 22 21 54.020877
demand_528 22 23 8.553364
demand_529 23 0 622.575472
demand_530 23 1 47.656845
demand_531 23 2 36.702936
demand_532 23 3 536.648572
demand_533 23 4 415.187949
demand_534 23 5 323.240244
demand_535 23 6 156.044776
demand_536 23 7 401.418765
demand_537 23 8 241.962854
demand_538 23 9 260.720589
demand_539 23 10 246.801521
demand_540 23 11 818.240190
demand_541 23 12 405.794005
demand_542 23 13 680.223315
demand_543 23 14 206.353530
demand_544 23 15 306.749306
demand_545 23 16 1100.395792
demand_546 23 17 162.171121
demand_547 23 18 227.589432
demand_548 23 19 0.687610
demand_549 23 20 14.158643
demand_550 23 21 46.879892
demand_551 23 22 378.825418
