DEMANDS 552
label src dest bw
demand_0 0 1 131.970191
demand_1 0 2 156.600574
demand_2 0 3 56.922132
demand_3 0 4 700.852776
demand_4 0 5 345.062472
demand_5 0 6 26.656391
demand_6 0 7 315.208889
demand_7 0 8 163.382886
demand_8 0 9 531.909115
demand_9 0 10 203.842066
demand_10 0 11 21.004559
demand_11 0 12 29.547479
demand_12 0 13 23.443006
demand_13 0 14 367.727328
demand_14 0 15 222.596784
demand_15 0 16 82.797900
demand_16 0 17 274.547726
demand_17 0 18 200.999375
demand_18 0 19 264.750081
demand_19 0 20 109.752647
demand_20 0 21 269.628984
demand_21 0 22 57.346263
demand_22 0 23 402.511878
demand_23 1 0 727.743632
demand_24 1 2 492.923768
demand_25 1 3 179.170938
demand_26 1 4 2206.039117
demand_27 1 5 1086.135828
demand_28 1 6 83.904984
demand_29 1 7 992.167204
demand_30 1 8 514.272111
demand_31 1 9 1674.263630
demand_32 1 10 641.623444
demand_33 1 11 66.114997
demand_34 1 12 93.005116
demand_35 1 13 73.790373
demand_36 1 14 1157.476860
demand_37 1 15 700.656727
demand_38 1 16 260.618796
demand_39 1 17 864.180100
demand_40 1 18 632.675647
demand_41 1 19 833.340545
demand_42 1 20 345.462899
demand_43 1 21 848.697625
demand_44 1 22 180.505953
demand_45 1 23 1266.966442
demand_46 2 0 484.869903
demand_47 2 1 276.763663
demand_48 2 3 119.375273
demand_49 2 4 1469.806021
demand_50 2 5 723.653977
demand_51 2 6 55.902930
demand_52 2 7 661.045998
demand_53 2 8 342.641361
demand_54 2 9 1115.502779
demand_55 2 10 427.491060
demand_56 2 11 44.050089
demand_57 2 12 61.966027
demand_58 2 13 49.163922
demand_59 2 14 771.185989
demand_60 2 15 466.822854
demand_61 2 16 173.641108
demand_62 2 17 575.772707
demand_63 2 18 421.529459
demand_64 2 19 555.225400
demand_65 2 20 230.169739
demand_66 2 21 565.457280
demand_67 2 22 120.264747
demand_68 2 23 844.135034
demand_69 3 0 508.050844
demand_70 3 1 289.995341
demand_71 3 2 344.118898
demand_72 3 4 1540.075360
demand_73 3 5 758.250846
demand_74 3 6 58.575570
demand_75 3 7 692.649669
demand_76 3 8 359.022558
demand_77 3 9 1168.833383
demand_78 3 10 447.928801
demand_79 3 11 46.156062
demand_80 3 12 64.928535
demand_81 3 13 51.514379
demand_82 3 14 808.055296
demand_83 3 15 489.140992
demand_84 3 16 181.942642
demand_85 3 17 603.299583
demand_86 3 18 441.682184
demand_87 3 19 581.769938
demand_88 3 20 241.173828
demand_89 3 21 592.490990
demand_90 3 22 126.014434
demand_91 3 23 884.491931
demand_92 4 0 97.766385
demand_93 4 1 55.805037
demand_94 4 2 66.220263
demand_95 4 3 24.070145
demand_96 4 5 145.913435
demand_97 4 6 11.271946
demand_98 4 7 133.289522
demand_99 4 8 69.088238
demand_100 4 9 224.923579
demand_101 4 10 86.196844
demand_102 4 11 8.882007
demand_103 4 12 12.494474
demand_104 4 13 9.913131
demand_105 4 14 155.497517
demand_106 4 15 94.127481
demand_107 4 16 35.011996
demand_108 4 17 116.095505
demand_109 4 18 84.994781
demand_110 4 19 111.952463
demand_111 4 20 46.410105
demand_112 4 21 114.015561
demand_113 4 22 24.249493
demand_114 4 23 170.206544
demand_115 5 0 1253.215143
demand_116 5 1 715.335004
demand_117 5 2 848.842235
demand_118 5 3 308.542353
demand_119 5 4 3798.922458
demand_120 5 6 144.489064
demand_121 5 7 1708.567290
demand_122 5 8 885.605272
demand_123 5 9 2883.175398
demand_124 5 10 1104.911374
demand_125 5 11 113.853713
demand_126 5 12 160.160000
demand_127 5 13 127.071140
demand_128 5 14 1993.239742
demand_129 5 15 1206.569981
demand_130 5 16 448.800110
demand_131 5 17 1488.166355
demand_132 5 18 1089.502769
demand_133 5 19 1435.058920
demand_134 5 20 594.906389
demand_135 5 21 1461.504669
demand_136 5 22 310.841324
demand_137 5 23 2181.786911
demand_138 6 0 1524.326035
demand_139 6 1 870.085057
demand_140 6 2 1032.474212
demand_141 6 3 375.290024
demand_142 6 4 4620.752022
demand_143 6 5 2275.011484
demand_144 6 7 2078.185550
demand_145 6 8 1077.190281
demand_146 6 9 3506.899310
demand_147 6 10 1343.939372
demand_148 6 11 138.483947
demand_149 6 12 194.807778
demand_150 6 13 154.560730
demand_151 6 14 2424.441844
demand_152 6 15 1467.590019
demand_153 6 16 545.890061
demand_154 6 17 1810.104779
demand_155 6 18 1325.197388
demand_156 6 19 1745.508491
demand_157 6 20 723.603845
demand_158 6 21 1777.675309
demand_159 6 22 378.086337
demand_160 6 23 2653.777851
demand_161 7 0 269.201561
demand_162 7 1 153.660208
demand_163 7 2 182.338728
demand_164 7 3 66.277593
demand_165 7 4 816.041733
demand_166 7 5 401.775361
demand_167 7 6 31.037513
demand_168 7 8 190.235749
demand_169 7 9 619.331264
demand_170 7 10 237.344616
demand_171 7 11 24.456772
demand_172 7 12 34.403767
demand_173 7 13 27.295991
demand_174 7 14 428.165310
demand_175 7 15 259.181773
demand_176 7 16 96.406184
demand_177 7 17 319.671134
demand_178 7 18 234.034713
demand_179 7 19 308.263193
demand_180 7 20 127.791090
demand_181 7 21 313.943971
demand_182 7 22 66.771432
demand_183 7 23 468.666889
demand_184 8 0 834.234610
demand_185 8 1 476.180982
demand_186 8 2 565.053474
demand_187 8 3 205.389083
demand_188 8 4 2528.849584
demand_189 8 5 1245.070460
demand_190 8 6 96.182829
demand_191 8 7 1137.351375
demand_192 8 9 1919.259207
demand_193 8 10 735.512425
demand_194 8 11 75.789627
demand_195 8 12 106.614587
demand_196 8 13 84.588144
demand_197 8 14 1326.850850
demand_198 8 15 803.184068
demand_199 8 16 298.755235
demand_200 8 17 990.635874
demand_201 8 18 725.255294
demand_202 8 19 955.283556
demand_203 8 20 396.014604
demand_204 8 21 972.887842
demand_205 8 22 206.919452
demand_206 8 23 1452.362080
demand_207 9 0 1453.833266
demand_208 9 1 829.847796
demand_209 9 2 984.727231
demand_210 9 3 357.934660
demand_211 9 4 4407.064401
demand_212 9 5 2169.803113
demand_213 9 6 167.619270
demand_214 9 7 1982.079435
demand_215 9 8 1027.375397
demand_216 9 10 1281.788622
demand_217 9 11 132.079729
demand_218 9 12 185.798853
demand_219 9 13 147.413037
demand_220 9 14 2312.323036
demand_221 9 15 1399.721018
demand_222 9 16 520.645264
demand_223 9 17 1726.396114
demand_224 9 18 1263.913365
demand_225 9 19 1664.787094
demand_226 9 20 690.140638
demand_227 9 21 1695.466351
demand_228 9 22 360.601657
demand_229 9 23 2531.053353
demand_230 10 0 728.686178
demand_231 10 1 415.933954
demand_232 10 2 493.562184
demand_233 10 3 179.402993
demand_234 10 4 2208.896294
demand_235 10 5 1087.542550
demand_236 10 6 84.013654
demand_237 10 7 993.452221
demand_238 10 8 514.938177
demand_239 10 9 1676.432073
demand_240 10 11 66.200626
demand_241 10 12 93.125573
demand_242 10 13 73.885944
demand_243 10 14 1158.975980
demand_244 10 15 701.564191
demand_245 10 16 260.956340
demand_246 10 17 865.299354
demand_247 10 18 633.495065
demand_248 10 19 834.419856
demand_249 10 20 345.910329
demand_250 10 21 849.796826
demand_251 10 22 180.739738
demand_252 10 23 1268.607368
demand_253 11 0 1410.476466
demand_254 11 1 805.099742
demand_255 11 2 955.360300
demand_256 11 3 347.260189
demand_257 11 4 4275.635156
demand_258 11 5 2105.094372
demand_259 11 6 162.620461
demand_260 11 7 1922.969065
demand_261 11 8 996.736595
demand_262 11 9 3244.974391
demand_263 11 10 1243.562606
demand_264 11 12 180.257885
demand_265 11 13 143.016826
demand_266 11 14 2243.364009
demand_267 11 15 1357.977976
demand_268 11 16 505.118372
demand_269 11 17 1674.910835
demand_270 11 18 1226.220432
demand_271 11 19 1615.139144
demand_272 11 20 669.558986
demand_273 11 21 1644.903472
demand_274 11 22 349.847649
demand_275 11 23 2455.571262
demand_276 12 0 612.853706
demand_277 12 1 349.816797
demand_278 12 2 415.105189
demand_279 12 3 150.884966
demand_280 12 4 1857.768572
demand_281 12 5 914.666014
demand_282 12 6 70.658784
demand_283 12 7 835.532351
demand_284 12 8 433.083239
demand_285 12 9 1409.945241
demand_286 12 10 540.329435
demand_287 12 11 55.677328
demand_288 12 13 62.140982
demand_289 12 14 974.744336
demand_290 12 15 590.043049
demand_291 12 16 219.474535
demand_292 12 17 727.750754
demand_293 12 18 532.794239
demand_294 12 19 701.779883
demand_295 12 20 290.924178
demand_296 12 21 714.712519
demand_297 12 22 152.009221
demand_298 12 23 1066.948641
demand_299 13 0 508.824241
demand_300 13 1 290.436796
demand_301 13 2 344.642744
demand_302 13 3 125.272847
demand_303 13 4 1542.419790
demand_304 13 5 759.405118
demand_305 13 6 58.664738
demand_306 13 7 693.704078
demand_307 13 8 359.569092
demand_308 13 9 1170.612677
demand_309 13 10 448.610675
demand_310 13 11 46.226324
demand_311 13 12 65.027375
demand_312 13 14 809.285385
demand_313 13 15 489.885602
demand_314 13 16 182.219610
demand_315 13 17 604.217975
demand_316 13 18 442.354549
demand_317 13 19 582.655556
demand_318 13 20 241.540962
demand_319 13 21 593.392929
demand_320 13 22 126.206264
demand_321 13 23 885.838378
demand_322 14 0 12.586387
demand_323 14 1 7.184308
demand_324 14 2 8.525158
demand_325 14 3 3.098776
demand_326 14 4 38.153631
demand_327 14 5 18.784810
demand_328 14 6 1.451144
demand_329 14 7 17.159615
demand_330 14 8 8.894379
demand_331 14 9 28.956529
demand_332 14 10 11.096931
demand_333 14 11 1.143464
demand_334 14 12 1.608531
demand_335 14 13 1.276211
demand_336 14 15 12.117917
demand_337 14 16 4.507424
demand_338 14 17 14.946067
demand_339 14 18 10.942178
demand_340 14 19 14.412694
demand_341 14 20 5.974810
demand_342 14 21 14.678296
demand_343 14 22 3.121866
demand_344 14 23 21.912291
demand_345 15 0 523.047897
demand_346 15 1 298.555656
demand_347 15 2 354.276876
demand_348 15 3 128.774720
demand_349 15 4 1585.536542
demand_350 15 5 780.633504
demand_351 15 6 60.304650
demand_352 15 7 713.095858
demand_353 15 8 369.620474
demand_354 15 9 1203.335946
demand_355 15 10 461.151123
demand_356 15 11 47.518533
demand_357 15 12 66.845148
demand_358 15 13 53.035022
demand_359 15 14 831.908122
demand_360 15 16 187.313371
demand_361 15 17 621.108265
demand_362 15 18 454.720114
demand_363 15 19 598.943090
demand_364 15 20 248.292991
demand_365 15 21 609.980615
demand_366 15 22 129.734229
demand_367 15 23 910.601075
demand_368 16 0 1066.608077
demand_369 16 1 608.819720
demand_370 16 2 722.447369
demand_371 16 3 262.599576
demand_372 16 4 3233.252805
demand_373 16 5 1591.880981
demand_374 16 6 122.974258
demand_375 16 7 1454.157078
demand_376 16 8 753.736293
demand_377 16 9 2453.862916
demand_378 16 10 940.387133
demand_379 16 11 96.900593
demand_380 16 12 136.311750
demand_381 16 13 108.149909
demand_382 16 14 1696.441046
demand_383 16 15 1026.908503
demand_384 16 17 1266.574429
demand_385 16 18 927.272910
demand_386 16 19 1221.374832
demand_387 16 20 506.323246
demand_388 16 21 1243.882738
demand_389 16 22 264.556224
demand_390 16 23 1856.913039
demand_391 17 0 539.559713
demand_392 17 1 307.980598
demand_393 17 2 365.460851
demand_394 17 3 132.839939
demand_395 17 4 1635.589485
demand_396 17 5 805.276899
demand_397 17 6 62.208375
demand_398 17 7 735.607195
demand_399 17 8 381.288822
demand_400 17 9 1241.323405
demand_401 17 10 475.708953
demand_402 17 11 49.018620
demand_403 17 12 68.955346
demand_404 17 13 54.709256
demand_405 17 14 858.170178
demand_406 17 15 519.477087
demand_407 17 16 193.226566
demand_408 17 18 469.074926
demand_409 17 19 617.850800
demand_410 17 20 256.131217
demand_411 17 21 629.236762
demand_412 17 22 133.829739
demand_413 17 23 939.347346
demand_414 18 0 192.960899
demand_415 18 1 110.142050
demand_416 18 2 130.698517
demand_417 18 3 47.507094
demand_418 18 4 584.930286
demand_419 18 5 287.988430
demand_420 18 6 22.247369
demand_421 18 7 263.072691
demand_422 18 8 136.359020
demand_423 18 9 443.930254
demand_424 18 10 170.126169
demand_425 18 11 17.530362
demand_426 18 12 24.660265
demand_427 18 13 19.565484
demand_428 18 14 306.904472
demand_429 18 15 185.778818
demand_430 18 16 69.102957
demand_431 18 17 229.136968
demand_432 18 19 220.959873
demand_433 18 20 91.599333
demand_434 18 21 225.031796
demand_435 18 22 47.861073
demand_436 18 23 335.935586
demand_437 19 0 2923.653314
demand_438 19 1 1668.820845
demand_439 19 2 1980.282816
demand_440 19 3 719.805276
demand_441 19 4 8862.590192
demand_442 19 5 4363.466025
demand_443 19 6 337.081732
demand_444 19 7 3985.954404
demand_445 19 8 2066.048119
demand_446 19 9 6726.223628
demand_447 19 10 2577.672172
demand_448 19 11 265.611845
demand_449 19 12 373.640805
demand_450 19 13 296.447072
demand_451 19 14 4650.073062
demand_452 19 15 2814.833785
demand_453 19 16 1047.015698
demand_454 19 17 3471.776192
demand_455 19 18 2541.725096
demand_456 19 20 1387.870267
demand_457 19 21 3409.576553
demand_458 19 22 725.168596
demand_459 19 23 5089.938920
demand_460 20 0 2096.837295
demand_461 20 1 1196.874393
demand_462 20 2 1420.254188
demand_463 20 3 516.242654
demand_464 20 4 6356.228885
demand_465 20 5 3129.467592
demand_466 20 6 241.754227
demand_467 20 7 2858.717143
demand_468 20 8 1481.764862
demand_469 20 9 4824.031799
demand_470 20 10 1848.700432
demand_471 20 11 190.496192
demand_472 20 12 267.974308
demand_473 20 13 212.611144
demand_474 20 14 3335.021487
demand_475 20 15 2018.792184
demand_476 20 16 750.917201
demand_477 20 17 2489.949736
demand_478 20 18 1822.919273
demand_479 20 19 2401.092167
demand_480 20 21 2445.340302
demand_481 20 22 520.089215
demand_482 20 23 3650.492247
demand_483 21 0 924.949895
demand_484 21 1 527.961252
demand_485 21 2 626.497805
demand_486 21 3 227.723243
demand_487 21 4 2803.838550
demand_488 21 5 1380.460338
demand_489 21 6 106.641821
demand_490 21 7 1261.027800
demand_491 21 8 653.631188
demand_492 21 9 2127.960866
demand_493 21 10 815.492587
demand_494 21 11 84.031047
demand_495 21 12 118.207936
demand_496 21 13 93.786321
demand_497 21 14 1471.133588
demand_498 21 15 890.522895
demand_499 21 16 331.242099
demand_500 21 17 1098.358348
demand_501 21 18 804.120088
demand_502 21 19 1059.161793
demand_503 21 20 439.077524
demand_504 21 22 229.420025
demand_505 21 23 1610.293001
demand_506 22 0 544.490702
demand_507 22 1 310.795206
demand_508 22 2 368.800765
demand_509 22 3 134.053951
demand_510 22 4 1650.536993
demand_511 22 5 812.636254
demand_512 22 6 62.776892
demand_513 22 7 742.329844
demand_514 22 8 384.773387
demand_515 22 9 1252.667751
demand_516 22 10 480.056415
demand_517 22 11 49.466597
demand_518 22 12 69.585523
demand_519 22 13 55.209239
demand_520 22 14 866.012920
demand_521 22 15 524.224543
demand_522 22 16 194.992446
demand_523 22 17 646.571139
demand_524 22 18 473.361761
demand_525 22 19 623.497284
demand_526 22 20 258.471978
demand_527 22 21 634.987302
demand_528 22 23 947.931959
demand_529 23 0 201.257341
demand_530 23 1 114.877658
demand_531 23 2 136.317959
demand_532 23 3 49.549683
demand_533 23 4 610.079630
demand_534 23 5 300.370623
demand_535 23 6 23.203905
demand_536 23 7 274.383621
demand_537 23 8 142.221839
demand_538 23 9 463.017237
demand_539 23 10 177.440822
demand_540 23 11 18.284088
demand_541 23 12 25.720544
demand_542 23 13 20.406711
demand_543 23 14 320.099970
demand_544 23 15 193.766463
demand_545 23 16 72.074070
demand_546 23 17 238.988816
demand_547 23 18 174.966310
demand_548 23 19 230.460143
demand_549 23 20 95.537688
demand_550 23 21 234.707141
demand_551 23 22 49.918881
