DEMANDS 552
label src dest bw
demand_0 0 1 512.482669
demand_1 0 2 5382.933092
demand_2 0 3 4009.887296
demand_3 0 4 455.048733
demand_4 0 5 3812.742262
demand_5 0 6 306.916682
demand_6 0 7 1369.650671
demand_7 0 8 5136.785437
demand_8 0 9 1189.319630
demand_9 0 10 2027.682984
demand_10 0 11 2834.149853
demand_11 0 12 1515.126108
demand_12 0 13 1592.258792
demand_13 0 14 915.265529
demand_14 0 15 1616.122148
demand_15 0 16 5126.193642
demand_16 0 17 179.726157
demand_17 0 18 2433.095648
demand_18 0 19 2456.113914
demand_19 0 20 1076.069494
demand_20 0 21 746.955952
demand_21 0 22 3518.457471
demand_22 0 23 175.577294
demand_23 1 0 3.258328
demand_24 1 2 15.726930
demand_25 1 3 11.715401
demand_26 1 4 1.329483
demand_27 1 5 11.139416
demand_28 1 6 0.896697
demand_29 1 7 4.001610
demand_30 1 8 15.007778
demand_31 1 9 3.474750
demand_32 1 10 5.924136
demand_33 1 11 8.280333
demand_34 1 12 4.426636
demand_35 1 13 4.651989
demand_36 1 14 2.674066
demand_37 1 15 4.721708
demand_38 1 16 14.976833
demand_39 1 17 0.525093
demand_40 1 18 7.108601
demand_41 1 19 7.175852
demand_42 1 20 3.143875
demand_43 1 21 2.182328
demand_44 1 22 10.279625
demand_45 1 23 0.512972
demand_46 2 0 1080.202592
demand_47 2 1 496.380304
demand_48 2 3 3883.895395
demand_49 2 4 440.750961
demand_50 2 5 3692.944718
demand_51 2 6 297.273265
demand_52 2 7 1326.615822
demand_53 2 8 4975.386047
demand_54 2 9 1151.950839
demand_55 2 10 1963.972556
demand_56 2 11 2745.099986
demand_57 2 12 1467.520376
demand_58 2 13 1542.229527
demand_59 2 14 886.507602
demand_60 2 15 1565.343089
demand_61 2 16 4965.127049
demand_62 2 17 174.079105
demand_63 2 18 2356.647028
demand_64 2 19 2378.942053
demand_65 2 20 1042.259057
demand_66 2 21 723.486365
demand_67 2 22 3407.906446
demand_68 2 23 170.060601
demand_69 3 0 245.889528
demand_70 3 1 112.992433
demand_71 3 2 1186.831754
demand_72 3 4 100.329370
demand_73 3 5 840.635303
demand_74 3 6 67.669142
demand_75 3 7 301.981258
demand_76 3 8 1132.560998
demand_77 3 9 262.221781
demand_78 3 10 447.064549
demand_79 3 11 624.874763
demand_80 3 12 334.055755
demand_81 3 13 351.062007
demand_82 3 14 201.798197
demand_83 3 15 356.323412
demand_84 3 16 1130.225713
demand_85 3 17 39.626112
demand_86 3 18 536.450134
demand_87 3 19 541.525212
demand_88 3 20 237.252335
demand_89 3 21 164.689218
demand_90 3 22 775.751246
demand_91 3 23 38.711369
demand_92 4 0 62.493511
demand_93 4 1 28.717343
demand_94 4 2 301.636610
demand_95 4 3 224.696980
demand_96 4 5 213.649814
demand_97 4 6 17.198302
demand_98 4 7 76.749381
demand_99 4 8 287.843546
demand_100 4 9 66.644399
demand_101 4 10 113.622706
demand_102 4 11 158.813669
demand_103 4 12 84.901205
demand_104 4 13 89.223391
demand_105 4 14 51.287576
demand_106 4 15 90.560592
demand_107 4 16 287.250027
demand_108 4 17 10.071087
demand_109 4 18 136.340302
demand_110 4 19 137.630147
demand_111 4 20 60.298345
demand_112 4 21 41.856226
demand_113 4 22 197.159349
demand_114 4 23 9.838603
demand_115 5 0 697.855541
demand_116 5 1 320.682202
demand_117 5 2 3368.330176
demand_118 5 3 2509.157025
demand_119 5 4 284.743346
demand_120 5 6 192.050821
demand_121 5 7 857.048677
demand_122 5 8 3214.305120
demand_123 5 9 744.207875
demand_124 5 10 1268.807482
demand_125 5 11 1773.448102
demand_126 5 12 948.078846
demand_127 5 13 996.344046
demand_128 5 14 572.720568
demand_129 5 15 1011.276363
demand_130 5 16 3207.677383
demand_131 5 17 112.462300
demand_132 5 18 1522.491428
demand_133 5 19 1536.894936
demand_134 5 20 673.342448
demand_135 5 21 467.402108
demand_136 5 22 2201.648482
demand_137 5 23 109.866180
demand_138 6 0 776.178836
demand_139 6 1 356.673729
demand_140 6 2 3746.372195
demand_141 6 3 2790.770388
demand_142 6 4 316.701302
demand_143 6 5 2653.562909
demand_144 6 7 953.238894
demand_145 6 8 3575.060252
demand_146 6 9 827.733490
demand_147 6 10 1411.211141
demand_148 6 11 1972.489723
demand_149 6 12 1054.485766
demand_150 6 13 1108.167975
demand_151 6 14 636.999433
demand_152 6 15 1124.776210
demand_153 6 16 3567.688656
demand_154 6 17 125.084422
demand_155 6 18 1693.367115
demand_156 6 19 1709.387190
demand_157 6 20 748.914534
demand_158 6 21 519.860634
demand_159 6 22 2448.748853
demand_160 6 23 122.196929
demand_161 7 0 777.375821
demand_162 7 1 357.223774
demand_163 7 2 3752.149667
demand_164 7 3 2795.074177
demand_165 7 4 317.189704
demand_166 7 5 2657.655104
demand_167 7 6 213.934914
demand_168 7 8 3580.573534
demand_169 7 9 829.009980
demand_170 7 10 1413.387442
demand_171 7 11 1975.531600
demand_172 7 12 1056.111942
demand_173 7 13 1109.876938
demand_174 7 14 637.981782
demand_175 7 15 1126.510784
demand_176 7 16 3573.190571
demand_177 7 17 125.277322
demand_178 7 18 1695.978543
demand_179 7 19 1712.023324
demand_180 7 20 750.069474
demand_181 7 21 520.662338
demand_182 7 22 2452.525194
demand_183 7 23 122.385375
demand_184 8 0 57.143484
demand_185 8 1 26.258870
demand_186 8 2 275.813703
demand_187 8 3 205.460823
demand_188 8 4 23.316039
demand_189 8 5 195.359397
demand_190 8 6 15.725967
demand_191 8 7 70.178919
demand_192 8 9 60.939017
demand_193 8 10 103.895542
demand_194 8 11 145.217738
demand_195 8 12 77.632870
demand_196 8 13 81.585037
demand_197 8 14 46.896881
demand_198 8 15 82.807760
demand_199 8 16 262.658745
demand_200 8 17 9.208908
demand_201 8 18 124.668301
demand_202 8 19 125.847723
demand_203 8 20 55.136244
demand_204 8 21 38.272942
demand_205 8 22 180.280670
demand_206 8 23 8.996327
demand_207 9 0 102.106123
demand_208 9 1 46.920336
demand_209 9 2 492.834284
demand_210 9 3 367.125116
demand_211 9 4 41.661974
demand_212 9 5 349.075508
demand_213 9 6 28.099748
demand_214 9 7 125.398328
demand_215 9 8 470.298242
demand_216 9 10 185.644457
demand_217 9 11 259.480508
demand_218 9 12 138.717327
demand_219 9 13 145.779208
demand_220 9 14 83.797109
demand_221 9 15 147.964017
demand_222 9 16 469.328511
demand_223 9 17 16.454823
demand_224 9 18 222.762002
demand_225 9 19 224.869438
demand_226 9 20 98.519511
demand_227 9 21 68.387531
demand_228 9 22 322.132272
demand_229 9 23 16.074974
demand_230 10 0 34.167913
demand_231 10 1 15.701017
demand_232 10 2 164.917816
demand_233 10 3 122.851584
demand_234 10 4 13.941404
demand_235 10 5 116.811618
demand_236 10 6 9.403057
demand_237 10 7 41.962215
demand_238 10 8 157.376549
demand_239 10 9 36.437383
demand_240 10 11 86.830320
demand_241 10 12 46.419170
demand_242 10 13 48.782297
demand_243 10 14 28.041142
demand_244 10 15 49.513403
demand_245 10 16 157.052047
demand_246 10 17 5.506300
demand_247 10 18 74.543156
demand_248 10 19 75.248370
demand_249 10 20 32.967720
demand_250 10 21 22.884614
demand_251 10 22 107.795566
demand_252 10 23 5.379191
demand_253 11 0 74.327735
demand_254 11 1 34.155467
demand_255 11 2 358.756704
demand_256 11 3 267.247228
demand_257 11 4 30.327664
demand_258 11 5 254.108090
demand_259 11 6 20.455097
demand_260 11 7 91.283200
demand_261 11 8 342.351684
demand_262 11 9 79.264665
demand_263 11 10 135.139124
demand_264 11 12 100.978712
demand_265 11 13 106.119379
demand_266 11 14 60.999763
demand_267 11 15 107.709801
demand_268 11 16 341.645772
demand_269 11 17 11.978221
demand_270 11 18 162.158689
demand_271 11 19 163.692789
demand_272 11 20 71.716876
demand_273 11 21 49.782424
demand_274 11 22 234.494872
demand_275 11 23 11.701712
demand_276 12 0 120.019181
demand_277 12 1 55.151837
demand_278 12 2 579.295004
demand_279 12 3 431.531962
demand_280 12 4 48.970971
demand_281 12 5 410.315809
demand_282 12 6 33.029447
demand_283 12 7 147.397669
demand_284 12 8 552.805337
demand_285 12 9 127.990987
demand_286 12 10 218.213120
demand_287 12 11 305.002649
demand_288 12 13 171.354083
demand_289 12 14 98.498112
demand_290 12 15 173.922185
demand_291 12 16 551.665480
demand_292 12 17 19.341586
demand_293 12 18 261.842406
demand_294 12 19 264.319563
demand_295 12 20 115.803349
demand_296 12 21 80.385144
demand_297 12 22 378.645768
demand_298 12 23 18.895098
demand_299 13 0 369.143580
demand_300 13 1 169.630775
demand_301 13 2 1781.740468
demand_302 13 3 1327.264959
demand_303 13 4 150.620253
demand_304 13 5 1262.010333
demand_305 13 6 101.588830
demand_306 13 7 453.351729
demand_307 13 8 1700.266069
demand_308 13 9 393.662503
demand_309 13 10 671.159155
demand_310 13 11 938.098133
demand_311 13 12 501.503819
demand_312 13 14 302.951124
demand_313 13 15 534.933313
demand_314 13 16 1696.760205
demand_315 13 17 59.489011
demand_316 13 18 805.349965
demand_317 13 19 812.968967
demand_318 13 20 356.176926
demand_319 13 21 247.240979
demand_320 13 22 1164.602634
demand_321 13 23 58.115746
demand_322 14 0 182.534930
demand_323 14 1 83.879399
demand_324 14 2 881.038949
demand_325 14 3 656.308899
demand_326 14 4 74.479034
demand_327 14 5 624.041648
demand_328 14 6 50.233868
demand_329 14 7 224.174361
demand_330 14 8 840.751309
demand_331 14 9 194.659101
demand_332 14 10 331.876257
demand_333 14 11 463.872830
demand_334 14 12 247.984712
demand_335 14 13 260.609223
demand_336 14 15 264.515002
demand_337 14 16 839.017722
demand_338 14 17 29.416257
demand_339 14 18 398.231224
demand_340 14 19 401.998685
demand_341 14 20 176.123151
demand_342 14 21 122.256264
demand_343 14 22 575.875275
demand_344 14 23 28.737202
demand_345 15 0 672.205281
demand_346 15 1 308.895261
demand_347 15 2 3244.524399
demand_348 15 3 2416.930872
demand_349 15 4 274.277367
demand_350 15 5 2298.103113
demand_351 15 6 184.991834
demand_352 15 7 825.547140
demand_353 15 8 3096.160662
demand_354 15 9 716.853896
demand_355 15 10 1222.171408
demand_356 15 11 1708.263542
demand_357 15 12 913.231419
demand_358 15 13 959.722592
demand_359 15 14 551.669748
demand_360 15 16 3089.776533
demand_361 15 17 108.328655
demand_362 15 18 1466.530990
demand_363 15 19 1480.405085
demand_364 15 20 648.593187
demand_365 15 21 450.222355
demand_366 15 22 2120.725061
demand_367 15 23 105.827958
demand_368 16 0 416.123248
demand_369 16 1 191.219116
demand_370 16 2 2008.496615
demand_371 16 3 1496.181528
demand_372 16 4 169.789188
demand_373 16 5 1422.622164
demand_374 16 6 114.517700
demand_375 16 7 511.048287
demand_376 16 8 1916.653242
demand_377 16 9 443.762612
demand_378 16 10 756.575335
demand_379 16 11 1057.486743
demand_380 16 12 565.328531
demand_381 16 13 594.108516
demand_382 16 14 341.506700
demand_383 16 15 603.012486
demand_384 16 17 67.059979
demand_385 16 18 907.844160
demand_386 16 19 916.432807
demand_387 16 20 401.506372
demand_388 16 21 278.706511
demand_389 16 22 1312.817714
demand_390 16 23 65.511942
demand_391 17 0 348.221190
demand_392 17 1 160.016409
demand_393 17 2 1680.754643
demand_394 17 3 1252.037983
demand_395 17 4 142.083369
demand_396 17 5 1190.481871
demand_397 17 6 95.830959
demand_398 17 7 427.656574
demand_399 17 8 1603.898066
demand_400 17 9 371.350425
demand_401 17 10 633.119069
demand_402 17 11 884.928429
demand_403 17 12 473.079490
demand_404 17 13 497.163222
demand_405 17 14 285.780403
demand_406 17 15 504.614261
demand_407 17 16 1600.590908
demand_408 17 18 759.704187
demand_409 17 19 766.891357
demand_410 17 20 335.989463
demand_411 17 21 233.227808
demand_412 17 22 1098.595065
demand_413 17 23 54.821850
demand_414 18 0 33.045971
demand_415 18 1 15.185456
demand_416 18 2 159.502554
demand_417 18 3 118.817614
demand_418 18 4 13.483622
demand_419 18 5 112.975977
demand_420 18 6 9.094297
demand_421 18 7 40.584339
demand_422 18 8 152.208913
demand_423 18 9 35.240921
demand_424 18 10 60.082600
demand_425 18 11 83.979149
demand_426 18 12 44.894945
demand_427 18 13 47.180476
demand_428 18 14 27.120380
demand_429 18 15 47.887575
demand_430 18 16 151.895066
demand_431 18 17 5.325495
demand_432 18 19 72.777505
demand_433 18 20 31.885188
demand_434 18 21 22.133172
demand_435 18 22 104.255978
demand_436 18 23 5.202559
demand_437 19 0 303.020652
demand_438 19 1 139.245623
demand_439 19 2 1462.585801
demand_440 19 3 1089.518321
demand_441 19 4 123.640366
demand_442 19 5 1035.952444
demand_443 19 6 83.391707
demand_444 19 7 372.144998
demand_445 19 8 1395.705522
demand_446 19 9 323.147617
demand_447 19 10 550.937619
demand_448 19 11 770.061092
demand_449 19 12 411.671833
demand_450 19 13 432.629398
demand_451 19 14 248.684935
demand_452 19 15 439.113261
demand_453 19 16 1392.827647
demand_454 19 17 48.833029
demand_455 19 18 661.091469
demand_456 19 20 292.376653
demand_457 19 21 202.953882
demand_458 19 22 955.992922
demand_459 19 23 47.705749
demand_460 20 0 691.498886
demand_461 20 1 317.761159
demand_462 20 2 3337.648593
demand_463 20 3 2486.301514
demand_464 20 4 282.149664
demand_465 20 5 2364.063166
demand_466 20 6 190.301461
demand_467 20 7 849.241957
demand_468 20 8 3185.026527
demand_469 20 9 737.429004
demand_470 20 10 1257.250117
demand_471 20 11 1757.294046
demand_472 20 12 939.442946
demand_473 20 13 987.268507
demand_474 20 14 567.503748
demand_475 20 15 1002.064808
demand_476 20 16 3178.459161
demand_477 20 17 111.437899
demand_478 20 18 1508.623296
demand_479 20 19 1522.895605
demand_480 20 21 463.144617
demand_481 20 22 2181.594017
demand_482 20 23 108.865427
demand_483 21 0 489.885682
demand_484 21 1 225.114813
demand_485 21 2 2364.524789
demand_486 21 3 1761.396204
demand_487 21 4 199.886194
demand_488 21 5 1674.797631
demand_489 21 6 134.817225
demand_490 21 7 601.637231
demand_491 21 8 2256.401166
demand_492 21 9 522.424429
demand_493 21 10 890.686657
demand_494 21 11 1244.937930
demand_495 21 12 665.539248
demand_496 21 13 699.420803
demand_497 21 14 402.042529
demand_498 21 15 709.903099
demand_499 21 16 2251.748579
demand_500 21 17 78.947099
demand_501 21 18 1068.769549
demand_502 21 19 1078.880628
demand_503 21 20 472.677804
demand_504 21 22 1545.529132
demand_505 21 23 77.124656
demand_506 22 0 1061.536457
demand_507 22 1 487.802745
demand_508 22 2 5123.704075
demand_509 22 3 3816.780838
demand_510 22 4 433.134688
demand_511 22 5 3629.129831
demand_512 22 6 292.136318
demand_513 22 7 1303.691612
demand_514 22 8 4889.410295
demand_515 22 9 1132.044878
demand_516 22 10 1930.034683
demand_517 22 11 2697.664062
demand_518 22 12 1442.161305
demand_519 22 13 1515.579466
demand_520 22 14 871.188558
demand_521 22 15 1538.293621
demand_522 22 16 4879.328575
demand_523 22 17 171.070981
demand_524 22 18 2315.923656
demand_525 22 19 2337.833418
demand_526 22 20 1024.248594
demand_527 22 21 710.984363
demand_528 22 23 167.121917
demand_529 23 0 235.084234
demand_530 23 1 108.027128
demand_531 23 2 1134.677986
demand_532 23 3 845.251234
demand_533 23 4 95.920527
demand_534 23 5 803.694684
demand_535 23 6 64.695510
demand_536 23 7 288.711087
demand_537 23 8 1082.792086
demand_538 23 9 250.698788
demand_539 23 10 427.418882
demand_540 23 11 597.415459
demand_541 23 12 319.376112
demand_542 23 13 335.635047
demand_543 23 14 192.930439
demand_544 23 15 340.665246
demand_545 23 16 1080.559423
demand_546 23 17 37.884794
demand_547 23 18 512.876534
demand_548 23 19 517.728595
demand_549 23 20 226.826591
demand_550 23 21 157.452166
demand_551 23 22 741.661872
