DEMANDS 552
label src dest bw
demand_0 0 1 728.927850
demand_1 0 2 80.217658
demand_2 0 3 86.105282
demand_3 0 4 1762.151499
demand_4 0 5 118.585155
demand_5 0 6 279.348072
demand_6 0 7 50.476689
demand_7 0 8 202.542272
demand_8 0 9 517.094696
demand_9 0 10 936.801592
demand_10 0 11 484.130898
demand_11 0 12 446.072822
demand_12 0 13 624.990983
demand_13 0 14 677.661077
demand_14 0 15 144.882317
demand_15 0 16 3253.575302
demand_16 0 17 691.783468
demand_17 0 18 2160.151122
demand_18 0 19 1446.766873
demand_19 0 20 1207.799586
demand_20 0 21 145.690616
demand_21 0 22 222.892932
demand_22 0 23 84.014434
demand_23 1 0 26.629284
demand_24 1 2 63.293959
demand_25 1 3 67.939458
demand_26 1 4 1390.386462
demand_27 1 5 93.566980
demand_28 1 6 220.413386
demand_29 1 7 39.827509
demand_30 1 8 159.811477
demand_31 1 9 408.002073
demand_32 1 10 739.162468
demand_33 1 11 381.992721
demand_34 1 12 351.963843
demand_35 1 13 493.135240
demand_36 1 14 534.693406
demand_37 1 15 114.316171
demand_38 1 16 2567.161254
demand_39 1 17 545.836365
demand_40 1 18 1704.419216
demand_41 1 19 1141.539235
demand_42 1 20 952.987410
demand_43 1 21 114.953941
demand_44 1 22 175.868712
demand_45 1 23 66.289721
demand_46 2 0 9.962680
demand_47 2 1 215.175854
demand_48 2 3 25.417848
demand_49 2 4 520.178304
demand_50 2 5 35.005744
demand_51 2 6 82.462153
demand_52 2 7 14.900466
demand_53 2 8 59.789465
demand_54 2 9 152.643766
demand_55 2 10 276.539142
demand_56 2 11 142.913018
demand_57 2 12 131.678465
demand_58 2 13 184.494210
demand_59 2 14 200.042159
demand_60 2 15 42.768535
demand_61 2 16 960.439147
demand_62 2 17 204.211018
demand_63 2 18 637.665801
demand_64 2 19 427.078341
demand_65 2 20 356.536393
demand_66 2 21 43.007141
demand_67 2 22 65.796878
demand_68 2 23 24.800640
demand_69 3 0 5.857416
demand_70 3 1 126.509568
demand_71 3 2 13.922230
demand_72 3 4 305.831399
demand_73 3 5 20.581127
demand_74 3 6 48.482444
demand_75 3 7 8.760516
demand_76 3 8 35.152361
demand_77 3 9 89.744721
demand_78 3 10 162.587236
demand_79 3 11 84.023666
demand_80 3 12 77.418471
demand_81 3 13 108.470734
demand_82 3 14 117.611928
demand_83 3 15 25.145149
demand_84 3 16 564.676469
demand_85 3 17 120.062949
demand_86 3 18 374.906494
demand_87 3 19 251.094606
demand_88 3 20 209.620477
demand_89 3 21 25.285434
demand_90 3 22 38.684334
demand_91 3 23 14.581182
demand_92 4 0 41.216854
demand_93 4 1 890.209409
demand_94 4 2 97.966505
demand_95 4 3 105.156816
demand_96 4 5 144.823141
demand_97 4 6 341.156237
demand_98 4 7 61.645091
demand_99 4 8 247.356492
demand_100 4 9 631.506346
demand_101 4 10 1144.077003
demand_102 4 11 591.249024
demand_103 4 12 544.770272
demand_104 4 13 763.275615
demand_105 4 14 827.599420
demand_106 4 15 176.938776
demand_107 4 16 3973.456828
demand_108 4 17 844.846511
demand_109 4 18 2638.103142
demand_110 4 19 1766.876490
demand_111 4 20 1475.035635
demand_112 4 21 177.925918
demand_113 4 22 272.209911
demand_114 4 23 102.603350
demand_115 5 0 11.058374
demand_116 5 1 238.840859
demand_117 5 2 26.284157
demand_118 5 3 28.213299
demand_119 5 4 577.387428
demand_120 5 6 91.531327
demand_121 5 7 16.539217
demand_122 5 8 66.365101
demand_123 5 9 169.431503
demand_124 5 10 306.952871
demand_125 5 11 158.630568
demand_126 5 12 146.160441
demand_127 5 13 204.784853
demand_128 5 14 222.042762
demand_129 5 15 47.472211
demand_130 5 16 1066.068086
demand_131 5 17 226.670112
demand_132 5 18 707.796181
demand_133 5 19 474.048346
demand_134 5 20 395.748207
demand_135 5 21 47.737059
demand_136 5 22 73.033208
demand_137 5 23 27.528211
demand_138 6 0 51.853099
demand_139 6 1 1119.933032
demand_140 6 2 123.247321
demand_141 6 3 132.293134
demand_142 6 4 2707.389587
demand_143 6 5 182.195580
demand_144 6 7 77.552959
demand_145 6 8 311.188248
demand_146 6 9 794.470166
demand_147 6 10 1439.312610
demand_148 6 11 743.824212
demand_149 6 12 685.351353
demand_150 6 13 960.243248
demand_151 6 14 1041.166179
demand_152 6 15 222.598838
demand_153 6 16 4998.830063
demand_154 6 17 1062.863980
demand_155 6 18 3318.880729
demand_156 6 19 2222.829063
demand_157 6 20 1855.677007
demand_158 6 21 223.840718
demand_159 6 22 342.455234
demand_160 6 23 129.080731
demand_161 7 0 94.374179
demand_162 7 1 2038.311350
demand_163 7 2 224.313781
demand_164 7 3 240.777429
demand_165 7 4 4927.529384
demand_166 7 5 331.601362
demand_167 7 6 781.145001
demand_168 7 8 566.371846
demand_169 7 9 1445.959276
demand_170 7 10 2619.591659
demand_171 7 11 1353.782138
demand_172 7 12 1247.359799
demand_173 7 13 1747.671204
demand_174 7 14 1894.953339
demand_175 7 15 405.136489
demand_176 7 16 9098.019044
demand_177 7 17 1934.443982
demand_178 7 18 6040.461408
demand_179 7 19 4045.614851
demand_180 7 20 3377.387216
demand_181 7 21 407.396748
demand_182 7 22 623.278687
demand_183 7 23 234.930761
demand_184 8 0 124.652275
demand_185 8 1 2692.263404
demand_186 8 2 296.280440
demand_187 8 3 318.026125
demand_188 8 4 6508.430143
demand_189 8 5 437.989128
demand_190 8 6 1031.759991
demand_191 8 7 186.433462
demand_192 8 9 1909.866833
demand_193 8 10 3460.036052
demand_194 8 11 1788.116475
demand_195 8 12 1647.550625
demand_196 8 13 2308.377091
demand_197 8 14 2502.911799
demand_198 8 15 535.116553
demand_199 8 16 12016.939277
demand_200 8 17 2555.072237
demand_201 8 18 7978.424489
demand_202 8 19 5343.570702
demand_203 8 20 4460.955390
demand_204 8 21 538.101971
demand_205 8 22 823.245379
demand_206 8 23 310.303669
demand_207 9 0 51.522834
demand_208 9 1 1112.799910
demand_209 9 2 122.462329
demand_210 9 3 131.450527
demand_211 9 4 2690.145573
demand_212 9 5 181.035133
demand_213 9 6 426.459916
demand_214 9 7 77.059005
demand_215 9 8 309.206216
demand_216 9 10 1430.145283
demand_217 9 11 739.086617
demand_218 9 12 680.986186
demand_219 9 13 954.127228
demand_220 9 14 1034.534741
demand_221 9 15 221.181052
demand_222 9 16 4966.991315
demand_223 9 17 1056.094345
demand_224 9 18 3297.741982
demand_225 9 19 2208.671331
demand_226 9 20 1843.857755
demand_227 9 21 222.415022
demand_228 9 22 340.274054
demand_229 9 23 128.258585
demand_230 10 0 5.989902
demand_231 10 1 129.371044
demand_232 10 2 14.237132
demand_233 10 3 15.282075
demand_234 10 4 312.748893
demand_235 10 5 21.046644
demand_236 10 6 49.579052
demand_237 10 7 8.958667
demand_238 10 8 35.947461
demand_239 10 9 91.774625
demand_240 10 11 85.924169
demand_241 10 12 79.169573
demand_242 10 13 110.924196
demand_243 10 14 120.272151
demand_244 10 15 25.713898
demand_245 10 16 577.448690
demand_246 10 17 122.778611
demand_247 10 18 383.386373
demand_248 10 19 256.774028
demand_249 10 20 214.361809
demand_250 10 21 25.857356
demand_251 10 22 39.559322
demand_252 10 23 14.910989
demand_253 11 0 10.546277
demand_254 11 1 227.780488
demand_255 11 2 25.066976
demand_256 11 3 26.906783
demand_257 11 4 550.649462
demand_258 11 5 37.056321
demand_259 11 6 87.292645
demand_260 11 7 15.773310
demand_261 11 8 63.291830
demand_262 11 9 161.585378
demand_263 11 10 292.738333
demand_264 11 12 139.391965
demand_265 11 13 195.301567
demand_266 11 14 211.760287
demand_267 11 15 45.273843
demand_268 11 16 1016.700035
demand_269 11 17 216.173351
demand_270 11 18 675.019176
demand_271 11 19 452.095862
demand_272 11 20 377.421687
demand_273 11 21 45.526426
demand_274 11 22 69.651147
demand_275 11 23 26.253420
demand_276 12 0 102.182590
demand_277 12 1 2206.958887
demand_278 12 2 242.873246
demand_279 12 3 260.699076
demand_280 12 4 5335.227498
demand_281 12 5 359.037677
demand_282 12 6 845.776040
demand_283 12 7 152.827166
demand_284 12 8 613.232801
demand_285 12 9 1565.596284
demand_286 12 10 2836.333660
demand_287 12 11 1465.792515
demand_288 12 13 1892.271510
demand_289 12 14 2051.739599
demand_290 12 15 438.657017
demand_291 12 16 9850.778677
demand_292 12 17 2094.497653
demand_293 12 18 6540.242238
demand_294 12 19 4380.344372
demand_295 12 20 3656.828350
demand_296 12 21 441.104286
demand_297 12 22 674.848049
demand_298 12 23 254.368662
demand_299 13 0 59.620569
demand_300 13 1 1287.696329
demand_301 13 2 141.709476
demand_302 13 3 152.110329
demand_303 13 4 3112.950090
demand_304 13 5 209.488043
demand_305 13 6 493.485723
demand_306 13 7 89.170207
demand_307 13 8 357.803506
demand_308 13 9 913.479902
demand_309 13 10 1654.918206
demand_310 13 11 855.247305
demand_311 13 12 788.015351
demand_312 13 14 1197.130389
demand_313 13 15 255.943612
demand_314 13 16 5747.642885
demand_315 13 17 1222.078470
demand_316 13 18 3816.041147
demand_317 13 19 2555.803555
demand_318 13 20 2133.652997
demand_319 13 21 257.371523
demand_320 13 22 393.754211
demand_321 13 23 148.416717
demand_322 14 0 21.689134
demand_323 14 1 468.446026
demand_324 14 2 51.551937
demand_325 14 3 55.335624
demand_326 14 4 1132.447973
demand_327 14 5 76.208838
demand_328 14 6 179.523247
demand_329 14 7 32.438882
demand_330 14 8 130.163942
demand_331 14 9 332.311291
demand_332 14 10 602.036240
demand_333 14 11 311.127082
demand_334 14 12 286.669031
demand_335 14 13 401.650920
demand_336 14 15 93.108729
demand_337 14 16 2090.912589
demand_338 14 17 444.575160
demand_339 14 18 1388.222726
demand_340 14 19 929.765807
demand_341 14 20 776.193303
demand_342 14 21 93.628183
demand_343 14 22 143.242309
demand_344 14 23 53.991939
demand_345 15 0 1.454442
demand_346 15 1 31.413307
demand_347 15 2 3.456998
demand_348 15 3 3.710726
demand_349 15 4 75.940309
demand_350 15 5 5.110454
demand_351 15 6 12.038567
demand_352 15 7 2.175304
demand_353 15 8 8.728604
demand_354 15 9 22.284310
demand_355 15 10 40.371672
demand_356 15 11 20.863728
demand_357 15 12 19.223607
demand_358 15 13 26.934125
demand_359 15 14 29.203954
demand_360 15 16 140.213549
demand_361 15 17 29.812562
demand_362 15 18 93.092191
demand_363 15 19 62.348739
demand_364 15 20 52.050391
demand_365 15 21 6.278569
demand_366 15 22 9.605620
demand_367 15 23 3.620621
demand_368 16 0 5.402300
demand_369 16 1 116.679899
demand_370 16 2 12.840486
demand_371 16 3 13.782922
demand_372 16 4 282.068601
demand_373 16 5 18.981994
demand_374 16 6 44.715406
demand_375 16 7 8.079833
demand_376 16 8 32.421058
demand_377 16 9 82.771645
demand_378 16 10 149.954368
demand_379 16 11 77.495110
demand_380 16 12 71.403133
demand_381 16 13 100.042665
demand_382 16 14 108.473597
demand_383 16 15 23.191396
demand_384 16 17 110.734176
demand_385 16 18 345.776629
demand_386 16 19 231.584803
demand_387 16 20 193.333172
demand_388 16 21 23.320780
demand_389 16 22 35.678599
demand_390 16 23 13.448239
demand_391 17 0 3.999769
demand_392 17 1 86.387763
demand_393 17 2 9.506872
demand_394 17 3 10.204635
demand_395 17 4 208.838674
demand_396 17 5 14.053937
demand_397 17 6 33.106507
demand_398 17 7 5.982167
demand_399 17 8 24.003986
demand_400 17 9 61.282682
demand_401 17 10 111.023599
demand_402 17 11 57.376028
demand_403 17 12 52.865634
demand_404 17 13 74.069845
demand_405 17 14 80.311960
demand_406 17 15 17.170505
demand_407 17 16 385.592471
demand_408 17 18 256.006987
demand_409 17 19 171.461350
demand_410 17 20 143.140510
demand_411 17 21 17.266299
demand_412 17 22 26.415813
demand_413 17 23 9.956841
demand_414 18 0 47.854935
demand_415 18 1 1033.579932
demand_416 18 2 113.744263
demand_417 18 3 122.092593
demand_418 18 4 2498.634709
demand_419 18 5 168.147282
demand_420 18 6 396.100329
demand_421 18 7 71.573192
demand_422 18 8 287.193894
demand_423 18 9 733.212073
demand_424 18 10 1328.333559
demand_425 18 11 686.471206
demand_426 18 12 632.506931
demand_427 18 13 886.203123
demand_428 18 14 960.886443
demand_429 18 15 205.435222
demand_430 18 16 4613.392309
demand_431 18 17 980.911223
demand_432 18 19 2051.436511
demand_433 18 20 1712.593932
demand_434 18 21 206.581346
demand_435 18 22 316.050020
demand_436 18 23 119.127885
demand_437 19 0 57.736621
demand_438 19 1 1247.006453
demand_439 19 2 137.231602
demand_440 19 3 147.303800
demand_441 19 4 3014.584076
demand_442 19 5 202.868437
demand_443 19 6 477.892083
demand_444 19 7 86.352520
demand_445 19 8 346.497284
demand_446 19 9 884.614879
demand_447 19 10 1602.624497
demand_448 19 11 828.222372
demand_449 19 12 763.114878
demand_450 19 13 1069.197436
demand_451 19 14 1159.302303
demand_452 19 15 247.856058
demand_453 19 16 5566.023295
demand_454 19 17 1183.462050
demand_455 19 18 3695.458181
demand_456 19 20 2066.231762
demand_457 19 21 249.238848
demand_458 19 22 381.311984
demand_459 19 23 143.726902
demand_460 20 0 24.843660
demand_461 20 1 536.578060
demand_462 20 2 59.049788
demand_463 20 3 63.383784
demand_464 20 4 1297.154213
demand_465 20 5 87.292854
demand_466 20 6 205.633584
demand_467 20 7 37.156879
demand_468 20 8 149.095331
demand_469 20 9 380.643528
demand_470 20 10 689.597990
demand_471 20 11 356.378231
demand_472 20 12 328.362937
demand_473 20 13 460.068097
demand_474 20 14 498.839584
demand_475 20 15 106.650709
demand_476 20 16 2395.020469
demand_477 20 17 509.235352
demand_478 20 18 1590.129527
demand_479 20 19 1064.993416
demand_480 20 21 107.245714
demand_481 20 22 164.075851
demand_482 20 23 61.844670
demand_483 21 0 32.608073
demand_484 21 1 704.275325
demand_485 21 2 77.504676
demand_486 21 3 83.193179
demand_487 21 4 1702.555087
demand_488 21 5 114.574575
demand_489 21 6 269.900449
demand_490 21 7 48.769555
demand_491 21 8 195.692241
demand_492 21 9 499.606421
demand_493 21 10 905.118723
demand_494 21 11 467.757467
demand_495 21 12 430.986526
demand_496 21 13 603.853629
demand_497 21 14 654.742407
demand_498 21 15 139.982360
demand_499 21 16 3143.538556
demand_500 21 17 668.387175
demand_501 21 18 2087.094261
demand_502 21 19 1397.836849
demand_503 21 20 1166.951496
demand_504 21 22 215.354636
demand_505 21 23 81.173045
demand_506 22 0 84.143444
demand_507 22 1 1817.346012
demand_508 22 2 199.996804
demand_509 22 3 214.675692
demand_510 22 4 4393.355251
demand_511 22 5 295.653759
demand_512 22 6 696.464135
demand_513 22 7 125.847311
demand_514 22 8 504.973696
demand_515 22 9 1289.208503
demand_516 22 10 2335.612002
demand_517 22 11 1207.023926
demand_518 22 12 1112.138416
demand_519 22 13 1558.213024
demand_520 22 14 1689.528880
demand_521 22 15 361.217232
demand_522 22 16 8111.738485
demand_523 22 17 1724.738498
demand_524 22 18 5385.638679
demand_525 22 19 3607.045614
demand_526 22 20 3011.257916
demand_527 22 21 363.232464
demand_528 22 23 209.462839
demand_529 23 0 0.572069
demand_530 23 1 12.355652
demand_531 23 2 1.359725
demand_532 23 3 1.459523
demand_533 23 4 29.869254
demand_534 23 5 2.010071
demand_535 23 6 4.735074
demand_536 23 7 0.855602
demand_537 23 8 3.433182
demand_538 23 9 8.764986
demand_539 23 10 15.879205
demand_540 23 11 8.206235
demand_541 23 12 7.561133
demand_542 23 13 10.593876
demand_543 23 14 11.486658
demand_544 23 15 2.455820
demand_545 23 16 55.149553
demand_546 23 17 11.726038
demand_547 23 18 36.615525
demand_548 23 19 24.523344
demand_549 23 20 20.472742
demand_550 23 21 2.469521
demand_551 23 22 3.778135
