DEMANDS 552
label src dest bw
demand_0 0 1 781.295410
demand_1 0 2 460.193208
demand_2 0 3 11.132145
demand_3 0 4 445.323678
demand_4 0 5 292.720383
demand_5 0 6 232.115273
demand_6 0 7 674.518921
demand_7 0 8 27.442472
demand_8 0 9 1001.926540
demand_9 0 10 149.729418
demand_10 0 11 4.892703
demand_11 0 12 69.434247
demand_12 0 13 341.806875
demand_13 0 14 402.897962
demand_14 0 15 438.767863
demand_15 0 16 736.838093
demand_16 0 17 221.125713
demand_17 0 18 61.747234
demand_18 0 19 515.825192
demand_19 0 20 400.807975
demand_20 0 21 510.270819
demand_21 0 22 256.294562
demand_22 0 23 17.185631
demand_23 1 0 8.506608
demand_24 1 2 2574.943730
demand_25 1 3 62.288286
demand_26 1 4 2491.743448
demand_27 1 5 1637.874051
demand_28 1 6 1298.767030
demand_29 1 7 3774.171880
demand_30 1 8 153.550333
demand_31 1 9 5606.133282
demand_32 1 10 837.789041
demand_33 1 11 27.376403
demand_34 1 12 388.509165
demand_35 1 13 1912.530330
demand_36 1 14 2254.356565
demand_37 1 15 2455.061344
demand_38 1 16 4122.869681
demand_39 1 17 1237.276554
demand_40 1 18 345.497610
demand_41 1 19 2886.224348
demand_42 1 20 2242.662347
demand_43 1 21 2855.145667
demand_44 1 22 1434.058701
demand_45 1 23 96.159684
demand_46 2 0 4.125850
demand_47 2 1 2120.312441
demand_48 2 3 30.210884
demand_49 2 4 1208.538182
demand_50 2 5 794.396923
demand_51 2 6 629.924219
demand_52 2 7 1830.537902
demand_53 2 8 74.474537
demand_54 2 9 2719.070510
demand_55 2 10 406.342011
demand_56 2 11 13.278023
demand_57 2 12 188.433589
demand_58 2 13 927.609915
demand_59 2 14 1093.401485
demand_60 2 15 1190.746735
demand_61 2 16 1999.662299
demand_62 2 17 600.100287
demand_63 2 18 167.572249
demand_64 2 19 1399.868165
demand_65 2 20 1087.729589
demand_66 2 21 1384.794473
demand_67 2 22 695.542993
demand_68 2 23 46.639091
demand_69 3 0 1.672468
demand_70 3 1 859.496781
demand_71 3 2 506.254838
demand_72 3 4 489.896987
demand_73 3 5 322.019333
demand_74 3 6 255.348140
demand_75 3 7 742.032827
demand_76 3 8 30.189242
demand_77 3 9 1102.211309
demand_78 3 10 164.716126
demand_79 3 11 5.382423
demand_80 3 12 76.384055
demand_81 3 13 376.018987
demand_82 3 14 443.224799
demand_83 3 15 482.684988
demand_84 3 16 810.589645
demand_85 3 17 243.258613
demand_86 3 18 67.927635
demand_87 3 19 567.455135
demand_88 3 20 440.925621
demand_89 3 21 561.344814
demand_90 3 22 281.947581
demand_91 3 23 18.905774
demand_92 4 0 0.388761
demand_93 4 1 199.787813
demand_94 4 2 117.677633
demand_95 4 3 2.846640
demand_96 4 5 74.852565
demand_97 4 6 59.355018
demand_98 4 7 172.483619
demand_99 4 8 7.017411
demand_100 4 9 256.206180
demand_101 4 10 38.287839
demand_102 4 11 1.251130
demand_103 4 12 17.755277
demand_104 4 13 87.404645
demand_105 4 14 103.026463
demand_106 4 15 112.198882
demand_107 4 16 188.419475
demand_108 4 17 56.544838
demand_109 4 18 15.789604
demand_110 4 19 131.903484
demand_111 4 20 102.492025
demand_112 4 21 130.483156
demand_113 4 22 65.537989
demand_114 4 23 4.394599
demand_115 5 0 8.147968
demand_116 5 1 4187.315587
demand_117 5 2 2466.383612
demand_118 5 3 59.662200
demand_119 5 4 2386.691070
demand_120 5 6 1244.010765
demand_121 5 7 3615.052075
demand_122 5 8 147.076621
demand_123 5 9 5369.777636
demand_124 5 10 802.467695
demand_125 5 11 26.222208
demand_126 5 12 372.129544
demand_127 5 13 1831.897687
demand_128 5 14 2159.312463
demand_129 5 15 2351.555490
demand_130 5 16 3949.048711
demand_131 5 17 1185.112739
demand_132 5 18 330.931365
demand_133 5 19 2764.540580
demand_134 5 20 2148.111275
demand_135 5 21 2734.772183
demand_136 5 22 1373.598513
demand_137 5 23 92.105574
demand_138 6 0 4.502688
demand_139 6 1 2313.972786
demand_140 6 2 1362.960216
demand_141 6 3 32.970218
demand_142 6 4 1318.920934
demand_143 6 5 866.953769
demand_144 6 7 1997.731470
demand_145 6 8 81.276725
demand_146 6 9 2967.418877
demand_147 6 10 443.455567
demand_148 6 11 14.490782
demand_149 6 12 205.644313
demand_150 6 13 1012.333870
demand_151 6 14 1193.268139
demand_152 6 15 1299.504491
demand_153 6 16 2182.302971
demand_154 6 17 654.910901
demand_155 6 18 182.877587
demand_156 6 19 1527.726186
demand_157 6 20 1187.078196
demand_158 6 21 1511.275727
demand_159 6 22 759.070940
demand_160 6 23 50.898908
demand_161 7 0 0.336964
demand_162 7 1 173.168947
demand_163 7 2 101.998773
demand_164 7 3 2.467366
demand_165 7 4 98.703041
demand_166 7 5 64.879532
demand_167 7 6 51.446811
demand_168 7 8 6.082442
demand_169 7 9 222.070374
demand_170 7 10 33.186533
demand_171 7 11 1.084435
demand_172 7 12 15.389640
demand_173 7 13 75.759227
demand_174 7 14 89.299662
demand_175 7 15 97.249988
demand_176 7 16 163.315278
demand_177 7 17 49.011048
demand_178 7 18 13.685865
demand_179 7 19 114.329234
demand_180 7 20 88.836430
demand_181 7 21 113.098144
demand_182 7 22 56.805990
demand_183 7 23 3.809081
demand_184 8 0 3.443404
demand_185 8 1 1769.597147
demand_186 8 2 1042.315849
demand_187 8 3 25.213781
demand_188 8 4 1008.637066
demand_189 8 5 662.997821
demand_190 8 6 525.730114
demand_191 8 7 1527.753451
demand_192 8 9 2269.316221
demand_193 8 10 339.130050
demand_194 8 11 11.081741
demand_195 8 12 157.265285
demand_196 8 13 774.176403
demand_197 8 14 912.544826
demand_198 8 15 993.788455
demand_199 8 16 1668.903426
demand_200 8 17 500.839279
demand_201 8 18 139.854565
demand_202 8 19 1168.319660
demand_203 8 20 907.811103
demand_204 8 21 1155.739268
demand_205 8 22 580.495059
demand_206 8 23 38.924642
demand_207 9 0 9.700617
demand_208 9 1 4985.236271
demand_209 9 2 2936.369324
demand_210 9 3 71.031227
demand_211 9 4 2841.490841
demand_212 9 5 1867.770182
demand_213 9 6 1481.065245
demand_214 9 7 4303.924161
demand_215 9 8 175.103045
demand_216 9 10 955.383223
demand_217 9 11 31.219024
demand_218 9 12 443.041291
demand_219 9 13 2180.977909
demand_220 9 14 2570.783736
demand_221 9 15 2799.659944
demand_222 9 16 4701.566065
demand_223 9 17 1410.943810
demand_224 9 18 393.992526
demand_225 9 19 3291.342075
demand_226 9 20 2557.448088
demand_227 9 21 3255.901112
demand_228 9 22 1635.346796
demand_229 9 23 109.656900
demand_230 10 0 6.416831
demand_231 10 1 3297.668541
demand_232 10 2 1942.369873
demand_233 10 3 46.986227
demand_234 10 4 1879.608998
demand_235 10 5 1235.505528
demand_236 10 6 979.705273
demand_237 10 7 2846.989498
demand_238 10 8 115.828372
demand_239 10 9 4228.901885
demand_240 10 11 20.650976
demand_241 10 12 293.066015
demand_242 10 13 1442.688339
demand_243 10 14 1700.539792
demand_244 10 15 1851.938408
demand_245 10 16 3110.024412
demand_246 10 17 933.320862
demand_247 10 18 260.620899
demand_248 10 19 2177.179702
demand_249 10 20 1691.718436
demand_250 10 21 2153.735969
demand_251 10 22 1081.760500
demand_252 10 23 72.536604
demand_253 11 0 1.943157
demand_254 11 1 998.606222
demand_255 11 2 588.192117
demand_256 11 3 14.228458
demand_257 11 4 569.186751
demand_258 11 5 374.138120
demand_259 11 6 296.676203
demand_260 11 7 862.130742
demand_261 11 8 35.075367
demand_262 11 9 1280.604064
demand_263 11 10 191.375409
demand_264 11 12 88.746805
demand_265 11 13 436.877611
demand_266 11 14 514.960675
demand_267 11 15 560.807490
demand_268 11 16 941.783472
demand_269 11 17 282.629988
demand_270 11 18 78.921713
demand_271 11 19 659.297674
demand_272 11 20 512.289375
demand_273 11 21 652.198398
demand_274 11 22 327.580760
demand_275 11 23 21.965672
demand_276 12 0 0.926690
demand_277 12 1 476.234524
demand_278 12 2 280.508360
demand_279 12 3 6.785540
demand_280 12 4 271.444715
demand_281 12 5 178.426176
demand_282 12 6 141.484649
demand_283 12 7 411.149475
demand_284 12 8 16.727415
demand_285 12 9 610.719074
demand_286 12 10 91.266783
demand_287 12 11 2.982321
demand_288 12 13 208.346590
demand_289 12 14 245.584342
demand_290 12 15 267.448652
demand_291 12 16 449.135800
demand_292 12 17 134.786020
demand_293 12 18 37.637703
demand_294 12 19 314.418544
demand_295 12 20 244.310401
demand_296 12 21 311.032905
demand_297 12 22 156.223008
demand_298 12 23 10.475412
demand_299 13 0 0.171673
demand_300 13 1 88.224554
demand_301 13 2 51.965415
demand_302 13 3 1.257051
demand_303 13 4 50.286335
demand_304 13 5 33.054239
demand_305 13 6 26.210657
demand_306 13 7 76.167260
demand_307 13 8 3.098828
demand_308 13 9 113.138412
demand_309 13 10 16.907575
demand_310 13 11 0.552488
demand_311 13 12 7.840575
demand_312 13 14 45.495587
demand_313 13 15 49.546047
demand_314 13 16 83.204395
demand_315 13 17 24.969707
demand_316 13 18 6.972551
demand_317 13 19 58.247427
demand_318 13 20 45.259583
demand_319 13 21 57.620222
demand_320 13 22 28.941004
demand_321 13 23 1.940616
demand_322 14 0 3.702337
demand_323 14 1 1902.665005
demand_324 14 2 1120.694557
demand_325 14 3 27.109774
demand_326 14 4 1084.483240
demand_327 14 5 712.853067
demand_328 14 6 565.263281
demand_329 14 7 1642.635462
demand_330 14 8 66.829818
demand_331 14 9 2439.961302
demand_332 14 10 364.631509
demand_333 14 11 11.915051
demand_334 14 12 169.091115
demand_335 14 13 832.391910
demand_336 14 15 1068.518063
demand_337 14 16 1794.399450
demand_338 14 17 538.500738
demand_339 14 18 150.371166
demand_340 14 19 1256.173438
demand_341 14 20 976.075499
demand_342 14 21 1242.647042
demand_343 14 22 624.146370
demand_344 14 23 41.851647
demand_345 15 0 1.758505
demand_346 15 1 903.712124
demand_347 15 2 532.298253
demand_348 15 3 12.876377
demand_349 15 4 515.098901
demand_350 15 5 338.585067
demand_351 15 6 268.484089
demand_352 15 7 780.205437
demand_353 15 8 31.742276
demand_354 15 9 1158.912685
demand_355 15 10 173.189665
demand_356 15 11 5.659313
demand_357 15 12 80.313503
demand_358 15 13 395.362641
demand_359 15 14 466.025742
demand_360 15 16 852.289044
demand_361 15 17 255.772637
demand_362 15 18 71.422056
demand_363 15 19 596.646894
demand_364 15 20 463.608286
demand_365 15 21 590.222238
demand_366 15 22 296.451892
demand_367 15 23 19.878350
demand_368 16 0 0.075901
demand_369 16 1 39.006316
demand_370 16 2 22.975230
demand_371 16 3 0.555774
demand_372 16 4 22.232866
demand_373 16 5 14.614118
demand_374 16 6 11.588397
demand_375 16 7 33.675480
demand_376 16 8 1.370070
demand_377 16 9 50.021365
demand_378 16 10 7.475268
demand_379 16 11 0.244269
demand_380 16 12 3.466517
demand_381 16 13 17.064771
demand_382 16 14 20.114754
demand_383 16 15 21.905566
demand_384 16 17 11.039741
demand_385 16 18 3.082742
demand_386 16 19 25.752667
demand_387 16 20 20.010411
demand_388 16 21 25.475364
demand_389 16 22 12.795553
demand_390 16 23 0.857996
demand_391 17 0 1.473968
demand_392 17 1 757.485870
demand_393 17 2 446.169078
demand_394 17 3 10.792899
demand_395 17 4 431.752688
demand_396 17 5 283.799893
demand_397 17 6 225.041690
demand_398 17 7 653.963335
demand_399 17 8 26.606178
demand_400 17 9 971.393390
demand_401 17 10 145.166498
demand_402 17 11 4.743601
demand_403 17 12 67.318277
demand_404 17 13 331.390502
demand_405 17 14 390.619872
demand_406 17 15 425.396658
demand_407 17 16 714.383364
demand_408 17 18 59.865522
demand_409 17 19 500.105708
demand_410 17 20 388.593576
demand_411 17 21 494.720601
demand_412 17 22 248.484129
demand_413 17 23 16.661909
demand_414 18 0 2.395654
demand_415 18 1 1231.148677
demand_416 18 2 725.162663
demand_417 18 3 17.541797
demand_418 18 4 701.731573
demand_419 18 5 461.262549
demand_420 18 6 365.762306
demand_421 18 7 1062.892559
demand_422 18 8 43.243263
demand_423 18 9 1578.814516
demand_424 18 10 235.940430
demand_425 18 11 7.709817
demand_426 18 12 109.413009
demand_427 18 13 538.611998
demand_428 18 14 634.878032
demand_429 18 15 691.401059
demand_430 18 16 1161.093783
demand_431 18 17 348.445191
demand_432 18 19 812.826358
demand_433 18 20 631.584675
demand_434 18 21 804.073895
demand_435 18 22 403.863515
demand_436 18 23 27.080752
demand_437 19 0 3.519822
demand_438 19 1 1808.868903
demand_439 19 2 1065.447427
demand_440 19 3 25.773338
demand_441 19 4 1031.021227
demand_442 19 5 677.711389
demand_443 19 6 537.397371
demand_444 19 7 1561.658094
demand_445 19 8 63.535294
demand_446 19 9 2319.677984
demand_447 19 10 346.656188
demand_448 19 11 11.327672
demand_449 19 12 160.755393
demand_450 19 13 791.357300
demand_451 19 14 932.796462
demand_452 19 15 1015.843089
demand_453 19 16 1705.940539
demand_454 19 17 511.954147
demand_455 19 18 142.958285
demand_456 19 20 927.957687
demand_457 19 21 1181.387993
demand_458 19 22 593.377686
demand_459 19 23 39.788477
demand_460 20 0 4.905930
demand_461 20 1 2521.202760
demand_462 20 2 1485.021379
demand_463 20 3 35.922896
demand_464 20 4 1437.038118
demand_465 20 5 944.594615
demand_466 20 6 749.024837
demand_467 20 7 2176.640160
demand_468 20 8 88.555538
demand_469 20 9 3233.168820
demand_470 20 10 483.169641
demand_471 20 11 15.788517
demand_472 20 12 224.060980
demand_473 20 13 1102.994367
demand_474 20 14 1300.132371
demand_475 20 15 1415.882818
demand_476 20 16 2377.741133
demand_477 20 17 713.562053
demand_478 20 18 199.255359
demand_479 20 19 1664.543118
demand_480 20 21 1646.619423
demand_481 20 22 827.050240
demand_482 20 23 55.457207
demand_483 21 0 3.533916
demand_484 21 1 1816.111984
demand_485 21 2 1069.713696
demand_486 21 3 25.876539
demand_487 21 4 1035.149647
demand_488 21 5 680.425084
demand_489 21 6 539.549220
demand_490 21 7 1567.911293
demand_491 21 8 63.789702
demand_492 21 9 2328.966449
demand_493 21 10 348.044270
demand_494 21 11 11.373030
demand_495 21 12 161.399090
demand_496 21 13 794.526057
demand_497 21 14 936.531570
demand_498 21 15 1019.910732
demand_499 21 16 1712.771473
demand_500 21 17 514.004116
demand_501 21 18 143.530719
demand_502 21 19 1199.029587
demand_503 21 20 931.673419
demand_504 21 22 595.753692
demand_505 21 23 39.947798
demand_506 22 0 2.919052
demand_507 22 1 1500.127972
demand_508 22 2 883.594983
demand_509 22 3 21.374299
demand_510 22 4 855.044708
demand_511 22 5 562.038416
demand_512 22 6 445.673441
demand_513 22 7 1295.111540
demand_514 22 8 52.690978
demand_515 22 9 1923.751260
demand_516 22 10 287.488299
demand_517 22 11 9.394245
demand_518 22 12 133.317379
demand_519 22 13 656.287042
demand_520 22 14 773.585119
demand_521 22 15 842.457201
demand_522 22 16 1414.767602
demand_523 22 17 424.572911
demand_524 22 18 118.557913
demand_525 22 19 990.411295
demand_526 22 20 769.572234
demand_527 22 21 979.746609
demand_528 22 23 32.997309
demand_529 23 0 7.249993
demand_530 23 1 3725.838129
demand_531 23 2 2194.567357
demand_532 23 3 53.086923
demand_533 23 4 2123.657604
demand_534 23 5 1395.923680
demand_535 23 6 1106.910297
demand_536 23 7 3216.642877
demand_537 23 8 130.867539
demand_538 23 9 4777.982896
demand_539 23 10 714.028994
demand_540 23 11 23.332300
demand_541 23 12 331.117733
demand_542 23 13 1630.007127
demand_543 23 14 1921.338036
demand_544 23 15 2092.394262
demand_545 23 16 3513.830269
demand_546 23 17 1054.503329
demand_547 23 18 294.459940
demand_548 23 19 2459.864915
demand_549 23 20 1911.371314
demand_550 23 21 2433.377246
demand_551 23 22 1222.216384
