DEMANDS 552
label src dest bw
demand_0 0 1 254.059818
demand_1 0 2 12.614790
demand_2 0 3 106.343694
demand_3 0 4 37.970216
demand_4 0 5 255.139818
demand_5 0 6 448.842833
demand_6 0 7 139.341380
demand_7 0 8 23.625331
demand_8 0 9 41.198085
demand_9 0 10 168.571640
demand_10 0 11 436.955905
demand_11 0 12 240.987625
demand_12 0 13 255.987519
demand_13 0 14 209.381299
demand_14 0 15 833.724282
demand_15 0 16 264.684661
demand_16 0 17 271.097006
demand_17 0 18 21.712539
demand_18 0 19 248.952685
demand_19 0 20 41.694143
demand_20 0 21 245.759698
demand_21 0 22 178.496904
demand_22 0 23 316.488678
demand_23 1 0 54.638147
demand_24 1 2 19.196225
demand_25 1 3 161.825717
demand_26 1 4 57.780177
demand_27 1 5 388.252303
demand_28 1 6 683.014768
demand_29 1 7 212.039077
demand_30 1 8 35.951225
demand_31 1 9 62.692101
demand_32 1 10 256.519456
demand_33 1 11 664.926148
demand_34 1 12 366.716575
demand_35 1 13 389.542270
demand_36 1 14 318.620481
demand_37 1 15 1268.697983
demand_38 1 16 402.776917
demand_39 1 17 412.534734
demand_40 1 18 33.040485
demand_41 1 19 378.837196
demand_42 1 20 63.446965
demand_43 1 21 373.978352
demand_44 1 22 271.622966
demand_45 1 23 481.608317
demand_46 2 0 28.014144
demand_47 2 1 198.222608
demand_48 2 3 82.971500
demand_49 2 4 29.625130
demand_50 2 5 199.065245
demand_51 2 6 350.196255
demand_52 2 7 108.716962
demand_53 2 8 18.432961
demand_54 2 9 32.143579
demand_55 2 10 131.523002
demand_56 2 11 340.921833
demand_57 2 12 188.023418
demand_58 2 13 199.726639
demand_59 2 14 163.363523
demand_60 2 15 650.488544
demand_61 2 16 206.512325
demand_62 2 17 211.515366
demand_63 2 18 16.940562
demand_64 2 19 194.237919
demand_65 2 20 32.530614
demand_66 2 21 191.746686
demand_67 2 22 139.266894
demand_68 2 23 246.930867
demand_69 3 0 21.735853
demand_70 3 1 153.798646
demand_71 3 2 7.636539
demand_72 3 4 22.985799
demand_73 3 5 154.452439
demand_74 3 6 271.713254
demand_75 3 7 84.352243
demand_76 3 8 14.301923
demand_77 3 9 24.939834
demand_78 3 10 102.047188
demand_79 3 11 264.517337
demand_80 3 12 145.885212
demand_81 3 13 154.965607
demand_82 3 14 126.751883
demand_83 3 15 504.706595
demand_84 3 16 160.230543
demand_85 3 17 164.112345
demand_86 3 18 13.143988
demand_87 3 19 150.706972
demand_88 3 20 25.240130
demand_89 3 21 148.774053
demand_90 3 22 108.055585
demand_91 3 23 191.590825
demand_92 4 0 259.502698
demand_93 4 1 1836.190350
demand_94 4 2 91.172057
demand_95 4 3 768.587749
demand_96 4 5 1843.995931
demand_97 4 6 3243.963896
demand_98 4 7 1007.075019
demand_99 4 8 170.749569
demand_100 4 9 297.754781
demand_101 4 10 1218.333621
demand_102 4 11 3158.052385
demand_103 4 12 1741.712457
demand_104 4 13 1850.122604
demand_105 4 14 1513.281095
demand_106 4 15 6025.653684
demand_107 4 16 1912.980272
demand_108 4 17 1959.324812
demand_109 4 18 156.925072
demand_110 4 19 1799.279086
demand_111 4 20 301.339990
demand_112 4 21 1776.202109
demand_113 4 22 1290.067414
demand_114 4 23 2287.388303
demand_115 5 0 172.660998
demand_116 5 1 1221.715462
demand_117 5 2 60.661637
demand_118 5 3 511.382460
demand_119 5 4 182.590071
demand_120 5 6 2158.382355
demand_121 5 7 670.060772
demand_122 5 8 113.608804
demand_123 5 9 198.112151
demand_124 5 10 810.622397
demand_125 5 11 2101.220840
demand_126 5 12 1158.854277
demand_127 5 13 1230.985335
demand_128 5 14 1006.866697
demand_129 5 15 4009.189067
demand_130 5 16 1272.807897
demand_131 5 17 1303.643393
demand_132 5 18 104.410627
demand_133 5 19 1197.156428
demand_134 5 20 200.497582
demand_135 5 21 1181.802083
demand_136 5 22 858.350719
demand_137 5 23 1521.921547
demand_138 6 0 72.069769
demand_139 6 1 509.951593
demand_140 6 2 25.320542
demand_141 6 3 213.454203
demand_142 6 4 76.214225
demand_143 6 5 512.119380
demand_144 6 7 279.687512
demand_145 6 8 47.421018
demand_146 6 9 82.693238
demand_147 6 10 338.358804
demand_148 6 11 877.062580
demand_149 6 12 483.712945
demand_150 6 13 513.820895
demand_151 6 14 420.272389
demand_152 6 15 1673.460323
demand_153 6 16 531.277892
demand_154 6 17 544.148819
demand_155 6 18 43.581642
demand_156 6 19 499.700500
demand_157 6 20 83.688931
demand_158 6 21 493.291502
demand_159 6 22 358.280901
demand_160 6 23 635.259471
demand_161 7 0 659.401375
demand_162 7 1 4665.795195
demand_163 7 2 231.669960
demand_164 7 3 1952.996338
demand_165 7 4 697.321022
demand_166 7 5 4685.629328
demand_167 7 6 8242.975006
demand_168 7 8 433.877958
demand_169 7 9 756.600657
demand_170 7 10 3095.809297
demand_171 7 11 8024.672192
demand_172 7 12 4425.725042
demand_173 7 13 4701.197323
demand_174 7 14 3845.276533
demand_175 7 15 15311.302561
demand_176 7 16 4860.919873
demand_177 7 17 4978.682245
demand_178 7 18 398.749642
demand_179 7 19 4572.002960
demand_180 7 20 765.710744
demand_181 7 21 4513.363914
demand_182 7 22 3278.086251
demand_183 7 23 5812.297922
demand_184 8 0 26.715934
demand_185 8 1 189.036723
demand_186 8 2 9.386209
demand_187 8 3 79.126497
demand_188 8 4 28.252265
demand_189 8 5 189.840312
demand_190 8 6 333.967720
demand_191 8 7 103.678881
demand_192 8 9 30.654005
demand_193 8 10 125.428061
demand_194 8 11 325.123087
demand_195 8 12 179.310176
demand_196 8 13 190.471056
demand_197 8 14 155.793052
demand_198 8 15 620.344088
demand_199 8 16 196.942284
demand_200 8 17 201.713478
demand_201 8 18 16.155515
demand_202 8 19 185.236690
demand_203 8 20 31.023104
demand_204 8 21 182.860904
demand_205 8 22 132.813091
demand_206 8 23 235.487780
demand_207 9 0 109.749013
demand_208 9 1 776.562554
demand_209 9 2 38.558533
demand_210 9 3 325.051521
demand_211 9 4 116.060258
demand_212 9 5 779.863694
demand_213 9 6 1371.938855
demand_214 9 7 425.912678
demand_215 9 8 72.213494
demand_216 9 10 515.258273
demand_217 9 11 1335.605115
demand_218 9 12 736.605915
demand_219 9 13 782.454790
demand_220 9 14 639.997608
demand_221 9 15 2548.372511
demand_222 9 16 809.038586
demand_223 9 17 828.638643
demand_224 9 18 66.366831
demand_225 9 19 760.952023
demand_226 9 20 127.442861
demand_227 9 21 751.192296
demand_228 9 22 545.595965
demand_229 9 23 967.383421
demand_230 10 0 2.905489
demand_231 10 1 20.558673
demand_232 10 2 1.020796
demand_233 10 3 8.605396
demand_234 10 4 3.072573
demand_235 10 5 20.646067
demand_236 10 6 36.320632
demand_237 10 7 11.275588
demand_238 10 8 1.911776
demand_239 10 9 3.333774
demand_240 10 11 35.358734
demand_241 10 12 19.500863
demand_242 10 13 20.714664
demand_243 10 14 16.943261
demand_244 10 15 67.465470
demand_245 10 16 21.418442
demand_246 10 17 21.937333
demand_247 10 18 1.756992
demand_248 10 19 20.145401
demand_249 10 20 3.373915
demand_250 10 21 19.887022
demand_251 10 22 14.444077
demand_252 10 23 25.610454
demand_253 11 0 23.035477
demand_254 11 1 162.994528
demand_255 11 2 8.093140
demand_256 11 3 68.225823
demand_257 11 4 24.360159
demand_258 11 5 163.687412
demand_259 11 6 287.959451
demand_260 11 7 89.395807
demand_261 11 8 15.157059
demand_262 11 9 26.431029
demand_263 11 10 108.148762
demand_264 11 12 154.607936
demand_265 11 13 164.231263
demand_266 11 14 134.330593
demand_267 11 15 534.883859
demand_268 11 16 169.810999
demand_269 11 17 173.924900
demand_270 11 18 13.929889
demand_271 11 19 159.717998
demand_272 11 20 26.749280
demand_273 11 21 157.669506
demand_274 11 22 114.516411
demand_275 11 23 203.046366
demand_276 12 0 319.020637
demand_277 12 1 2257.327649
demand_278 12 2 112.082718
demand_279 12 3 944.866297
demand_280 12 4 337.366292
demand_281 12 5 2266.923470
demand_282 12 6 3987.979457
demand_283 12 7 1238.051537
demand_284 12 8 209.911638
demand_285 12 9 366.045982
demand_286 12 10 1497.763110
demand_287 12 11 3882.363810
demand_288 12 13 2274.455319
demand_289 12 14 1860.357918
demand_290 12 15 7407.660466
demand_291 12 16 2351.729634
demand_292 12 17 2408.703472
demand_293 12 18 192.916439
demand_294 12 19 2211.950645
demand_295 12 20 370.453473
demand_296 12 21 2183.580875
demand_297 12 22 1585.949322
demand_298 12 23 2812.009583
demand_299 13 0 72.958179
demand_300 13 1 516.237808
demand_301 13 2 25.632671
demand_302 13 3 216.085470
demand_303 13 4 77.153724
demand_304 13 5 518.432317
demand_305 13 6 912.027890
demand_306 13 7 283.135243
demand_307 13 8 48.005580
demand_308 13 9 83.712604
demand_309 13 10 342.529781
demand_310 13 11 887.874201
demand_311 13 12 489.675714
demand_312 13 14 425.453121
demand_313 13 15 1694.089204
demand_314 13 16 537.826997
demand_315 13 17 550.856585
demand_316 13 18 44.118876
demand_317 13 19 505.860349
demand_318 13 20 84.720572
demand_319 13 21 499.372346
demand_320 13 22 362.697459
demand_321 13 23 643.090366
demand_322 14 0 55.980066
demand_323 14 1 396.103999
demand_324 14 2 19.667687
demand_325 14 3 165.800175
demand_326 14 4 59.199265
demand_327 14 5 397.787823
demand_328 14 6 699.789688
demand_329 14 7 217.246781
demand_330 14 8 36.834192
demand_331 14 9 64.231826
demand_332 14 10 262.819603
demand_333 14 11 681.256809
demand_334 14 12 375.723175
demand_335 14 13 399.109472
demand_336 14 15 1299.857349
demand_337 14 16 412.669163
demand_338 14 17 422.666633
demand_339 14 18 33.851963
demand_340 14 19 388.141481
demand_341 14 20 65.005230
demand_342 14 21 383.163302
demand_343 14 22 278.294057
demand_344 14 23 493.436671
demand_345 15 0 172.130610
demand_346 15 1 1217.962537
demand_347 15 2 60.475293
demand_348 15 3 509.811570
demand_349 15 4 182.029182
demand_350 15 5 1223.140053
demand_351 15 6 2151.752130
demand_352 15 7 668.002446
demand_353 15 8 113.259815
demand_354 15 9 197.503580
demand_355 15 10 808.132288
demand_356 15 11 2094.766206
demand_357 15 12 1155.294451
demand_358 15 13 1227.203934
demand_359 15 14 1003.773755
demand_360 15 16 1268.898023
demand_361 15 17 1299.638798
demand_362 15 18 104.089894
demand_363 15 19 1193.478944
demand_364 15 20 199.881684
demand_365 15 21 1178.171766
demand_366 15 22 855.713995
demand_367 15 23 1517.246434
demand_368 16 0 20.136816
demand_369 16 1 142.484176
demand_370 16 2 7.074743
demand_371 16 3 59.640653
demand_372 16 4 21.294808
demand_373 16 5 143.089871
demand_374 16 6 251.724187
demand_375 16 7 78.146721
demand_376 16 8 13.249776
demand_377 16 9 23.105091
demand_378 16 10 94.539905
demand_379 16 11 245.057650
demand_380 16 12 135.152907
demand_381 16 13 143.565287
demand_382 16 14 117.427156
demand_383 16 15 467.576959
demand_384 16 17 152.039129
demand_385 16 18 12.177027
demand_386 16 19 139.619946
demand_387 16 20 23.383295
demand_388 16 21 137.829226
demand_389 16 22 100.106284
demand_390 16 23 177.496106
demand_391 17 0 187.118818
demand_392 17 1 1324.016170
demand_393 17 2 65.741157
demand_394 17 3 554.203222
demand_395 17 4 197.879305
demand_396 17 5 1329.644517
demand_397 17 6 2339.115144
demand_398 17 7 726.168510
demand_399 17 8 123.121871
demand_400 17 9 214.701131
demand_401 17 10 878.500105
demand_402 17 11 2277.167192
demand_403 17 12 1255.891284
demand_404 17 13 1334.062258
demand_405 17 14 1091.176980
demand_406 17 15 4344.899707
demand_407 17 16 1379.386845
demand_408 17 18 113.153482
demand_409 17 19 1297.400678
demand_410 17 20 217.286307
demand_411 17 21 1280.760632
demand_412 17 22 930.224972
demand_413 17 23 1649.360101
demand_414 18 0 45.835518
demand_415 18 1 324.323162
demand_416 18 2 16.103565
demand_417 18 3 135.754340
demand_418 18 4 48.471343
demand_419 18 5 325.701848
demand_420 18 6 572.975797
demand_421 18 7 177.877939
demand_422 18 8 30.159204
demand_423 18 9 52.591918
demand_424 18 10 215.192184
demand_425 18 11 557.801393
demand_426 18 12 307.635693
demand_427 18 13 326.783992
demand_428 18 14 267.288252
demand_429 18 15 1064.300908
demand_430 18 16 337.886435
demand_431 18 17 346.072192
demand_432 18 19 317.803589
demand_433 18 20 53.225167
demand_434 18 21 313.727542
demand_435 18 22 227.862402
demand_436 18 23 404.017485
demand_437 19 0 89.881665
demand_438 19 1 635.985084
demand_439 19 2 31.578463
demand_440 19 3 266.208972
demand_441 19 4 95.050415
demand_442 19 5 638.688635
demand_443 19 6 1123.583213
demand_444 19 7 348.811708
demand_445 19 8 59.141025
demand_446 19 9 103.130702
demand_447 19 10 421.983489
demand_448 19 11 1093.826799
demand_449 19 12 603.261609
demand_450 19 13 640.810677
demand_451 19 14 524.141849
demand_452 19 15 2087.052613
demand_453 19 16 662.582134
demand_454 19 17 678.634084
demand_455 19 18 54.352755
demand_456 19 20 104.372479
demand_457 19 21 615.207486
demand_458 19 22 446.829291
demand_459 19 23 792.262547
demand_460 20 0 291.977062
demand_461 20 1 2065.972599
demand_462 20 2 102.581397
demand_463 20 3 864.769402
demand_464 20 4 308.767544
demand_465 20 5 2074.754976
demand_466 20 6 3649.915991
demand_467 20 7 1133.101149
demand_468 20 8 192.117300
demand_469 20 9 335.016039
demand_470 20 10 1370.796812
demand_471 20 11 3553.253448
demand_472 20 12 1959.671671
demand_473 20 13 2081.648346
demand_474 20 14 1702.654236
demand_475 20 15 6779.708542
demand_476 20 16 2152.372070
demand_477 20 17 2204.516201
demand_478 20 18 176.562794
demand_479 20 19 2024.442232
demand_480 20 21 1998.477384
demand_481 20 22 1451.507425
demand_482 20 23 2573.633805
demand_483 21 0 74.773051
demand_484 21 1 529.079488
demand_485 21 2 26.270297
demand_486 21 3 221.460707
demand_487 21 4 79.072963
demand_488 21 5 531.328587
demand_489 21 6 934.715052
demand_490 21 7 290.178377
demand_491 21 8 49.199744
demand_492 21 9 85.794998
demand_493 21 10 351.050385
demand_494 21 11 909.960527
demand_495 21 12 501.856649
demand_496 21 13 533.093925
demand_497 21 14 436.036486
demand_498 21 15 1736.230542
demand_499 21 16 551.205720
demand_500 21 17 564.559425
demand_501 21 18 45.216356
demand_502 21 19 518.443885
demand_503 21 20 86.828039
demand_504 21 22 371.719744
demand_505 21 23 659.087568
demand_506 22 0 7.859358
demand_507 22 1 55.611284
demand_508 22 2 2.761258
demand_509 22 3 23.277626
demand_510 22 4 8.311320
demand_511 22 5 55.847685
demand_512 22 6 98.247437
demand_513 22 7 30.500506
demand_514 22 8 5.171361
demand_515 22 9 9.017870
demand_516 22 10 36.898733
demand_517 22 11 95.645501
demand_518 22 12 52.749904
demand_519 22 13 56.033239
demand_520 22 14 45.831580
demand_521 22 15 182.494335
demand_522 22 16 57.936961
demand_523 22 17 59.340562
demand_524 22 18 4.752669
demand_525 22 19 54.493381
demand_526 22 20 9.126452
demand_527 22 21 53.794466
demand_528 22 23 69.276369
demand_529 23 0 311.373952
demand_530 23 1 2203.221203
demand_531 23 2 109.396179
demand_532 23 3 922.218563
demand_533 23 4 329.279876
demand_534 23 5 2212.587020
demand_535 23 6 3892.390590
demand_536 23 7 1208.376373
demand_537 23 8 204.880214
demand_538 23 9 357.272135
demand_539 23 10 1461.862855
demand_540 23 11 3789.306471
demand_541 23 12 2089.858394
demand_542 23 13 2219.938336
demand_543 23 14 1815.766538
demand_544 23 15 7230.104417
demand_545 23 16 2295.360444
demand_546 23 17 2350.968662
demand_547 23 18 188.292377
demand_548 23 19 2158.931852
demand_549 23 20 361.573982
demand_550 23 21 2131.242084
demand_551 23 22 1547.935310
