DEMANDS 552
label src dest bw
demand_0 0 1 102.295480
demand_1 0 2 68.127417
demand_2 0 3 106.255543
demand_3 0 4 15.099365
demand_4 0 5 38.753906
demand_5 0 6 27.550307
demand_6 0 7 40.756363
demand_7 0 8 101.185355
demand_8 0 9 209.017705
demand_9 0 10 382.265604
demand_10 0 11 40.432682
demand_11 0 12 69.283317
demand_12 0 13 97.752258
demand_13 0 14 132.445563
demand_14 0 15 58.794975
demand_15 0 16 116.044746
demand_16 0 17 2.634733
demand_17 0 18 2.737994
demand_18 0 19 238.156102
demand_19 0 20 194.974625
demand_20 0 21 53.364269
demand_21 0 22 10.337545
demand_22 0 23 65.734445
demand_23 1 0 1034.529004
demand_24 1 2 1388.656260
demand_25 1 3 2165.830335
demand_26 1 4 307.773711
demand_27 1 5 789.929478
demand_28 1 6 561.564023
demand_29 1 7 830.745992
demand_30 1 8 2062.483562
demand_31 1 9 4260.454296
demand_32 1 10 7791.804681
demand_33 1 11 824.148333
demand_34 1 12 1412.217242
demand_35 1 13 1992.505990
demand_36 1 14 2699.667326
demand_37 1 15 1198.431031
demand_38 1 16 2365.365818
demand_39 1 17 53.704345
demand_40 1 18 55.809134
demand_41 1 19 4854.388711
demand_42 1 20 3974.211072
demand_43 1 21 1087.735747
demand_44 1 22 210.712485
demand_45 1 23 1339.879798
demand_46 2 0 610.998355
demand_47 2 1 1231.477984
demand_48 2 3 1279.150963
demand_49 2 4 181.772797
demand_50 2 5 466.536568
demand_51 2 6 331.662711
demand_52 2 7 490.643019
demand_53 2 8 1218.113807
demand_54 2 9 2516.247060
demand_55 2 10 4601.881457
demand_56 2 11 486.746407
demand_57 2 12 834.063045
demand_58 2 13 1176.784679
demand_59 2 14 1594.437941
demand_60 2 15 707.799767
demand_61 2 16 1396.997685
demand_62 2 17 31.718073
demand_63 2 18 32.961172
demand_64 2 19 2867.027898
demand_65 2 20 2347.190284
demand_66 2 21 642.422541
demand_67 2 22 124.447919
demand_68 2 23 791.340165
demand_69 3 0 37.734671
demand_70 3 1 76.054897
demand_71 3 2 50.651540
demand_72 3 4 11.226113
demand_73 3 5 28.812850
demand_74 3 6 20.483170
demand_75 3 7 30.301641
demand_76 3 8 75.229538
demand_77 3 9 155.401000
demand_78 3 10 284.207775
demand_79 3 11 30.060990
demand_80 3 12 51.510932
demand_81 3 13 72.677091
demand_82 3 14 98.470955
demand_83 3 15 43.713033
demand_84 3 16 86.277234
demand_85 3 17 1.958878
demand_86 3 18 2.035650
demand_87 3 19 177.064887
demand_88 3 20 144.960216
demand_89 3 21 39.675399
demand_90 3 22 7.685784
demand_91 3 23 48.872408
demand_92 4 0 644.850035
demand_93 4 1 1299.706643
demand_94 4 2 865.587174
demand_95 4 3 1350.020890
demand_96 4 5 492.384505
demand_97 4 6 350.038112
demand_98 4 7 517.826547
demand_99 4 8 1285.602039
demand_100 4 9 2655.656913
demand_101 4 10 4856.843549
demand_102 4 11 513.714047
demand_103 4 12 880.273375
demand_104 4 13 1241.983117
demand_105 4 14 1682.775990
demand_106 4 15 747.014621
demand_107 4 16 1474.396778
demand_108 4 17 33.475377
demand_109 4 18 34.787349
demand_110 4 19 3025.872370
demand_111 4 20 2477.233735
demand_112 4 21 678.015243
demand_113 4 22 131.342817
demand_114 4 23 835.183481
demand_115 5 0 1917.891455
demand_116 5 1 3865.544127
demand_117 5 2 2574.400489
demand_118 5 3 4015.187081
demand_119 5 4 570.575177
demand_120 5 6 1041.071673
demand_121 5 7 1540.102435
demand_122 5 8 3823.594683
demand_123 5 9 7898.366169
demand_124 5 10 14445.062008
demand_125 5 11 1527.871175
demand_126 5 12 2618.079697
demand_127 5 13 3693.864740
demand_128 5 14 5004.856195
demand_129 5 15 2221.745958
demand_130 5 16 4385.101695
demand_131 5 17 99.561350
demand_132 5 18 103.463373
demand_133 5 19 8999.448627
demand_134 5 20 7367.705907
demand_135 5 21 2016.530310
demand_136 5 22 390.635423
demand_137 5 23 2483.974838
demand_138 6 0 117.825597
demand_139 6 1 237.479573
demand_140 6 2 158.158207
demand_141 6 3 246.672883
demand_142 6 4 35.053267
demand_143 6 5 89.967426
demand_144 6 7 94.616141
demand_145 6 8 234.902410
demand_146 6 9 485.235859
demand_147 6 10 887.431896
demand_148 6 11 93.864714
demand_149 6 12 160.841638
demand_150 6 13 226.932456
demand_151 6 14 307.473171
demand_152 6 15 136.492888
demand_153 6 16 269.398575
demand_154 6 17 6.116548
demand_155 6 18 6.356269
demand_156 6 19 552.880822
demand_157 6 20 452.634763
demand_158 6 21 123.885471
demand_159 6 22 23.998674
demand_160 6 23 152.602910
demand_161 7 0 58.184086
demand_162 7 1 117.271053
demand_163 7 2 78.100947
demand_164 7 3 121.810850
demand_165 7 4 17.309840
demand_166 7 5 44.427294
demand_167 7 6 31.583541
demand_168 7 8 115.998411
demand_169 7 9 239.616905
demand_170 7 10 438.227473
demand_171 7 11 46.351835
demand_172 7 12 79.426066
demand_173 7 13 112.062725
demand_174 7 14 151.834965
demand_175 7 15 67.402280
demand_176 7 16 133.033145
demand_177 7 17 3.020445
demand_178 7 18 3.138823
demand_179 7 19 273.021025
demand_180 7 20 223.517984
demand_181 7 21 61.176545
demand_182 7 22 11.850913
demand_183 7 23 75.357656
demand_184 8 0 832.879026
demand_185 8 1 1678.682399
demand_186 8 2 1117.979939
demand_187 8 3 1743.667556
demand_188 8 4 247.782583
demand_189 8 5 635.956741
demand_190 8 6 452.104189
demand_191 8 7 668.817317
demand_192 8 9 3430.008256
demand_193 8 10 6273.029241
demand_194 8 11 663.505671
demand_195 8 12 1136.948425
demand_196 8 13 1604.127523
demand_197 8 14 2173.449255
demand_198 8 15 964.833336
demand_199 8 16 1904.309663
demand_200 8 17 43.236316
demand_201 8 18 44.930840
demand_202 8 19 3908.173213
demand_203 8 20 3199.559446
demand_204 8 21 875.714732
demand_205 8 22 169.640492
demand_206 8 23 1078.710966
demand_207 9 0 252.487108
demand_208 9 1 508.892229
demand_209 9 2 338.915392
demand_210 9 3 528.592466
demand_211 9 4 75.115240
demand_212 9 5 192.790157
demand_213 9 6 137.055293
demand_214 9 7 202.751834
demand_215 9 8 503.369657
demand_216 9 10 1901.667543
demand_217 9 11 201.141610
demand_218 9 12 344.665684
demand_219 9 13 486.290933
demand_220 9 14 658.880701
demand_221 9 15 292.489030
demand_222 9 16 577.291088
demand_223 9 17 13.107080
demand_224 9 18 13.620775
demand_225 9 19 1184.761917
demand_226 9 20 969.945798
demand_227 9 21 265.472743
demand_228 9 22 51.426481
demand_229 9 23 327.011011
demand_230 10 0 590.489619
demand_231 10 1 1190.142264
demand_232 10 2 792.618769
demand_233 10 3 1236.215054
demand_234 10 4 175.671422
demand_235 10 5 450.876828
demand_236 10 6 320.530139
demand_237 10 7 474.174124
demand_238 10 8 1177.226668
demand_239 10 9 2431.786855
demand_240 10 11 470.408305
demand_241 10 12 806.066933
demand_242 10 13 1137.284791
demand_243 10 14 1540.919127
demand_244 10 15 684.041800
demand_245 10 16 1350.106140
demand_246 10 17 30.653426
demand_247 10 18 31.854800
demand_248 10 19 2770.793402
demand_249 10 20 2268.404628
demand_250 10 21 620.859023
demand_251 10 22 120.270707
demand_252 10 23 764.778086
demand_253 11 0 89.570518
demand_254 11 1 180.530962
demand_255 11 2 120.231197
demand_256 11 3 187.519677
demand_257 11 4 26.647344
demand_258 11 5 68.392855
demand_259 11 6 48.620754
demand_260 11 7 71.926788
demand_261 11 8 178.571814
demand_262 11 9 368.874238
demand_263 11 10 674.621958
demand_264 11 12 122.271130
demand_265 11 13 172.513089
demand_266 11 14 233.739799
demand_267 11 15 103.761313
demand_268 11 16 204.795652
demand_269 11 17 4.649774
demand_270 11 18 4.832009
demand_271 11 19 420.297652
demand_272 11 20 344.091024
demand_273 11 21 94.177209
demand_274 11 22 18.243690
demand_275 11 23 116.008084
demand_276 12 0 452.109639
demand_277 12 1 911.234970
demand_278 12 2 606.870255
demand_279 12 3 946.510700
demand_280 12 4 134.503200
demand_281 12 5 345.214808
demand_282 12 6 245.414587
demand_283 12 7 363.052432
demand_284 12 8 901.346116
demand_285 12 9 1861.902806
demand_286 12 10 3405.172780
demand_287 12 11 360.169124
demand_288 12 13 870.764533
demand_289 12 14 1179.808025
demand_290 12 15 523.738067
demand_291 12 16 1033.711653
demand_292 12 17 23.469861
demand_293 12 18 24.389695
demand_294 12 19 2121.463894
demand_295 12 20 1736.808855
demand_296 12 21 475.362038
demand_297 12 22 92.085524
demand_298 12 23 585.553977
demand_299 13 0 238.216575
demand_300 13 1 480.129718
demand_301 13 2 319.759946
demand_302 13 3 498.716501
demand_303 13 4 70.869738
demand_304 13 5 181.893687
demand_305 13 6 129.308949
demand_306 13 7 191.292331
demand_307 13 8 474.919281
demand_308 13 9 981.036613
demand_309 13 10 1794.185583
demand_310 13 11 189.773117
demand_311 13 12 325.185233
demand_312 13 14 621.640864
demand_313 13 15 275.957595
demand_314 13 16 544.662684
demand_315 13 17 12.366270
demand_316 13 18 12.850931
demand_317 13 19 1117.799354
demand_318 13 20 915.124609
demand_319 13 21 250.468264
demand_320 13 22 48.519864
demand_321 13 23 308.528398
demand_322 14 0 22.518743
demand_323 14 1 45.386924
demand_324 14 2 30.227082
demand_325 14 3 47.143943
demand_326 14 4 6.699355
demand_327 14 5 17.194510
demand_328 14 6 12.223646
demand_329 14 7 18.082969
demand_330 14 8 44.894379
demand_331 14 9 92.737927
demand_332 14 10 169.605343
demand_333 14 11 17.939356
demand_334 14 12 30.739938
demand_335 14 13 43.371167
demand_336 14 15 26.086422
demand_337 14 16 51.487261
demand_338 14 17 1.168990
demand_339 14 18 1.214806
demand_340 14 19 105.666183
demand_341 14 20 86.507229
demand_342 14 21 23.676902
demand_343 14 22 4.586609
demand_344 14 23 29.165358
demand_345 15 0 131.008199
demand_346 15 1 264.049342
demand_347 15 2 175.853316
demand_348 15 3 274.271220
demand_349 15 4 38.975108
demand_350 15 5 100.033192
demand_351 15 6 71.113996
demand_352 15 7 105.202016
demand_353 15 8 261.183840
demand_354 15 9 539.525179
demand_355 15 10 986.719848
demand_356 15 11 104.366517
demand_357 15 12 178.836976
demand_358 15 13 252.322188
demand_359 15 14 341.873987
demand_360 15 16 299.539516
demand_361 15 17 6.800882
demand_362 15 18 7.067423
demand_363 15 19 614.738419
demand_364 15 20 503.276597
demand_365 15 21 137.746067
demand_366 15 22 26.683702
demand_367 15 23 169.676480
demand_368 16 0 117.725775
demand_369 16 1 237.278381
demand_370 16 2 158.024216
demand_371 16 3 246.463902
demand_372 16 4 35.023570
demand_373 16 5 89.891206
demand_374 16 6 63.904018
demand_375 16 7 94.535983
demand_376 16 8 234.703402
demand_377 16 9 484.824769
demand_378 16 10 886.680067
demand_379 16 11 93.785192
demand_380 16 12 160.705373
demand_381 16 13 226.740199
demand_382 16 14 307.212681
demand_383 16 15 136.377252
demand_384 16 17 6.111366
demand_385 16 18 6.350884
demand_386 16 19 552.412424
demand_387 16 20 452.251293
demand_388 16 21 123.780516
demand_389 16 22 23.978342
demand_390 16 23 152.473626
demand_391 17 0 4.717676
demand_392 17 1 9.508560
demand_393 17 2 6.332573
demand_394 17 3 9.876656
demand_395 17 4 1.403515
demand_396 17 5 3.602250
demand_397 17 6 2.560854
demand_398 17 7 3.788382
demand_399 17 8 9.405372
demand_400 17 9 19.428595
demand_401 17 10 35.532317
demand_402 17 11 3.758295
demand_403 17 12 6.440017
demand_404 17 13 9.086259
demand_405 17 14 12.311068
demand_406 17 15 5.465105
demand_407 17 16 10.786581
demand_408 17 18 0.254502
demand_409 17 19 22.137064
demand_410 17 20 18.123264
demand_411 17 21 4.960311
demand_412 17 22 0.960895
demand_413 17 23 6.110142
demand_414 18 0 171.648065
demand_415 18 1 345.959709
demand_416 18 2 230.404521
demand_417 18 3 359.352502
demand_418 18 4 51.065520
demand_419 18 5 131.064345
demand_420 18 6 93.174167
demand_421 18 7 137.836582
demand_422 18 8 342.205304
demand_423 18 9 706.890511
demand_424 18 10 1292.808797
demand_425 18 11 136.741905
demand_426 18 12 234.313737
demand_427 18 13 330.594692
demand_428 18 14 447.926227
demand_429 18 15 198.842533
demand_430 18 16 392.459239
demand_431 18 17 8.910574
demand_432 18 19 805.435542
demand_433 18 20 659.397309
demand_434 18 21 180.476077
demand_435 18 22 34.961214
demand_436 18 23 222.311578
demand_437 19 0 197.816912
demand_438 19 1 398.703483
demand_439 19 2 265.531167
demand_440 19 3 414.138093
demand_441 19 4 58.850786
demand_442 19 5 151.045944
demand_443 19 6 107.379165
demand_444 19 7 158.850652
demand_445 19 8 394.376695
demand_446 19 9 814.660498
demand_447 19 10 1489.905779
demand_448 19 11 157.589084
demand_449 19 12 270.036367
demand_450 19 13 380.995971
demand_451 19 14 516.215449
demand_452 19 15 229.157351
demand_453 19 16 452.292164
demand_454 19 17 10.269048
demand_455 19 18 10.671514
demand_456 19 20 759.926652
demand_457 19 21 207.990811
demand_458 19 22 40.291276
demand_459 19 23 256.204402
demand_460 20 0 55.032370
demand_461 20 1 110.918715
demand_462 20 2 73.870375
demand_463 20 3 115.212601
demand_464 20 4 16.372201
demand_465 20 5 42.020757
demand_466 20 6 29.872724
demand_467 20 7 44.192015
demand_468 20 8 109.715009
demand_469 20 9 226.637338
demand_470 20 10 414.489570
demand_471 20 11 43.841049
demand_472 20 12 75.123715
demand_473 20 13 105.992512
demand_474 20 14 143.610369
demand_475 20 15 63.751234
demand_476 20 16 125.827007
demand_477 20 17 2.856834
demand_478 20 18 2.968799
demand_479 20 19 258.232023
demand_480 20 21 57.862734
demand_481 20 22 11.208973
demand_482 20 23 71.275683
demand_483 21 0 194.790904
demand_484 21 1 392.604511
demand_485 21 2 261.469333
demand_486 21 3 407.803018
demand_487 21 4 57.950545
demand_488 21 5 148.735392
demand_489 21 6 105.736585
demand_490 21 7 156.420712
demand_491 21 8 388.343910
demand_492 21 9 802.198626
demand_493 21 10 1467.114672
demand_494 21 11 155.178442
demand_495 21 12 265.905618
demand_496 21 13 375.167871
demand_497 21 14 508.318895
demand_498 21 15 225.651928
demand_499 21 16 445.373445
demand_500 21 17 10.111962
demand_501 21 18 10.508271
demand_502 21 19 914.030214
demand_503 21 20 748.302045
demand_504 21 22 39.674939
demand_505 21 23 252.285240
demand_506 22 0 1363.185812
demand_507 22 1 2747.525099
demand_508 22 2 1829.814827
demand_509 22 3 2853.887297
demand_510 22 4 405.549534
demand_511 22 5 1040.880103
demand_512 22 6 739.965825
demand_513 22 7 1094.663509
demand_514 22 8 2717.708560
demand_515 22 9 5613.946854
demand_516 22 10 10267.162687
demand_517 22 11 1085.969857
demand_518 22 12 1860.860837
demand_519 22 13 2625.499995
demand_520 22 14 3557.317563
demand_521 22 15 1579.157444
demand_522 22 16 3116.812685
demand_523 22 17 70.765538
demand_524 22 18 73.538991
demand_525 22 19 6396.566737
demand_526 22 20 5236.767771
demand_527 22 21 1433.295665
demand_528 22 23 1765.542700
demand_529 23 0 887.381739
demand_530 23 1 1788.533580
demand_531 23 2 1191.139351
demand_532 23 3 1857.771296
demand_533 23 4 263.997210
demand_534 23 5 677.573070
demand_535 23 6 481.689404
demand_536 23 7 712.584007
demand_537 23 8 1769.124155
demand_538 23 9 3654.464328
demand_539 23 10 6683.529566
demand_540 23 11 706.924772
demand_541 23 12 1211.349114
demand_542 23 13 1709.099912
demand_543 23 14 2315.677450
demand_544 23 15 1027.970997
demand_545 23 16 2028.925651
demand_546 23 17 46.065654
demand_547 23 18 47.871066
demand_548 23 19 4163.919888
demand_549 23 20 3408.935194
demand_550 23 21 933.020567
demand_551 23 22 180.741585
