DEMANDS 552
label src dest bw
demand_0 0 1 328.629722
demand_1 0 2 1181.358510
demand_2 0 3 41.020211
demand_3 0 4 1272.678426
demand_4 0 5 320.737909
demand_5 0 6 573.370493
demand_6 0 7 447.173851
demand_7 0 8 202.174997
demand_8 0 9 59.520331
demand_9 0 10 381.074567
demand_10 0 11 350.281233
demand_11 0 12 19.209793
demand_12 0 13 0.211935
demand_13 0 14 180.078318
demand_14 0 15 471.965641
demand_15 0 16 908.975402
demand_16 0 17 236.243614
demand_17 0 18 498.412191
demand_18 0 19 102.243092
demand_19 0 20 17.657443
demand_20 0 21 960.403740
demand_21 0 22 562.798208
demand_22 0 23 547.858313
demand_23 1 0 4081.313298
demand_24 1 2 4246.899841
demand_25 1 3 147.464743
demand_26 1 4 4575.188445
demand_27 1 5 1153.029977
demand_28 1 6 2061.226152
demand_29 1 7 1607.558198
demand_30 1 8 726.804740
demand_31 1 9 213.971359
demand_32 1 10 1369.935971
demand_33 1 11 1259.236126
demand_34 1 12 69.057839
demand_35 1 13 0.761892
demand_36 1 14 647.368748
demand_37 1 15 1696.682921
demand_38 1 16 3267.701938
demand_39 1 17 849.278996
demand_40 1 18 1791.756388
demand_41 1 19 367.556647
demand_42 1 20 63.477252
demand_43 1 21 3452.583155
demand_44 1 22 2023.219538
demand_45 1 23 1969.511679
demand_46 2 0 2045.023965
demand_47 2 1 591.964431
demand_48 2 3 73.890170
demand_49 2 4 2292.490023
demand_50 2 5 577.748818
demand_51 2 6 1032.818745
demand_52 2 7 805.499308
demand_53 2 8 364.180106
demand_54 2 9 107.214645
demand_55 2 10 686.433921
demand_56 2 11 630.965541
demand_57 2 12 34.602817
demand_58 2 13 0.381761
demand_59 2 14 324.377108
demand_60 2 15 850.157041
demand_61 2 16 1637.347659
demand_62 2 17 425.548291
demand_63 2 18 897.795510
demand_64 2 19 184.171637
demand_65 2 20 31.806552
demand_66 2 21 1729.986104
demand_67 2 22 1013.774768
demand_68 2 23 986.863367
demand_69 3 0 991.871912
demand_70 3 1 287.112964
demand_71 3 2 1032.114018
demand_72 3 4 1111.897220
demand_73 3 5 280.218147
demand_74 3 6 500.934914
demand_75 3 7 390.681064
demand_76 3 8 176.633636
demand_77 3 9 52.000953
demand_78 3 10 332.932297
demand_79 3 11 306.029175
demand_80 3 12 16.782963
demand_81 3 13 0.185161
demand_82 3 14 157.328495
demand_83 3 15 412.340835
demand_84 3 16 794.141869
demand_85 3 17 206.398264
demand_86 3 18 435.446315
demand_87 3 19 89.326422
demand_88 3 20 15.426726
demand_89 3 21 839.073113
demand_90 3 22 491.698256
demand_91 3 23 478.645762
demand_92 4 0 989.524601
demand_93 4 1 286.433498
demand_94 4 2 1029.671471
demand_95 4 3 35.753195
demand_96 4 5 279.554997
demand_97 4 6 499.749428
demand_98 4 7 389.756499
demand_99 4 8 176.215624
demand_100 4 9 51.877890
demand_101 4 10 332.144397
demand_102 4 11 305.304943
demand_103 4 12 16.743246
demand_104 4 13 0.184723
demand_105 4 14 156.956169
demand_106 4 15 411.365011
demand_107 4 16 792.262495
demand_108 4 17 205.909813
demand_109 4 18 434.415811
demand_110 4 19 89.115027
demand_111 4 20 15.390218
demand_112 4 21 837.087407
demand_113 4 22 490.534629
demand_114 4 23 477.513025
demand_115 5 0 587.728114
demand_116 5 1 170.127169
demand_117 5 2 611.573347
demand_118 5 3 21.235610
demand_119 5 4 658.848434
demand_120 5 6 296.826161
demand_121 5 7 231.495864
demand_122 5 8 104.663266
demand_123 5 9 30.812872
demand_124 5 10 197.277157
demand_125 5 11 181.335864
demand_126 5 12 9.944650
demand_127 5 13 0.109716
demand_128 5 14 93.224113
demand_129 5 15 244.330239
demand_130 5 16 470.564291
demand_131 5 17 122.300129
demand_132 5 18 258.021261
demand_133 5 19 52.929868
demand_134 5 20 9.141020
demand_135 5 21 497.188046
demand_136 5 22 291.353032
demand_137 5 23 283.618850
demand_138 6 0 345.353323
demand_139 6 1 99.967965
demand_140 6 2 359.364956
demand_141 6 3 12.478199
demand_142 6 4 387.144142
demand_143 6 5 97.567304
demand_144 6 7 136.028657
demand_145 6 8 61.500898
demand_146 6 9 18.105868
demand_147 6 10 115.921495
demand_148 6 11 106.554275
demand_149 6 12 5.843549
demand_150 6 13 0.064470
demand_151 6 14 54.779168
demand_152 6 15 143.570229
demand_153 6 16 276.507007
demand_154 6 17 71.864447
demand_155 6 18 151.615173
demand_156 6 19 31.101976
demand_157 6 20 5.371330
demand_158 6 21 292.151320
demand_159 6 22 171.201165
demand_160 6 23 166.656503
demand_161 7 0 4046.466910
demand_162 7 1 1171.313648
demand_163 7 2 4210.639669
demand_164 7 3 146.205684
demand_165 7 4 4536.125335
demand_166 7 5 1143.185369
demand_167 7 6 2043.627335
demand_168 7 8 720.599257
demand_169 7 9 212.144464
demand_170 7 10 1358.239413
demand_171 7 11 1248.484726
demand_172 7 12 68.468221
demand_173 7 13 0.755387
demand_174 7 14 641.841492
demand_175 7 15 1682.196586
demand_176 7 16 3239.802190
demand_177 7 17 842.027824
demand_178 7 18 1776.458313
demand_179 7 19 364.418436
demand_180 7 20 62.935281
demand_181 7 21 3423.104885
demand_182 7 22 2005.945223
demand_183 7 23 1952.695923
demand_184 8 0 391.055346
demand_185 8 1 113.197136
demand_186 8 2 406.921195
demand_187 8 3 14.129490
demand_188 8 4 438.376515
demand_189 8 5 110.478786
demand_190 8 6 197.498562
demand_191 8 7 154.029887
demand_192 8 9 20.501892
demand_193 8 10 131.261863
demand_194 8 11 120.655040
demand_195 8 12 6.616850
demand_196 8 13 0.073001
demand_197 8 14 62.028321
demand_198 8 15 162.569467
demand_199 8 16 313.098314
demand_200 8 17 81.374564
demand_201 8 18 171.679031
demand_202 8 19 35.217828
demand_203 8 20 6.082140
demand_204 8 21 330.812903
demand_205 8 22 193.856918
demand_206 8 23 188.710842
demand_207 9 0 4177.345900
demand_208 9 1 1209.198635
demand_209 9 2 4346.828665
demand_210 9 3 150.934563
demand_211 9 4 4682.841844
demand_212 9 5 1180.160575
demand_213 9 6 2109.726450
demand_214 9 7 1645.383766
demand_215 9 8 743.906331
demand_216 9 10 1402.170330
demand_217 9 11 1288.865736
demand_218 9 12 70.682758
demand_219 9 13 0.779819
demand_220 9 14 662.601223
demand_221 9 15 1736.605579
demand_222 9 16 3344.590404
demand_223 9 17 869.262385
demand_224 9 18 1833.916108
demand_225 9 19 376.205191
demand_226 9 20 64.970861
demand_227 9 21 3533.821844
demand_228 9 22 2070.825547
demand_229 9 23 2015.853950
demand_230 10 0 3709.389180
demand_231 10 1 1073.741185
demand_232 10 2 3859.886063
demand_233 10 3 134.026497
demand_234 10 4 4158.258206
demand_235 10 5 1047.956040
demand_236 10 6 1873.389624
demand_237 10 7 1461.063767
demand_238 10 8 660.572086
demand_239 10 9 194.472462
demand_240 10 11 1144.483777
demand_241 10 12 62.764699
demand_242 10 13 0.692462
demand_243 10 14 588.374979
demand_244 10 15 1542.066685
demand_245 10 16 2969.921034
demand_246 10 17 771.885442
demand_247 10 18 1628.476246
demand_248 10 19 334.061746
demand_249 10 20 57.692663
demand_250 10 21 3137.954296
demand_251 10 22 1838.846497
demand_252 10 23 1790.032956
demand_253 11 0 1127.077218
demand_254 11 1 326.250272
demand_255 11 2 1172.804857
demand_256 11 3 40.723204
demand_257 11 4 1263.463569
demand_258 11 5 318.415599
demand_259 11 6 569.218991
demand_260 11 7 443.936079
demand_261 11 8 200.711145
demand_262 11 9 59.089373
demand_263 11 10 378.315388
demand_264 11 12 19.070704
demand_265 11 13 0.210401
demand_266 11 14 178.774457
demand_267 11 15 468.548364
demand_268 11 16 902.393945
demand_269 11 17 234.533087
demand_270 11 18 494.803427
demand_271 11 19 101.502799
demand_272 11 20 17.529594
demand_273 11 21 953.449915
demand_274 11 22 558.723255
demand_275 11 23 543.891532
demand_276 12 0 1421.842656
demand_277 12 1 411.574775
demand_278 12 2 1479.529482
demand_279 12 3 51.373577
demand_280 12 4 1593.898242
demand_281 12 5 401.691094
demand_282 12 6 718.087305
demand_283 12 7 560.039049
demand_284 12 8 253.203297
demand_285 12 9 74.543066
demand_286 12 10 477.256525
demand_287 12 11 438.691055
demand_288 12 13 0.265427
demand_289 12 14 225.529488
demand_290 12 15 591.088205
demand_291 12 16 1138.397781
demand_292 12 17 295.870720
demand_293 12 18 624.209777
demand_294 12 19 128.048910
demand_295 12 20 22.114123
demand_296 12 21 1202.806461
demand_297 12 22 704.846610
demand_298 12 23 686.135935
demand_299 13 0 773.183164
demand_300 13 1 223.810058
demand_301 13 2 804.552657
demand_302 13 3 27.936414
demand_303 13 4 866.745192
demand_304 13 5 218.435415
demand_305 13 6 390.488365
demand_306 13 7 304.543377
demand_307 13 8 137.689304
demand_308 13 9 40.535739
demand_309 13 10 259.527106
demand_310 13 11 238.555607
demand_311 13 12 13.082641
demand_312 13 14 122.640577
demand_313 13 15 321.427583
demand_314 13 16 619.048806
demand_315 13 17 160.891403
demand_316 13 18 339.438747
demand_317 13 19 69.631658
demand_318 13 20 12.025429
demand_319 13 21 654.073572
demand_320 13 22 383.288214
demand_321 13 23 373.113545
demand_322 14 0 502.572451
demand_323 14 1 145.477520
demand_324 14 2 522.962759
demand_325 14 3 18.158792
demand_326 14 4 563.388180
demand_327 14 5 141.983979
demand_328 14 6 253.819152
demand_329 14 7 197.954532
demand_330 14 8 89.498652
demand_331 14 9 26.348409
demand_332 14 10 168.693758
demand_333 14 11 155.062192
demand_334 14 12 8.503774
demand_335 14 13 0.093819
demand_336 14 15 208.929340
demand_337 14 16 402.384442
demand_338 14 17 104.580118
demand_339 14 18 220.636676
demand_340 14 19 45.260883
demand_341 14 20 7.816582
demand_342 14 21 425.150693
demand_343 14 22 249.139022
demand_344 14 23 242.525442
demand_345 15 0 592.821599
demand_346 15 1 171.601559
demand_347 15 2 616.873485
demand_348 15 3 21.419646
demand_349 15 4 664.558277
demand_350 15 5 167.480667
demand_351 15 6 299.398575
demand_352 15 7 233.502099
demand_353 15 8 105.570319
demand_354 15 9 31.079908
demand_355 15 10 198.986839
demand_356 15 11 182.907393
demand_357 15 12 10.030835
demand_358 15 13 0.110667
demand_359 15 14 94.032030
demand_360 15 16 474.642388
demand_361 15 17 123.360030
demand_362 15 18 260.257376
demand_363 15 19 53.388579
demand_364 15 20 9.220240
demand_365 15 21 501.496876
demand_366 15 22 293.878013
demand_367 15 23 286.076804
demand_368 16 0 3766.439227
demand_369 16 1 1090.255220
demand_370 16 2 3919.250737
demand_371 16 3 136.087811
demand_372 16 4 4222.211816
demand_373 16 5 1064.073502
demand_374 16 6 1902.202176
demand_375 16 7 1483.534787
demand_376 16 8 670.731621
demand_377 16 9 197.463429
demand_378 16 10 1264.245159
demand_379 16 11 1162.085827
demand_380 16 12 63.730014
demand_381 16 13 0.703112
demand_382 16 14 597.424130
demand_383 16 15 1565.783522
demand_384 16 17 783.756965
demand_385 16 18 1653.522053
demand_386 16 19 339.199584
demand_387 16 20 58.579971
demand_388 16 21 3186.215729
demand_389 16 22 1867.127779
demand_390 16 23 1817.563490
demand_391 17 0 200.612600
demand_392 17 1 58.070480
demand_393 17 2 208.751830
demand_394 17 3 7.248472
demand_395 17 4 224.888506
demand_396 17 5 56.675958
demand_397 17 6 101.317372
demand_398 17 7 79.017808
demand_399 17 8 35.725311
demand_400 17 9 10.517534
demand_401 17 10 67.337741
demand_402 17 11 61.896408
demand_403 17 12 3.394464
demand_404 17 13 0.037450
demand_405 17 14 31.820720
demand_406 17 15 83.398639
demand_407 17 16 160.620402
demand_408 17 18 88.071873
demand_409 17 19 18.066855
demand_410 17 20 3.120157
demand_411 17 21 169.708041
demand_412 17 22 99.449198
demand_413 17 23 96.809245
demand_414 18 0 4291.815671
demand_415 18 1 1242.333716
demand_416 18 2 4465.942690
demand_417 18 3 155.070550
demand_418 18 4 4811.163474
demand_419 18 5 1212.499939
demand_420 18 6 2167.538254
demand_421 18 7 1690.471414
demand_422 18 8 764.291233
demand_423 18 9 225.007385
demand_424 18 10 1440.593319
demand_425 18 11 1324.183895
demand_426 18 12 72.619643
demand_427 18 13 0.801188
demand_428 18 14 680.758161
demand_429 18 15 1784.192935
demand_430 18 16 3436.240582
demand_431 18 17 893.082358
demand_432 18 19 386.514159
demand_433 18 20 66.751226
demand_434 18 21 3630.657439
demand_435 18 22 2127.571369
demand_436 18 23 2071.093413
demand_437 19 0 7410.066101
demand_438 19 1 2144.960469
demand_439 19 2 7710.706394
demand_440 19 3 267.738205
demand_441 19 4 8306.749893
demand_442 19 5 2093.450741
demand_443 19 6 3742.379210
demand_444 19 7 2918.695928
demand_445 19 8 1319.592683
demand_446 19 9 388.488165
demand_447 19 10 2487.267053
demand_448 19 11 2286.279500
demand_449 19 12 125.381983
demand_450 19 13 1.383298
demand_451 19 14 1175.368040
demand_452 19 15 3080.511512
demand_453 19 16 5932.866602
demand_454 19 17 1541.957952
demand_455 19 18 3253.127683
demand_456 19 20 115.249823
demand_457 19 21 6268.538464
demand_458 19 22 3673.374088
demand_459 19 23 3575.861655
demand_460 20 0 556.706597
demand_461 20 1 161.147502
demand_462 20 2 579.293229
demand_463 20 3 20.114750
demand_464 20 4 624.073039
demand_465 20 5 157.277658
demand_466 20 6 281.159057
demand_467 20 7 219.277029
demand_468 20 8 99.138920
demand_469 20 9 29.186504
demand_470 20 10 186.864457
demand_471 20 11 171.764579
demand_472 20 12 9.419751
demand_473 20 13 0.103925
demand_474 20 14 88.303550
demand_475 20 15 231.433979
demand_476 20 16 445.726925
demand_477 20 17 115.844873
demand_478 20 18 244.402360
demand_479 20 19 50.136119
demand_480 20 21 470.945424
demand_481 20 22 275.974811
demand_482 20 23 268.648855
demand_483 21 0 2164.056639
demand_484 21 1 626.420315
demand_485 21 2 2251.856480
demand_486 21 3 78.191022
demand_487 21 4 2425.926707
demand_488 21 5 611.377269
demand_489 21 6 1092.934998
demand_490 21 7 852.384205
demand_491 21 8 385.377575
demand_492 21 9 113.455181
demand_493 21 10 726.388497
demand_494 21 11 667.691524
demand_495 21 12 36.616908
demand_496 21 13 0.403982
demand_497 21 14 343.257803
demand_498 21 15 899.641285
demand_499 21 16 1732.651124
demand_500 21 17 450.317757
demand_501 21 18 950.052599
demand_502 21 19 194.891532
demand_503 21 20 33.657884
demand_504 21 22 1072.782547
demand_505 21 23 1044.304740
demand_506 22 0 379.940419
demand_507 22 1 109.979745
demand_508 22 2 395.355315
demand_509 22 3 13.727889
demand_510 22 4 425.916583
demand_511 22 5 107.338658
demand_512 22 6 191.885080
demand_513 22 7 149.651911
demand_514 22 8 67.660206
demand_515 22 9 19.919169
demand_516 22 10 127.531020
demand_517 22 11 117.225674
demand_518 22 12 6.428780
demand_519 22 13 0.070927
demand_520 22 14 60.265296
demand_521 22 15 157.948771
demand_522 22 16 304.199152
demand_523 22 17 79.061663
demand_524 22 18 166.799415
demand_525 22 19 34.216836
demand_526 22 20 5.909268
demand_527 22 21 321.410241
demand_528 22 23 183.347133
demand_529 23 0 736.228768
demand_530 23 1 213.113025
demand_531 23 2 766.098952
demand_532 23 3 26.601189
demand_533 23 4 825.318986
demand_534 23 5 207.995265
demand_535 23 6 371.824920
demand_536 23 7 289.987684
demand_537 23 8 131.108425
demand_538 23 9 38.598328
demand_539 23 10 247.122972
demand_540 23 11 227.153809
demand_541 23 12 12.457355
demand_542 23 13 0.137438
demand_543 23 14 116.778953
demand_544 23 15 306.064908
demand_545 23 16 589.461283
demand_546 23 17 153.201576
demand_547 23 18 323.215226
demand_548 23 19 66.303603
demand_549 23 20 11.450672
demand_550 23 21 622.812036
demand_551 23 22 364.968901
