DEMANDS 552
label src dest bw
demand_0 0 1 171.163555
demand_1 0 2 1990.705012
demand_2 0 3 776.137663
demand_3 0 4 1094.504626
demand_4 0 5 697.993264
demand_5 0 6 408.818905
demand_6 0 7 1728.856635
demand_7 0 8 417.793617
demand_8 0 9 276.033481
demand_9 0 10 892.801281
demand_10 0 11 411.540071
demand_11 0 12 662.899383
demand_12 0 13 413.013987
demand_13 0 14 135.407877
demand_14 0 15 214.324379
demand_15 0 16 16.347959
demand_16 0 17 13.195823
demand_17 0 18 169.624660
demand_18 0 19 254.398363
demand_19 0 20 111.757940
demand_20 0 21 174.055336
demand_21 0 22 23.111004
demand_22 0 23 1102.893465
demand_23 1 0 126.554263
demand_24 1 2 4506.966368
demand_25 1 3 1757.179654
demand_26 1 4 2477.964093
demand_27 1 5 1580.260334
demand_28 1 6 925.568101
demand_29 1 7 3914.140298
demand_30 1 8 945.886893
demand_31 1 9 624.941218
demand_32 1 10 2021.306685
demand_33 1 11 931.728833
demand_34 1 12 1500.807606
demand_35 1 13 935.065787
demand_36 1 14 306.564130
demand_37 1 15 485.231495
demand_38 1 16 37.011862
demand_39 1 17 29.875411
demand_40 1 18 384.031102
demand_41 1 19 575.959201
demand_42 1 20 253.020551
demand_43 1 21 394.062174
demand_44 1 22 52.323432
demand_45 1 23 2496.956469
demand_46 2 0 172.491602
demand_47 2 1 528.177481
demand_48 2 3 2395.010061
demand_49 2 4 3377.428665
demand_50 2 5 2153.871625
demand_51 2 6 1261.535728
demand_52 2 7 5334.915740
demand_53 2 8 1289.229943
demand_54 2 9 851.785702
demand_55 2 10 2755.011325
demand_56 2 11 1269.932715
demand_57 2 12 2045.578725
demand_58 2 13 1274.480935
demand_59 2 14 417.842406
demand_60 2 15 661.363401
demand_61 2 16 50.446625
demand_62 2 17 40.719746
demand_63 2 18 523.428751
demand_64 2 19 785.023931
demand_65 2 20 344.863295
demand_66 2 21 537.100955
demand_67 2 22 71.316069
demand_68 2 23 3403.314994
demand_69 3 0 77.487518
demand_70 3 1 237.270463
demand_71 3 2 2759.556497
demand_72 3 4 1517.224970
demand_73 3 5 967.572712
demand_74 3 6 566.713230
demand_75 3 7 2396.576857
demand_76 3 8 579.154160
demand_77 3 9 382.643325
demand_78 3 10 1237.619618
demand_79 3 11 570.485365
demand_80 3 12 918.924847
demand_81 3 13 572.528539
demand_82 3 14 187.705203
demand_83 3 15 297.100891
demand_84 3 16 22.661879
demand_85 3 17 18.292323
demand_86 3 18 235.137215
demand_87 3 19 352.652277
demand_88 3 20 154.921171
demand_89 3 21 241.279110
demand_90 3 22 32.036952
demand_91 3 23 1528.853753
demand_92 4 0 97.411094
demand_93 4 1 298.277397
demand_94 4 2 3469.093107
demand_95 4 3 1352.532797
demand_96 4 5 1216.354812
demand_97 4 6 712.426421
demand_98 4 7 3012.784214
demand_99 4 8 728.066161
demand_100 4 9 481.028500
demand_101 4 10 1555.836125
demand_102 4 11 717.168447
demand_103 4 12 1155.198618
demand_104 4 13 719.736961
demand_105 4 14 235.967926
demand_106 4 15 373.491413
demand_107 4 16 28.488696
demand_108 4 17 22.995641
demand_109 4 18 295.595649
demand_110 4 19 443.326160
demand_111 4 20 194.754471
demand_112 4 21 303.316746
demand_113 4 22 40.274287
demand_114 4 23 1921.952321
demand_115 5 0 67.866603
demand_116 5 1 207.810763
demand_117 5 2 2416.927650
demand_118 5 3 942.313686
demand_119 5 4 1328.845047
demand_120 5 6 496.349640
demand_121 5 7 2099.015866
demand_122 5 8 507.245894
demand_123 5 9 335.134009
demand_124 5 10 1083.955730
demand_125 5 11 499.653424
demand_126 5 12 804.830368
demand_127 5 13 501.442916
demand_128 5 14 164.399567
demand_129 5 15 260.212596
demand_130 5 16 19.848161
demand_131 5 17 16.021133
demand_132 5 18 205.942382
demand_133 5 19 308.866675
demand_134 5 20 135.686028
demand_135 5 21 211.321693
demand_136 5 22 28.059217
demand_137 5 23 1339.029990
demand_138 6 0 60.233573
demand_139 6 1 184.438061
demand_140 6 2 2145.093171
demand_141 6 3 836.330642
demand_142 6 4 1179.388400
demand_143 6 5 752.125792
demand_144 6 7 1862.937271
demand_145 6 8 450.195397
demand_146 6 9 297.441123
demand_147 6 10 962.042051
demand_148 6 11 443.456861
demand_149 6 12 714.310222
demand_150 6 13 445.045086
demand_151 6 14 145.909369
demand_152 6 15 230.946202
demand_153 6 16 17.615817
demand_154 6 17 14.219219
demand_155 6 18 182.779818
demand_156 6 19 274.128105
demand_157 6 20 120.425273
demand_158 6 21 187.554113
demand_159 6 22 24.903367
demand_160 6 23 1188.427832
demand_161 7 0 21.962272
demand_162 7 1 67.249521
demand_163 7 2 782.140564
demand_164 7 3 304.941589
demand_165 7 4 430.026780
demand_166 7 5 274.238946
demand_167 7 6 160.623421
demand_168 7 8 164.149552
demand_169 7 9 108.452524
demand_170 7 10 350.778289
demand_171 7 11 161.692557
demand_172 7 12 260.450692
demand_173 7 13 162.271653
demand_174 7 14 53.201249
demand_175 7 15 84.207248
demand_176 7 16 6.423052
demand_177 7 17 5.184590
demand_178 7 18 66.644895
demand_179 7 19 99.952167
demand_180 7 20 43.909277
demand_181 7 21 68.385691
demand_182 7 22 9.080227
demand_183 7 23 433.322723
demand_184 8 0 114.683832
demand_185 8 1 351.167341
demand_186 8 2 4084.225680
demand_187 8 3 1592.361177
demand_188 8 4 2245.538075
demand_189 8 5 1432.036387
demand_190 8 6 838.752433
demand_191 8 7 3547.005018
demand_192 8 9 566.323501
demand_193 8 10 1831.713840
demand_194 8 11 844.335306
demand_195 8 12 1360.036101
demand_196 8 13 847.359263
demand_197 8 14 277.809282
demand_198 8 15 439.718154
demand_199 8 16 33.540254
demand_200 8 17 27.073182
demand_201 8 18 348.010071
demand_202 8 19 521.935858
demand_203 8 20 229.287940
demand_204 8 21 357.100257
demand_205 8 22 47.415642
demand_206 8 23 2262.749020
demand_207 9 0 159.342420
demand_208 9 1 487.914059
demand_209 9 2 5674.648227
demand_210 9 3 2212.436392
demand_211 9 4 3119.964384
demand_212 9 5 1989.680146
demand_213 9 6 1165.367778
demand_214 9 7 4928.230541
demand_215 9 8 1190.950840
demand_216 9 10 2544.994451
demand_217 9 11 1173.124656
demand_218 9 12 1889.642505
demand_219 9 13 1177.326161
demand_220 9 14 385.989921
demand_221 9 15 610.947103
demand_222 9 16 46.601035
demand_223 9 17 37.615645
demand_224 9 18 483.527329
demand_225 9 19 725.180884
demand_226 9 20 318.574070
demand_227 9 21 496.157289
demand_228 9 22 65.879584
demand_229 9 23 3143.877375
demand_230 10 0 1.242190
demand_231 10 1 3.803644
demand_232 10 2 44.237996
demand_233 10 3 17.247545
demand_234 10 4 24.322384
demand_235 10 5 15.510999
demand_236 10 6 9.084887
demand_237 10 7 38.419129
demand_238 10 8 9.284325
demand_239 10 9 6.134092
demand_240 10 11 9.145357
demand_241 10 12 14.731133
demand_242 10 13 9.178111
demand_243 10 14 3.009071
demand_244 10 15 4.762775
demand_245 10 16 0.363289
demand_246 10 17 0.293241
demand_247 10 18 3.769446
demand_248 10 19 5.653311
demand_249 10 20 2.483516
demand_250 10 21 3.867906
demand_251 10 22 0.513579
demand_252 10 23 24.508803
demand_253 11 0 15.862880
demand_254 11 1 48.572892
demand_255 11 2 564.923407
demand_256 11 3 220.252790
demand_257 11 4 310.599149
demand_258 11 5 198.076928
demand_259 11 6 116.014863
demand_260 11 7 490.615925
demand_261 11 8 118.561712
demand_262 11 9 78.332939
demand_263 11 10 253.359659
demand_264 11 12 188.117966
demand_265 11 13 117.205346
demand_266 11 14 38.426125
demand_267 11 15 60.821095
demand_268 11 16 4.639233
demand_269 11 17 3.744718
demand_270 11 18 48.136183
demand_271 11 19 72.193313
demand_272 11 20 31.714732
demand_273 11 21 49.393523
demand_274 11 22 6.558454
demand_275 11 23 312.979739
demand_276 12 0 66.491297
demand_277 12 1 203.599509
demand_278 12 2 2367.948968
demand_279 12 3 923.217839
demand_280 12 4 1301.916198
demand_281 12 5 830.264866
demand_282 12 6 486.291188
demand_283 12 7 2056.479619
demand_284 12 8 496.966631
demand_285 12 9 328.342568
demand_286 12 10 1061.989527
demand_287 12 11 489.528022
demand_288 12 13 491.281249
demand_289 12 14 161.068034
demand_290 12 15 254.939426
demand_291 12 16 19.445941
demand_292 12 17 15.696467
demand_293 12 18 201.768990
demand_294 12 19 302.607538
demand_295 12 20 132.936371
demand_296 12 21 207.039290
demand_297 12 22 27.490601
demand_298 12 23 1311.894745
demand_299 13 0 2.118220
demand_300 13 1 6.486089
demand_301 13 2 75.435981
demand_302 13 3 29.411041
demand_303 13 4 41.475271
demand_304 13 5 26.449829
demand_305 13 6 15.491826
demand_306 13 7 65.513471
demand_307 13 8 15.831914
demand_308 13 9 10.460041
demand_309 13 10 33.831904
demand_310 13 11 15.594942
demand_311 13 12 25.119978
demand_312 13 14 5.131160
demand_313 13 15 8.121630
demand_314 13 16 0.619491
demand_315 13 17 0.500044
demand_316 13 18 6.427774
demand_317 13 19 9.640198
demand_318 13 20 4.234967
demand_319 13 21 6.595671
demand_320 13 22 0.875771
demand_321 13 23 41.793159
demand_322 14 0 126.375564
demand_323 14 1 386.967981
demand_324 14 2 4500.602368
demand_325 14 3 1754.698453
demand_326 14 4 2474.465118
demand_327 14 5 1578.028949
demand_328 14 6 924.261165
demand_329 14 7 3908.613390
demand_330 14 8 944.551267
demand_331 14 9 624.058778
demand_332 14 10 2018.452527
demand_333 14 11 930.413198
demand_334 14 12 1498.688411
demand_335 14 13 933.745440
demand_336 14 15 484.546331
demand_337 14 16 36.959600
demand_338 14 17 29.833226
demand_339 14 18 383.488836
demand_340 14 19 575.145925
demand_341 14 20 252.663277
demand_342 14 21 393.505744
demand_343 14 22 52.249549
demand_344 14 23 2493.430675
demand_345 15 0 176.626568
demand_346 15 1 540.838943
demand_347 15 2 6290.187157
demand_348 15 3 2452.423202
demand_349 15 4 3458.392329
demand_350 15 5 2205.504200
demand_351 15 6 1291.777241
demand_352 15 7 5462.804251
demand_353 15 8 1320.135342
demand_354 15 9 872.204694
demand_355 15 10 2821.054411
demand_356 15 11 1300.375521
demand_357 15 12 2094.615304
demand_358 15 13 1305.032771
demand_359 15 14 427.858917
demand_360 15 16 51.655930
demand_361 15 17 41.695880
demand_362 15 18 535.976377
demand_363 15 19 803.842512
demand_364 15 20 353.130352
demand_365 15 21 549.976331
demand_366 15 22 73.025656
demand_367 15 23 3484.899204
demand_368 16 0 12.128711
demand_369 16 1 37.138689
demand_370 16 2 431.938769
demand_371 16 3 168.404633
demand_372 16 4 237.483192
demand_373 16 5 151.449034
demand_374 16 6 88.704621
demand_375 16 7 375.123487
demand_376 16 8 90.651934
demand_377 16 9 59.893134
demand_378 16 10 193.718047
demand_379 16 11 89.295054
demand_380 16 12 143.834441
demand_381 16 13 89.614861
demand_382 16 14 29.380502
demand_383 16 15 46.503630
demand_384 16 17 2.863200
demand_385 16 18 36.804783
demand_386 16 19 55.198794
demand_387 16 20 24.248991
demand_388 16 21 37.766142
demand_389 16 22 5.014575
demand_390 16 23 239.303384
demand_391 17 0 1.308751
demand_392 17 1 4.007458
demand_393 17 2 46.608439
demand_394 17 3 18.171735
demand_395 17 4 25.625671
demand_396 17 5 16.342138
demand_397 17 6 9.571690
demand_398 17 7 40.477775
demand_399 17 8 9.781815
demand_400 17 9 6.462781
demand_401 17 10 20.903184
demand_402 17 11 9.635401
demand_403 17 12 15.520484
demand_404 17 13 9.669909
demand_405 17 14 3.170309
demand_406 17 15 5.017983
demand_407 17 16 0.382755
demand_408 17 18 3.971427
demand_409 17 19 5.956237
demand_410 17 20 2.616592
demand_411 17 21 4.075163
demand_412 17 22 0.541099
demand_413 17 23 25.822079
demand_414 18 0 226.716652
demand_415 18 1 694.217161
demand_416 18 2 8074.041130
demand_417 18 3 3147.913617
demand_418 18 4 4439.168694
demand_419 18 5 2830.970078
demand_420 18 6 1658.116415
demand_421 18 7 7012.018102
demand_422 18 8 1694.516679
demand_423 18 9 1119.555969
demand_424 18 10 3621.086110
demand_425 18 11 1669.153108
demand_426 18 12 2688.633850
demand_427 18 13 1675.131121
demand_428 18 14 549.196774
demand_429 18 15 869.271863
demand_430 18 16 66.305198
demand_431 18 17 53.520545
demand_432 18 19 1031.806740
demand_433 18 20 453.275700
demand_434 18 21 705.945849
demand_435 18 22 93.735232
demand_436 18 23 4473.192738
demand_437 19 0 126.228617
demand_438 19 1 386.518024
demand_439 19 2 4495.369168
demand_440 19 3 1752.658128
demand_441 19 4 2471.587865
demand_442 19 5 1576.194052
demand_443 19 6 923.186455
demand_444 19 7 3904.068542
demand_445 19 8 943.452963
demand_446 19 9 623.333137
demand_447 19 10 2016.105515
demand_448 19 11 929.331335
demand_449 19 12 1496.945770
demand_450 19 13 932.659702
demand_451 19 14 305.775287
demand_452 19 15 483.982911
demand_453 19 16 36.916624
demand_454 19 17 29.798536
demand_455 19 18 383.042924
demand_456 19 20 252.369486
demand_457 19 21 393.048184
demand_458 19 22 52.188794
demand_459 19 23 2490.531370
demand_460 20 0 204.837081
demand_461 20 1 627.220874
demand_462 20 2 7294.845789
demand_463 20 3 2844.120314
demand_464 20 4 4010.761220
demand_465 20 5 2557.763804
demand_466 20 6 1498.097836
demand_467 20 7 6335.314609
demand_468 20 8 1530.985247
demand_469 20 9 1011.511833
demand_470 20 10 3271.628709
demand_471 20 11 1508.069420
demand_472 20 12 2429.163910
demand_473 20 13 1513.470517
demand_474 20 14 496.195859
demand_475 20 15 785.381705
demand_476 20 16 59.906333
demand_477 20 17 48.355479
demand_478 20 18 621.581666
demand_479 20 19 932.230952
demand_480 20 21 637.817670
demand_481 20 22 84.689197
demand_482 20 23 4041.501732
demand_483 21 0 66.953630
demand_484 21 1 205.015195
demand_485 21 2 2384.413995
demand_486 21 3 929.637237
demand_487 21 4 1310.968794
demand_488 21 5 836.037935
demand_489 21 6 489.672510
demand_490 21 7 2070.778911
demand_491 21 8 500.422182
demand_492 21 9 330.625628
demand_493 21 10 1069.373844
demand_494 21 11 492.931850
demand_495 21 12 794.003409
demand_496 21 13 494.697268
demand_497 21 14 162.187987
demand_498 21 15 256.712093
demand_499 21 16 19.581154
demand_500 21 17 15.805609
demand_501 21 18 203.171947
demand_502 21 19 304.711654
demand_503 21 20 133.860716
demand_504 21 22 27.681751
demand_505 21 23 1321.016725
demand_506 22 0 11.771459
demand_507 22 1 36.044766
demand_508 22 2 419.215973
demand_509 22 3 163.444259
demand_510 22 4 230.488103
demand_511 22 5 146.988089
demand_512 22 6 86.091819
demand_513 22 7 364.074191
demand_514 22 8 87.981773
demand_515 22 9 58.128976
demand_516 22 10 188.012064
demand_517 22 11 86.664860
demand_518 22 12 139.597785
demand_519 22 13 86.975247
demand_520 22 14 28.515096
demand_521 22 15 45.133861
demand_522 22 16 3.442662
demand_523 22 17 2.778865
demand_524 22 18 35.720695
demand_525 22 19 53.572908
demand_526 22 20 23.534734
demand_527 22 21 36.653736
demand_528 22 23 232.254681
demand_529 23 0 28.546080
demand_530 23 1 87.409453
demand_531 23 2 1016.609149
demand_532 23 3 396.356388
demand_533 23 4 558.939376
demand_534 23 5 356.449767
demand_535 23 6 208.774799
demand_536 23 7 882.888957
demand_537 23 8 213.357986
demand_538 23 9 140.964211
demand_539 23 10 455.933926
demand_540 23 11 210.164438
demand_541 23 12 338.528096
demand_542 23 13 210.917135
demand_543 23 14 69.149817
demand_544 23 15 109.450734
demand_545 23 16 8.348542
demand_546 23 17 6.738816
demand_547 23 18 86.623573
demand_548 23 19 129.915634
demand_549 23 20 57.072316
demand_550 23 21 88.886222
demand_551 23 22 11.802280
