DEMANDS 552
label src dest bw
demand_0 0 1 112.854979
demand_1 0 2 92.771948
demand_2 0 3 353.943019
demand_3 0 4 1657.732062
demand_4 0 5 328.921188
demand_5 0 6 1151.572467
demand_6 0 7 43.204073
demand_7 0 8 109.352633
demand_8 0 9 852.616985
demand_9 0 10 132.436221
demand_10 0 11 319.721797
demand_11 0 12 1196.498031
demand_12 0 13 714.319128
demand_13 0 14 316.171422
demand_14 0 15 120.141078
demand_15 0 16 709.194853
demand_16 0 17 1126.533506
demand_17 0 18 321.912902
demand_18 0 19 210.461342
demand_19 0 20 2506.944069
demand_20 0 21 107.659836
demand_21 0 22 224.449473
demand_22 0 23 428.236573
demand_23 1 0 106.319411
demand_24 1 2 43.197428
demand_25 1 3 164.806588
demand_26 1 4 771.890249
demand_27 1 5 153.155666
demand_28 1 6 536.207013
demand_29 1 7 20.117125
demand_30 1 8 50.917897
demand_31 1 9 397.004288
demand_32 1 10 61.666315
demand_33 1 11 148.872151
demand_34 1 12 557.125717
demand_35 1 13 332.608617
demand_36 1 14 147.218989
demand_37 1 15 55.941324
demand_38 1 16 330.222600
demand_39 1 17 524.548115
demand_40 1 18 149.892396
demand_41 1 19 97.997174
demand_42 1 20 1167.309076
demand_43 1 21 50.129680
demand_44 1 22 104.510472
demand_45 1 23 199.399917
demand_46 2 0 427.316323
demand_47 2 1 211.202407
demand_48 2 3 662.386527
demand_49 2 4 3102.362027
demand_50 2 5 615.559429
demand_51 2 6 2155.109848
demand_52 2 7 80.854246
demand_53 2 8 204.647942
demand_54 2 9 1595.629727
demand_55 2 10 247.847714
demand_56 2 11 598.343233
demand_57 2 12 2239.185778
demand_58 2 13 1336.812255
demand_59 2 14 591.698885
demand_60 2 15 224.837975
demand_61 2 16 1327.222434
demand_62 2 17 2108.250695
demand_63 2 18 602.443776
demand_64 2 19 393.867797
demand_65 2 20 4691.619509
demand_66 2 21 201.479958
demand_67 2 22 420.045880
demand_68 2 23 801.423169
demand_69 3 0 719.233448
demand_70 3 1 355.483344
demand_71 3 2 292.223547
demand_72 3 4 5221.711454
demand_73 3 5 1036.073062
demand_74 3 6 3627.352862
demand_75 3 7 136.089063
demand_76 3 8 344.451258
demand_77 3 9 2685.669161
demand_78 3 10 417.162547
demand_79 3 11 1007.095783
demand_80 3 12 3768.864472
demand_81 3 13 2250.042969
demand_82 3 14 995.912411
demand_83 3 15 378.433922
demand_84 3 16 2233.901951
demand_85 3 17 3548.482320
demand_86 3 18 1013.997572
demand_87 3 19 662.934877
demand_88 3 20 7896.655232
demand_89 3 21 339.119095
demand_90 3 22 706.996270
demand_91 3 23 1348.907866
demand_92 4 0 346.456395
demand_93 4 1 171.237138
demand_94 4 2 140.764750
demand_95 4 3 537.044890
demand_96 4 5 499.078760
demand_97 4 6 1747.304157
demand_98 4 7 65.554413
demand_99 4 8 165.922958
demand_100 4 9 1293.692968
demand_101 4 10 200.948152
demand_102 4 11 485.120339
demand_103 4 12 1815.470623
demand_104 4 13 1083.850837
demand_105 4 14 479.733283
demand_106 4 15 182.292484
demand_107 4 16 1076.075672
demand_108 4 17 1709.312038
demand_109 4 18 488.444946
demand_110 4 19 319.337244
demand_111 4 20 3803.836859
demand_112 4 21 163.354442
demand_113 4 22 340.561718
demand_114 4 23 649.771999
demand_115 5 0 518.792869
demand_116 5 1 256.414971
demand_117 5 2 210.784819
demand_118 5 3 804.185068
demand_119 5 4 3766.491491
demand_120 5 6 2616.458954
demand_121 5 7 98.162892
demand_122 5 8 248.457377
demand_123 5 9 1937.209693
demand_124 5 10 300.905019
demand_125 5 11 726.431886
demand_126 5 12 2718.533203
demand_127 5 13 1622.986596
demand_128 5 14 718.365167
demand_129 5 15 272.969535
demand_130 5 16 1611.343860
demand_131 5 17 2559.568560
demand_132 5 18 731.410240
demand_133 5 19 478.183943
demand_134 5 20 5695.964819
demand_135 5 21 244.611215
demand_136 5 22 509.966025
demand_137 5 23 972.985590
demand_138 6 0 399.077178
demand_139 6 1 197.245123
demand_140 6 2 162.144501
demand_141 6 3 618.612797
demand_142 6 4 2897.342827
demand_143 6 5 574.880263
demand_144 6 7 75.511003
demand_145 6 8 191.123809
demand_146 6 9 1490.182739
demand_147 6 10 231.468729
demand_148 6 11 558.801797
demand_149 6 12 2091.209470
demand_150 6 13 1248.469187
demand_151 6 14 552.596539
demand_152 6 15 209.979586
demand_153 6 16 1239.513108
demand_154 6 17 1968.927216
demand_155 6 18 562.631355
demand_156 6 19 367.839094
demand_157 6 20 4381.574431
demand_158 6 21 188.165180
demand_159 6 22 392.287201
demand_160 6 23 748.461221
demand_161 7 0 176.382145
demand_162 7 1 87.177418
demand_163 7 2 71.663820
demand_164 7 3 273.411405
demand_165 7 4 1280.553163
demand_166 7 5 254.082718
demand_167 7 6 889.558571
demand_168 7 8 84.471950
demand_169 7 9 658.623551
demand_170 7 10 102.303397
demand_171 7 11 246.976437
demand_172 7 12 924.262354
demand_173 7 13 551.792198
demand_174 7 14 244.233868
demand_175 7 15 92.805732
demand_176 7 16 547.833835
demand_177 7 17 870.216652
demand_178 7 18 248.669006
demand_179 7 19 162.575692
demand_180 7 20 1936.546461
demand_181 7 21 83.164310
demand_182 7 22 173.381145
demand_183 7 23 330.801165
demand_184 8 0 184.360721
demand_185 8 1 91.120853
demand_186 8 2 74.905504
demand_187 8 3 285.779061
demand_188 8 4 1338.478472
demand_189 8 5 265.576047
demand_190 8 6 929.797396
demand_191 8 7 34.883636
demand_192 8 9 688.416123
demand_193 8 10 106.931050
demand_194 8 11 258.148317
demand_195 8 12 966.070991
demand_196 8 13 576.752297
demand_197 8 14 255.281689
demand_198 8 15 97.003762
demand_199 8 16 572.614878
demand_200 8 17 909.580553
demand_201 8 18 259.917449
demand_202 8 19 169.929738
demand_203 8 20 2024.145363
demand_204 8 21 86.926214
demand_205 8 22 181.223971
demand_206 8 23 345.764823
demand_207 9 0 307.941682
demand_208 9 1 152.201123
demand_209 9 2 125.116276
demand_210 9 3 477.342919
demand_211 9 4 2235.689413
demand_212 9 5 443.597390
demand_213 9 6 1553.060612
demand_214 9 7 58.266888
demand_215 9 8 147.477707
demand_216 9 10 178.609235
demand_217 9 11 431.190693
demand_218 9 12 1613.649178
demand_219 9 13 963.361780
demand_220 9 14 426.402503
demand_221 9 15 162.027473
demand_222 9 16 956.450962
demand_223 9 17 1519.291984
demand_224 9 18 434.145712
demand_225 9 19 283.837301
demand_226 9 20 3380.973585
demand_227 9 21 145.194727
demand_228 9 22 302.702302
demand_229 9 23 577.538430
demand_230 10 0 374.800055
demand_231 10 1 185.246080
demand_232 10 2 152.280740
demand_233 10 3 580.980630
demand_234 10 4 2721.088325
demand_235 10 5 539.908483
demand_236 10 6 1890.251426
demand_237 10 7 70.917431
demand_238 10 8 179.497145
demand_239 10 9 1399.530224
demand_240 10 11 524.808121
demand_241 10 12 1963.994603
demand_242 10 13 1172.520869
demand_243 10 14 518.980349
demand_244 10 15 197.205865
demand_245 10 16 1164.109617
demand_246 10 17 1849.151164
demand_247 10 18 528.404716
demand_248 10 19 345.462282
demand_249 10 20 4115.029440
demand_250 10 21 176.718499
demand_251 10 22 368.423133
demand_252 10 23 702.929964
demand_253 11 0 261.156392
demand_254 11 1 129.077350
demand_255 11 2 106.107478
demand_256 11 3 404.820659
demand_257 11 4 1896.023227
demand_258 11 5 376.202057
demand_259 11 6 1317.105577
demand_260 11 7 49.414455
demand_261 11 8 125.071558
demand_262 11 9 975.176655
demand_263 11 10 151.473303
demand_264 11 12 1368.488980
demand_265 11 13 816.999133
demand_266 11 14 361.619572
demand_267 11 15 137.410792
demand_268 11 16 811.138268
demand_269 11 17 1288.467385
demand_270 11 18 368.186363
demand_271 11 19 240.714167
demand_272 11 20 2867.305455
demand_273 11 21 123.135429
demand_274 11 22 256.713026
demand_275 11 23 489.793560
demand_276 12 0 332.804511
demand_277 12 1 164.489653
demand_278 12 2 135.218009
demand_279 12 3 515.882994
demand_280 12 4 2416.196203
demand_281 12 5 479.412894
demand_282 12 6 1678.452800
demand_283 12 7 62.971285
demand_284 12 8 159.384874
demand_285 12 9 1242.715858
demand_286 12 10 193.029924
demand_287 12 11 466.004495
demand_288 12 13 1041.142416
demand_289 12 14 460.829712
demand_290 12 15 175.109370
demand_291 12 16 1033.673626
demand_292 12 17 1641.957735
demand_293 12 18 469.198098
demand_294 12 19 306.753973
demand_295 12 20 3653.949200
demand_296 12 21 156.917569
demand_297 12 22 327.142110
demand_298 12 23 624.168166
demand_299 13 0 192.831331
demand_300 13 1 95.307478
demand_301 13 2 78.347101
demand_302 13 3 298.909423
demand_303 13 4 1399.976004
demand_304 13 5 277.778165
demand_305 13 6 972.517729
demand_306 13 7 36.486394
demand_307 13 8 92.349702
demand_308 13 9 720.045987
demand_309 13 10 111.844088
demand_310 13 11 270.009161
demand_311 13 12 1010.457945
demand_312 13 14 267.010824
demand_313 13 15 101.460683
demand_314 13 16 598.924156
demand_315 13 17 951.372006
demand_316 13 18 271.859577
demand_317 13 19 177.737305
demand_318 13 20 2117.146444
demand_319 13 21 90.920113
demand_320 13 22 189.550461
demand_321 13 23 361.651282
demand_322 14 0 90.625348
demand_323 14 1 44.791857
demand_324 14 2 36.820952
demand_325 14 3 140.479092
demand_326 14 4 657.949678
demand_327 14 5 130.547991
demand_328 14 6 457.056210
demand_329 14 7 17.147588
demand_330 14 8 43.401784
demand_331 14 9 338.401533
demand_332 14 10 52.563602
demand_333 14 11 126.896776
demand_334 14 12 474.887053
demand_335 14 13 283.511462
demand_336 14 15 47.683691
demand_337 14 16 281.477650
demand_338 14 17 447.118310
demand_339 14 18 127.766420
demand_340 14 19 83.531576
demand_341 14 20 994.999784
demand_342 14 21 42.729917
demand_343 14 22 89.083430
demand_344 14 23 169.966017
demand_345 15 0 363.442071
demand_346 15 1 179.632361
demand_347 15 2 147.666007
demand_348 15 3 563.374526
demand_349 15 4 2638.628152
demand_350 15 5 523.547035
demand_351 15 6 1832.969030
demand_352 15 7 68.768341
demand_353 15 8 174.057643
demand_354 15 9 1357.118699
demand_355 15 10 210.800013
demand_356 15 11 508.904276
demand_357 15 12 1904.477485
demand_358 15 13 1136.988662
demand_359 15 14 503.253109
demand_360 15 16 1128.832305
demand_361 15 17 1793.114275
demand_362 15 18 512.391878
demand_363 15 19 334.993353
demand_364 15 20 3990.327115
demand_365 15 21 171.363201
demand_366 15 22 357.258397
demand_367 15 23 681.628294
demand_368 16 0 211.914516
demand_369 16 1 104.739401
demand_370 16 2 86.100572
demand_371 16 3 328.490424
demand_372 16 4 1538.521960
demand_373 16 5 305.267951
demand_374 16 6 1068.761092
demand_375 16 7 40.097201
demand_376 16 8 101.488914
demand_377 16 9 791.303966
demand_378 16 10 122.912525
demand_379 16 11 296.730103
demand_380 16 12 1110.455989
demand_381 16 13 662.951323
demand_382 16 14 293.435041
demand_383 16 15 111.501546
demand_384 16 17 1045.522723
demand_385 16 18 298.763642
demand_386 16 19 195.326738
demand_387 16 20 2326.665806
demand_388 16 21 99.917849
demand_389 16 22 208.308961
demand_390 16 23 397.441412
demand_391 17 0 66.366429
demand_392 17 1 32.801812
demand_393 17 2 26.964588
demand_394 17 3 102.875145
demand_395 17 4 481.827346
demand_396 17 5 95.602436
demand_397 17 6 334.709763
demand_398 17 7 12.557460
demand_399 17 8 31.783839
demand_400 17 9 247.816995
demand_401 17 10 38.493188
demand_402 17 11 92.928591
demand_403 17 12 347.767582
demand_404 17 13 207.620096
demand_405 17 14 91.896658
demand_406 17 15 34.919550
demand_407 17 16 206.130702
demand_408 17 18 93.565446
demand_409 17 19 61.171544
demand_410 17 20 728.654669
demand_411 17 21 31.291820
demand_412 17 22 65.237258
demand_413 17 23 124.468903
demand_414 18 0 151.071674
demand_415 18 1 74.667639
demand_416 18 2 61.380211
demand_417 18 3 234.177437
demand_418 18 4 1096.796447
demand_419 18 5 217.622376
demand_420 18 6 761.908766
demand_421 18 7 28.584881
demand_422 18 8 72.350401
demand_423 18 9 564.112441
demand_424 18 10 87.623072
demand_425 18 11 211.535832
demand_426 18 12 791.632628
demand_427 18 13 472.611165
demand_428 18 14 209.186816
demand_429 18 15 79.488303
demand_430 18 16 469.220819
demand_431 18 17 745.342372
demand_432 18 19 139.246418
demand_433 18 20 1658.656071
demand_434 18 21 71.230404
demand_435 18 22 148.501311
demand_436 18 23 283.331886
demand_437 19 0 358.156491
demand_438 19 1 177.019947
demand_439 19 2 145.518483
demand_440 19 3 555.181306
demand_441 19 4 2600.254280
demand_442 19 5 515.933030
demand_443 19 6 1806.311951
demand_444 19 7 67.768235
demand_445 19 8 171.526302
demand_446 19 9 1337.381966
demand_447 19 10 207.734324
demand_448 19 11 501.503222
demand_449 19 12 1876.780450
demand_450 19 13 1120.453306
demand_451 19 14 495.934241
demand_452 19 15 188.448640
demand_453 19 16 1112.415568
demand_454 19 17 1767.036808
demand_455 19 18 504.940105
demand_456 19 20 3932.295330
demand_457 19 21 168.871046
demand_458 19 22 352.062747
demand_459 19 23 671.715295
demand_460 20 0 1196.838903
demand_461 20 1 591.541309
demand_462 20 2 486.273978
demand_463 20 3 1855.229771
demand_464 20 4 8689.177936
demand_465 20 5 1724.075194
demand_466 20 6 6036.088881
demand_467 20 7 226.458719
demand_468 20 8 573.183390
demand_469 20 9 4469.082104
demand_470 20 10 694.178457
demand_471 20 11 1675.855614
demand_472 20 12 6271.570978
demand_473 20 13 3744.179258
demand_474 20 14 1657.245947
demand_475 20 15 629.732169
demand_476 20 16 3717.319832
demand_477 20 17 5904.844523
demand_478 20 18 1687.340522
demand_479 20 19 1103.155385
demand_480 20 21 564.310415
demand_481 20 22 1176.475652
demand_482 20 23 2244.647290
demand_483 21 0 137.649476
demand_484 21 1 68.033677
demand_485 21 2 55.926790
demand_486 21 3 213.371578
demand_487 21 4 999.349858
demand_488 21 5 198.287377
demand_489 21 6 694.215794
demand_490 21 7 26.045213
demand_491 21 8 65.922317
demand_492 21 9 513.992992
demand_493 21 10 79.838064
demand_494 21 11 192.741601
demand_495 21 12 721.298794
demand_496 21 13 430.621290
demand_497 21 14 190.601287
demand_498 21 15 72.426041
demand_499 21 16 427.532164
demand_500 21 17 679.121268
demand_501 21 18 194.062491
demand_502 21 19 126.874853
demand_503 21 20 1511.290187
demand_504 21 22 135.307481
demand_505 21 23 258.158823
demand_506 22 0 303.923092
demand_507 22 1 150.214923
demand_508 22 2 123.483529
demand_509 22 3 471.113670
demand_510 22 4 2206.514024
demand_511 22 5 437.808515
demand_512 22 6 1532.793420
demand_513 22 7 57.506515
demand_514 22 8 145.553146
demand_515 22 9 1134.870572
demand_516 22 10 176.278414
demand_517 22 11 425.563723
demand_518 22 12 1592.591315
demand_519 22 13 950.790063
demand_520 22 14 420.838018
demand_521 22 15 159.913040
demand_522 22 16 943.969430
demand_523 22 17 1499.465467
demand_524 22 18 428.480180
demand_525 22 19 280.133270
demand_526 22 20 3336.852421
demand_527 22 21 143.299959
demand_528 22 23 570.001646
demand_529 23 0 88.166798
demand_530 23 1 43.576711
demand_531 23 2 35.822047
demand_532 23 3 136.668074
demand_533 23 4 640.100345
demand_534 23 5 127.006390
demand_535 23 6 444.656860
demand_536 23 7 16.682396
demand_537 23 8 42.224349
demand_538 23 9 329.221132
demand_539 23 10 51.137619
demand_540 23 11 123.454228
demand_541 23 12 462.003975
demand_542 23 13 275.820158
demand_543 23 14 122.083321
demand_544 23 15 46.390094
demand_545 23 16 273.841521
demand_546 23 17 434.988562
demand_547 23 18 124.300280
demand_548 23 19 81.265472
demand_549 23 20 968.006712
demand_550 23 21 41.570709
demand_551 23 22 86.666711
