DEMANDS 552
label src dest bw
demand_0 0 1 1668.925363
demand_1 0 2 1545.633108
demand_2 0 3 3965.069515
demand_3 0 4 5029.437105
demand_4 0 5 11997.788496
demand_5 0 6 1934.899084
demand_6 0 7 353.285782
demand_7 0 8 8856.750837
demand_8 0 9 424.884354
demand_9 0 10 6517.047537
demand_10 0 11 469.831470
demand_11 0 12 206.330598
demand_12 0 13 2840.251065
demand_13 0 14 1402.245907
demand_14 0 15 1285.148956
demand_15 0 16 65.141897
demand_16 0 17 497.328216
demand_17 0 18 444.568482
demand_18 0 19 1311.553990
demand_19 0 20 296.423661
demand_20 0 21 2555.145250
demand_21 0 22 217.839294
demand_22 0 23 596.071268
demand_23 1 0 2794.994519
demand_24 1 2 564.367209
demand_25 1 3 1447.791980
demand_26 1 4 1836.431537
demand_27 1 5 4380.831634
demand_28 1 6 706.502462
demand_29 1 7 128.997567
demand_30 1 8 3233.923840
demand_31 1 9 155.140826
demand_32 1 10 2379.612545
demand_33 1 11 171.552663
demand_34 1 12 75.338852
demand_35 1 13 1037.079602
demand_36 1 14 512.011295
demand_37 1 15 469.254913
demand_38 1 16 23.785690
demand_39 1 17 181.592731
demand_40 1 18 162.328222
demand_41 1 19 478.896358
demand_42 1 20 108.235126
demand_43 1 21 932.977035
demand_44 1 22 79.541098
demand_45 1 23 217.647433
demand_46 2 0 3135.281122
demand_47 2 1 683.577568
demand_48 2 3 1624.058592
demand_49 2 4 2060.014462
demand_50 2 5 4914.191647
demand_51 2 6 792.518131
demand_52 2 7 144.702837
demand_53 2 8 3627.649462
demand_54 2 9 174.029001
demand_55 2 10 2669.326983
demand_56 2 11 192.438955
demand_57 2 12 84.511250
demand_58 2 13 1163.342567
demand_59 2 14 574.347941
demand_60 2 15 526.386031
demand_61 2 16 26.681564
demand_62 2 17 203.701388
demand_63 2 18 182.091451
demand_64 2 19 537.201307
demand_65 2 20 121.412599
demand_66 2 21 1046.565661
demand_67 2 22 89.225113
demand_68 2 23 244.145698
demand_69 3 0 5022.993674
demand_70 3 1 1095.150854
demand_71 3 2 1014.246326
demand_72 3 4 3300.322749
demand_73 3 5 7872.963411
demand_74 3 6 1269.683134
demand_75 3 7 231.826560
demand_76 3 8 5811.810677
demand_77 3 9 278.809630
demand_78 3 10 4276.494524
demand_79 3 11 308.303982
demand_80 3 12 135.394389
demand_81 3 13 1863.776205
demand_82 3 14 920.155471
demand_83 3 15 843.316309
demand_84 3 16 42.746192
demand_85 3 17 326.347381
demand_86 3 18 291.726379
demand_87 3 19 860.643324
demand_88 3 20 194.513567
demand_89 3 21 1676.689423
demand_90 3 22 142.946410
demand_91 3 23 391.142692
demand_92 4 0 3242.571742
demand_93 4 1 706.969876
demand_94 4 2 654.742309
demand_95 4 3 1679.634551
demand_96 4 5 5082.357324
demand_97 4 6 819.638430
demand_98 4 7 149.654628
demand_99 4 8 3751.789131
demand_100 4 9 179.984345
demand_101 4 10 2760.672460
demand_102 4 11 199.024296
demand_103 4 12 87.403260
demand_104 4 13 1203.152632
demand_105 4 14 594.002366
demand_106 4 15 544.399179
demand_107 4 16 27.594619
demand_108 4 17 210.672134
demand_109 4 18 188.322696
demand_110 4 19 555.584559
demand_111 4 20 125.567388
demand_112 4 21 1082.379572
demand_113 4 22 92.278434
demand_114 4 23 252.500465
demand_115 5 0 2548.641633
demand_116 5 1 555.674015
demand_117 5 2 514.623466
demand_118 5 3 1320.182523
demand_119 5 4 1674.567102
demand_120 5 6 644.230812
demand_121 5 7 117.627626
demand_122 5 8 2948.883398
demand_123 5 9 141.466599
demand_124 5 10 2169.871733
demand_125 5 11 156.431884
demand_126 5 12 68.698430
demand_127 5 13 945.670638
demand_128 5 14 466.882241
demand_129 5 15 427.894438
demand_130 5 16 21.689202
demand_131 5 17 165.587013
demand_132 5 18 148.020492
demand_133 5 19 436.686078
demand_134 5 20 98.695202
demand_135 5 21 850.743749
demand_136 5 22 72.530287
demand_137 5 23 198.463827
demand_138 6 0 2769.903398
demand_139 6 1 603.915169
demand_140 6 2 559.300793
demand_141 6 3 1434.794915
demand_142 6 4 1819.945592
demand_143 6 5 4341.504194
demand_144 6 7 127.839535
demand_145 6 8 3204.892378
demand_146 6 9 153.748102
demand_147 6 10 2358.250374
demand_148 6 11 170.012607
demand_149 6 12 74.662523
demand_150 6 13 1027.769569
demand_151 6 14 507.414886
demand_152 6 15 465.042335
demand_153 6 16 23.572162
demand_154 6 17 179.962544
demand_155 6 18 160.870975
demand_156 6 19 474.597227
demand_157 6 20 107.263482
demand_158 6 21 924.601548
demand_159 6 22 78.827045
demand_160 6 23 215.693576
demand_161 7 0 1975.313503
demand_162 7 1 430.672704
demand_163 7 2 398.856657
demand_164 7 3 1023.201666
demand_165 7 4 1297.865877
demand_166 7 5 3096.076154
demand_167 7 6 499.308261
demand_168 7 8 2285.519125
demand_169 7 9 109.643066
demand_170 7 10 1681.749556
demand_171 7 11 121.241845
demand_172 7 12 53.244416
demand_173 7 13 732.937874
demand_174 7 14 361.855030
demand_175 7 15 331.637705
demand_176 7 16 16.810121
demand_177 7 17 128.337487
demand_178 7 18 114.722632
demand_179 7 19 338.451627
demand_180 7 20 76.493283
demand_181 7 21 659.365206
demand_182 7 22 56.214280
demand_183 7 23 153.818517
demand_184 8 0 863.663770
demand_185 8 1 188.302470
demand_186 8 2 174.391581
demand_187 8 3 447.373142
demand_188 8 4 567.464220
demand_189 8 5 1353.693375
demand_190 8 6 218.311906
demand_191 8 7 39.860731
demand_192 8 9 47.939096
demand_193 8 10 735.309185
demand_194 8 11 53.010415
demand_195 8 12 23.279987
demand_196 8 13 320.461479
demand_197 8 14 158.213407
demand_198 8 15 145.001525
demand_199 8 16 7.349867
demand_200 8 17 56.112834
demand_201 8 18 50.160028
demand_202 8 19 147.980767
demand_203 8 20 33.445059
demand_204 8 21 288.293397
demand_205 8 22 24.578497
demand_206 8 23 67.253872
demand_207 9 0 1520.482427
demand_208 9 1 331.507013
demand_209 9 2 307.016854
demand_210 9 3 787.601639
demand_211 9 4 999.022310
demand_212 9 5 2383.180886
demand_213 9 6 384.338707
demand_214 9 7 70.174926
demand_215 9 8 1759.260826
demand_216 9 10 1294.513829
demand_217 9 11 93.324981
demand_218 9 12 40.984481
demand_219 9 13 564.173310
demand_220 9 14 278.535135
demand_221 9 15 255.275581
demand_222 9 16 12.939462
demand_223 9 17 98.786797
demand_224 9 18 88.306867
demand_225 9 19 260.520545
demand_226 9 20 58.880118
demand_227 9 21 507.541313
demand_228 9 22 43.270511
demand_229 9 23 118.400625
demand_230 10 0 214.770888
demand_231 10 1 46.825964
demand_232 10 2 43.366685
demand_233 10 3 111.250153
demand_234 10 4 141.113705
demand_235 10 5 336.628602
demand_236 10 6 54.288536
demand_237 10 7 9.912335
demand_238 10 8 248.498768
demand_239 10 9 11.921216
demand_240 10 11 13.182322
demand_241 10 12 5.789132
demand_242 10 13 79.690499
demand_243 10 14 39.343591
demand_244 10 15 36.058137
demand_245 10 16 1.827722
demand_246 10 17 13.953813
demand_247 10 18 12.473504
demand_248 10 19 36.798997
demand_249 10 20 8.316923
demand_250 10 21 71.691127
demand_251 10 22 6.112038
demand_252 10 23 16.724302
demand_253 11 0 4798.745460
demand_254 11 1 1046.258572
demand_255 11 2 968.965973
demand_256 11 3 2485.724084
demand_257 11 4 3152.982033
demand_258 11 5 7521.480192
demand_259 11 6 1212.998974
demand_260 11 7 221.476817
demand_261 11 8 5552.346252
demand_262 11 9 266.362360
demand_263 11 10 4085.573268
demand_264 11 12 129.349797
demand_265 11 13 1780.569155
demand_266 11 14 879.075741
demand_267 11 15 805.667012
demand_268 11 16 40.837817
demand_269 11 17 311.777819
demand_270 11 18 278.702449
demand_271 11 19 822.220475
demand_272 11 20 185.829638
demand_273 11 21 1601.834738
demand_274 11 22 136.564662
demand_275 11 23 373.680386
demand_276 12 0 304.826390
demand_277 12 1 66.460542
demand_278 12 2 61.550754
demand_279 12 3 157.898414
demand_280 12 4 200.284040
demand_281 12 5 477.780218
demand_282 12 6 77.052242
demand_283 12 7 14.068673
demand_284 12 8 352.696695
demand_285 12 9 16.919896
demand_286 12 10 259.524194
demand_287 12 11 18.709797
demand_288 12 13 113.105492
demand_289 12 14 55.840737
demand_290 12 15 51.177661
demand_291 12 16 2.594104
demand_292 12 17 19.804782
demand_293 12 18 17.703765
demand_294 12 19 52.229171
demand_295 12 20 11.804289
demand_296 12 21 101.751907
demand_297 12 22 8.674874
demand_298 12 23 23.736963
demand_299 13 0 668.760519
demand_300 13 1 145.808197
demand_301 13 2 135.036582
demand_302 13 3 346.414316
demand_303 13 4 439.404407
demand_304 13 5 1048.205003
demand_305 13 6 169.045395
demand_306 13 7 30.865349
demand_307 13 8 773.783480
demand_308 13 9 37.120666
demand_309 13 10 569.371750
demand_310 13 11 41.047540
demand_311 13 12 18.026386
demand_312 13 14 122.509342
demand_313 13 15 112.278989
demand_314 13 16 5.691221
demand_315 13 17 43.449834
demand_316 13 18 38.840400
demand_317 13 19 114.585905
demand_318 13 20 25.897503
demand_319 13 21 223.234143
demand_320 13 22 19.031861
demand_321 13 23 52.076671
demand_322 14 0 2732.247099
demand_323 14 1 595.705059
demand_324 14 2 551.697207
demand_325 14 3 1415.289157
demand_326 14 4 1795.203785
demand_327 14 5 4282.482288
demand_328 14 6 690.641534
demand_329 14 7 126.101581
demand_330 14 8 3161.322489
demand_331 14 9 151.657926
demand_332 14 10 2326.190419
demand_333 14 11 167.701318
demand_334 14 12 73.647500
demand_335 14 13 1013.797241
demand_336 14 15 458.720175
demand_337 14 16 23.251703
demand_338 14 17 177.515988
demand_339 14 18 158.683965
demand_340 14 19 468.145170
demand_341 14 20 105.805256
demand_342 14 21 912.031770
demand_343 14 22 77.755406
demand_344 14 23 212.761264
demand_345 15 0 1887.794118
demand_346 15 1 411.591070
demand_347 15 2 381.184683
demand_348 15 3 977.867100
demand_349 15 4 1240.361879
demand_350 15 5 2958.899610
demand_351 15 6 477.185620
demand_352 15 7 87.127487
demand_353 15 8 2184.255590
demand_354 15 9 104.785157
demand_355 15 10 1607.236985
demand_356 15 11 115.870033
demand_357 15 12 50.885338
demand_358 15 13 700.463904
demand_359 15 14 345.822471
demand_360 15 16 16.065322
demand_361 15 17 122.651292
demand_362 15 18 109.639665
demand_363 15 19 323.455993
demand_364 15 20 73.104127
demand_365 15 21 630.150989
demand_366 15 22 53.723618
demand_367 15 23 147.003345
demand_368 16 0 164.678189
demand_369 16 1 35.904377
demand_370 16 2 33.251933
demand_371 16 3 85.302408
demand_372 16 4 108.200649
demand_373 16 5 258.114074
demand_374 16 6 41.626395
demand_375 16 7 7.600403
demand_376 16 8 190.539452
demand_377 16 9 9.140737
demand_378 16 10 140.204313
demand_379 16 11 10.107706
demand_380 16 12 4.438887
demand_381 16 13 61.103659
demand_382 16 14 30.167177
demand_383 16 15 27.648015
demand_384 16 17 10.699256
demand_385 16 18 9.564211
demand_386 16 19 28.216079
demand_387 16 20 6.377102
demand_388 16 21 54.970043
demand_389 16 22 4.686479
demand_390 16 23 12.823562
demand_391 17 0 239.009641
demand_392 17 1 52.110679
demand_393 17 2 48.260990
demand_394 17 3 123.805696
demand_395 17 4 157.039607
demand_396 17 5 374.620053
demand_397 17 6 60.415467
demand_398 17 7 11.031028
demand_399 17 8 276.544004
demand_400 17 9 13.266628
demand_401 17 10 203.488892
demand_402 17 11 14.670061
demand_403 17 12 6.442486
demand_404 17 13 88.684261
demand_405 17 14 43.783855
demand_406 17 15 40.127609
demand_407 17 16 2.033997
demand_408 17 18 13.881247
demand_409 17 19 40.952083
demand_410 17 20 9.255560
demand_411 17 21 79.782091
demand_412 17 22 6.801834
demand_413 17 23 18.611784
demand_414 18 0 2616.656334
demand_415 18 1 570.503091
demand_416 18 2 528.357041
demand_417 18 3 1355.413769
demand_418 18 4 1719.255684
demand_419 18 5 4101.307091
demand_420 18 6 661.423173
demand_421 18 7 120.766713
demand_422 18 8 3027.579210
demand_423 18 9 145.241868
demand_424 18 10 2227.778335
demand_425 18 11 160.606527
demand_426 18 12 70.531760
demand_427 18 13 970.907417
demand_428 18 14 479.341762
demand_429 18 15 439.313506
demand_430 18 16 22.268014
demand_431 18 17 170.005976
demand_432 18 19 448.339765
demand_433 18 20 101.329046
demand_434 18 21 873.447247
demand_435 18 22 74.465877
demand_436 18 23 203.760161
demand_437 19 0 803.514617
demand_438 19 1 175.188299
demand_439 19 2 162.246222
demand_440 19 3 416.216207
demand_441 19 4 527.943641
demand_442 19 5 1259.416513
demand_443 19 6 203.107753
demand_444 19 7 37.084663
demand_445 19 8 929.699524
demand_446 19 9 44.600417
demand_447 19 10 684.099181
demand_448 19 11 49.318548
demand_449 19 12 21.658672
demand_450 19 13 298.143203
demand_451 19 14 147.194764
demand_452 19 15 134.903013
demand_453 19 16 6.837992
demand_454 19 17 52.204902
demand_455 19 18 46.666674
demand_456 19 20 31.115806
demand_457 19 21 268.215440
demand_458 19 22 22.866748
demand_459 19 23 62.570031
demand_460 20 0 3103.361694
demand_461 20 1 676.618254
demand_462 20 2 626.632921
demand_463 20 3 1607.524502
demand_464 20 4 2039.042025
demand_465 20 5 4864.161624
demand_466 20 6 784.449724
demand_467 20 7 143.229658
demand_468 20 8 3590.717368
demand_469 20 9 172.257260
demand_470 20 10 2642.151305
demand_471 20 11 190.479788
demand_472 20 12 83.650864
demand_473 20 13 1151.498898
demand_474 20 14 568.500664
demand_475 20 15 521.027040
demand_476 20 16 26.409927
demand_477 20 17 201.627560
demand_478 20 18 180.237629
demand_479 20 19 531.732209
demand_480 20 21 1035.910866
demand_481 20 22 88.316737
demand_482 20 23 241.660118
demand_483 21 0 1872.985632
demand_484 21 1 408.362412
demand_485 21 2 378.194543
demand_486 21 3 970.196384
demand_487 21 4 1230.632067
demand_488 21 5 2935.689015
demand_489 21 6 473.442417
demand_490 21 7 86.444030
demand_491 21 8 2167.121561
demand_492 21 9 103.963187
demand_493 21 10 1594.629283
demand_494 21 11 114.961110
demand_495 21 12 50.486177
demand_496 21 13 694.969232
demand_497 21 14 343.109725
demand_498 21 15 314.457758
demand_499 21 16 15.939300
demand_500 21 17 121.689175
demand_501 21 18 108.779615
demand_502 21 19 320.918696
demand_503 21 20 72.530674
demand_504 21 22 53.302192
demand_505 21 23 145.850202
demand_506 22 0 2542.676888
demand_507 22 1 554.373536
demand_508 22 2 513.419060
demand_509 22 3 1317.092818
demand_510 22 4 1670.648008
demand_511 22 5 3985.352841
demand_512 22 6 642.723079
demand_513 22 7 117.352335
demand_514 22 8 2941.981943
demand_515 22 9 141.135516
demand_516 22 10 2164.793447
demand_517 22 11 156.065777
demand_518 22 12 68.537650
demand_519 22 13 943.457426
demand_520 22 14 465.789567
demand_521 22 15 426.893010
demand_522 22 16 21.638441
demand_523 22 17 165.199480
demand_524 22 18 147.674070
demand_525 22 19 435.664074
demand_526 22 20 98.464220
demand_527 22 21 848.752700
demand_528 22 23 197.999350
demand_529 23 0 922.810479
demand_530 23 1 201.198080
demand_531 23 2 186.334525
demand_532 23 3 478.010816
demand_533 23 4 606.326150
demand_534 23 5 1446.399022
demand_535 23 6 233.262667
demand_536 23 7 42.590533
demand_537 23 8 1067.729753
demand_538 23 9 51.222133
demand_539 23 10 785.665724
demand_540 23 11 56.640753
demand_541 23 12 24.874282
demand_542 23 13 342.407800
demand_543 23 14 169.048413
demand_544 23 15 154.931735
demand_545 23 16 7.853212
demand_546 23 17 59.955636
demand_547 23 18 53.595162
demand_548 23 19 158.115007
demand_549 23 20 35.735494
demand_550 23 21 308.036735
demand_551 23 22 26.261718
