DEMANDS 552
label src dest bw
demand_0 0 1 277.954125
demand_1 0 2 501.797318
demand_2 0 3 270.547318
demand_3 0 4 375.273565
demand_4 0 5 1389.971206
demand_5 0 6 546.808805
demand_6 0 7 48.421116
demand_7 0 8 524.940732
demand_8 0 9 543.417424
demand_9 0 10 1045.487203
demand_10 0 11 405.665828
demand_11 0 12 596.911727
demand_12 0 13 165.801857
demand_13 0 14 793.322252
demand_14 0 15 553.504980
demand_15 0 16 401.754616
demand_16 0 17 429.328200
demand_17 0 18 470.571777
demand_18 0 19 2323.278485
demand_19 0 20 832.366981
demand_20 0 21 361.092347
demand_21 0 22 202.710950
demand_22 0 23 511.870065
demand_23 1 0 454.598269
demand_24 1 2 630.440964
demand_25 1 3 339.906385
demand_26 1 4 471.480854
demand_27 1 5 1746.312219
demand_28 1 6 686.991855
demand_29 1 7 60.834632
demand_30 1 8 659.517557
demand_31 1 9 682.731041
demand_32 1 10 1313.514315
demand_33 1 11 509.664653
demand_34 1 12 749.939451
demand_35 1 13 208.307774
demand_36 1 14 996.702907
demand_37 1 15 695.404700
demand_38 1 16 504.750740
demand_39 1 17 539.393246
demand_40 1 18 591.210264
demand_41 1 19 2918.887519
demand_42 1 20 1045.757368
demand_43 1 21 453.664058
demand_44 1 22 254.679095
demand_45 1 23 643.096019
demand_46 2 0 379.615177
demand_47 2 1 291.611739
demand_48 2 3 283.840990
demand_49 2 4 393.713087
demand_50 2 5 1458.269131
demand_51 2 6 573.676920
demand_52 2 7 50.800347
demand_53 2 8 550.734333
demand_54 2 9 570.118900
demand_55 2 10 1096.858487
demand_56 2 11 425.598712
demand_57 2 12 626.241710
demand_58 2 13 173.948733
demand_59 2 14 832.303104
demand_60 2 15 580.702120
demand_61 2 16 421.495318
demand_62 2 17 450.423763
demand_63 2 18 493.693893
demand_64 2 19 2437.435596
demand_65 2 20 873.266344
demand_66 2 21 378.835058
demand_67 2 22 212.671399
demand_68 2 23 537.021423
demand_69 3 0 352.732051
demand_70 3 1 270.960734
demand_71 3 2 489.171978
demand_72 3 4 365.831593
demand_73 3 5 1354.999201
demand_74 3 6 533.050966
demand_75 3 7 47.202830
demand_76 3 8 511.733099
demand_77 3 9 529.744913
demand_78 3 10 1019.182497
demand_79 3 11 395.459180
demand_80 3 12 581.893287
demand_81 3 13 161.630243
demand_82 3 14 773.362076
demand_83 3 15 539.578663
demand_84 3 16 391.646375
demand_85 3 17 418.526201
demand_86 3 18 458.732079
demand_87 3 19 2264.824247
demand_88 3 20 811.424431
demand_89 3 21 352.007178
demand_90 3 22 197.610694
demand_91 3 23 498.991293
demand_92 4 0 82.560582
demand_93 4 1 63.421160
demand_94 4 2 114.495757
demand_95 4 3 61.731139
demand_96 4 5 317.151568
demand_97 4 6 124.766088
demand_98 4 7 11.048310
demand_99 4 8 119.776421
demand_100 4 9 123.992272
demand_101 4 10 238.550197
demand_102 4 11 92.561308
demand_103 4 12 136.198138
demand_104 4 13 37.831229
demand_105 4 14 181.013387
demand_106 4 15 126.293963
demand_107 4 16 91.668882
demand_108 4 17 97.960383
demand_109 4 18 107.370984
demand_110 4 19 530.105523
demand_111 4 20 189.922274
demand_112 4 21 82.390918
demand_113 4 22 46.252825
demand_114 4 23 116.794070
demand_115 5 0 115.910670
demand_116 5 1 89.039939
demand_117 5 2 160.745959
demand_118 5 3 86.667239
demand_119 5 4 120.215288
demand_120 5 6 175.164957
demand_121 5 7 15.511240
demand_122 5 8 168.159730
demand_123 5 9 174.078561
demand_124 5 10 334.911800
demand_125 5 11 129.951158
demand_126 5 12 191.214948
demand_127 5 13 53.113035
demand_128 5 14 254.133176
demand_129 5 15 177.310013
demand_130 5 16 128.698239
demand_131 5 17 137.531172
demand_132 5 18 150.743156
demand_133 5 19 744.239984
demand_134 5 20 266.640781
demand_135 5 21 115.672471
demand_136 5 22 64.936509
demand_137 5 23 163.972667
demand_138 6 0 704.600801
demand_139 6 1 541.258299
demand_140 6 2 977.146722
demand_141 6 3 526.835070
demand_142 6 4 730.767823
demand_143 6 5 2706.682080
demand_144 6 7 94.290132
demand_145 6 8 1022.213746
demand_146 6 9 1058.193291
demand_147 6 10 2035.870573
demand_148 6 11 789.950484
demand_149 6 12 1162.362406
demand_150 6 13 322.864900
demand_151 6 14 1544.831369
demand_152 6 15 1077.836723
demand_153 6 16 782.334206
demand_154 6 17 836.028070
demand_155 6 18 916.341425
demand_156 6 19 4524.105400
demand_157 6 20 1620.862923
demand_158 6 21 703.152828
demand_159 6 22 394.737742
demand_160 6 23 996.761319
demand_161 7 0 295.930585
demand_162 7 1 227.327140
demand_163 7 2 410.399195
demand_164 7 3 221.269420
demand_165 7 4 306.920670
demand_166 7 5 1136.799748
demand_167 7 6 447.212222
demand_168 7 8 429.327233
demand_169 7 9 444.438553
demand_170 7 10 855.060582
demand_171 7 11 331.777241
demand_172 7 12 488.189322
demand_173 7 13 135.602456
demand_174 7 14 648.825336
demand_175 7 15 452.688745
demand_176 7 16 328.578423
demand_177 7 17 351.129712
demand_178 7 18 384.861122
demand_179 7 19 1900.113026
demand_180 7 20 680.758400
demand_181 7 21 295.322441
demand_182 7 22 165.788871
demand_183 7 23 418.637277
demand_184 8 0 1400.809056
demand_185 8 1 1076.069635
demand_186 8 2 1942.654586
demand_187 8 3 1047.394975
demand_188 8 4 1452.831423
demand_189 8 5 5381.124696
demand_190 8 6 2116.911739
demand_191 8 7 187.457168
demand_192 8 9 2103.782373
demand_193 8 10 4047.491761
demand_194 8 11 1570.491818
demand_195 8 12 2310.879838
demand_196 8 13 641.884136
demand_197 8 14 3071.262153
demand_198 8 15 2142.835264
demand_199 8 16 1555.349980
demand_200 8 17 1662.098156
demand_201 8 18 1821.768248
demand_202 8 19 8994.323891
demand_203 8 20 3222.419643
demand_204 8 21 1397.930357
demand_205 8 22 784.773737
demand_206 8 23 1981.650150
demand_207 9 0 164.854864
demand_208 9 1 126.637754
demand_209 9 2 228.622207
demand_210 9 3 123.263164
demand_211 9 4 170.977140
demand_212 9 5 633.280157
demand_213 9 6 249.129740
demand_214 9 7 22.060984
demand_215 9 8 239.166501
demand_216 9 10 476.330946
demand_217 9 11 184.824058
demand_218 9 12 271.956966
demand_219 9 13 75.540432
demand_220 9 14 361.442912
demand_221 9 15 252.180562
demand_222 9 16 183.042084
demand_223 9 17 195.604793
demand_224 9 18 214.395642
demand_225 9 19 1058.501181
demand_226 9 20 379.231951
demand_227 9 21 164.516083
demand_228 9 22 92.356461
demand_229 9 23 233.211418
demand_230 10 0 223.758511
demand_231 10 1 171.886195
demand_232 10 2 310.310314
demand_233 10 3 167.305843
demand_234 10 4 232.068314
demand_235 10 5 859.555015
demand_236 10 6 338.145314
demand_237 10 7 29.943508
demand_238 10 8 324.622148
demand_239 10 9 336.048093
demand_240 10 11 250.862820
demand_241 10 12 369.128847
demand_242 10 13 102.531489
demand_243 10 14 490.588666
demand_244 10 15 342.286214
demand_245 10 16 248.444136
demand_246 10 17 265.495577
demand_247 10 18 291.000511
demand_248 10 19 1436.710102
demand_249 10 20 514.733838
demand_250 10 21 223.298682
demand_251 10 22 125.355988
demand_252 10 23 316.539278
demand_253 11 0 861.410057
demand_254 11 1 661.715600
demand_255 11 2 1194.611207
demand_256 11 3 644.082475
demand_257 11 4 893.400563
demand_258 11 5 3309.055514
demand_259 11 6 1301.768470
demand_260 11 7 115.274447
demand_261 11 8 1249.707919
demand_262 11 9 1293.694730
demand_263 11 10 2488.954574
demand_264 11 12 1421.046733
demand_265 11 13 394.718643
demand_266 11 14 1888.634353
demand_267 11 15 1317.709818
demand_268 11 16 956.443070
demand_269 11 17 1022.086530
demand_270 11 18 1120.273662
demand_271 11 19 5530.947291
demand_272 11 20 1981.586767
demand_273 11 21 859.639837
demand_274 11 22 482.586821
demand_275 11 23 1218.591043
demand_276 12 0 415.862208
demand_277 12 1 319.455883
demand_278 12 2 576.721447
demand_279 12 3 310.943155
demand_280 12 4 431.306238
demand_281 12 5 1597.509945
demand_282 12 6 628.453668
demand_283 12 7 55.650948
demand_284 12 8 603.320440
demand_285 12 9 624.555916
demand_286 12 10 1201.590505
demand_287 12 11 466.236417
demand_288 12 13 190.557987
demand_289 12 14 911.774417
demand_290 12 15 636.149660
demand_291 12 16 461.741216
demand_292 12 17 493.431854
demand_293 12 18 540.833573
demand_294 12 19 2670.170768
demand_295 12 20 956.648975
demand_296 12 21 415.007601
demand_297 12 22 232.978034
demand_298 12 23 588.298172
demand_299 13 0 220.380250
demand_300 13 1 169.291093
demand_301 13 2 305.625312
demand_302 13 3 164.779893
demand_303 13 4 228.564594
demand_304 13 5 846.577628
demand_305 13 6 333.040065
demand_306 13 7 29.491427
demand_307 13 8 319.721069
demand_308 13 9 330.974507
demand_309 13 10 636.765764
demand_310 13 11 247.075345
demand_311 13 12 363.555815
demand_312 13 14 483.181858
demand_313 13 15 337.118446
demand_314 13 16 244.693177
demand_315 13 17 261.487179
demand_316 13 18 286.607044
demand_317 13 19 1415.018945
demand_318 13 20 506.962491
demand_319 13 21 219.927363
demand_320 13 22 123.463389
demand_321 13 23 311.760232
demand_322 14 0 373.025695
demand_323 14 1 286.549849
demand_324 14 2 517.315386
demand_325 14 3 278.913987
demand_326 14 4 386.878889
demand_327 14 5 1432.956029
demand_328 14 6 563.718853
demand_329 14 7 49.918538
demand_330 14 8 541.174510
demand_331 14 9 560.222594
demand_332 14 10 1077.818866
demand_333 14 11 418.211033
demand_334 14 12 615.371206
demand_335 14 13 170.929275
demand_336 14 15 570.622107
demand_337 14 16 414.178867
demand_338 14 17 442.605163
demand_339 14 18 485.124196
demand_340 14 19 2395.125809
demand_341 14 20 858.107908
demand_342 14 21 372.259118
demand_343 14 22 208.979781
demand_344 14 23 527.699633
demand_345 15 0 25.600822
demand_346 15 1 19.665969
demand_347 15 2 35.503450
demand_348 15 3 19.141918
demand_349 15 4 26.551569
demand_350 15 5 98.344035
demand_351 15 6 38.688128
demand_352 15 7 3.425918
demand_353 15 8 37.140906
demand_354 15 9 38.448179
demand_355 15 10 73.970906
demand_356 15 11 28.701900
demand_357 15 12 42.233039
demand_358 15 13 11.730907
demand_359 15 14 56.129588
demand_360 15 16 28.425172
demand_361 15 17 30.376073
demand_362 15 18 33.294163
demand_363 15 19 164.377923
demand_364 15 20 58.892103
demand_365 15 21 25.548212
demand_366 15 22 14.342321
demand_367 15 23 36.216123
demand_368 16 0 105.838574
demand_369 16 1 81.302784
demand_370 16 2 146.777885
demand_371 16 3 79.136261
demand_372 16 4 109.769140
demand_373 16 5 406.572588
demand_374 16 6 159.943940
demand_375 16 7 14.163386
demand_376 16 8 153.547434
demand_377 16 9 158.951947
demand_378 16 10 305.809528
demand_379 16 11 118.659009
demand_380 16 12 174.599261
demand_381 16 13 48.497760
demand_382 16 14 232.050189
demand_383 16 15 161.902600
demand_384 16 17 125.580355
demand_385 16 18 137.644280
demand_386 16 19 679.569003
demand_387 16 20 243.470941
demand_388 16 21 105.621073
demand_389 16 22 59.293829
demand_390 16 23 149.724208
demand_391 17 0 40.983470
demand_392 17 1 31.482569
demand_393 17 2 56.836244
demand_394 17 3 30.643634
demand_395 17 4 42.505488
demand_396 17 5 157.435562
demand_397 17 6 61.934486
demand_398 17 7 5.484434
demand_399 17 8 59.457591
demand_400 17 9 61.550360
demand_401 17 10 118.417464
demand_402 17 11 45.947878
demand_403 17 12 67.609410
demand_404 17 13 18.779604
demand_405 17 14 89.855915
demand_406 17 15 62.692930
demand_407 17 16 45.504873
demand_408 17 18 53.299473
demand_409 17 19 263.146929
demand_410 17 20 94.278330
demand_411 17 21 40.899248
demand_412 17 22 22.960125
demand_413 17 23 57.977137
demand_414 18 0 951.642168
demand_415 18 1 731.029854
demand_416 18 2 1319.745910
demand_417 18 3 711.549672
demand_418 18 4 986.983657
demand_419 18 5 3655.676802
demand_420 18 6 1438.127822
demand_421 18 7 127.349366
demand_422 18 8 1380.613964
demand_423 18 9 1429.208363
demand_424 18 10 2749.670854
demand_425 18 11 1066.916459
demand_426 18 12 1569.900401
demand_427 18 13 436.065150
demand_428 18 14 2086.467503
demand_429 18 15 1455.739015
demand_430 18 16 1056.629824
demand_431 18 17 1129.149391
demand_432 18 19 6110.310215
demand_433 18 20 2189.156617
demand_434 18 21 949.686519
demand_435 18 22 533.137459
demand_436 18 23 1346.237616
demand_437 19 0 2240.433675
demand_438 19 1 1721.050158
demand_439 19 2 3107.053554
demand_440 19 3 1675.188323
demand_441 19 4 2323.637495
demand_442 19 5 8606.492749
demand_443 19 6 3385.757915
demand_444 19 7 299.816274
demand_445 19 8 3250.354097
demand_446 19 9 3364.758998
demand_447 19 10 6473.499585
demand_448 19 11 2511.821822
demand_449 19 12 3695.987678
demand_450 19 13 1026.620172
demand_451 19 14 4912.132117
demand_452 19 15 3427.219624
demand_453 19 16 2487.604187
demand_454 19 17 2658.335671
demand_455 19 18 2913.709699
demand_456 19 20 5153.891214
demand_457 19 21 2235.829527
demand_458 19 22 1255.155727
demand_459 19 23 3169.422493
demand_460 20 0 282.874756
demand_461 20 1 217.297950
demand_462 20 2 392.293254
demand_463 20 3 211.507483
demand_464 20 4 293.379981
demand_465 20 5 1086.646556
demand_466 20 6 427.482168
demand_467 20 7 37.854482
demand_468 20 8 410.386227
demand_469 20 9 424.830867
demand_470 20 10 817.337124
demand_471 20 11 317.139933
demand_472 20 12 466.651446
demand_473 20 13 129.619963
demand_474 20 14 620.200540
demand_475 20 15 432.717079
demand_476 20 16 314.082240
demand_477 20 17 335.638615
demand_478 20 18 367.881866
demand_479 20 19 1816.284073
demand_480 20 21 282.293441
demand_481 20 22 158.474618
demand_482 20 23 400.167889
demand_483 21 0 145.344855
demand_484 21 1 111.650609
demand_485 21 2 201.565551
demand_486 21 3 108.675390
demand_487 21 4 150.742581
demand_488 21 5 558.333618
demand_489 21 6 219.646088
demand_490 21 7 19.450142
demand_491 21 8 210.861964
demand_492 21 9 218.283814
demand_493 21 10 419.958809
demand_494 21 11 162.950764
demand_495 21 12 239.771790
demand_496 21 13 66.600481
demand_497 21 14 318.667380
demand_498 21 15 222.335856
demand_499 21 16 161.379680
demand_500 21 17 172.455635
demand_501 21 18 189.022651
demand_502 21 19 933.231188
demand_503 21 20 334.351147
demand_504 21 22 81.426390
demand_505 21 23 205.611644
demand_506 22 0 320.546455
demand_507 22 1 246.236492
demand_508 22 2 444.536705
demand_509 22 3 239.674883
demand_510 22 4 332.450708
demand_511 22 5 1231.360149
demand_512 22 6 484.411884
demand_513 22 7 42.895733
demand_514 22 8 465.039200
demand_515 22 9 481.407498
demand_516 22 10 926.185572
demand_517 22 11 359.374879
demand_518 22 12 528.797510
demand_519 22 13 146.882035
demand_520 22 14 702.795426
demand_521 22 15 490.343952
demand_522 22 16 355.909980
demand_523 22 17 380.337113
demand_524 22 18 416.874343
demand_525 22 19 2058.166765
demand_526 22 20 737.384721
demand_527 22 21 319.887724
demand_528 22 23 453.460041
demand_529 23 0 945.727725
demand_530 23 1 726.486514
demand_531 23 2 1311.543707
demand_532 23 3 707.127400
demand_533 23 4 980.849567
demand_534 23 5 3632.956822
demand_535 23 6 1429.189877
demand_536 23 7 126.557892
demand_537 23 8 1372.033468
demand_538 23 9 1420.325853
demand_539 23 10 2732.581687
demand_540 23 11 1060.285588
demand_541 23 12 1560.143492
demand_542 23 13 433.355011
demand_543 23 14 2073.500136
demand_544 23 15 1446.691617
demand_545 23 16 1050.062884
demand_546 23 17 1122.131743
demand_547 23 18 1229.929756
demand_548 23 19 6072.334722
demand_549 23 20 2175.551039
demand_550 23 21 943.784230
demand_551 23 22 529.824017
