DEMANDS 552
label src dest bw
demand_0 0 1 336.403672
demand_1 0 2 342.462618
demand_2 0 3 225.813963
demand_3 0 4 440.638494
demand_4 0 5 1985.642830
demand_5 0 6 118.641088
demand_6 0 7 389.295645
demand_7 0 8 92.931810
demand_8 0 9 521.286582
demand_9 0 10 209.053650
demand_10 0 11 418.330929
demand_11 0 12 369.074575
demand_12 0 13 755.014824
demand_13 0 14 4955.060409
demand_14 0 15 577.928144
demand_15 0 16 671.283070
demand_16 0 17 211.498771
demand_17 0 18 469.829875
demand_18 0 19 632.833465
demand_19 0 20 3780.452150
demand_20 0 21 1349.060678
demand_21 0 22 415.340014
demand_22 0 23 928.025780
demand_23 1 0 303.515810
demand_24 1 2 52.610712
demand_25 1 3 34.690599
demand_26 1 4 67.692951
demand_27 1 5 305.043759
demand_28 1 6 18.226200
demand_29 1 7 59.805422
demand_30 1 8 14.276620
demand_31 1 9 80.082488
demand_32 1 10 32.115802
demand_33 1 11 64.265958
demand_34 1 12 56.698966
demand_35 1 13 115.988916
demand_36 1 14 761.219605
demand_37 1 15 88.784030
demand_38 1 16 103.125652
demand_39 1 17 32.491433
demand_40 1 18 72.177468
demand_41 1 19 97.218843
demand_42 1 20 580.770779
demand_43 1 21 207.249025
demand_44 1 22 63.806480
demand_45 1 23 142.567670
demand_46 2 0 579.884331
demand_47 2 1 98.737424
demand_48 2 3 66.278376
demand_49 2 4 129.331258
demand_50 2 5 582.803563
demand_51 2 6 34.822199
demand_52 2 7 114.261682
demand_53 2 8 27.276300
demand_54 2 9 153.002178
demand_55 2 10 61.359077
demand_56 2 11 122.783792
demand_57 2 12 108.326621
demand_58 2 13 221.603464
demand_59 2 14 1454.353633
demand_60 2 15 169.626972
demand_61 2 16 197.027461
demand_62 2 17 62.076742
demand_63 2 18 137.899184
demand_64 2 19 185.742165
demand_65 2 20 1109.595820
demand_66 2 21 395.961126
demand_67 2 22 121.905932
demand_68 2 23 272.383695
demand_69 3 0 93.881023
demand_70 3 1 15.985206
demand_71 3 2 16.273114
demand_72 3 4 20.938229
demand_73 3 5 94.353636
demand_74 3 6 5.637579
demand_75 3 7 18.498523
demand_76 3 8 4.415927
demand_77 3 9 24.770459
demand_78 3 10 9.933797
demand_79 3 11 19.878220
demand_80 3 12 17.537660
demand_81 3 13 35.876741
demand_82 3 14 235.454211
demand_83 3 15 27.461949
demand_84 3 16 31.897982
demand_85 3 17 10.049984
demand_86 3 18 22.325343
demand_87 3 19 30.070936
demand_88 3 20 179.639258
demand_89 3 21 64.104570
demand_90 3 22 19.736097
demand_91 3 23 44.097863
demand_92 4 0 1051.954621
demand_93 4 1 179.117256
demand_94 4 2 182.343325
demand_95 4 3 120.234054
demand_96 4 5 1057.250333
demand_97 4 6 63.170137
demand_98 4 7 207.279448
demand_99 4 8 49.481299
demand_100 4 9 277.557678
demand_101 4 10 111.310069
demand_102 4 11 222.739209
demand_103 4 12 196.512792
demand_104 4 13 402.005669
demand_105 4 14 2638.308958
demand_106 4 15 307.716329
demand_107 4 16 357.422915
demand_108 4 17 112.611968
demand_109 4 18 250.159689
demand_110 4 19 336.950524
demand_111 4 20 2012.891862
demand_112 4 21 718.303831
demand_113 4 22 221.146704
demand_114 4 23 494.124900
demand_115 5 0 1643.042039
demand_116 5 1 279.762240
demand_117 5 2 284.801020
demand_118 5 3 187.792896
demand_119 5 4 366.446689
demand_120 5 6 98.665084
demand_121 5 7 323.748611
demand_122 5 8 77.284564
demand_123 5 9 433.515784
demand_124 5 10 173.854574
demand_125 5 11 347.895126
demand_126 5 12 306.932231
demand_127 5 13 627.890406
demand_128 5 14 4120.760006
demand_129 5 15 480.620413
demand_130 5 16 558.256853
demand_131 5 17 175.888003
demand_132 5 18 390.723018
demand_133 5 19 526.281138
demand_134 5 20 3143.924541
demand_135 5 21 1121.914736
demand_136 5 22 345.407800
demand_137 5 23 771.770918
demand_138 6 0 2599.484021
demand_139 6 1 442.616473
demand_140 6 2 450.588410
demand_141 6 3 297.110252
demand_142 6 4 579.761376
demand_143 6 5 2612.570248
demand_144 6 7 512.208039
demand_145 6 8 122.273189
demand_146 6 9 685.872502
demand_147 6 10 275.058201
demand_148 6 11 550.410640
demand_149 6 12 485.602567
demand_150 6 13 993.395809
demand_151 6 14 6519.522650
demand_152 6 15 760.397515
demand_153 6 16 883.227412
demand_154 6 17 278.275322
demand_155 6 18 618.169358
demand_156 6 19 832.638104
demand_157 6 20 4974.055083
demand_158 6 21 1774.999883
demand_159 6 22 546.475401
demand_160 6 23 1221.031550
demand_161 7 0 639.288520
demand_162 7 1 108.852229
demand_163 7 2 110.812759
demand_164 7 3 73.068029
demand_165 7 4 142.580138
demand_166 7 5 642.506802
demand_167 7 6 38.389435
demand_168 7 8 30.070524
demand_169 7 9 168.675942
demand_170 7 10 67.644790
demand_171 7 11 135.361941
demand_172 7 12 119.423756
demand_173 7 13 244.304843
demand_174 7 14 1603.339720
demand_175 7 15 187.003804
demand_176 7 16 217.211239
demand_177 7 17 68.435973
demand_178 7 18 152.025775
demand_179 7 19 204.769861
demand_180 7 20 1223.264419
demand_181 7 21 436.523956
demand_182 7 22 134.394152
demand_183 7 23 300.287075
demand_184 8 0 322.026443
demand_185 8 1 54.831731
demand_186 8 2 55.819302
demand_187 8 3 36.806288
demand_188 8 4 71.821366
demand_189 8 5 323.647576
demand_190 8 6 19.337768
demand_191 8 7 63.452797
demand_192 8 9 84.966509
demand_193 8 10 34.074460
demand_194 8 11 68.185370
demand_195 8 12 60.156887
demand_196 8 13 123.062776
demand_197 8 14 807.644390
demand_198 8 15 94.198735
demand_199 8 16 109.415014
demand_200 8 17 34.473000
demand_201 8 18 76.579382
demand_202 8 19 103.147965
demand_203 8 20 616.190463
demand_204 8 21 219.888598
demand_205 8 22 67.697869
demand_206 8 23 151.262498
demand_207 9 0 610.762857
demand_208 9 1 103.995139
demand_209 9 2 105.868189
demand_210 9 3 69.807664
demand_211 9 4 136.218077
demand_212 9 5 613.837537
demand_213 9 6 36.676462
demand_214 9 7 120.346055
demand_215 9 8 28.728748
demand_216 9 10 64.626415
demand_217 9 11 129.321962
demand_218 9 12 114.094954
demand_219 9 13 233.403729
demand_220 9 14 1531.797176
demand_221 9 15 178.659517
demand_222 9 16 207.519067
demand_223 9 17 65.382295
demand_224 9 18 145.242241
demand_225 9 19 195.632835
demand_226 9 20 1168.681196
demand_227 9 21 417.045841
demand_228 9 22 128.397357
demand_229 9 23 286.887979
demand_230 10 0 146.626854
demand_231 10 1 24.966286
demand_232 10 2 25.415952
demand_233 10 3 16.758842
demand_234 10 4 32.702100
demand_235 10 5 147.364997
demand_236 10 6 8.804979
demand_237 10 7 28.891677
demand_238 10 8 6.896958
demand_239 10 9 38.687419
demand_240 10 11 31.046538
demand_241 10 12 27.390965
demand_242 10 13 56.033621
demand_243 10 14 367.741092
demand_244 10 15 42.891087
demand_245 10 16 49.819447
demand_246 10 17 15.696436
demand_247 10 18 34.868546
demand_248 10 19 46.965900
demand_249 10 20 280.567236
demand_250 10 21 100.120888
demand_251 10 22 30.824567
demand_252 10 23 68.873674
demand_253 11 0 3092.274253
demand_254 11 1 526.524307
demand_255 11 2 536.007503
demand_256 11 3 353.434133
demand_257 11 4 689.668088
demand_258 11 5 3107.841267
demand_259 11 6 185.691840
demand_260 11 7 609.308509
demand_261 11 8 145.452802
demand_262 11 9 815.894947
demand_263 11 10 327.201624
demand_264 11 12 577.659374
demand_265 11 13 1181.716163
demand_266 11 14 7755.443721
demand_267 11 15 904.547841
demand_268 11 16 1050.662886
demand_269 11 17 331.028622
demand_270 11 18 735.357161
demand_271 11 19 990.483246
demand_272 11 20 5916.998274
demand_273 11 21 2111.490739
demand_274 11 22 650.072014
demand_275 11 23 1452.505341
demand_276 12 0 408.350600
demand_277 12 1 69.530222
demand_278 12 2 70.782527
demand_279 12 3 46.672781
demand_280 12 4 91.074192
demand_281 12 5 410.406303
demand_282 12 6 24.521555
demand_283 12 7 80.462299
demand_284 12 8 19.207785
demand_285 12 9 107.743093
demand_286 12 10 43.208645
demand_287 12 11 86.463511
demand_288 12 13 156.051652
demand_289 12 14 1024.145932
demand_290 12 15 119.450160
demand_291 12 16 138.745397
demand_292 12 17 43.714019
demand_293 12 18 97.107667
demand_294 12 19 130.798369
demand_295 12 20 781.369826
demand_296 12 21 278.833130
demand_297 12 22 85.845328
demand_298 12 23 191.810745
demand_299 13 0 3213.132795
demand_300 13 1 547.102999
demand_301 13 2 556.956837
demand_302 13 3 367.247763
demand_303 13 4 716.623097
demand_304 13 5 3229.308231
demand_305 13 6 192.949425
demand_306 13 7 633.122741
demand_307 13 8 151.137684
demand_308 13 9 847.783410
demand_309 13 10 339.989983
demand_310 13 11 680.343661
demand_311 13 12 600.236631
demand_312 13 14 8058.557723
demand_313 13 15 939.901216
demand_314 13 16 1091.727027
demand_315 13 17 343.966555
demand_316 13 18 764.097883
demand_317 13 19 1029.195324
demand_318 13 20 6148.258417
demand_319 13 21 2194.016309
demand_320 13 22 675.479449
demand_321 13 23 1509.275105
demand_322 14 0 439.936889
demand_323 14 1 74.908448
demand_324 14 2 76.257619
demand_325 14 3 50.282963
demand_326 14 4 98.118863
demand_327 14 5 442.151603
demand_328 14 6 26.418320
demand_329 14 7 86.686131
demand_330 14 8 20.693525
demand_331 14 9 116.077118
demand_332 14 10 46.550873
demand_333 14 11 93.151542
demand_334 14 12 82.183418
demand_335 14 13 168.122388
demand_336 14 15 128.689738
demand_337 14 16 149.477480
demand_338 14 17 47.095338
demand_339 14 18 104.619033
demand_340 14 19 140.915741
demand_341 14 20 841.809490
demand_342 14 21 300.401126
demand_343 14 22 92.485542
demand_344 14 23 206.647480
demand_345 15 0 1947.068899
demand_346 15 1 331.529165
demand_347 15 2 337.500316
demand_348 15 3 222.541907
demand_349 15 4 434.253619
demand_350 15 5 1956.870762
demand_351 15 6 116.921973
demand_352 15 7 383.654731
demand_353 15 8 91.585223
demand_354 15 9 513.733112
demand_355 15 10 206.024451
demand_356 15 11 412.269292
demand_357 15 12 363.726665
demand_358 15 13 744.074620
demand_359 15 14 4883.261326
demand_360 15 16 661.556144
demand_361 15 17 208.434143
demand_362 15 18 463.022016
demand_363 15 19 623.663675
demand_364 15 20 3725.673201
demand_365 15 21 1329.512719
demand_366 15 22 409.321715
demand_367 15 23 914.578638
demand_368 16 0 4439.444799
demand_369 16 1 755.908242
demand_370 16 2 769.522858
demand_371 16 3 507.410144
demand_372 16 4 990.126734
demand_373 16 5 4461.793689
demand_374 16 6 266.589767
demand_375 16 7 874.757951
demand_376 16 8 208.820315
demand_377 16 9 1171.345192
demand_378 16 10 469.749262
demand_379 16 11 940.001028
demand_380 16 12 829.320654
demand_381 16 13 1696.538938
demand_382 16 14 11134.156118
demand_383 16 15 1298.620329
demand_384 16 17 475.243518
demand_385 16 18 1055.720566
demand_386 16 19 1421.994085
demand_387 16 20 8494.779267
demand_388 16 21 3031.376202
demand_389 16 22 933.280358
demand_390 16 23 2085.299283
demand_391 17 0 1078.657519
demand_392 17 1 183.663982
demand_393 17 2 186.971942
demand_394 17 3 123.286085
demand_395 17 4 240.572345
demand_396 17 5 1084.087657
demand_397 17 6 64.773653
demand_398 17 7 212.541046
demand_399 17 8 50.737336
demand_400 17 9 284.603223
demand_401 17 10 114.135572
demand_402 17 11 228.393239
demand_403 17 12 201.501088
demand_404 17 13 412.210212
demand_405 17 14 2705.279997
demand_406 17 15 315.527424
demand_407 17 16 366.495766
demand_408 17 18 256.509762
demand_409 17 19 345.503702
demand_410 17 20 2063.987265
demand_411 17 21 736.537311
demand_412 17 22 226.760309
demand_413 17 23 506.667805
demand_414 18 0 2886.705949
demand_415 18 1 491.522007
demand_416 18 2 500.374780
demand_417 18 3 329.938528
demand_418 18 4 643.820312
demand_419 18 5 2901.238099
demand_420 18 6 173.347412
demand_421 18 7 568.802879
demand_422 18 8 135.783386
demand_423 18 9 761.655858
demand_424 18 10 305.449904
demand_425 18 11 611.226557
demand_426 18 12 539.257717
demand_427 18 13 1103.158000
demand_428 18 14 7239.877093
demand_429 18 15 844.415281
demand_430 18 16 980.816886
demand_431 18 17 309.022491
demand_432 18 19 924.637870
demand_433 18 20 5523.647879
demand_434 18 21 1971.122993
demand_435 18 22 606.856507
demand_436 18 23 1355.945646
demand_437 19 0 4598.341543
demand_438 19 1 782.963733
demand_439 19 2 797.065644
demand_440 19 3 525.571383
demand_441 19 4 1025.565381
demand_442 19 5 4621.490346
demand_443 19 6 276.131556
demand_444 19 7 906.067315
demand_445 19 8 216.294418
demand_446 19 9 1213.270015
demand_447 19 10 486.562542
demand_448 19 11 973.645573
demand_449 19 12 859.003724
demand_450 19 13 1757.261511
demand_451 19 14 11532.670176
demand_452 19 15 1345.100587
demand_453 19 16 1562.379790
demand_454 19 17 492.253448
demand_455 19 18 1093.506949
demand_456 19 20 8798.824668
demand_457 19 21 3139.875312
demand_458 19 22 966.684357
demand_459 19 23 2159.936379
demand_460 20 0 144.065690
demand_461 20 1 24.530194
demand_462 20 2 24.972006
demand_463 20 3 16.466111
demand_464 20 4 32.130885
demand_465 20 5 144.790940
demand_466 20 6 8.651181
demand_467 20 7 28.387020
demand_468 20 8 6.776488
demand_469 20 9 38.011657
demand_470 20 10 15.243967
demand_471 20 11 30.504241
demand_472 20 12 26.912521
demand_473 20 13 55.054869
demand_474 20 14 361.317676
demand_475 20 15 42.141899
demand_476 20 16 48.949240
demand_477 20 17 15.422263
demand_478 20 18 34.259489
demand_479 20 19 46.145536
demand_480 20 21 98.372054
demand_481 20 22 30.286147
demand_482 20 23 67.670642
demand_483 21 0 555.077773
demand_484 21 1 94.513590
demand_485 21 2 96.215868
demand_486 21 3 63.443089
demand_487 21 4 123.798666
demand_488 21 5 557.872125
demand_489 21 6 33.332559
demand_490 21 7 109.373743
demand_491 21 8 26.109462
demand_492 21 9 146.456981
demand_493 21 10 58.734231
demand_494 21 11 117.531291
demand_495 21 12 103.692575
demand_496 21 13 212.123610
demand_497 21 14 1392.138627
demand_498 21 15 162.370592
demand_499 21 16 188.598930
demand_500 21 17 59.421195
demand_501 21 18 132.000069
demand_502 21 19 177.796402
demand_503 21 20 1062.129021
demand_504 21 22 116.690984
demand_505 21 23 260.731541
demand_506 22 0 401.561035
demand_507 22 1 68.374157
demand_508 22 2 69.605640
demand_509 22 3 45.896762
demand_510 22 4 89.559919
demand_511 22 5 403.582559
demand_512 22 6 24.113840
demand_513 22 7 79.124468
demand_514 22 8 18.888421
demand_515 22 9 105.951670
demand_516 22 10 42.490223
demand_517 22 11 85.025899
demand_518 22 12 75.014529
demand_519 22 13 153.457012
demand_520 22 14 1007.117660
demand_521 22 15 117.464086
demand_522 22 16 136.438505
demand_523 22 17 42.987195
demand_524 22 18 95.493077
demand_525 22 19 128.623610
demand_526 22 20 768.378145
demand_527 22 21 274.197027
demand_528 22 23 188.621546
demand_529 23 0 6179.907747
demand_530 23 1 1052.258427
demand_531 23 2 1071.210588
demand_532 23 3 706.337846
demand_533 23 4 1378.301151
demand_534 23 5 6211.018413
demand_535 23 6 371.105001
demand_536 23 7 1217.702592
demand_537 23 8 290.687314
demand_538 23 9 1630.565433
demand_539 23 10 653.912198
demand_540 23 11 1308.523903
demand_541 23 12 1154.451822
demand_542 23 13 2361.658856
demand_543 23 14 15499.248392
demand_544 23 15 1807.738173
demand_545 23 16 2099.748981
demand_546 23 17 661.560450
demand_547 23 18 1469.610729
demand_548 23 19 1979.480016
demand_549 23 20 11825.116560
demand_550 23 21 4219.812640
demand_551 23 22 1299.168427
