DEMANDS 552
label src dest bw
demand_0 0 1 5.427912
demand_1 0 2 194.463574
demand_2 0 3 30.127286
demand_3 0 4 114.338348
demand_4 0 5 51.275097
demand_5 0 6 290.699832
demand_6 0 7 44.717945
demand_7 0 8 124.022652
demand_8 0 9 9.480557
demand_9 0 10 59.127604
demand_10 0 11 80.865645
demand_11 0 12 206.462153
demand_12 0 13 302.231922
demand_13 0 14 51.460502
demand_14 0 15 36.550109
demand_15 0 16 250.711860
demand_16 0 17 165.195004
demand_17 0 18 137.817858
demand_18 0 19 165.503876
demand_19 0 20 50.295670
demand_20 0 21 280.997055
demand_21 0 22 7.511768
demand_22 0 23 16.569475
demand_23 1 0 233.067421
demand_24 1 2 397.117034
demand_25 1 3 61.523391
demand_26 1 4 233.492087
demand_27 1 5 104.709659
demand_28 1 6 593.642568
demand_29 1 7 91.319198
demand_30 1 8 253.268553
demand_31 1 9 19.360390
demand_32 1 10 120.745383
demand_33 1 11 165.136969
demand_34 1 12 421.619515
demand_35 1 13 617.192424
demand_36 1 14 105.088276
demand_37 1 15 74.639536
demand_38 1 16 511.982519
demand_39 1 17 337.347241
demand_40 1 18 281.439954
demand_41 1 19 337.977994
demand_42 1 20 102.709555
demand_43 1 21 573.828378
demand_44 1 22 15.339896
demand_45 1 23 33.836777
demand_46 2 0 339.446400
demand_47 2 1 16.143685
demand_48 2 3 89.604517
demand_49 2 4 340.064896
demand_50 2 5 152.502296
demand_51 2 6 864.598884
demand_52 2 7 133.000025
demand_53 2 8 368.867935
demand_54 2 9 28.197054
demand_55 2 10 175.857206
demand_56 2 11 240.510447
demand_57 2 12 614.059339
demand_58 2 13 898.897603
demand_59 2 14 153.053725
demand_60 2 15 108.707265
demand_61 2 16 745.666735
demand_62 2 17 491.322665
demand_63 2 18 409.897611
demand_64 2 19 492.241312
demand_65 2 20 149.589285
demand_66 2 21 835.740903
demand_67 2 22 22.341486
demand_68 2 23 49.280900
demand_69 3 0 1412.118461
demand_70 3 1 67.158749
demand_71 3 2 2406.068990
demand_72 3 4 1414.691444
demand_73 3 5 634.419180
demand_74 3 6 3596.785958
demand_75 3 7 553.288504
demand_76 3 8 1534.513903
demand_77 3 9 117.301525
demand_78 3 10 731.577084
demand_79 3 11 1000.538648
demand_80 3 12 2554.525628
demand_81 3 13 3739.470791
demand_82 3 14 636.713162
demand_83 3 15 452.229087
demand_84 3 16 3102.020704
demand_85 3 17 2043.933313
demand_86 3 18 1705.199945
demand_87 3 19 2047.754942
demand_88 3 20 622.300871
demand_89 3 21 3476.734931
demand_90 3 22 92.941994
demand_91 3 23 205.011656
demand_92 4 0 1026.098426
demand_93 4 1 48.800075
demand_94 4 2 1748.340293
demand_95 4 3 270.861773
demand_96 4 5 460.992856
demand_97 4 6 2613.560060
demand_98 4 7 402.040253
demand_99 4 8 1115.035561
demand_100 4 9 85.235703
demand_101 4 10 531.591446
demand_102 4 11 727.029042
demand_103 4 12 1856.214473
demand_104 4 13 2717.240231
demand_105 4 14 462.659750
demand_106 4 15 328.606677
demand_107 4 16 2254.045004
demand_108 4 17 1485.198879
demand_109 4 18 1239.062464
demand_110 4 19 1487.975819
demand_111 4 20 452.187236
demand_112 4 21 2526.326466
demand_113 4 22 67.535151
demand_114 4 23 148.969186
demand_115 5 0 192.904895
demand_116 5 1 9.174338
demand_117 5 2 328.685234
demand_118 5 3 50.921589
demand_119 5 4 193.256382
demand_120 5 6 491.345193
demand_121 5 7 75.582937
demand_122 5 8 209.624937
demand_123 5 9 16.024179
demand_124 5 10 99.938358
demand_125 5 11 136.680320
demand_126 5 12 348.965411
demand_127 5 13 510.836903
demand_128 5 14 86.979308
demand_129 5 15 61.777540
demand_130 5 16 423.756926
demand_131 5 17 279.215061
demand_132 5 18 232.941800
demand_133 5 19 279.737121
demand_134 5 20 85.010491
demand_135 5 21 474.945414
demand_136 5 22 12.696503
demand_137 5 23 28.005973
demand_138 6 0 199.123998
demand_139 6 1 9.470111
demand_140 6 2 339.281788
demand_141 6 3 52.563261
demand_142 6 4 199.486816
demand_143 6 5 89.459976
demand_144 6 7 78.019672
demand_145 6 8 216.383081
demand_146 6 9 16.540786
demand_147 6 10 103.160293
demand_148 6 11 141.086786
demand_149 6 12 360.215782
demand_150 6 13 527.305884
demand_151 6 14 89.783452
demand_152 6 15 63.769199
demand_153 6 16 437.418518
demand_154 6 17 288.216735
demand_155 6 18 240.451661
demand_156 6 19 288.755626
demand_157 6 20 87.751163
demand_158 6 21 490.257282
demand_159 6 22 13.105828
demand_160 6 23 28.908864
demand_161 7 0 548.480598
demand_162 7 1 26.085114
demand_163 7 2 934.540689
demand_164 7 3 144.783798
demand_165 7 4 549.479970
demand_166 7 5 246.414604
demand_167 7 6 1397.026785
demand_168 7 8 596.020183
demand_169 7 9 45.561058
demand_170 7 10 284.151682
demand_171 7 11 388.618980
demand_172 7 12 992.202696
demand_173 7 13 1452.446968
demand_174 7 14 247.305609
demand_175 7 15 175.650193
demand_176 7 16 1204.855130
demand_177 7 17 793.883656
demand_178 7 18 662.316308
demand_179 7 19 795.368014
demand_180 7 20 241.707734
demand_181 7 21 1350.397794
demand_182 7 22 36.099578
demand_183 7 23 79.628529
demand_184 8 0 1607.158549
demand_185 8 1 76.434634
demand_186 8 2 2738.392320
demand_187 8 3 424.245670
demand_188 8 4 1610.086910
demand_189 8 5 722.044388
demand_190 8 6 4093.569670
demand_191 8 7 629.708041
demand_192 8 9 133.503069
demand_193 8 10 832.621623
demand_194 8 11 1138.731832
demand_195 8 12 2907.353608
demand_196 8 13 4255.961960
demand_197 8 14 724.655212
demand_198 8 15 514.690420
demand_199 8 16 3530.468040
demand_200 8 17 2326.238903
demand_201 8 18 1940.720092
demand_202 8 19 2330.588370
demand_203 8 20 708.252312
demand_204 8 21 3956.937342
demand_205 8 22 105.779029
demand_206 8 23 233.327617
demand_207 9 0 783.285816
demand_208 9 1 37.252183
demand_209 9 2 1334.618706
demand_210 9 3 206.765920
demand_211 9 4 784.713020
demand_212 9 5 351.904999
demand_213 9 6 1995.095668
demand_214 9 7 306.902749
demand_215 9 8 851.177156
demand_216 9 10 405.797367
demand_217 9 11 554.987243
demand_218 9 12 1416.965889
demand_219 9 13 2074.241299
demand_220 9 14 353.177444
demand_221 9 15 250.846256
demand_222 9 16 1720.655091
demand_223 9 17 1133.746224
demand_224 9 18 945.854734
demand_225 9 19 1135.866038
demand_226 9 20 345.183113
demand_227 9 21 1928.504749
demand_228 9 22 51.553852
demand_229 9 23 113.717600
demand_230 10 0 1245.645541
demand_231 10 1 59.241486
demand_232 10 2 2122.420457
demand_233 10 3 328.816175
demand_234 10 4 1247.915198
demand_235 10 5 559.628278
demand_236 10 6 3172.765256
demand_237 10 7 488.061998
demand_238 10 8 1353.611934
demand_239 10 9 103.472992
demand_240 10 11 882.586370
demand_241 10 12 2253.375723
demand_242 10 13 3298.629149
demand_243 10 14 561.651826
demand_244 10 15 398.916353
demand_245 10 16 2736.327274
demand_246 10 17 1802.976513
demand_247 10 18 1504.176007
demand_248 10 19 1806.347614
demand_249 10 20 548.938582
demand_250 10 21 3066.866899
demand_251 10 22 81.985176
demand_252 10 23 180.843083
demand_253 11 0 12.344525
demand_254 11 1 0.587092
demand_255 11 2 21.033490
demand_256 11 3 3.258615
demand_257 11 4 12.367018
demand_258 11 5 5.545996
demand_259 11 6 31.442557
demand_260 11 7 4.836764
demand_261 11 8 13.414488
demand_262 11 9 1.025432
demand_263 11 10 6.395336
demand_264 11 12 22.331276
demand_265 11 13 32.689886
demand_266 11 14 5.566050
demand_267 11 15 3.953318
demand_268 11 16 27.117395
demand_269 11 17 17.867755
demand_270 11 18 14.906599
demand_271 11 19 17.901163
demand_272 11 20 5.440060
demand_273 11 21 30.393089
demand_274 11 22 0.812485
demand_275 11 23 1.792181
demand_276 12 0 2128.869340
demand_277 12 1 101.246606
demand_278 12 2 3627.320685
demand_279 12 3 561.962975
demand_280 12 4 2132.748295
demand_281 12 5 956.432182
demand_282 12 6 5422.411476
demand_283 12 7 834.121899
demand_284 12 8 2313.389203
demand_285 12 9 176.840419
demand_286 12 10 1102.904655
demand_287 12 11 1508.383405
demand_288 12 13 5637.519044
demand_289 12 14 959.890524
demand_290 12 15 681.767617
demand_291 12 16 4676.517553
demand_292 12 17 3081.375313
demand_293 12 18 2570.710590
demand_294 12 19 3087.136691
demand_295 12 20 938.162967
demand_296 12 21 5241.425988
demand_297 12 22 140.116688
demand_298 12 23 309.069700
demand_299 13 0 874.668321
demand_300 13 1 41.598231
demand_301 13 2 1490.322791
demand_302 13 3 230.888389
demand_303 13 4 876.262031
demand_304 13 5 392.960205
demand_305 13 6 2227.854691
demand_306 13 7 342.707740
demand_307 13 8 950.480245
demand_308 13 9 72.656743
demand_309 13 10 453.139958
demand_310 13 11 619.735160
demand_311 13 12 1582.277057
demand_312 13 14 394.381101
demand_313 13 15 280.111384
demand_314 13 16 1921.396340
demand_315 13 17 1266.015402
demand_316 13 18 1056.203438
demand_317 13 19 1268.382525
demand_318 13 20 385.454106
demand_319 13 21 2153.494902
demand_320 13 22 57.568412
demand_321 13 23 126.984532
demand_322 14 0 181.640028
demand_323 14 1 8.638593
demand_324 14 2 309.491344
demand_325 14 3 47.947974
demand_326 14 4 181.970990
demand_327 14 5 81.604994
demand_328 14 6 462.652619
demand_329 14 7 71.169199
demand_330 14 8 197.383688
demand_331 14 9 15.088431
demand_332 14 10 94.102362
demand_333 14 11 128.698741
demand_334 14 12 328.587240
demand_335 14 13 481.006091
demand_336 14 15 58.169981
demand_337 14 16 399.011234
demand_338 14 17 262.910029
demand_339 14 18 219.338940
demand_340 14 19 263.401603
demand_341 14 20 80.046222
demand_342 14 21 447.210520
demand_343 14 22 11.955078
demand_344 14 23 26.370538
demand_345 15 0 1140.137604
demand_346 15 1 54.223648
demand_347 15 2 1942.648447
demand_348 15 3 300.964981
demand_349 15 4 1142.215019
demand_350 15 5 512.226973
demand_351 15 6 2904.027558
demand_352 15 7 446.722458
demand_353 15 8 1238.959092
demand_354 15 9 94.708683
demand_355 15 10 590.671793
demand_356 15 11 807.830058
demand_357 15 12 2062.511617
demand_358 15 13 3019.230602
demand_359 15 14 514.079123
demand_360 15 16 2504.556490
demand_361 15 17 1650.261856
demand_362 15 18 1376.770175
demand_363 15 19 1653.347420
demand_364 15 20 502.442709
demand_365 15 21 2807.098941
demand_366 15 22 75.040916
demand_367 15 23 165.525418
demand_368 16 0 775.172351
demand_369 16 1 36.866316
demand_370 16 2 1320.794401
demand_371 16 3 204.624188
demand_372 16 4 776.584772
demand_373 16 5 348.259881
demand_374 16 6 1974.429983
demand_375 16 7 303.723776
demand_376 16 8 842.360456
demand_377 16 9 64.391835
demand_378 16 10 401.594019
demand_379 16 11 549.238551
demand_380 16 12 1402.288613
demand_381 16 13 2052.755804
demand_382 16 14 349.519147
demand_383 16 15 248.247930
demand_384 16 17 1122.002606
demand_385 16 18 936.057341
demand_386 16 19 1124.100462
demand_387 16 20 341.607622
demand_388 16 21 1908.528829
demand_389 16 22 51.019844
demand_390 16 23 112.539686
demand_391 17 0 627.079654
demand_392 17 1 29.823196
demand_393 17 2 1068.463413
demand_394 17 3 165.531788
demand_395 17 4 628.222239
demand_396 17 5 281.726619
demand_397 17 6 1597.225274
demand_398 17 7 245.698908
demand_399 17 8 681.431817
demand_400 17 9 52.090106
demand_401 17 10 324.871544
demand_402 17 11 444.309346
demand_403 17 12 1134.388574
demand_404 17 13 1660.587349
demand_405 17 14 282.745308
demand_406 17 15 200.821438
demand_407 17 16 1377.514794
demand_408 17 18 757.228393
demand_409 17 19 909.346841
demand_410 17 20 276.345240
demand_411 17 21 1543.914197
demand_412 17 22 41.272765
demand_413 17 23 91.039557
demand_414 18 0 475.870975
demand_415 18 1 22.631883
demand_416 18 2 810.823190
demand_417 18 3 125.616854
demand_418 18 4 476.738046
demand_419 18 5 213.793447
demand_420 18 6 1212.083892
demand_421 18 7 186.453153
demand_422 18 8 517.117117
demand_423 18 9 39.529539
demand_424 18 10 246.534770
demand_425 18 11 337.172351
demand_426 18 12 860.851716
demand_427 18 13 1260.167373
demand_428 18 14 214.566498
demand_429 18 15 152.397056
demand_430 18 16 1045.352537
demand_431 18 17 688.786787
demand_432 18 19 690.074641
demand_433 18 20 209.709688
demand_434 18 21 1171.627796
demand_435 18 22 31.320600
demand_436 18 23 69.087049
demand_437 19 0 1551.504125
demand_438 19 1 73.787773
demand_439 19 2 2643.564310
demand_440 19 3 409.554432
demand_441 19 4 1554.331079
demand_442 19 5 697.040654
demand_443 19 6 3951.813113
demand_444 19 7 607.901830
demand_445 19 8 1685.980828
demand_446 19 9 128.879981
demand_447 19 10 803.788701
demand_448 19 11 1099.298595
demand_449 19 12 2806.674624
demand_450 19 13 4108.581908
demand_451 19 14 699.561068
demand_452 19 15 496.867164
demand_453 19 16 3408.211176
demand_454 19 17 2245.683387
demand_455 19 18 1873.514739
demand_456 19 20 683.726185
demand_457 19 21 3819.912237
demand_458 19 22 102.115999
demand_459 19 23 225.247696
demand_460 20 0 169.071265
demand_461 20 1 8.040837
demand_462 20 2 288.075781
demand_463 20 3 44.630166
demand_464 20 4 169.379326
demand_465 20 5 75.958255
demand_466 20 6 430.638909
demand_467 20 7 66.244575
demand_468 20 8 183.725526
demand_469 20 9 14.044372
demand_470 20 10 87.590855
demand_471 20 11 119.793303
demand_472 20 12 305.850318
demand_473 20 13 447.722395
demand_474 20 14 76.232910
demand_475 20 15 54.144851
demand_476 20 16 371.401253
demand_477 20 17 244.717707
demand_478 20 18 204.161563
demand_479 20 19 245.175266
demand_480 20 21 416.265342
demand_481 20 22 11.127835
demand_482 20 23 24.545802
demand_483 21 0 729.340578
demand_484 21 1 34.686609
demand_485 21 2 1242.702930
demand_486 21 3 192.525860
demand_487 21 4 730.669490
demand_488 21 5 327.669147
demand_489 21 6 1857.692554
demand_490 21 7 285.766222
demand_491 21 8 792.556212
demand_492 21 9 60.584692
demand_493 21 10 377.849924
demand_494 21 11 516.765028
demand_495 21 12 1319.378827
demand_496 21 13 1931.387391
demand_497 21 14 328.853959
demand_498 21 15 233.570365
demand_499 21 16 1602.152820
demand_500 21 17 1055.664625
demand_501 21 18 880.713303
demand_502 21 19 1057.638446
demand_503 21 20 321.410200
demand_504 21 22 48.003315
demand_505 21 23 105.885819
demand_506 22 0 1537.801654
demand_507 22 1 73.136099
demand_508 22 2 2620.217054
demand_509 22 3 405.937357
demand_510 22 4 1540.603641
demand_511 22 5 690.884577
demand_512 22 6 3916.911753
demand_513 22 7 602.533003
demand_514 22 8 1671.090694
demand_515 22 9 127.741747
demand_516 22 10 796.689853
demand_517 22 11 1089.589883
demand_518 22 12 2781.886821
demand_519 22 13 4072.296007
demand_520 22 14 693.382731
demand_521 22 15 492.478965
demand_522 22 16 3378.110763
demand_523 22 17 2225.850110
demand_524 22 18 1856.968356
demand_525 22 19 2230.011876
demand_526 22 20 677.687698
demand_527 22 21 3786.175790
demand_528 22 23 223.258369
demand_529 23 0 159.651760
demand_530 23 1 7.592856
demand_531 23 2 272.026150
demand_532 23 3 42.143675
demand_533 23 4 159.942657
demand_534 23 5 71.726375
demand_535 23 6 406.646626
demand_536 23 7 62.553876
demand_537 23 8 173.489585
demand_538 23 9 13.261915
demand_539 23 10 82.710886
demand_540 23 11 113.119232
demand_541 23 12 288.810410
demand_542 23 13 422.778336
demand_543 23 14 71.985729
demand_544 23 15 51.128267
demand_545 23 16 350.709291
demand_546 23 17 231.083694
demand_547 23 18 192.787064
demand_548 23 19 231.515761
demand_549 23 20 70.356299
demand_550 23 21 393.073857
demand_551 23 22 10.507867
