DEMANDS 552
label src dest bw
demand_0 0 1 189.236647
demand_1 0 2 109.015379
demand_2 0 3 435.187727
demand_3 0 4 150.912826
demand_4 0 5 96.975284
demand_5 0 6 10.154425
demand_6 0 7 235.880260
demand_7 0 8 44.247759
demand_8 0 9 74.691628
demand_9 0 10 225.941803
demand_10 0 11 44.112460
demand_11 0 12 91.898398
demand_12 0 13 115.661419
demand_13 0 14 173.563577
demand_14 0 15 43.368348
demand_15 0 16 213.934928
demand_16 0 17 0.653433
demand_17 0 18 883.778306
demand_18 0 19 290.627624
demand_19 0 20 369.695654
demand_20 0 21 314.236494
demand_21 0 22 36.992342
demand_22 0 23 181.312314
demand_23 1 0 1.267817
demand_24 1 2 239.510585
demand_25 1 3 956.122591
demand_26 1 4 331.560733
demand_27 1 5 213.058077
demand_28 1 6 22.309624
demand_29 1 7 518.237146
demand_30 1 8 97.213868
demand_31 1 9 164.100107
demand_32 1 10 496.402009
demand_33 1 11 96.916611
demand_34 1 12 201.903980
demand_35 1 13 254.112166
demand_36 1 14 381.325222
demand_37 1 15 95.281772
demand_38 1 16 470.022487
demand_39 1 17 1.435614
demand_40 1 18 1941.691717
demand_41 1 19 638.519011
demand_42 1 20 812.234226
demand_43 1 21 690.388520
demand_44 1 22 81.273463
demand_45 1 23 398.349469
demand_46 2 0 2.906229
demand_47 2 1 953.049827
demand_48 2 3 2191.729740
demand_49 2 4 760.040111
demand_50 2 5 488.395242
demand_51 2 6 51.140583
demand_52 2 7 1187.960390
demand_53 2 8 222.844358
demand_54 2 9 376.168380
demand_55 2 10 1137.907478
demand_56 2 11 222.162953
demand_57 2 12 462.826590
demand_58 2 13 582.503956
demand_59 2 14 874.115765
demand_60 2 15 218.415395
demand_61 2 16 1077.437427
demand_62 2 17 3.290874
demand_63 2 18 4450.960078
demand_64 2 19 1463.683757
demand_65 2 20 1861.892949
demand_66 2 21 1582.584771
demand_67 2 22 186.304003
demand_68 2 23 913.140623
demand_69 3 0 1.871028
demand_70 3 1 613.572765
demand_71 3 2 353.466777
demand_72 3 4 489.313254
demand_73 3 5 314.428491
demand_74 3 6 32.924269
demand_75 3 7 764.808009
demand_76 3 8 143.467031
demand_77 3 9 242.176921
demand_78 3 10 732.583982
demand_79 3 11 143.028342
demand_80 3 12 297.967412
demand_81 3 13 375.015610
demand_82 3 14 562.755075
demand_83 3 15 140.615667
demand_84 3 16 693.653408
demand_85 3 17 2.118662
demand_86 3 18 2865.524763
demand_87 3 19 942.318506
demand_88 3 20 1198.685285
demand_89 3 21 1018.866890
demand_90 3 22 119.942378
demand_91 3 23 587.879249
demand_92 4 0 1.260391
demand_93 4 1 413.324397
demand_94 4 2 238.107770
demand_95 4 3 950.522573
demand_96 4 5 211.810194
demand_97 4 6 22.178957
demand_98 4 7 515.201827
demand_99 4 8 96.644485
demand_100 4 9 163.138972
demand_101 4 10 493.494579
demand_102 4 11 96.348969
demand_103 4 12 200.721427
demand_104 4 13 252.623829
demand_105 4 14 379.091797
demand_106 4 15 94.723706
demand_107 4 16 467.269562
demand_108 4 17 1.427206
demand_109 4 18 1930.319213
demand_110 4 19 634.779200
demand_111 4 20 807.476964
demand_112 4 21 686.344909
demand_113 4 22 80.797444
demand_114 4 23 396.016333
demand_115 5 0 1.598232
demand_116 5 1 524.113770
demand_117 5 2 301.931272
demand_118 5 3 1205.305016
demand_119 5 4 417.971313
demand_120 5 6 28.123906
demand_121 5 7 653.298895
demand_122 5 8 122.549518
demand_123 5 9 206.867492
demand_124 5 10 625.773135
demand_125 5 11 122.174790
demand_126 5 12 254.523722
demand_127 5 13 320.338282
demand_128 5 14 480.705307
demand_129 5 15 120.113883
demand_130 5 16 592.518645
demand_131 5 17 1.809761
demand_132 5 18 2447.730854
demand_133 5 19 804.928337
demand_134 5 20 1023.916804
demand_135 5 21 870.315955
demand_136 5 22 102.454762
demand_137 5 23 502.166373
demand_138 6 0 3.334228
demand_139 6 1 1093.404812
demand_140 6 2 629.888250
demand_141 6 3 2514.504255
demand_142 6 4 871.970689
demand_143 6 5 560.320869
demand_144 6 7 1362.910490
demand_145 6 8 255.662492
demand_146 6 9 431.566435
demand_147 6 10 1305.486321
demand_148 6 11 254.880736
demand_149 6 12 530.986740
demand_150 6 13 668.288908
demand_151 6 14 1002.846186
demand_152 6 15 250.581278
demand_153 6 16 1236.110887
demand_154 6 17 3.775518
demand_155 6 18 5106.449872
demand_156 6 19 1679.239446
demand_157 6 20 2136.092628
demand_158 6 21 1815.650929
demand_159 6 22 213.740864
demand_160 6 23 1047.618207
demand_161 7 0 0.334753
demand_162 7 1 109.776671
demand_163 7 2 63.240105
demand_164 7 3 252.453532
demand_165 7 4 87.544923
demand_166 7 5 56.255615
demand_167 7 6 5.890608
demand_168 7 8 25.668240
demand_169 7 9 43.328808
demand_170 7 10 131.069427
demand_171 7 11 25.589753
demand_172 7 12 53.310500
demand_173 7 13 67.095490
demand_174 7 14 100.684682
demand_175 7 15 25.158092
demand_176 7 16 124.104208
demand_177 7 17 0.379058
demand_178 7 18 512.682094
demand_179 7 19 168.593840
demand_180 7 20 214.461410
demand_181 7 21 182.289407
demand_182 7 22 21.459354
demand_183 7 23 105.179745
demand_184 8 0 1.306419
demand_185 8 1 428.418557
demand_186 8 2 246.803208
demand_187 8 3 985.234630
demand_188 8 4 341.656101
demand_189 8 5 219.545273
demand_190 8 6 22.988908
demand_191 8 7 534.016441
demand_192 8 9 169.096631
demand_193 8 10 511.516467
demand_194 8 11 99.867529
demand_195 8 12 208.051556
demand_196 8 13 261.849378
demand_197 8 14 392.935820
demand_198 8 15 98.182913
demand_199 8 16 484.333741
demand_200 8 17 1.479326
demand_201 8 18 2000.812382
demand_202 8 19 657.960650
demand_203 8 20 836.965149
demand_204 8 21 711.409482
demand_205 8 22 83.748079
demand_206 8 23 410.478421
demand_207 9 0 3.985456
demand_208 9 1 1306.964211
demand_209 9 2 752.915471
demand_210 9 3 3005.627039
demand_211 9 4 1042.280472
demand_212 9 5 669.760471
demand_213 9 6 70.131603
demand_214 9 7 1629.108646
demand_215 9 8 305.597454
demand_216 9 10 1560.468621
demand_217 9 11 304.663009
demand_218 9 12 634.696919
demand_219 9 13 798.816390
demand_220 9 14 1198.718040
demand_221 9 15 299.523798
demand_222 9 16 1477.543057
demand_223 9 17 4.512937
demand_224 9 18 6103.820974
demand_225 9 19 2007.221692
demand_226 9 20 2553.305586
demand_227 9 21 2170.276513
demand_228 9 22 255.487864
demand_229 9 23 1252.234751
demand_230 10 0 5.600134
demand_231 10 1 1836.471261
demand_232 10 2 1057.953702
demand_233 10 3 4223.334987
demand_234 10 4 1464.552829
demand_235 10 5 941.109058
demand_236 10 6 98.544912
demand_237 10 7 2289.130172
demand_238 10 8 429.408041
demand_239 10 9 724.854461
demand_240 10 11 428.095012
demand_241 10 12 891.839762
demand_242 10 13 1122.451045
demand_243 10 14 1684.369942
demand_244 10 15 420.873687
demand_245 10 16 2076.158888
demand_246 10 17 6.341321
demand_247 10 18 8576.739677
demand_248 10 19 2820.432971
demand_249 10 20 3587.758786
demand_250 10 21 3049.548267
demand_251 10 22 358.996915
demand_252 10 23 1759.568559
demand_253 11 0 0.645299
demand_254 11 1 211.615232
demand_255 11 2 121.907226
demand_256 11 3 486.651782
demand_257 11 4 168.759345
demand_258 11 5 108.443304
demand_259 11 6 11.355258
demand_260 11 7 263.774785
demand_261 11 8 49.480373
demand_262 11 9 83.524446
demand_263 11 10 252.661034
demand_264 11 12 102.766039
demand_265 11 13 129.339208
demand_266 11 14 194.088709
demand_267 11 15 48.496965
demand_268 11 16 239.234260
demand_269 11 17 0.730706
demand_270 11 18 988.291400
demand_271 11 19 324.996415
demand_272 11 20 413.414804
demand_273 11 21 351.397202
demand_274 11 22 41.366950
demand_275 11 23 202.753790
demand_276 12 0 0.940236
demand_277 12 1 308.334837
demand_278 12 2 177.625421
demand_279 12 3 709.077964
demand_280 12 4 245.891491
demand_281 12 5 158.007759
demand_282 12 6 16.545225
demand_283 12 7 384.334126
demand_284 12 8 72.095579
demand_285 12 9 121.699635
demand_286 12 10 368.140790
demand_287 12 11 71.875127
demand_288 12 13 188.454220
demand_289 12 14 282.797745
demand_290 12 15 70.662701
demand_291 12 16 348.577255
demand_292 12 17 1.064678
demand_293 12 18 1439.994016
demand_294 12 19 473.537353
demand_295 12 20 602.367727
demand_296 12 21 512.004727
demand_297 12 22 60.273884
demand_298 12 23 295.423237
demand_299 13 0 1.360118
demand_300 13 1 446.028103
demand_301 13 2 256.947709
demand_302 13 3 1025.731322
demand_303 13 4 355.699397
demand_304 13 5 228.569375
demand_305 13 6 23.933835
demand_306 13 7 555.966440
demand_307 13 8 104.291343
demand_308 13 9 176.047111
demand_309 13 10 532.541636
demand_310 13 11 103.972445
demand_311 13 12 216.603225
demand_312 13 14 409.086897
demand_313 13 15 102.218584
demand_314 13 16 504.241602
demand_315 13 17 1.540132
demand_316 13 18 2083.052979
demand_317 13 19 685.005203
demand_318 13 20 871.367432
demand_319 13 21 740.650975
demand_320 13 22 87.190427
demand_321 13 23 427.350563
demand_322 14 0 4.446013
demand_323 14 1 1457.996280
demand_324 14 2 839.921971
demand_325 14 3 3352.955656
demand_326 14 4 1162.725833
demand_327 14 5 747.157625
demand_328 14 6 78.235973
demand_329 14 7 1817.367550
demand_330 14 8 340.912128
demand_331 14 9 575.470540
demand_332 14 10 1740.795521
demand_333 14 11 339.869699
demand_334 14 12 708.042148
demand_335 14 13 891.127175
demand_336 14 15 334.136604
demand_337 14 16 1648.287125
demand_338 14 17 5.034450
demand_339 14 18 6809.175187
demand_340 14 19 2239.175133
demand_341 14 20 2848.364183
demand_342 14 21 2421.072480
demand_343 14 22 285.011902
demand_344 14 23 1396.942314
demand_345 15 0 3.487233
demand_346 15 1 1143.580174
demand_347 15 2 658.793254
demand_348 15 3 2629.892588
demand_349 15 4 911.984638
demand_350 15 5 586.033489
demand_351 15 6 61.364428
demand_352 15 7 1425.453224
demand_353 15 8 267.394613
demand_354 15 9 451.370630
demand_355 15 10 1365.393912
demand_356 15 11 266.576983
demand_357 15 12 555.353243
demand_358 15 13 698.956084
demand_359 15 14 1048.865893
demand_360 15 16 1292.834901
demand_361 15 17 3.948774
demand_362 15 18 5340.780254
demand_363 15 19 1756.298231
demand_364 15 20 2234.115993
demand_365 15 21 1898.969513
demand_366 15 22 223.549240
demand_367 15 23 1095.692462
demand_368 16 0 2.550642
demand_369 16 1 836.440979
demand_370 16 2 481.856617
demand_371 16 3 1923.564242
demand_372 16 4 667.046650
demand_373 16 5 428.638443
demand_374 16 6 44.883361
demand_375 16 7 1042.609445
demand_376 16 8 195.578602
demand_377 16 9 330.142915
demand_378 16 10 998.680675
demand_379 16 11 194.980569
demand_380 16 12 406.198201
demand_381 16 13 511.232639
demand_382 16 14 767.164764
demand_383 16 15 191.691537
demand_384 16 17 2.888224
demand_385 16 18 3906.370157
demand_386 16 19 1284.597132
demand_387 16 20 1634.084090
demand_388 16 21 1388.950206
demand_389 16 22 163.509083
demand_390 16 23 801.414799
demand_391 17 0 0.796855
demand_392 17 1 261.315341
demand_393 17 2 150.538447
demand_394 17 3 600.947178
demand_395 17 4 208.394289
demand_396 17 5 133.912378
demand_397 17 6 14.022162
demand_398 17 7 325.725125
demand_399 17 8 61.101369
demand_400 17 9 103.141059
demand_401 17 10 312.001190
demand_402 17 11 60.914536
demand_403 17 12 126.901747
demand_404 17 13 159.715909
demand_405 17 14 239.672526
demand_406 17 15 59.886998
demand_407 17 16 295.420995
demand_408 17 18 1220.402247
demand_409 17 19 401.325313
demand_410 17 20 510.509710
demand_411 17 21 433.926608
demand_412 17 22 51.082423
demand_413 17 23 250.372694
demand_414 18 0 1.289877
demand_415 18 1 422.993772
demand_416 18 2 243.678100
demand_417 18 3 972.759245
demand_418 18 4 337.329932
demand_419 18 5 216.765314
demand_420 18 6 22.697815
demand_421 18 7 527.254538
demand_422 18 8 98.905401
demand_423 18 9 166.955470
demand_424 18 10 505.039467
demand_425 18 11 98.602972
demand_426 18 12 205.417135
demand_427 18 13 258.533750
demand_428 18 14 387.960329
demand_429 18 15 96.939687
demand_430 18 16 478.200938
demand_431 18 17 1.460594
demand_432 18 19 649.629322
demand_433 18 20 826.367204
demand_434 18 21 702.401367
demand_435 18 22 82.687632
demand_436 18 23 405.280800
demand_437 19 0 2.488643
demand_438 19 1 816.109216
demand_439 19 2 470.143903
demand_440 19 3 1876.807265
demand_441 19 4 650.832434
demand_442 19 5 418.219327
demand_443 19 6 43.792360
demand_444 19 7 1017.266248
demand_445 19 8 190.824581
demand_446 19 9 322.117976
demand_447 19 10 974.405276
demand_448 19 11 190.241085
demand_449 19 12 396.324552
demand_450 19 13 498.805868
demand_451 19 14 748.516931
demand_452 19 15 187.032001
demand_453 19 16 922.623968
demand_454 19 17 2.818019
demand_455 19 18 3811.416187
demand_456 19 20 1594.363643
demand_457 19 21 1355.188343
demand_458 19 22 159.534591
demand_459 19 23 781.934434
demand_460 20 0 5.697725
demand_461 20 1 1868.474614
demand_462 20 2 1076.390182
demand_463 20 3 4296.933132
demand_464 20 4 1490.074928
demand_465 20 5 957.509339
demand_466 20 6 100.262210
demand_467 20 7 2329.021806
demand_468 20 8 436.891140
demand_469 20 9 737.486171
demand_470 20 10 2230.892001
demand_471 20 11 435.555230
demand_472 20 12 907.381449
demand_473 20 13 1142.011490
demand_474 20 14 1713.722693
demand_475 20 15 428.208062
demand_476 20 16 2112.339168
demand_477 20 17 6.451828
demand_478 20 18 8726.202632
demand_479 20 19 2869.583378
demand_480 20 21 3102.691363
demand_481 20 22 365.252992
demand_482 20 23 1790.231763
demand_483 21 0 0.216065
demand_484 21 1 70.854939
demand_485 21 2 40.818087
demand_486 21 3 162.945181
demand_487 21 4 56.505540
demand_488 21 5 36.309974
demand_489 21 6 3.802071
demand_490 21 7 88.319475
demand_491 21 8 16.567469
demand_492 21 9 27.966415
demand_493 21 10 84.598268
demand_494 21 11 16.516809
demand_495 21 12 34.409061
demand_496 21 13 43.306531
demand_497 21 14 64.986549
demand_498 21 15 16.238195
demand_499 21 16 80.102593
demand_500 21 17 0.244662
demand_501 21 18 330.908725
demand_502 21 19 108.818259
demand_503 21 20 138.423309
demand_504 21 22 13.850859
demand_505 21 23 67.887870
demand_506 22 0 2.471892
demand_507 22 1 810.615932
demand_508 22 2 466.979334
demand_509 22 3 1864.174355
demand_510 22 4 646.451639
demand_511 22 5 415.404266
demand_512 22 6 43.497591
demand_513 22 7 1010.418964
demand_514 22 8 189.540129
demand_515 22 9 319.949779
demand_516 22 10 967.846491
demand_517 22 11 188.960560
demand_518 22 12 393.656865
demand_519 22 13 495.448374
demand_520 22 14 743.478615
demand_521 22 15 185.773077
demand_522 22 16 916.413727
demand_523 22 17 2.799051
demand_524 22 18 3785.761300
demand_525 22 19 1244.935301
demand_526 22 20 1583.631878
demand_527 22 21 1346.066483
demand_528 22 23 776.671183
demand_529 23 0 8.383508
demand_530 23 1 2749.232581
demand_531 23 2 1583.776914
demand_532 23 3 6322.413203
demand_533 23 4 2192.463580
demand_534 23 5 1408.858249
demand_535 23 6 147.523617
demand_536 23 7 3426.871623
demand_537 23 8 642.832045
demand_538 23 9 1085.120983
demand_539 23 10 3282.485579
demand_540 23 11 640.866416
demand_541 23 12 1335.101171
demand_542 23 13 1680.330669
demand_543 23 14 2521.533998
demand_544 23 15 630.055955
demand_545 23 16 3108.049540
demand_546 23 17 9.493079
demand_547 23 18 12839.543235
demand_548 23 19 4222.242069
demand_549 23 20 5370.943480
demand_550 23 21 4565.232047
demand_551 23 22 537.425244
