DEMANDS 552
label src dest bw
demand_0 0 1 786.574161
demand_1 0 2 269.840832
demand_2 0 3 910.611004
demand_3 0 4 1182.691753
demand_4 0 5 3223.998580
demand_5 0 6 663.144228
demand_6 0 7 1850.503658
demand_7 0 8 430.819289
demand_8 0 9 381.756379
demand_9 0 10 1599.457375
demand_10 0 11 652.835991
demand_11 0 12 1444.615332
demand_12 0 13 663.008686
demand_13 0 14 38.053674
demand_14 0 15 3080.405689
demand_15 0 16 303.525822
demand_16 0 17 1156.720279
demand_17 0 18 941.281791
demand_18 0 19 818.134443
demand_19 0 20 722.913426
demand_20 0 21 560.107021
demand_21 0 22 769.065107
demand_22 0 23 2009.906989
demand_23 1 0 258.695438
demand_24 1 2 87.961222
demand_25 1 3 296.835939
demand_26 1 4 385.527317
demand_27 1 5 1050.941227
demand_28 1 6 216.168088
demand_29 1 7 603.216949
demand_30 1 8 140.436089
demand_31 1 9 124.442833
demand_32 1 10 521.382270
demand_33 1 11 212.807866
demand_34 1 12 470.907717
demand_35 1 13 216.123905
demand_36 1 14 12.404526
demand_37 1 15 1004.133611
demand_38 1 16 98.941669
demand_39 1 17 377.061280
demand_40 1 18 306.833833
demand_41 1 19 266.690941
demand_42 1 20 235.651321
demand_43 1 21 182.580589
demand_44 1 22 250.695590
demand_45 1 23 655.178365
demand_46 2 0 271.458426
demand_47 2 1 269.052988
demand_48 2 3 311.480626
demand_49 2 4 404.547678
demand_50 2 5 1102.790424
demand_51 2 6 226.832949
demand_52 2 7 632.977237
demand_53 2 8 147.364639
demand_54 2 9 130.582340
demand_55 2 10 547.105166
demand_56 2 11 223.306947
demand_57 2 12 494.140402
demand_58 2 13 226.786586
demand_59 2 14 13.016515
demand_60 2 15 1053.673509
demand_61 2 16 103.823051
demand_62 2 17 395.663961
demand_63 2 18 321.971775
demand_64 2 19 279.848396
demand_65 2 20 247.277406
demand_66 2 21 191.588378
demand_67 2 22 263.063898
demand_68 2 23 687.502220
demand_69 3 0 289.027818
demand_70 3 1 286.466695
demand_71 3 2 98.274791
demand_72 3 4 430.730901
demand_73 3 5 1174.165467
demand_74 3 6 241.514080
demand_75 3 7 673.944928
demand_76 3 8 156.902405
demand_77 3 9 139.033919
demand_78 3 10 582.515026
demand_79 3 11 237.759868
demand_80 3 12 526.122265
demand_81 3 13 241.464716
demand_82 3 14 13.858973
demand_83 3 15 1121.869596
demand_84 3 16 110.542710
demand_85 3 17 421.272210
demand_86 3 18 342.810503
demand_87 3 19 297.960805
demand_88 3 20 263.281748
demand_89 3 21 203.988403
demand_90 3 22 280.089978
demand_91 3 23 731.998889
demand_92 4 0 185.685484
demand_93 4 1 184.040094
demand_94 4 2 63.136491
demand_95 4 3 213.061836
demand_96 4 5 754.340826
demand_97 4 6 155.160355
demand_98 4 7 432.974899
demand_99 4 8 100.801713
demand_100 4 9 89.322131
demand_101 4 10 374.235896
demand_102 4 11 152.748467
demand_103 4 12 338.006453
demand_104 4 13 155.128641
demand_105 4 14 8.903676
demand_106 4 15 720.743423
demand_107 4 16 71.017996
demand_108 4 17 270.645693
demand_109 4 18 220.238088
demand_110 4 19 191.424468
demand_111 4 20 169.144960
demand_112 4 21 131.052041
demand_113 4 22 179.943382
demand_114 4 23 470.271578
demand_115 5 0 122.349720
demand_116 5 1 121.265559
demand_117 5 2 41.601162
demand_118 5 3 140.388228
demand_119 5 4 182.334717
demand_120 5 6 102.236457
demand_121 5 7 285.290787
demand_122 5 8 66.419093
demand_123 5 9 58.855100
demand_124 5 10 246.587166
demand_125 5 11 100.647244
demand_126 5 12 222.715282
demand_127 5 13 102.215561
demand_128 5 14 5.866707
demand_129 5 15 474.903877
demand_130 5 16 46.794353
demand_131 5 17 178.330714
demand_132 5 18 145.116721
demand_133 5 19 126.131185
demand_134 5 20 111.451031
demand_135 5 21 86.351287
demand_136 5 22 118.566201
demand_137 5 23 309.865881
demand_138 6 0 34.969474
demand_139 6 1 34.659604
demand_140 6 2 11.890267
demand_141 6 3 40.125164
demand_142 6 4 52.114130
demand_143 6 5 142.062274
demand_144 6 7 81.540594
demand_145 6 8 18.983621
demand_146 6 9 16.821713
demand_147 6 10 70.478490
demand_148 6 11 28.766565
demand_149 6 12 63.655530
demand_150 6 13 29.214815
demand_151 6 14 1.676797
demand_152 6 15 135.734997
demand_153 6 16 13.374562
demand_154 6 17 50.969723
demand_155 6 18 41.476641
demand_156 6 19 36.050276
demand_157 6 20 31.854457
demand_158 6 21 24.680556
demand_159 6 22 33.888085
demand_160 6 23 88.564542
demand_161 7 0 1400.938176
demand_162 7 1 1388.524233
demand_163 7 2 476.344830
demand_164 7 3 1607.484086
demand_165 7 4 2087.782998
demand_166 7 5 5691.262668
demand_167 7 6 1170.635747
demand_168 7 8 760.517002
demand_169 7 9 673.907191
demand_170 7 10 2823.491333
demand_171 7 11 1152.438816
demand_172 7 12 2550.151653
demand_173 7 13 1170.396478
demand_174 7 14 67.175419
demand_175 7 15 5437.780899
demand_176 7 16 535.808295
demand_177 7 17 2041.936055
demand_178 7 18 1661.626637
demand_179 7 19 1444.236993
demand_180 7 20 1276.145164
demand_181 7 21 988.746148
demand_182 7 22 1357.615837
demand_183 7 23 3548.050140
demand_184 8 0 1138.184854
demand_185 8 1 1128.099210
demand_186 8 2 387.003852
demand_187 8 3 1305.991991
demand_188 8 4 1696.208317
demand_189 8 5 4623.836423
demand_190 8 6 951.076856
demand_191 8 7 2653.979523
demand_192 8 9 547.512353
demand_193 8 10 2293.930684
demand_194 8 11 936.292855
demand_195 8 12 2071.857298
demand_196 8 13 950.882463
demand_197 8 14 54.576316
demand_198 8 15 4417.896492
demand_199 8 16 435.314631
demand_200 8 17 1658.960209
demand_201 8 18 1349.979822
demand_202 8 19 1173.362749
demand_203 8 20 1036.797427
demand_204 8 21 803.301608
demand_205 8 22 1102.987847
demand_206 8 23 2882.594676
demand_207 9 0 1781.276209
demand_208 9 1 1765.492028
demand_209 9 2 605.666779
demand_210 9 3 2043.896873
demand_211 9 4 2654.591221
demand_212 9 5 7236.372712
demand_213 9 6 1488.449413
demand_214 9 7 4153.517392
demand_215 9 8 966.988312
demand_216 9 10 3590.035609
demand_217 9 11 1465.312231
demand_218 9 12 3242.487460
demand_219 9 13 1488.145184
demand_220 9 14 85.412745
demand_221 9 15 6914.073661
demand_222 9 16 681.273866
demand_223 9 17 2596.297379
demand_224 9 18 2112.738483
demand_225 9 19 1836.330139
demand_226 9 20 1622.603380
demand_227 9 21 1257.178953
demand_228 9 22 1726.192370
demand_229 9 23 4511.303504
demand_230 10 0 2306.353468
demand_231 10 1 2285.916490
demand_232 10 2 784.202736
demand_233 10 3 2646.388368
demand_234 10 4 3437.100679
demand_235 10 5 9369.480831
demand_236 10 6 1927.208395
demand_237 10 7 5377.874127
demand_238 10 8 1252.033140
demand_239 10 9 1109.448091
demand_240 10 11 1897.250930
demand_241 10 12 4198.294547
demand_242 10 13 1926.814487
demand_243 10 14 110.590362
demand_244 10 15 8952.175794
demand_245 10 16 882.096968
demand_246 10 17 3361.623218
demand_247 10 18 2735.522823
demand_248 10 19 2377.635968
demand_249 10 20 2100.907715
demand_250 10 21 1627.764982
demand_251 10 22 2235.032242
demand_252 10 23 5841.126954
demand_253 11 0 122.669752
demand_254 11 1 121.582755
demand_255 11 2 41.709979
demand_256 11 3 140.755444
demand_257 11 4 182.811653
demand_258 11 5 498.341607
demand_259 11 6 102.503879
demand_260 11 7 286.037026
demand_261 11 8 66.592826
demand_262 11 9 59.009048
demand_263 11 10 247.232168
demand_264 11 12 223.297842
demand_265 11 13 102.482928
demand_266 11 14 5.882053
demand_267 11 15 476.146091
demand_268 11 16 46.916753
demand_269 11 17 178.797176
demand_270 11 18 145.496305
demand_271 11 19 126.461108
demand_272 11 20 111.742555
demand_273 11 21 86.577157
demand_274 11 22 118.876337
demand_275 11 23 310.676402
demand_276 12 0 147.327072
demand_277 12 1 146.021582
demand_278 12 2 50.093923
demand_279 12 3 169.048090
demand_280 12 4 219.557837
demand_281 12 5 598.511110
demand_282 12 6 123.107743
demand_283 12 7 343.532099
demand_284 12 8 79.978364
demand_285 12 9 70.870203
demand_286 12 10 296.927243
demand_287 12 11 121.194096
demand_288 12 13 123.082580
demand_289 12 14 7.064379
demand_290 12 15 571.854169
demand_291 12 16 56.347288
demand_292 12 17 214.736428
demand_293 12 18 174.741891
demand_294 12 19 151.880512
demand_295 12 20 134.203445
demand_296 12 21 103.979659
demand_297 12 22 142.771158
demand_298 12 23 373.124129
demand_299 13 0 468.869141
demand_300 13 1 464.714414
demand_301 13 2 159.424159
demand_302 13 3 537.996390
demand_303 13 4 698.743911
demand_304 13 5 1904.764594
demand_305 13 6 391.791005
demand_306 13 7 1093.292618
demand_307 13 8 254.531541
demand_308 13 9 225.544775
demand_309 13 10 944.972432
demand_310 13 11 385.700816
demand_311 13 12 853.490492
demand_312 13 14 22.482420
demand_313 13 15 1819.928745
demand_314 13 16 179.325526
demand_315 13 17 683.399753
demand_316 13 18 556.116941
demand_317 13 19 483.360486
demand_318 13 20 427.103134
demand_319 13 21 330.915785
demand_320 13 22 454.369923
demand_321 13 23 1187.469403
demand_322 14 0 35.468309
demand_323 14 1 35.154018
demand_324 14 2 12.059879
demand_325 14 3 40.697543
demand_326 14 4 52.857530
demand_327 14 5 144.088773
demand_328 14 6 29.637618
demand_329 14 7 82.703759
demand_330 14 8 19.254420
demand_331 14 9 17.061673
demand_332 14 10 71.483856
demand_333 14 11 29.176916
demand_334 14 12 64.563568
demand_335 14 13 29.631560
demand_336 14 15 137.671238
demand_337 14 16 13.565348
demand_338 14 17 51.696799
demand_339 14 18 42.068300
demand_340 14 19 36.564528
demand_341 14 20 32.308857
demand_342 14 21 25.032621
demand_343 14 22 34.371494
demand_344 14 23 89.827903
demand_345 15 0 710.485933
demand_346 15 1 704.190200
demand_347 15 2 241.578327
demand_348 15 3 815.235711
demand_349 15 4 1058.819351
demand_350 15 5 2886.324417
demand_351 15 6 593.688033
demand_352 15 7 1656.686180
demand_353 15 8 385.696272
demand_354 15 9 341.772097
demand_355 15 10 1431.933905
demand_356 15 11 584.459458
demand_357 15 12 1293.309659
demand_358 15 13 593.566688
demand_359 15 14 34.068020
demand_360 15 16 271.735229
demand_361 15 17 1035.568069
demand_362 15 18 842.694111
demand_363 15 19 732.444932
demand_364 15 20 647.197144
demand_365 15 21 501.442705
demand_366 15 22 688.515004
demand_367 15 23 1799.393974
demand_368 16 0 62.544219
demand_369 16 1 61.990004
demand_370 16 2 21.266189
demand_371 16 3 71.765363
demand_372 16 4 93.208080
demand_373 16 5 254.083717
demand_374 16 6 52.262476
demand_375 16 7 145.838416
demand_376 16 8 33.952920
demand_377 16 9 30.086266
demand_378 16 10 126.053428
demand_379 16 11 51.450083
demand_380 16 12 113.850308
demand_381 16 13 52.251794
demand_382 16 14 2.999015
demand_383 16 15 242.767143
demand_384 16 17 91.161265
demand_385 16 18 74.182531
demand_386 16 19 64.477274
demand_387 16 20 56.972894
demand_388 16 21 44.142102
demand_389 16 22 60.610114
demand_390 16 23 158.401012
demand_391 17 0 1040.915108
demand_392 17 1 1031.691388
demand_393 17 2 353.930344
demand_394 17 3 1194.381378
demand_395 17 4 1551.249656
demand_396 17 5 4228.681461
demand_397 17 6 869.797437
demand_398 17 7 2427.169342
demand_399 17 8 565.073927
demand_400 17 9 500.721722
demand_401 17 10 2097.890425
demand_402 17 11 856.276882
demand_403 17 12 1894.795522
demand_404 17 13 869.619656
demand_405 17 14 49.912201
demand_406 17 15 4040.341242
demand_407 17 16 398.112464
demand_408 17 18 1234.609992
demand_409 17 19 1073.086686
demand_410 17 20 948.192292
demand_411 17 21 734.651122
demand_412 17 22 1008.726052
demand_413 17 23 2636.246950
demand_414 18 0 117.935168
demand_415 18 1 116.890125
demand_416 18 2 40.100133
demand_417 18 3 135.322821
demand_418 18 4 175.755820
demand_419 18 5 479.107522
demand_420 18 6 98.547620
demand_421 18 7 274.997088
demand_422 18 8 64.022597
demand_423 18 9 56.731524
demand_424 18 10 237.689949
demand_425 18 11 97.015748
demand_426 18 12 214.679397
demand_427 18 13 98.527478
demand_428 18 14 5.655028
demand_429 18 15 457.768668
demand_430 18 16 45.105946
demand_431 18 17 171.896287
demand_432 18 19 121.580192
demand_433 18 20 107.429719
demand_434 18 21 83.235609
demand_435 18 22 114.288164
demand_436 18 23 298.685478
demand_437 19 0 711.080311
demand_438 19 1 704.779311
demand_439 19 2 241.780427
demand_440 19 3 815.917720
demand_441 19 4 1059.705138
demand_442 19 5 2888.739058
demand_443 19 6 594.184701
demand_444 19 7 1658.072130
demand_445 19 8 386.018937
demand_446 19 9 342.058017
demand_447 19 10 1433.131832
demand_448 19 11 584.948405
demand_449 19 12 1294.391616
demand_450 19 13 594.063254
demand_451 19 14 34.096521
demand_452 19 15 2760.078209
demand_453 19 16 271.962557
demand_454 19 17 1036.434405
demand_455 19 18 843.399092
demand_456 19 20 647.738576
demand_457 19 21 501.862202
demand_458 19 22 689.091002
demand_459 19 23 1800.899311
demand_460 20 0 125.460370
demand_461 20 1 124.348645
demand_462 20 2 42.658841
demand_463 20 3 143.957494
demand_464 20 4 186.970441
demand_465 20 5 509.678396
demand_466 20 6 104.835743
demand_467 20 7 292.544091
demand_468 20 8 68.107748
demand_469 20 9 60.351447
demand_470 20 10 252.856460
demand_471 20 11 103.206125
demand_472 20 12 228.377652
demand_473 20 13 104.814315
demand_474 20 14 6.015864
demand_475 20 15 486.977953
demand_476 20 16 47.984064
demand_477 20 17 182.864639
demand_478 20 18 148.806205
demand_479 20 19 129.337976
demand_480 20 21 88.546704
demand_481 20 22 121.580658
demand_482 20 23 317.743989
demand_483 21 0 868.996051
demand_484 21 1 861.295734
demand_485 21 2 295.474692
demand_486 21 3 997.115609
demand_487 21 4 1295.043002
demand_488 21 5 3530.266266
demand_489 21 6 726.140424
demand_490 21 7 2026.294515
demand_491 21 8 471.745494
demand_492 21 9 418.021792
demand_493 21 10 1751.399784
demand_494 21 11 714.852944
demand_495 21 12 1581.848331
demand_496 21 13 725.992006
demand_497 21 14 41.668629
demand_498 21 15 3373.032592
demand_499 21 16 332.359629
demand_500 21 17 1266.604336
demand_501 21 18 1030.700006
demand_502 21 19 895.854125
demand_503 21 20 791.587471
demand_504 21 22 842.123386
demand_505 21 23 2200.840561
demand_506 22 0 227.568872
demand_507 22 1 225.552347
demand_508 22 2 77.377616
demand_509 22 3 261.120259
demand_510 22 4 339.140177
demand_511 22 5 924.490636
demand_512 22 6 190.158467
demand_513 22 7 530.637114
demand_514 22 8 123.538639
demand_515 22 9 109.469712
demand_516 22 10 458.648889
demand_517 22 11 187.202552
demand_518 22 12 414.247498
demand_519 22 13 190.119600
demand_520 22 14 10.911998
demand_521 22 15 883.314971
demand_522 22 16 87.036881
demand_523 22 17 331.692784
demand_524 22 18 269.915194
demand_525 22 19 234.602346
demand_526 22 20 207.297453
demand_527 22 21 160.612259
demand_528 22 23 576.346467
demand_529 23 0 655.637157
demand_530 23 1 649.827449
demand_531 23 2 222.928731
demand_532 23 3 752.300361
demand_533 23 4 977.079598
demand_534 23 5 2663.503173
demand_535 23 6 547.855934
demand_536 23 7 1528.791729
demand_537 23 8 355.920920
demand_538 23 9 315.387647
demand_539 23 10 1321.390096
demand_540 23 11 539.339795
demand_541 23 12 1193.467498
demand_542 23 13 547.743956
demand_543 23 14 31.438004
demand_544 23 15 2544.874050
demand_545 23 16 250.757552
demand_546 23 17 955.623291
demand_547 23 18 777.639002
demand_548 23 19 675.900945
demand_549 23 20 597.234197
demand_550 23 21 462.731850
demand_551 23 22 635.362361
