DEMANDS 552
label src dest bw
demand_0 0 1 323.545547
demand_1 0 2 805.202398
demand_2 0 3 915.522852
demand_3 0 4 628.795325
demand_4 0 5 28.860490
demand_5 0 6 1322.832072
demand_6 0 7 1056.946162
demand_7 0 8 415.249741
demand_8 0 9 560.011736
demand_9 0 10 76.202822
demand_10 0 11 127.775322
demand_11 0 12 373.876516
demand_12 0 13 291.951705
demand_13 0 14 266.426693
demand_14 0 15 34.431511
demand_15 0 16 757.953616
demand_16 0 17 131.739601
demand_17 0 18 216.821867
demand_18 0 19 201.977078
demand_19 0 20 96.619799
demand_20 0 21 705.686712
demand_21 0 22 624.594450
demand_22 0 23 20.848929
demand_23 1 0 291.523078
demand_24 1 2 774.465031
demand_25 1 3 880.574171
demand_26 1 4 604.792027
demand_27 1 5 27.758785
demand_28 1 6 1272.334986
demand_29 1 7 1016.598862
demand_30 1 8 399.398218
demand_31 1 9 538.634146
demand_32 1 10 73.293896
demand_33 1 11 122.897695
demand_34 1 12 359.604353
demand_35 1 13 280.806896
demand_36 1 14 256.256263
demand_37 1 15 33.117141
demand_38 1 16 729.019898
demand_39 1 17 126.710643
demand_40 1 18 208.545025
demand_41 1 19 194.266912
demand_42 1 20 92.931486
demand_43 1 21 678.748203
demand_44 1 22 600.751515
demand_45 1 23 20.053053
demand_46 2 0 38.052019
demand_47 2 1 40.619722
demand_48 2 3 114.939871
demand_49 2 4 78.942490
demand_50 2 5 3.623308
demand_51 2 6 166.075754
demand_52 2 7 132.694946
demand_53 2 8 52.132780
demand_54 2 9 70.307013
demand_55 2 10 9.566929
demand_56 2 11 16.041630
demand_57 2 12 46.938554
demand_58 2 13 36.653254
demand_59 2 14 33.448701
demand_60 2 15 4.322725
demand_61 2 16 95.157746
demand_62 2 17 16.539328
demand_63 2 18 27.221033
demand_64 2 19 25.357335
demand_65 2 20 12.130191
demand_66 2 21 88.595866
demand_67 2 22 78.415089
demand_68 2 23 2.617491
demand_69 3 0 877.251496
demand_70 3 1 936.447332
demand_71 3 2 2330.520831
demand_72 3 4 1819.940682
demand_73 3 5 83.531760
demand_74 3 6 3828.711521
demand_75 3 7 3059.150162
demand_76 3 8 1201.869459
demand_77 3 9 1620.858332
demand_78 3 10 220.556055
demand_79 3 11 369.823849
demand_80 3 12 1082.121726
demand_81 3 13 845.004351
demand_82 3 14 771.126564
demand_83 3 15 99.656129
demand_84 3 16 2193.767298
demand_85 3 17 381.297776
demand_86 3 18 627.553866
demand_87 3 19 584.588158
demand_88 3 20 279.649508
demand_89 3 21 2042.489670
demand_90 3 22 1807.781969
demand_91 3 23 60.343664
demand_92 4 0 53.250136
demand_93 4 1 56.843389
demand_94 4 2 141.465193
demand_95 4 3 160.847282
demand_96 4 5 5.070470
demand_97 4 6 232.407025
demand_98 4 7 185.693799
demand_99 4 8 72.954806
demand_100 4 9 98.387894
demand_101 4 10 13.387997
demand_102 4 11 22.448717
demand_103 4 12 65.685986
demand_104 4 13 51.292699
demand_105 4 14 46.808236
demand_106 4 15 6.049237
demand_107 4 16 133.164102
demand_108 4 17 23.145197
demand_109 4 18 38.093214
demand_110 4 19 35.485148
demand_111 4 20 16.975035
demand_112 4 21 123.981383
demand_113 4 22 109.734366
demand_114 4 23 3.662927
demand_115 5 0 1381.341186
demand_116 5 1 1474.552366
demand_117 5 2 3669.693839
demand_118 5 3 4172.477103
demand_119 5 4 2865.722126
demand_120 5 6 6028.780732
demand_121 5 7 4817.011010
demand_122 5 8 1892.492395
demand_123 5 9 2552.242295
demand_124 5 10 347.292838
demand_125 5 11 582.333478
demand_126 5 12 1703.934750
demand_127 5 13 1330.564061
demand_128 5 14 1214.234331
demand_129 5 15 156.920925
demand_130 5 16 3454.358456
demand_131 5 17 600.400598
demand_132 5 18 988.161326
demand_133 5 19 920.506494
demand_134 5 20 440.342804
demand_135 5 21 3216.153085
demand_136 5 22 2846.576725
demand_137 5 23 95.018577
demand_138 6 0 199.402326
demand_139 6 1 212.857747
demand_140 6 2 529.735518
demand_141 6 3 602.314366
demand_142 6 4 413.678868
demand_143 6 5 18.987061
demand_144 6 7 695.355508
demand_145 6 8 273.189122
demand_146 6 9 368.426755
demand_147 6 10 50.133161
demand_148 6 11 84.062252
demand_149 6 12 245.970045
demand_150 6 13 192.072438
demand_151 6 14 175.279759
demand_152 6 15 22.652186
demand_153 6 16 498.650963
demand_154 6 17 86.670315
demand_155 6 18 142.645184
demand_156 6 19 132.878928
demand_157 6 20 63.565309
demand_158 6 21 464.265030
demand_159 6 22 410.915151
demand_160 6 23 13.716325
demand_161 7 0 654.659117
demand_162 7 1 698.834697
demand_163 7 2 1739.178235
demand_164 7 3 1977.462340
demand_165 7 4 1358.151870
demand_166 7 5 62.336546
demand_167 7 6 2857.220438
demand_168 7 8 896.909042
demand_169 7 9 1209.584354
demand_170 7 10 164.592517
demand_171 7 11 275.985343
demand_172 7 12 807.545905
demand_173 7 13 630.594310
demand_174 7 14 575.462154
demand_175 7 15 74.369544
demand_176 7 16 1637.124324
demand_177 7 17 284.547894
demand_178 7 18 468.319361
demand_179 7 19 436.255702
demand_180 7 20 208.691693
demand_181 7 21 1524.231637
demand_182 7 22 1349.078289
demand_183 7 23 45.032160
demand_184 8 0 413.497232
demand_185 8 1 441.399509
demand_186 8 2 1098.503584
demand_187 8 3 1249.009114
demand_188 8 4 857.838873
demand_189 8 5 39.373146
demand_190 8 6 1804.683860
demand_191 8 7 1441.946955
demand_192 8 9 764.000331
demand_193 8 10 103.960288
demand_194 8 11 174.318469
demand_195 8 12 510.063921
demand_196 8 13 398.297366
demand_197 8 14 363.474672
demand_198 8 15 46.973455
demand_199 8 16 1034.044068
demand_200 8 17 179.726767
demand_201 8 18 295.800905
demand_202 8 19 275.548786
demand_203 8 20 131.814306
demand_204 8 21 962.738540
demand_205 8 22 852.107797
demand_206 8 23 28.443312
demand_207 9 0 268.307514
demand_208 9 1 286.412570
demand_209 9 2 712.790178
demand_210 9 3 810.449271
demand_211 9 4 556.629156
demand_212 9 5 25.548202
demand_213 9 6 1171.012046
demand_214 9 7 935.641578
demand_215 9 8 367.591971
demand_216 9 10 67.457105
demand_217 9 11 113.110685
demand_218 9 12 330.967107
demand_219 9 13 258.444719
demand_220 9 14 235.849186
demand_221 9 15 30.479844
demand_222 9 16 670.964087
demand_223 9 17 116.619987
demand_224 9 18 191.937453
demand_225 9 19 178.796384
demand_226 9 20 85.530848
demand_227 9 21 624.695800
demand_228 9 22 552.910411
demand_229 9 23 18.456120
demand_230 10 0 252.759348
demand_231 10 1 269.815233
demand_232 10 2 671.484664
demand_233 10 3 763.484505
demand_234 10 4 524.373025
demand_235 10 5 24.067708
demand_236 10 6 1103.153010
demand_237 10 7 881.422037
demand_238 10 8 346.290365
demand_239 10 9 467.012136
demand_240 10 11 106.556028
demand_241 10 12 311.787877
demand_242 10 13 243.468093
demand_243 10 14 222.181950
demand_244 10 15 28.713566
demand_245 10 16 632.082356
demand_246 10 17 109.861970
demand_247 10 18 180.814860
demand_248 10 19 168.435303
demand_249 10 20 80.574416
demand_250 10 21 588.495272
demand_251 10 22 520.869778
demand_252 10 23 17.386605
demand_253 11 0 1409.557130
demand_254 11 1 1504.672286
demand_255 11 2 3744.652781
demand_256 11 3 4257.706139
demand_257 11 4 2924.258753
demand_258 11 5 134.217825
demand_259 11 6 6151.927525
demand_260 11 7 4915.405607
demand_261 11 8 1931.149360
demand_262 11 9 2604.375631
demand_263 11 10 354.386810
demand_264 11 12 1738.740146
demand_265 11 13 1357.742806
demand_266 11 14 1239.036869
demand_267 11 15 160.126268
demand_268 11 16 3524.918853
demand_269 11 17 612.664671
demand_270 11 18 1008.345988
demand_271 11 19 939.309205
demand_272 11 20 449.337459
demand_273 11 21 3281.847784
demand_274 11 22 2904.722279
demand_275 11 23 96.959472
demand_276 12 0 1584.038959
demand_277 12 1 1690.927932
demand_278 12 2 4208.184094
demand_279 12 3 4784.745690
demand_280 12 4 3286.237708
demand_281 12 5 150.831959
demand_282 12 6 6913.443001
demand_283 12 7 5523.858394
demand_284 12 8 2170.196410
demand_285 12 9 2926.757899
demand_286 12 10 398.254531
demand_287 12 11 667.784995
demand_288 12 13 1525.810807
demand_289 12 14 1392.410872
demand_290 12 15 179.947475
demand_291 12 16 3961.250434
demand_292 12 17 688.503280
demand_293 12 18 1133.163953
demand_294 12 19 1055.581462
demand_295 12 20 504.958633
demand_296 12 21 3688.090847
demand_297 12 22 3264.282914
demand_298 12 23 108.961586
demand_299 13 0 566.271795
demand_300 13 1 604.483109
demand_301 13 2 1504.367014
demand_302 13 3 1710.479729
demand_303 13 4 1174.784063
demand_304 13 5 53.920318
demand_305 13 6 2471.459274
demand_306 13 7 1974.702193
demand_307 13 8 775.814893
demand_308 13 9 1046.275055
demand_309 13 10 142.370430
demand_310 13 11 238.723805
demand_311 13 12 698.516919
demand_312 13 14 497.767431
demand_313 13 15 64.328708
demand_314 13 16 1416.091681
demand_315 13 17 246.130303
demand_316 13 18 405.090280
demand_317 13 19 377.355624
demand_318 13 20 180.515656
demand_319 13 21 1318.440946
demand_320 13 22 1166.935531
demand_321 13 23 38.952245
demand_322 14 0 497.828694
demand_323 14 1 531.421554
demand_324 14 2 1322.539942
demand_325 14 3 1503.740603
demand_326 14 4 1032.792419
demand_327 14 5 47.403176
demand_328 14 6 2172.743469
demand_329 14 7 1736.027512
demand_330 14 8 682.045122
demand_331 14 9 919.815801
demand_332 14 10 125.162662
demand_333 14 11 209.870174
demand_334 14 12 614.089857
demand_335 14 13 479.528864
demand_336 14 15 56.553544
demand_337 14 16 1244.934110
demand_338 14 17 216.381477
demand_339 14 18 356.128571
demand_340 14 19 331.746096
demand_341 14 20 158.697421
demand_342 14 21 1159.086044
demand_343 14 22 1025.892509
demand_344 14 23 34.244236
demand_345 15 0 670.101870
demand_346 15 1 715.319508
demand_347 15 2 1780.203710
demand_348 15 3 2024.108698
demand_349 15 4 1390.189314
demand_350 15 5 63.807003
demand_351 15 6 2924.619409
demand_352 15 7 2336.778284
demand_353 15 8 918.066229
demand_354 15 9 1238.117239
demand_355 15 10 168.475090
demand_356 15 11 282.495561
demand_357 15 12 826.595105
demand_358 15 13 645.469399
demand_359 15 14 589.036730
demand_360 15 16 1675.742449
demand_361 15 17 291.260094
demand_362 15 18 479.366546
demand_363 15 19 446.546537
demand_364 15 20 213.614521
demand_365 15 21 1560.186737
demand_366 15 22 1380.901696
demand_367 15 23 46.094424
demand_368 16 0 365.913815
demand_369 16 1 390.605222
demand_370 16 2 972.092691
demand_371 16 3 1105.278716
demand_372 16 4 759.122601
demand_373 16 5 34.842260
demand_374 16 6 1597.008890
demand_375 16 7 1276.014131
demand_376 16 8 501.316487
demand_377 16 9 676.082581
demand_378 16 10 91.997002
demand_379 16 11 154.258677
demand_380 16 12 451.368040
demand_381 16 13 352.463081
demand_382 16 14 321.647628
demand_383 16 15 41.567959
demand_384 16 17 159.044612
demand_385 16 18 261.761456
demand_386 16 19 243.839861
demand_387 16 20 116.645704
demand_388 16 21 851.950883
demand_389 16 22 754.051033
demand_390 16 23 25.170183
demand_391 17 0 133.468572
demand_392 17 1 142.474865
demand_393 17 2 354.574816
demand_394 17 3 403.154967
demand_395 17 4 276.893098
demand_396 17 5 12.708858
demand_397 17 6 582.515575
demand_398 17 7 465.431413
demand_399 17 8 182.857255
demand_400 17 9 246.603908
demand_401 17 10 33.556285
demand_402 17 11 56.266488
demand_403 17 12 164.638353
demand_404 17 13 128.562362
demand_405 17 14 117.322298
demand_406 17 15 15.162084
demand_407 17 16 333.768583
demand_408 17 18 95.478570
demand_409 17 19 88.941594
demand_410 17 20 42.547001
demand_411 17 21 310.752596
demand_412 17 22 275.043222
demand_413 17 23 9.180928
demand_414 18 0 1650.858681
demand_415 18 1 1762.256564
demand_416 18 2 4385.698471
demand_417 18 3 4986.581240
demand_418 18 4 3424.861501
demand_419 18 5 157.194523
demand_420 18 6 7205.073667
demand_421 18 7 5756.872031
demand_422 18 8 2261.742088
demand_423 18 9 3050.217708
demand_424 18 10 415.054154
demand_425 18 11 695.954256
demand_426 18 12 2036.394412
demand_427 18 13 1590.174282
demand_428 18 14 1451.147121
demand_429 18 15 187.538223
demand_430 18 16 4128.348376
demand_431 18 17 717.546504
demand_432 18 19 1100.109192
demand_433 18 20 526.259368
demand_434 18 21 3843.666063
demand_435 18 22 3401.980585
demand_436 18 23 113.557927
demand_437 19 0 445.299905
demand_438 19 1 475.348187
demand_439 19 2 1182.991092
demand_440 19 3 1345.072221
demand_441 19 4 923.816508
demand_442 19 5 42.401392
demand_443 19 6 1943.484719
demand_444 19 7 1552.849192
demand_445 19 8 610.078590
demand_446 19 9 822.760707
demand_447 19 10 111.956025
demand_448 19 11 187.725556
demand_449 19 12 549.293679
demand_450 19 13 428.930995
demand_451 19 14 391.430037
demand_452 19 15 50.586252
demand_453 19 16 1113.573900
demand_454 19 17 193.549814
demand_455 19 18 318.551383
demand_456 19 20 141.952336
demand_457 19 21 1036.784161
demand_458 19 22 917.644647
demand_459 19 23 30.630928
demand_460 20 0 14.600963
demand_461 20 1 15.586217
demand_462 20 2 38.789159
demand_463 20 3 44.103646
demand_464 20 4 30.291069
demand_465 20 5 1.390302
demand_466 20 6 63.725025
demand_467 20 7 50.916456
demand_468 20 8 20.003900
demand_469 20 9 26.977545
demand_470 20 10 3.670932
demand_471 20 11 6.155343
demand_472 20 12 18.010820
demand_473 20 13 14.064242
demand_474 20 14 12.834621
demand_475 20 15 1.658675
demand_476 20 16 36.513035
demand_477 20 17 6.346315
demand_478 20 18 10.444998
demand_479 20 19 9.729878
demand_480 20 21 33.995172
demand_481 20 22 30.088700
demand_482 20 23 1.004359
demand_483 21 0 480.674821
demand_484 21 1 513.110158
demand_485 21 2 1276.968677
demand_486 21 3 1451.925638
demand_487 21 4 997.205095
demand_488 21 5 45.769786
demand_489 21 6 2097.876416
demand_490 21 7 1676.208547
demand_491 21 8 658.543632
demand_492 21 9 888.121356
demand_493 21 10 120.849884
demand_494 21 11 202.638597
demand_495 21 12 592.929928
demand_496 21 13 463.005554
demand_497 21 14 422.525495
demand_498 21 15 54.604857
demand_499 21 16 1202.036939
demand_500 21 17 208.925537
demand_501 21 18 343.857313
demand_502 21 19 320.314994
demand_503 21 20 153.229123
demand_504 21 22 990.542938
demand_505 21 23 33.064269
demand_506 22 0 301.691983
demand_507 22 1 322.049782
demand_508 22 2 801.479912
demand_509 22 3 911.290350
demand_510 22 4 625.888376
demand_511 22 5 28.727067
demand_512 22 6 1316.716561
demand_513 22 7 1052.059853
demand_514 22 8 413.330023
demand_515 22 9 557.422777
demand_516 22 10 75.850533
demand_517 22 11 127.184611
demand_518 22 12 372.148068
demand_519 22 13 290.601999
demand_520 22 14 265.194991
demand_521 22 15 34.272333
demand_522 22 16 754.449563
demand_523 22 17 131.130563
demand_524 22 18 215.819490
demand_525 22 19 201.043329
demand_526 22 20 96.173122
demand_527 22 21 702.424291
demand_528 22 23 20.752543
demand_529 23 0 157.773833
demand_530 23 1 168.420214
demand_531 23 2 419.144573
demand_532 23 3 476.571401
demand_533 23 4 327.316646
demand_534 23 5 15.023201
demand_535 23 6 688.594428
demand_536 23 7 550.188684
demand_537 23 8 216.156430
demand_538 23 9 291.511651
demand_539 23 10 39.667044
demand_540 23 11 66.512883
demand_541 23 12 194.619779
demand_542 23 13 151.974178
demand_543 23 14 138.687246
demand_544 23 15 17.923172
demand_545 23 16 394.549427
demand_546 23 17 68.576471
demand_547 23 18 112.865671
demand_548 23 19 105.138281
demand_549 23 20 50.295012
demand_550 23 21 367.342120
demand_551 23 22 325.129899
