DEMANDS 552
label src dest bw
demand_0 0 1 417.869562
demand_1 0 2 1400.949531
demand_2 0 3 884.560240
demand_3 0 4 1326.264938
demand_4 0 5 344.288865
demand_5 0 6 7130.766363
demand_6 0 7 869.096860
demand_7 0 8 486.556482
demand_8 0 9 1261.468411
demand_9 0 10 3335.723279
demand_10 0 11 1883.652175
demand_11 0 12 4893.225827
demand_12 0 13 3519.219239
demand_13 0 14 1005.066545
demand_14 0 15 1039.040479
demand_15 0 16 461.493937
demand_16 0 17 2129.658479
demand_17 0 18 1284.684569
demand_18 0 19 475.357139
demand_19 0 20 1526.299432
demand_20 0 21 1247.402399
demand_21 0 22 1600.144101
demand_22 0 23 1929.552841
demand_23 1 0 170.217007
demand_24 1 2 116.246689
demand_25 1 3 73.398218
demand_26 1 4 110.049580
demand_27 1 5 28.568082
demand_28 1 6 591.690108
demand_29 1 7 72.115112
demand_30 1 8 40.373032
demand_31 1 9 104.672954
demand_32 1 10 276.788548
demand_33 1 11 156.299941
demand_34 1 12 406.025548
demand_35 1 13 292.014506
demand_36 1 14 83.397478
demand_37 1 15 86.216536
demand_38 1 16 38.293415
demand_39 1 17 176.712823
demand_40 1 18 106.599363
demand_41 1 19 39.443743
demand_42 1 20 126.647857
demand_43 1 21 103.505798
demand_44 1 22 132.775271
demand_45 1 23 160.108644
demand_46 2 0 811.561881
demand_47 2 1 165.317005
demand_48 2 3 349.948556
demand_49 2 4 524.695186
demand_50 2 5 136.207107
demand_51 2 6 2821.064389
demand_52 2 7 343.830954
demand_53 2 8 192.490834
demand_54 2 9 499.060470
demand_55 2 10 1319.674447
demand_56 2 11 745.207990
demand_57 2 12 1935.851552
demand_58 2 13 1392.268876
demand_59 2 14 397.623102
demand_60 2 15 411.063825
demand_61 2 16 182.575623
demand_62 2 17 842.532680
demand_63 2 18 508.245216
demand_64 2 19 188.060165
demand_65 2 20 603.832569
demand_66 2 21 493.495693
demand_67 2 22 633.046900
demand_68 2 23 763.367151
demand_69 3 0 473.249078
demand_70 3 1 96.401916
demand_71 3 2 323.197073
demand_72 3 4 305.967443
demand_73 3 5 79.426953
demand_74 3 6 1645.057700
demand_75 3 7 200.499415
demand_76 3 8 112.247891
demand_77 3 9 291.018976
demand_78 3 10 769.546636
demand_79 3 11 434.555889
demand_80 3 12 1128.860268
demand_81 3 13 811.878894
demand_82 3 14 231.867428
demand_83 3 15 239.705167
demand_84 3 16 106.465998
demand_85 3 17 491.309195
demand_86 3 18 296.374911
demand_87 3 19 109.664219
demand_88 3 20 352.115117
demand_89 3 21 287.773967
demand_90 3 22 369.150978
demand_91 3 23 445.145107
demand_92 4 0 476.838838
demand_93 4 1 97.133158
demand_94 4 2 325.648635
demand_95 4 3 205.614713
demand_96 4 5 80.029435
demand_97 4 6 1657.536038
demand_98 4 7 202.020273
demand_99 4 8 113.099331
demand_100 4 9 293.226456
demand_101 4 10 775.383916
demand_102 4 11 437.852147
demand_103 4 12 1137.423068
demand_104 4 13 818.037279
demand_105 4 14 233.626224
demand_106 4 15 241.523414
demand_107 4 16 107.273580
demand_108 4 17 495.035947
demand_109 4 18 298.623018
demand_110 4 19 110.496060
demand_111 4 20 354.786034
demand_112 4 21 289.956833
demand_113 4 22 371.951117
demand_114 4 23 448.521689
demand_115 5 0 696.680379
demand_116 5 1 141.915381
demand_117 5 2 475.785520
demand_118 5 3 300.411218
demand_119 5 4 450.421403
demand_120 5 6 2421.725630
demand_121 5 7 295.159599
demand_122 5 8 165.242590
demand_123 5 9 428.415436
demand_124 5 10 1132.866532
demand_125 5 11 639.719284
demand_126 5 12 1661.820034
demand_127 5 13 1195.184780
demand_128 5 14 341.337142
demand_129 5 15 352.875249
demand_130 5 16 156.730937
demand_131 5 17 723.267074
demand_132 5 18 436.300026
demand_133 5 19 161.439109
demand_134 5 20 518.356410
demand_135 5 21 423.638387
demand_136 5 22 543.435275
demand_137 5 23 655.307905
demand_138 6 0 953.797517
demand_139 6 1 194.290728
demand_140 6 2 651.379114
demand_141 6 3 411.281101
demand_142 6 4 616.654106
demand_143 6 5 160.078983
demand_144 6 7 404.091318
demand_145 6 8 226.227086
demand_146 6 9 586.526608
demand_147 6 10 1550.962705
demand_148 6 11 875.814337
demand_149 6 12 2275.131997
demand_150 6 13 1636.280151
demand_151 6 14 467.311164
demand_152 6 15 483.107529
demand_153 6 16 214.574119
demand_154 6 17 990.196308
demand_155 6 18 597.321087
demand_156 6 19 221.019891
demand_157 6 20 709.661233
demand_158 6 21 579.986539
demand_159 6 22 743.995714
demand_160 6 23 897.156102
demand_161 7 0 1246.573875
demand_162 7 1 253.929940
demand_163 7 2 851.325541
demand_164 7 3 537.527376
demand_165 7 4 805.941392
demand_166 7 5 209.216604
demand_167 7 6 4333.206440
demand_168 7 8 295.669437
demand_169 7 9 766.565999
demand_170 7 10 2027.044059
demand_171 7 11 1144.653087
demand_172 7 12 2973.503350
demand_173 7 13 2138.550430
demand_174 7 14 610.756348
demand_175 7 15 631.401544
demand_176 7 16 280.439493
demand_177 7 17 1294.145589
demand_178 7 18 780.673937
demand_179 7 19 288.863849
demand_180 7 20 927.497858
demand_181 7 21 758.018400
demand_182 7 22 972.371603
demand_183 7 23 1172.545890
demand_184 8 0 92.812443
demand_185 8 1 18.906106
demand_186 8 2 63.384613
demand_187 8 3 40.021077
demand_188 8 4 60.005581
demand_189 8 5 15.577018
demand_190 8 6 322.624661
demand_191 8 7 39.321451
demand_192 8 9 57.073924
demand_193 8 10 150.921589
demand_194 8 11 85.224030
demand_195 8 12 221.389293
demand_196 8 13 159.223687
demand_197 8 14 45.473268
demand_198 8 15 47.010386
demand_199 8 16 20.879849
demand_200 8 17 96.354348
demand_201 8 18 58.124317
demand_202 8 19 21.507076
demand_203 8 20 69.055949
demand_204 8 21 56.437521
demand_205 8 22 72.396980
demand_206 8 23 87.300761
demand_207 9 0 742.425429
demand_208 9 1 151.233752
demand_209 9 2 507.026292
demand_210 9 3 320.136656
demand_211 9 4 479.996730
demand_212 9 5 124.603708
demand_213 9 6 2580.739668
demand_214 9 7 314.540209
demand_215 9 8 176.092659
demand_216 9 10 1207.252201
demand_217 9 11 681.724185
demand_218 9 12 1770.937562
demand_219 9 13 1273.662357
demand_220 9 14 363.749837
demand_221 9 15 376.045553
demand_222 9 16 167.022119
demand_223 9 17 770.757845
demand_224 9 18 464.948122
demand_225 9 19 172.039436
demand_226 9 20 552.392448
demand_227 9 21 451.455102
demand_228 9 22 579.118028
demand_229 9 23 698.336378
demand_230 10 0 151.147397
demand_231 10 1 30.789069
demand_232 10 2 103.223436
demand_233 10 3 65.175330
demand_234 10 4 97.720597
demand_235 10 5 25.367566
demand_236 10 6 525.402373
demand_237 10 7 64.035972
demand_238 10 8 35.849994
demand_239 10 9 92.946321
demand_240 10 11 138.789475
demand_241 10 12 360.538031
demand_242 10 13 259.299779
demand_243 10 14 74.054361
demand_244 10 15 76.557596
demand_245 10 16 34.003359
demand_246 10 17 156.915479
demand_247 10 18 94.656912
demand_248 10 19 35.024814
demand_249 10 20 112.459349
demand_250 10 21 91.909922
demand_251 10 22 117.900302
demand_252 10 23 142.171485
demand_253 11 0 581.680734
demand_254 11 1 118.489692
demand_255 11 2 397.248551
demand_256 11 3 250.822935
demand_257 11 4 376.071238
demand_258 11 5 97.625396
demand_259 11 6 2021.976196
demand_260 11 7 246.438191
demand_261 11 8 137.966324
demand_262 11 9 357.697752
demand_263 11 10 945.866506
demand_264 11 12 1387.506705
demand_265 11 13 997.898005
demand_266 11 14 284.993299
demand_267 11 15 294.626834
demand_268 11 16 130.859673
demand_269 11 17 603.878816
demand_270 11 18 364.280848
demand_271 11 19 134.790676
demand_272 11 20 432.792348
demand_273 11 21 353.709241
demand_274 11 22 453.731495
demand_275 11 23 547.137532
demand_276 12 0 1284.718638
demand_277 12 1 261.700115
demand_278 12 2 877.375831
demand_279 12 3 553.975542
demand_280 12 4 830.602941
demand_281 12 5 215.618566
demand_282 12 6 4465.801174
demand_283 12 7 544.291256
demand_284 12 8 304.716828
demand_285 12 9 790.022674
demand_286 12 10 2089.070961
demand_287 12 11 1179.679107
demand_288 12 13 2203.989391
demand_289 12 14 629.445298
demand_290 12 15 650.722230
demand_291 12 16 289.020852
demand_292 12 17 1333.746031
demand_293 12 18 804.562310
demand_294 12 19 297.702990
demand_295 12 20 955.878997
demand_296 12 21 781.213521
demand_297 12 22 1002.125864
demand_298 12 23 1208.425421
demand_299 13 0 1286.772339
demand_300 13 1 262.118459
demand_301 13 2 878.778369
demand_302 13 3 554.861105
demand_303 13 4 831.930711
demand_304 13 5 215.963245
demand_305 13 6 4472.940028
demand_306 13 7 545.161338
demand_307 13 8 305.203936
demand_308 13 9 791.285573
demand_309 13 10 2092.410468
demand_310 13 11 1181.564895
demand_311 13 12 3069.390379
demand_312 13 14 630.451504
demand_313 13 15 651.762449
demand_314 13 16 289.482869
demand_315 13 17 1335.878105
demand_316 13 18 805.848452
demand_317 13 19 298.178887
demand_318 13 20 957.407027
demand_319 13 21 782.462338
demand_320 13 22 1003.727823
demand_321 13 23 1210.357162
demand_322 14 0 541.181369
demand_323 14 1 110.239879
demand_324 14 2 369.590227
demand_325 14 3 233.359456
demand_326 14 4 349.887379
demand_327 14 5 90.828254
demand_328 14 6 1881.196646
demand_329 14 7 229.279998
demand_330 14 8 128.360456
demand_331 14 9 332.793142
demand_332 14 10 880.010805
demand_333 14 11 496.933986
demand_334 14 12 1290.901924
demand_335 14 13 928.419625
demand_336 14 15 274.113519
demand_337 14 16 121.748604
demand_338 14 17 561.833916
demand_339 14 18 338.917892
demand_340 14 19 125.405912
demand_341 14 20 402.659297
demand_342 14 21 329.082330
demand_343 14 22 422.140561
demand_344 14 23 509.043229
demand_345 15 0 190.259731
demand_346 15 1 38.756341
demand_347 15 2 129.934512
demand_348 15 3 82.040717
demand_349 15 4 123.007706
demand_350 15 5 31.931918
demand_351 15 6 661.360477
demand_352 15 7 80.606527
demand_353 15 8 45.126878
demand_354 15 9 116.997992
demand_355 15 10 309.379865
demand_356 15 11 174.703957
demand_357 15 12 453.834273
demand_358 15 13 326.398650
demand_359 15 14 93.217370
demand_360 15 16 42.802391
demand_361 15 17 197.520417
demand_362 15 18 119.151232
demand_363 15 19 44.088168
demand_364 15 20 141.560397
demand_365 15 21 115.693406
demand_366 15 22 148.409303
demand_367 15 23 178.961127
demand_368 16 0 33.711841
demand_369 16 1 6.867179
demand_370 16 2 23.022904
demand_371 16 3 14.536673
demand_372 16 4 21.795554
demand_373 16 5 5.657969
demand_374 16 6 117.185486
demand_375 16 7 14.282552
demand_376 16 8 7.995965
demand_377 16 9 20.730702
demand_378 16 10 54.818562
demand_379 16 11 30.955536
demand_380 16 12 80.414225
demand_381 16 13 57.834095
demand_382 16 14 16.517048
demand_383 16 15 17.075369
demand_384 16 17 34.998351
demand_385 16 18 21.112231
demand_386 16 19 7.811917
demand_387 16 20 25.082878
demand_388 16 21 20.499544
demand_389 16 22 26.296425
demand_390 16 23 31.709858
demand_391 17 0 2305.569099
demand_392 17 1 469.649682
demand_393 17 2 1574.547565
demand_394 17 3 994.170127
demand_395 17 4 1490.608464
demand_396 17 5 386.951265
demand_397 17 6 8014.372087
demand_398 17 7 976.790609
demand_399 17 8 546.847910
demand_400 17 9 1417.782705
demand_401 17 10 3749.067937
demand_402 17 11 2117.064091
demand_403 17 12 5499.567717
demand_404 17 13 3955.301717
demand_405 17 14 1129.608916
demand_406 17 15 1167.792715
demand_407 17 16 518.679752
demand_408 17 18 1443.875683
demand_409 17 19 534.260807
demand_410 17 20 1715.430144
demand_411 17 21 1401.973710
demand_412 17 22 1798.425241
demand_413 17 23 2168.652518
demand_414 18 0 634.551529
demand_415 18 1 129.259593
demand_416 18 2 433.355724
demand_417 18 3 273.621022
demand_418 18 4 410.253538
demand_419 18 5 106.498876
demand_420 18 6 2205.759986
demand_421 18 7 268.837735
demand_422 18 8 150.506518
demand_423 18 9 390.210028
demand_424 18 10 1031.839294
demand_425 18 11 582.670134
demand_426 18 12 1513.621563
demand_427 18 13 1088.600100
demand_428 18 14 310.897238
demand_429 18 15 321.406395
demand_430 18 16 142.753921
demand_431 18 17 658.767265
demand_432 18 19 147.042226
demand_433 18 20 472.130209
demand_434 18 21 385.858989
demand_435 18 22 494.972581
demand_436 18 23 596.868587
demand_437 19 0 27.045922
demand_438 19 1 5.509316
demand_439 19 2 18.470533
demand_440 19 3 11.662304
demand_441 19 4 17.485869
demand_442 19 5 4.539206
demand_443 19 6 94.014134
demand_444 19 7 11.458430
demand_445 19 8 6.414905
demand_446 19 9 16.631573
demand_447 19 10 43.979163
demand_448 19 11 24.834628
demand_449 19 12 64.513737
demand_450 19 13 46.398428
demand_451 19 14 13.251095
demand_452 19 15 13.699017
demand_453 19 16 6.084473
demand_454 19 17 28.078048
demand_455 19 18 16.937662
demand_456 19 20 20.123183
demand_457 19 21 16.446122
demand_458 19 22 21.096773
demand_459 19 23 25.439796
demand_460 20 0 411.282770
demand_461 20 1 83.779238
demand_462 20 2 280.878280
demand_463 20 3 177.346688
demand_464 20 4 265.904665
demand_465 20 5 69.026944
demand_466 20 6 1429.657065
demand_467 20 7 174.246414
demand_468 20 8 97.550372
demand_469 20 9 252.913521
demand_470 20 10 668.783706
demand_471 20 11 377.655991
demand_472 20 12 981.049514
demand_473 20 13 705.573061
demand_474 20 14 201.507161
demand_475 20 15 208.318641
demand_476 20 16 92.525548
demand_477 20 17 426.978130
demand_478 20 18 257.568160
demand_479 20 19 95.305001
demand_480 20 21 250.093407
demand_481 20 22 320.815071
demand_482 20 23 386.858678
demand_483 21 0 433.919523
demand_484 21 1 88.390396
demand_485 21 2 296.337650
demand_486 21 3 187.107742
demand_487 21 4 280.539896
demand_488 21 5 72.826145
demand_489 21 6 1508.344520
demand_490 21 7 183.836830
demand_491 21 8 102.919485
demand_492 21 9 266.833727
demand_493 21 10 705.593154
demand_494 21 11 398.441947
demand_495 21 12 1035.045882
demand_496 21 13 744.407373
demand_497 21 14 212.597993
demand_498 21 15 219.784373
demand_499 21 16 97.618098
demand_500 21 17 450.478747
demand_501 21 18 271.744555
demand_502 21 19 100.550530
demand_503 21 20 322.852449
demand_504 21 22 338.472538
demand_505 21 23 408.151145
demand_506 22 0 3209.087760
demand_507 22 1 653.698492
demand_508 22 2 2191.589625
demand_509 22 3 1383.770795
demand_510 22 4 2074.756023
demand_511 22 5 538.591782
demand_512 22 6 11155.086773
demand_513 22 7 1359.580499
demand_514 22 8 761.149573
demand_515 22 9 1973.390919
demand_516 22 10 5218.272586
demand_517 22 11 2946.710408
demand_518 22 12 7654.767514
demand_519 22 13 5505.326354
demand_520 22 14 1572.286056
demand_521 22 15 1625.433525
demand_522 22 16 721.942727
demand_523 22 17 3331.552868
demand_524 22 18 2009.709352
demand_525 22 19 743.629768
demand_526 22 20 2387.682016
demand_527 22 21 1951.386611
demand_528 22 23 3018.515581
demand_529 23 0 2506.660152
demand_530 23 1 510.612387
demand_531 23 2 1711.879137
demand_532 23 3 1080.881350
demand_533 23 4 1620.618892
demand_534 23 5 420.701040
demand_535 23 6 8713.383241
demand_536 23 7 1061.985996
demand_537 23 8 594.543823
demand_538 23 9 1541.441291
demand_539 23 10 4076.060530
demand_540 23 11 2301.713793
demand_541 23 12 5979.238380
demand_542 23 13 4300.281958
demand_543 23 14 1228.133071
demand_544 23 15 1269.647249
demand_545 23 16 563.918846
demand_546 23 17 2602.319239
demand_547 23 18 1569.810092
demand_548 23 19 580.858875
demand_549 23 20 1865.049451
demand_550 23 21 1524.253440
demand_551 23 22 1955.283357
