DEMANDS 552
label src dest bw
demand_0 0 1 40.722239
demand_1 0 2 83.790154
demand_2 0 3 36.908590
demand_3 0 4 39.622095
demand_4 0 5 47.306563
demand_5 0 6 8.060341
demand_6 0 7 592.498902
demand_7 0 8 105.803538
demand_8 0 9 53.753169
demand_9 0 10 27.087782
demand_10 0 11 16.830385
demand_11 0 12 83.105444
demand_12 0 13 107.448743
demand_13 0 14 69.380072
demand_14 0 15 44.714441
demand_15 0 16 16.450718
demand_16 0 17 11.346693
demand_17 0 18 24.432484
demand_18 0 19 209.062476
demand_19 0 20 0.516079
demand_20 0 21 229.087147
demand_21 0 22 8.879392
demand_22 0 23 102.963937
demand_23 1 0 528.461420
demand_24 1 2 802.175450
demand_25 1 3 353.348974
demand_26 1 4 379.327050
demand_27 1 5 452.895262
demand_28 1 6 77.166680
demand_29 1 7 5672.361863
demand_30 1 8 1012.923321
demand_31 1 9 514.612641
demand_32 1 10 259.328247
demand_33 1 11 161.127785
demand_34 1 12 795.620292
demand_35 1 13 1028.673888
demand_36 1 14 664.218743
demand_37 1 15 428.079258
demand_38 1 16 157.492992
demand_39 1 17 108.628976
demand_40 1 18 233.907421
demand_41 1 19 2001.485593
demand_42 1 20 4.940751
demand_43 1 21 2193.194267
demand_44 1 22 85.007960
demand_45 1 23 985.738046
demand_46 2 0 482.444608
demand_47 2 1 355.911647
demand_48 2 3 322.580421
demand_49 2 4 346.296405
demand_50 2 5 413.458521
demand_51 2 6 70.447240
demand_52 2 7 5178.429855
demand_53 2 8 924.721041
demand_54 2 9 469.801739
demand_55 2 10 236.746732
demand_56 2 11 147.097268
demand_57 2 12 726.340098
demand_58 2 13 939.100097
demand_59 2 14 606.380596
demand_60 2 15 390.803419
demand_61 2 16 143.778982
demand_62 2 17 99.169895
demand_63 2 18 213.539474
demand_64 2 19 1827.202319
demand_65 2 20 4.510525
demand_66 2 21 2002.217584
demand_67 2 22 77.605726
demand_68 2 23 899.902977
demand_69 3 0 128.263841
demand_70 3 1 94.623495
demand_71 3 2 194.697475
demand_72 3 4 92.067164
demand_73 3 5 109.923040
demand_74 3 6 18.729266
demand_75 3 7 1376.749353
demand_76 3 8 245.848477
demand_77 3 9 124.902578
demand_78 3 10 62.942034
demand_79 3 11 39.107620
demand_80 3 12 193.106461
demand_81 3 13 249.671326
demand_82 3 14 161.213750
demand_83 3 15 103.899902
demand_84 3 16 38.225413
demand_85 3 17 26.365538
demand_86 3 18 56.772099
demand_87 3 19 485.784240
demand_88 3 20 1.199179
demand_89 3 21 532.314203
demand_90 3 22 20.632438
demand_91 3 23 239.250289
demand_92 4 0 530.538438
demand_93 4 1 391.391687
demand_94 4 2 805.328249
demand_95 4 3 354.737746
demand_96 4 5 454.675282
demand_97 4 6 77.469969
demand_98 4 7 5694.656013
demand_99 4 8 1016.904425
demand_100 4 9 516.635229
demand_101 4 10 260.347488
demand_102 4 11 161.761067
demand_103 4 12 798.747328
demand_104 4 13 1032.716897
demand_105 4 14 666.829330
demand_106 4 15 429.761743
demand_107 4 16 158.111989
demand_108 4 17 109.055922
demand_109 4 18 234.826750
demand_110 4 19 2009.352055
demand_111 4 20 4.960169
demand_112 4 21 2201.814203
demand_113 4 22 85.342068
demand_114 4 23 989.612304
demand_115 5 0 1361.257181
demand_116 5 1 1004.234014
demand_117 5 2 2066.313737
demand_118 5 3 910.187216
demand_119 5 4 977.103817
demand_120 5 6 198.772688
demand_121 5 7 14611.366186
demand_122 5 8 2609.176550
demand_123 5 9 1325.584285
demand_124 5 10 668.000397
demand_125 5 11 415.047052
demand_126 5 12 2049.428388
demand_127 5 13 2649.748241
demand_128 5 14 1710.952777
demand_129 5 15 1102.684023
demand_130 5 16 405.684235
demand_131 5 17 279.816024
demand_132 5 18 602.519208
demand_133 5 19 5155.601780
demand_134 5 20 12.726818
demand_135 5 21 5649.421761
demand_136 5 22 218.970945
demand_137 5 23 2539.150341
demand_138 6 0 197.880820
demand_139 6 1 145.981710
demand_140 6 2 300.372232
demand_141 6 3 132.310481
demand_142 6 4 142.037895
demand_143 6 5 169.585296
demand_144 6 7 2123.999174
demand_145 6 8 379.286151
demand_146 6 9 192.695186
demand_147 6 10 97.104697
demand_148 6 11 60.333824
demand_149 6 12 297.917672
demand_150 6 13 385.183904
demand_151 6 14 248.714750
demand_152 6 15 160.293016
demand_153 6 16 58.972787
demand_154 6 17 40.675800
demand_155 6 18 87.585944
demand_156 6 19 749.450379
demand_157 6 20 1.850049
demand_158 6 21 821.235126
demand_159 6 22 31.830980
demand_160 6 23 369.106705
demand_161 7 0 72.916694
demand_162 7 1 53.792498
demand_163 7 2 110.683542
demand_164 7 3 48.754816
demand_165 7 4 52.339250
demand_166 7 5 62.490135
demand_167 7 6 10.647398
demand_168 7 8 139.762369
demand_169 7 9 71.005851
demand_170 7 10 35.781909
demand_171 7 11 22.232286
demand_172 7 12 109.779067
demand_173 7 13 141.935620
demand_174 7 14 91.648384
demand_175 7 15 59.066042
demand_176 7 16 21.730760
demand_177 7 17 14.988541
demand_178 7 18 32.274363
demand_179 7 19 276.163420
demand_180 7 20 0.681721
demand_181 7 21 302.615233
demand_182 7 22 11.729332
demand_183 7 23 136.011366
demand_184 8 0 242.177764
demand_185 8 1 178.660691
demand_186 8 2 367.612563
demand_187 8 3 161.929067
demand_188 8 4 173.834027
demand_189 8 5 207.548097
demand_190 8 6 35.363138
demand_191 8 7 2599.470583
demand_192 8 9 235.831291
demand_193 8 10 118.842233
demand_194 8 11 73.839954
demand_195 8 12 364.608534
demand_196 8 13 471.409895
demand_197 8 14 304.391209
demand_198 8 15 196.175679
demand_199 8 16 72.174239
demand_200 8 17 49.781349
demand_201 8 18 107.192643
demand_202 8 19 917.219854
demand_203 8 20 2.264195
demand_204 8 21 1005.074097
demand_205 8 22 38.956558
demand_206 8 23 451.733707
demand_207 9 0 131.712764
demand_208 9 1 97.167853
demand_209 9 2 199.932752
demand_210 9 3 88.068057
demand_211 9 4 94.542785
demand_212 9 5 112.878793
demand_213 9 6 19.232883
demand_214 9 7 1413.769168
demand_215 9 8 252.459169
demand_216 9 10 64.634501
demand_217 9 11 40.159196
demand_218 9 12 198.298957
demand_219 9 13 256.384812
demand_220 9 14 165.548673
demand_221 9 15 106.693697
demand_222 9 16 39.253267
demand_223 9 17 27.074489
demand_224 9 18 58.298661
demand_225 9 19 498.846634
demand_226 9 20 1.231424
demand_227 9 21 546.627756
demand_228 9 22 21.187230
demand_229 9 23 245.683560
demand_230 10 0 727.517885
demand_231 10 1 536.708431
demand_232 10 2 1104.332245
demand_233 10 3 486.445535
demand_234 10 4 522.208817
demand_235 10 5 623.488094
demand_236 10 6 106.233185
demand_237 10 7 7808.980085
demand_238 10 8 1394.462876
demand_239 10 9 708.452663
demand_240 10 11 221.820062
demand_241 10 12 1095.307945
demand_242 10 13 1416.146237
demand_243 10 14 914.411150
demand_244 10 15 589.324603
demand_245 10 16 216.816147
demand_246 10 17 149.546438
demand_247 10 18 322.013728
demand_248 10 19 2755.388587
demand_249 10 20 6.801791
demand_250 10 21 3019.308493
demand_251 10 22 117.028054
demand_252 10 23 1357.037678
demand_253 11 0 1289.604309
demand_254 11 1 951.373869
demand_255 11 2 1957.548607
demand_256 11 3 862.277439
demand_257 11 4 925.671733
demand_258 11 5 1105.200228
demand_259 11 6 188.309835
demand_260 11 7 13842.263649
demand_261 11 8 2471.836600
demand_262 11 9 1255.809137
demand_263 11 10 632.838674
demand_264 11 12 1941.552058
demand_265 11 13 2510.272707
demand_266 11 14 1620.892881
demand_267 11 15 1044.641738
demand_268 11 16 384.330122
demand_269 11 17 265.087270
demand_270 11 18 570.804237
demand_271 11 19 4884.224938
demand_272 11 20 12.056913
demand_273 11 21 5352.051580
demand_274 11 22 207.444911
demand_275 11 23 2405.496380
demand_276 12 0 41.920427
demand_277 12 1 30.925764
demand_278 12 2 63.632908
demand_279 12 3 28.029557
demand_280 12 4 30.090279
demand_281 12 5 35.926109
demand_282 12 6 6.121280
demand_283 12 7 449.962515
demand_284 12 8 80.350573
demand_285 12 9 40.821866
demand_286 12 10 20.571323
demand_287 12 11 12.781530
demand_288 12 13 81.599993
demand_289 12 14 52.689434
demand_290 12 15 33.957569
demand_291 12 16 12.493199
demand_292 12 17 8.617040
demand_293 12 18 18.554806
demand_294 12 19 158.768695
demand_295 12 20 0.391927
demand_296 12 21 173.976067
demand_297 12 22 6.743293
demand_298 12 23 78.194089
demand_299 13 0 196.551162
demand_300 13 1 145.000787
demand_301 13 2 298.353884
demand_302 13 3 131.421423
demand_303 13 4 141.083473
demand_304 13 5 168.445769
demand_305 13 6 28.700677
demand_306 13 7 2109.726983
demand_307 13 8 376.737541
demand_308 13 9 191.400373
demand_309 13 10 96.452203
demand_310 13 11 59.928411
demand_311 13 12 295.915818
demand_312 13 14 247.043514
demand_313 13 15 159.215929
demand_314 13 16 58.576520
demand_315 13 17 40.402479
demand_316 13 18 86.997411
demand_317 13 19 744.414455
demand_318 13 20 1.837618
demand_319 13 21 815.716845
demand_320 13 22 31.617092
demand_321 13 23 366.626496
demand_322 14 0 159.046583
demand_323 14 1 117.332706
demand_324 14 2 241.423989
demand_325 14 3 106.344465
demand_326 14 4 114.162867
demand_327 14 5 136.304073
demand_328 14 6 23.224206
demand_329 14 7 1707.162977
demand_330 14 8 304.851001
demand_331 14 9 154.878633
demand_332 14 10 78.047838
demand_333 14 11 48.493272
demand_334 14 12 239.451139
demand_335 14 13 309.591317
demand_336 14 15 128.835409
demand_337 14 16 47.399340
demand_338 14 17 32.693148
demand_339 14 18 70.397146
demand_340 14 19 602.370262
demand_341 14 20 1.486976
demand_342 14 21 660.067207
demand_343 14 22 25.584130
demand_344 14 23 296.669278
demand_345 15 0 900.874687
demand_346 15 1 664.598149
demand_347 15 2 1367.478362
demand_348 15 3 602.358345
demand_349 15 4 646.643491
demand_350 15 5 772.056128
demand_351 15 6 131.546989
demand_352 15 7 9669.745086
demand_353 15 8 1726.742852
demand_354 15 9 877.266504
demand_355 15 10 442.080054
demand_356 15 11 274.676518
demand_357 15 12 1356.303705
demand_358 15 13 1753.593039
demand_359 15 14 1132.301867
demand_360 15 16 268.480243
demand_361 15 17 185.181152
demand_362 15 18 398.744859
demand_363 15 19 3411.957126
demand_364 15 20 8.422558
demand_365 15 21 3738.765261
demand_366 15 22 144.914117
demand_367 15 23 1680.399781
demand_368 16 0 732.720662
demand_369 16 1 540.546651
demand_370 16 2 1112.229775
demand_371 16 3 489.924306
demand_372 16 4 525.943345
demand_373 16 5 627.946911
demand_374 16 6 106.992902
demand_375 16 7 7864.825286
demand_376 16 8 1404.435249
demand_377 16 9 713.519097
demand_378 16 10 359.562983
demand_379 16 11 223.406388
demand_380 16 12 1103.140939
demand_381 16 13 1426.273676
demand_382 16 14 920.950478
demand_383 16 15 593.539104
demand_384 16 17 150.615905
demand_385 16 18 324.316579
demand_386 16 19 2775.093494
demand_387 16 20 6.850434
demand_388 16 21 3040.900800
demand_389 16 22 117.864969
demand_390 16 23 1366.742408
demand_391 17 0 404.946679
demand_392 17 1 298.739455
demand_393 17 2 614.686847
demand_394 17 3 270.762421
demand_395 17 4 290.668767
demand_396 17 5 347.042235
demand_397 17 6 59.130884
demand_398 17 7 4346.588060
demand_399 17 8 776.177634
demand_400 17 9 394.334709
demand_401 17 10 198.716705
demand_402 17 11 123.468164
demand_403 17 12 609.663795
demand_404 17 13 788.246898
demand_405 17 14 508.974097
demand_406 17 15 328.026356
demand_407 17 16 120.682914
demand_408 17 18 179.237366
demand_409 17 19 1533.688011
demand_410 17 20 3.785973
demand_411 17 21 1680.589540
demand_412 17 22 65.139460
demand_413 17 23 755.346243
demand_414 18 0 1133.149916
demand_415 18 1 835.953487
demand_416 18 2 1720.059419
demand_417 18 3 757.666208
demand_418 18 4 813.369526
demand_419 18 5 971.117680
demand_420 18 6 165.464144
demand_421 18 7 12162.924529
demand_422 18 8 2171.954152
demand_423 18 9 1103.454764
demand_424 18 10 556.062883
demand_425 18 11 345.497190
demand_426 18 12 1706.003566
demand_427 18 13 2205.727203
demand_428 18 14 1424.246661
demand_429 18 15 917.906128
demand_430 18 16 337.703311
demand_431 18 17 232.926965
demand_432 18 19 4291.672288
demand_433 18 20 10.594172
demand_434 18 21 4702.742347
demand_435 18 22 182.277759
demand_436 18 23 2113.662307
demand_437 19 0 1049.820864
demand_438 19 1 774.479528
demand_439 19 2 1593.570489
demand_440 19 3 701.949303
demand_441 19 4 753.556336
demand_442 19 5 899.704080
demand_443 19 6 153.296319
demand_444 19 7 11268.493036
demand_445 19 8 2012.233997
demand_446 19 9 1022.309420
demand_447 19 10 515.171389
demand_448 19 11 320.090179
demand_449 19 12 1580.548268
demand_450 19 13 2043.523461
demand_451 19 14 1319.511072
demand_452 19 15 850.405573
demand_453 19 16 312.869442
demand_454 19 17 215.798090
demand_455 19 18 464.671367
demand_456 19 20 9.815102
demand_457 19 21 4356.914265
demand_458 19 22 168.873502
demand_459 19 23 1958.228791
demand_460 20 0 493.400889
demand_461 20 1 363.994374
demand_462 20 2 748.955487
demand_463 20 3 329.906198
demand_464 20 4 354.160771
demand_465 20 5 422.848134
demand_466 20 6 72.047092
demand_467 20 7 5296.031614
demand_468 20 8 945.721387
demand_469 20 9 480.470901
demand_470 20 10 242.123233
demand_471 20 11 150.437836
demand_472 20 12 742.835228
demand_473 20 13 960.426991
demand_474 20 14 620.151455
demand_475 20 15 399.678536
demand_476 20 16 147.044192
demand_477 20 17 101.422036
demand_478 20 18 218.388940
demand_479 20 19 1868.697949
demand_480 20 21 2047.687798
demand_481 20 22 79.368146
demand_482 20 23 920.339707
demand_483 21 0 456.592012
demand_484 21 1 336.839530
demand_485 21 2 693.081630
demand_486 21 3 305.294413
demand_487 21 4 327.739537
demand_488 21 5 391.302660
demand_489 21 6 66.672208
demand_490 21 7 4900.935089
demand_491 21 8 875.168327
demand_492 21 9 444.626632
demand_493 21 10 224.060265
demand_494 21 11 139.214816
demand_495 21 12 687.417958
demand_496 21 13 888.776858
demand_497 21 14 573.886685
demand_498 21 15 369.861569
demand_499 21 16 136.074346
demand_500 21 17 93.855712
demand_501 21 18 202.096607
demand_502 21 19 1729.288647
demand_503 21 20 4.268821
demand_504 21 22 73.447094
demand_505 21 23 851.680181
demand_506 22 0 156.261809
demand_507 22 1 115.278308
demand_508 22 2 237.196856
demand_509 22 3 104.482462
demand_510 22 4 112.163971
demand_511 22 5 133.917502
demand_512 22 6 22.817569
demand_513 22 7 1677.271973
demand_514 22 8 299.513313
demand_515 22 9 152.166837
demand_516 22 10 76.681286
demand_517 22 11 47.644196
demand_518 22 12 235.258548
demand_519 22 13 304.170630
demand_520 22 14 196.404163
demand_521 22 15 126.579608
demand_522 22 16 46.569417
demand_523 22 17 32.120718
demand_524 22 18 69.164551
demand_525 22 19 591.823260
demand_526 22 20 1.460940
demand_527 22 21 648.509979
demand_528 22 23 291.474846
demand_529 23 0 624.281175
demand_530 23 1 460.548087
demand_531 23 2 947.624582
demand_532 23 3 417.417629
demand_533 23 4 448.106007
demand_534 23 5 535.013486
demand_535 23 6 91.158415
demand_536 23 7 6700.865184
demand_537 23 8 1196.584911
demand_538 23 9 607.921359
demand_539 23 10 306.349218
demand_540 23 11 190.343210
demand_541 23 12 939.880855
demand_542 23 13 1215.191345
demand_543 23 14 784.653793
demand_544 23 15 505.697885
demand_545 23 16 186.049363
demand_546 23 17 128.325403
demand_547 23 18 276.319129
demand_548 23 19 2364.391668
demand_549 23 20 5.836599
demand_550 23 21 2590.860643
demand_551 23 22 100.421464
