DEMANDS 552
label src dest bw
demand_0 0 1 117.808114
demand_1 0 2 79.999405
demand_2 0 3 353.097250
demand_3 0 4 70.986225
demand_4 0 5 94.025694
demand_5 0 6 9.207038
demand_6 0 7 465.294545
demand_7 0 8 50.352266
demand_8 0 9 134.869561
demand_9 0 10 130.994218
demand_10 0 11 235.872098
demand_11 0 12 99.100869
demand_12 0 13 383.716871
demand_13 0 14 16.719226
demand_14 0 15 5.803160
demand_15 0 16 194.853093
demand_16 0 17 57.466876
demand_17 0 18 129.333522
demand_18 0 19 74.190341
demand_19 0 20 33.582197
demand_20 0 21 96.854476
demand_21 0 22 2.286382
demand_22 0 23 266.854060
demand_23 1 0 0.285481
demand_24 1 2 316.022684
demand_25 1 3 1394.844627
demand_26 1 4 280.417801
demand_27 1 5 371.430912
demand_28 1 6 36.370681
demand_29 1 7 1838.059049
demand_30 1 8 198.907208
demand_31 1 9 532.776968
demand_32 1 10 517.468151
demand_33 1 11 931.768596
demand_34 1 12 391.479444
demand_35 1 13 1515.801711
demand_36 1 14 66.046176
demand_37 1 15 22.924298
demand_38 1 16 769.730691
demand_39 1 17 227.012144
demand_40 1 18 510.907882
demand_41 1 19 293.075061
demand_42 1 20 132.660188
demand_43 1 21 382.605486
demand_44 1 22 9.031925
demand_45 1 23 1054.157038
demand_46 2 0 0.258733
demand_47 2 1 421.774598
demand_48 2 3 1264.152745
demand_49 2 4 254.143671
demand_50 2 5 336.629183
demand_51 2 6 32.962880
demand_52 2 7 1665.839583
demand_53 2 8 180.270324
demand_54 2 9 482.857698
demand_55 2 10 468.983262
demand_56 2 11 844.465258
demand_57 2 12 354.799240
demand_58 2 13 1373.776589
demand_59 2 14 59.857889
demand_60 2 15 20.776374
demand_61 2 16 697.609717
demand_62 2 17 205.741929
demand_63 2 18 463.037667
demand_64 2 19 265.614991
demand_65 2 20 120.230410
demand_66 2 21 346.756740
demand_67 2 22 8.185666
demand_68 2 23 955.386347
demand_69 3 0 0.019734
demand_70 3 1 32.168809
demand_71 3 2 21.844723
demand_72 3 4 19.383574
demand_73 3 5 25.674756
demand_74 3 6 2.514084
demand_75 3 7 127.053825
demand_76 3 8 13.749244
demand_77 3 9 36.827626
demand_78 3 10 35.769421
demand_79 3 11 64.407487
demand_80 3 12 27.060589
demand_81 3 13 104.778138
demand_82 3 14 4.565370
demand_83 3 15 1.584617
demand_84 3 16 53.206794
demand_85 3 17 15.691967
demand_86 3 18 35.315949
demand_87 3 19 20.258494
demand_88 3 20 9.169991
demand_89 3 21 26.447186
demand_90 3 22 0.624322
demand_91 3 23 72.867454
demand_92 4 0 0.132420
demand_93 4 1 215.865065
demand_94 4 2 146.586481
demand_95 4 3 646.995849
demand_96 4 5 172.287474
demand_97 4 6 16.870466
demand_98 4 7 852.579959
demand_99 4 8 92.262705
demand_100 4 9 247.127515
demand_101 4 10 240.026551
demand_102 4 11 432.198972
demand_103 4 12 181.586945
demand_104 4 13 703.101547
demand_105 4 14 30.635385
demand_106 4 15 10.633389
demand_107 4 16 357.038018
demand_108 4 17 105.299122
demand_109 4 18 236.983584
demand_110 4 19 135.942272
demand_111 4 20 61.534159
demand_112 4 21 177.470778
demand_113 4 22 4.189440
demand_114 4 23 488.968602
demand_115 5 0 0.490726
demand_116 5 1 799.960532
demand_117 5 2 543.225460
demand_118 5 3 2397.660522
demand_119 5 4 482.022642
demand_120 5 6 62.519182
demand_121 5 7 3159.521522
demand_122 5 8 341.910454
demand_123 5 9 915.814047
demand_124 5 10 889.499040
demand_125 5 11 1601.658518
demand_126 5 12 672.931442
demand_127 5 13 2605.579038
demand_128 5 14 113.529712
demand_129 5 15 39.405596
demand_130 5 16 1323.124350
demand_131 5 17 390.221279
demand_132 5 18 878.222302
demand_133 5 19 503.779768
demand_134 5 20 228.035503
demand_135 5 21 657.677602
demand_136 5 22 15.525378
demand_137 5 23 1812.037459
demand_138 6 0 0.329104
demand_139 6 1 536.490832
demand_140 6 2 364.312322
demand_141 6 3 1607.982940
demand_142 6 4 323.266859
demand_143 6 5 428.187167
demand_144 6 7 2118.922449
demand_145 6 8 229.301092
demand_146 6 9 614.187601
demand_147 6 10 596.539530
demand_148 6 11 1074.146882
demand_149 6 12 451.299202
demand_150 6 13 1747.422791
demand_151 6 14 76.138319
demand_152 6 15 26.427230
demand_153 6 16 887.348881
demand_154 6 17 261.700585
demand_155 6 18 588.976824
demand_156 6 19 337.858202
demand_157 6 20 152.931241
demand_158 6 21 441.069265
demand_159 6 22 10.412042
demand_160 6 23 1215.236809
demand_161 7 0 0.109563
demand_162 7 1 178.604961
demand_163 7 2 121.284436
demand_164 7 3 535.318991
demand_165 7 4 107.619854
demand_166 7 5 142.549225
demand_167 7 6 13.958484
demand_168 7 8 76.337395
demand_169 7 9 204.471253
demand_170 7 10 198.595975
demand_171 7 11 357.597839
demand_172 7 12 150.243530
demand_173 7 13 581.740379
demand_174 7 14 25.347463
demand_175 7 15 8.797978
demand_176 7 16 295.410291
demand_177 7 17 87.123619
demand_178 7 18 196.078249
demand_179 7 19 112.477507
demand_180 7 20 50.912852
demand_181 7 21 146.837847
demand_182 7 22 3.466308
demand_183 7 23 404.568560
demand_184 8 0 0.301196
demand_185 8 1 490.997014
demand_186 8 2 333.419048
demand_187 8 3 1471.627799
demand_188 8 4 295.854193
demand_189 8 5 391.877378
demand_190 8 6 38.372808
demand_191 8 7 1939.240214
demand_192 8 9 562.105185
demand_193 8 10 545.953650
demand_194 8 11 983.060437
demand_195 8 12 413.029538
demand_196 8 13 1599.243308
demand_197 8 14 69.681875
demand_198 8 15 24.186231
demand_199 8 16 812.102696
demand_200 8 17 239.508670
demand_201 8 18 539.032253
demand_202 8 19 309.208207
demand_203 8 20 139.962844
demand_204 8 21 403.667088
demand_205 8 22 9.529113
demand_206 8 23 1112.186097
demand_207 9 0 0.070693
demand_208 9 1 115.240522
demand_209 9 2 78.255843
demand_210 9 3 345.401603
demand_211 9 4 69.439102
demand_212 9 5 91.976432
demand_213 9 6 9.006373
demand_214 9 7 455.153592
demand_215 9 8 49.254854
demand_216 9 10 128.139239
demand_217 9 11 230.731338
demand_218 9 12 96.940996
demand_219 9 13 375.353879
demand_220 9 14 16.354836
demand_221 9 15 5.676682
demand_222 9 16 190.606330
demand_223 9 17 56.214403
demand_224 9 18 126.514737
demand_225 9 19 72.573385
demand_226 9 20 32.850284
demand_227 9 21 94.743562
demand_228 9 22 2.236551
demand_229 9 23 261.038057
demand_230 10 0 0.208251
demand_231 10 1 339.481023
demand_232 10 2 230.529792
demand_233 10 3 1017.500508
demand_234 10 4 204.557016
demand_235 10 5 270.948559
demand_236 10 6 26.531404
demand_237 10 7 1340.813148
demand_238 10 8 145.097297
demand_239 10 9 388.646036
demand_240 10 11 679.699374
demand_241 10 12 285.573407
demand_242 10 13 1105.735349
demand_243 10 14 48.178856
demand_244 10 15 16.722640
demand_245 10 16 561.497212
demand_246 10 17 165.599069
demand_247 10 18 372.693144
demand_248 10 19 213.790136
demand_249 10 20 96.771931
demand_250 10 21 279.100101
demand_251 10 22 6.588539
demand_252 10 23 768.978351
demand_253 11 0 0.072584
demand_254 11 1 118.323613
demand_255 11 2 80.349463
demand_256 11 3 354.642315
demand_257 11 4 71.296843
demand_258 11 5 94.437127
demand_259 11 6 9.247326
demand_260 11 7 467.330557
demand_261 11 8 50.572595
demand_262 11 9 135.459716
demand_263 11 10 131.567416
demand_264 11 12 99.534510
demand_265 11 13 385.395920
demand_266 11 14 16.792386
demand_267 11 15 5.828553
demand_268 11 16 195.705722
demand_269 11 17 57.718337
demand_270 11 18 129.899453
demand_271 11 19 74.514979
demand_272 11 20 33.729145
demand_273 11 21 97.278287
demand_274 11 22 2.296387
demand_275 11 23 268.021746
demand_276 12 0 1.400164
demand_277 12 1 2282.487217
demand_278 12 2 1549.957928
demand_279 12 3 6841.124369
demand_280 12 4 1375.331000
demand_281 12 5 1821.711904
demand_282 12 6 178.382844
demand_283 12 7 9014.904104
demand_284 12 8 975.555929
demand_285 12 9 2613.046233
demand_286 12 10 2537.962944
demand_287 12 11 4569.931823
demand_288 12 13 7434.367831
demand_289 12 14 323.928628
demand_290 12 15 112.434009
demand_291 12 16 3775.204267
demand_292 12 17 1113.398782
demand_293 12 18 2505.787594
demand_294 12 19 1437.409516
demand_295 12 20 650.642249
demand_296 12 21 1876.518476
demand_297 12 22 44.297781
demand_298 12 23 5170.195491
demand_299 13 0 0.800820
demand_300 13 1 1305.461764
demand_301 13 2 886.493819
demand_302 13 3 3912.760702
demand_303 13 4 786.616468
demand_304 13 5 1041.922697
demand_305 13 6 102.025536
demand_306 13 7 5156.047546
demand_307 13 8 557.966307
demand_308 13 9 1494.524008
demand_309 13 10 1451.580345
demand_310 13 11 2613.758892
demand_311 13 12 1098.162012
demand_312 13 14 185.270014
demand_313 13 15 64.306296
demand_314 13 16 2159.216834
demand_315 13 17 636.805116
demand_316 13 18 1433.177749
demand_317 13 19 822.122091
demand_318 13 20 372.132896
demand_319 13 21 1073.269152
demand_320 13 22 25.335984
demand_321 13 23 2957.077908
demand_322 14 0 0.325795
demand_323 14 1 531.097019
demand_324 14 2 360.649571
demand_325 14 3 1591.816477
demand_326 14 4 320.016773
demand_327 14 5 423.882226
demand_328 14 6 41.506737
demand_329 14 7 2097.619063
demand_330 14 8 226.995727
demand_331 14 9 608.012634
demand_332 14 10 590.541995
demand_333 14 11 1063.347541
demand_334 14 12 446.761895
demand_335 14 13 1729.854417
demand_336 14 15 26.161534
demand_337 14 16 878.427585
demand_338 14 17 259.069479
demand_339 14 18 583.055323
demand_340 14 19 334.461417
demand_341 14 20 151.393689
demand_342 14 21 436.634809
demand_343 14 22 10.307361
demand_344 14 23 1203.018967
demand_345 15 0 0.453219
demand_346 15 1 738.817330
demand_347 15 2 501.705231
demand_348 15 3 2214.400677
demand_349 15 4 445.180314
demand_350 15 5 589.669162
demand_351 15 6 57.740668
demand_352 15 7 2918.030527
demand_353 15 8 315.777289
demand_354 15 9 845.815839
demand_355 15 10 821.512161
demand_356 15 11 1479.239314
demand_357 15 12 621.497426
demand_358 15 13 2406.427404
demand_359 15 14 104.852322
demand_360 15 16 1221.994285
demand_361 15 17 360.395585
demand_362 15 18 811.097335
demand_363 15 19 465.274483
demand_364 15 20 210.606117
demand_365 15 21 607.409478
demand_366 15 22 14.338730
demand_367 15 23 1673.538409
demand_368 16 0 0.592270
demand_369 16 1 965.493466
demand_370 16 2 655.633136
demand_371 16 3 2893.799724
demand_372 16 4 581.765840
demand_373 16 5 770.585232
demand_374 16 6 75.456050
demand_375 16 7 3813.309860
demand_376 16 8 412.660745
demand_377 16 9 1105.320128
demand_378 16 10 1073.559852
demand_379 16 11 1933.083910
demand_380 16 12 812.178707
demand_381 16 13 3144.742065
demand_382 16 14 137.022004
demand_383 16 15 47.559653
demand_384 16 17 470.968355
demand_385 16 18 1059.949660
demand_386 16 19 608.025090
demand_387 16 20 275.222063
demand_388 16 21 793.768444
demand_389 16 22 18.737988
demand_390 16 23 2186.995803
demand_391 17 0 1.147630
demand_392 17 1 1870.816107
demand_393 17 2 1270.406352
demand_394 17 3 5607.254038
demand_395 17 4 1127.275267
demand_396 17 5 1493.146577
demand_397 17 6 146.209580
demand_398 17 7 7388.969227
demand_399 17 8 799.603929
demand_400 17 9 2141.755251
demand_401 17 10 2080.214041
demand_402 17 11 3745.695486
demand_403 17 12 1573.741368
demand_404 17 13 6093.499663
demand_405 17 14 265.504617
demand_406 17 15 92.155326
demand_407 17 16 3094.305589
demand_408 17 18 2053.841861
demand_409 17 19 1178.157256
demand_410 17 20 533.291924
demand_411 17 21 1538.068194
demand_412 17 22 36.308200
demand_413 17 23 4237.695148
demand_414 18 0 0.799565
demand_415 18 1 1303.416407
demand_416 18 2 885.104889
demand_417 18 3 3906.630312
demand_418 18 4 785.384022
demand_419 18 5 1040.290245
demand_420 18 6 101.865686
demand_421 18 7 5147.969213
demand_422 18 8 557.092103
demand_423 18 9 1492.182435
demand_424 18 10 1449.306055
demand_425 18 11 2609.663737
demand_426 18 12 1096.441447
demand_427 18 13 4245.402532
demand_428 18 14 184.979738
demand_429 18 15 64.205543
demand_430 18 16 2155.833841
demand_431 18 17 635.807390
demand_432 18 19 820.834016
demand_433 18 20 371.549850
demand_434 18 21 1071.587588
demand_435 18 22 25.296288
demand_436 18 23 2952.444852
demand_437 19 0 0.041073
demand_438 19 1 66.955605
demand_439 19 2 45.467230
demand_440 19 3 200.680914
demand_441 19 4 40.344637
demand_442 19 5 53.438995
demand_443 19 6 5.232770
demand_444 19 7 264.447640
demand_445 19 8 28.617438
demand_446 19 9 76.652386
demand_447 19 10 74.449856
demand_448 19 11 134.056633
demand_449 19 12 56.323444
demand_450 19 13 218.083410
demand_451 19 14 9.502282
demand_452 19 15 3.298195
demand_453 19 16 110.743703
demand_454 19 17 32.660989
demand_455 19 18 73.506008
demand_456 19 20 19.086260
demand_457 19 21 55.046718
demand_458 19 22 1.299453
demand_459 19 23 151.665063
demand_460 20 0 0.660334
demand_461 20 1 1076.448401
demand_462 20 2 730.978785
demand_463 20 3 3226.356465
demand_464 20 4 648.622627
demand_465 20 5 859.141226
demand_466 20 6 84.127493
demand_467 20 7 4251.537111
demand_468 20 8 460.083900
demand_469 20 9 1232.344005
demand_470 20 10 1196.933824
demand_471 20 11 2155.234766
demand_472 20 12 905.514642
demand_473 20 13 3506.137211
demand_474 20 14 152.768634
demand_475 20 15 53.025230
demand_476 20 16 1780.431700
demand_477 20 17 525.092246
demand_478 20 18 1181.759542
demand_479 20 19 677.899602
demand_480 20 21 884.988664
demand_481 20 22 20.891366
demand_482 20 23 2438.326326
demand_483 21 0 0.431719
demand_484 21 1 703.769181
demand_485 21 2 477.905249
demand_486 21 3 2109.353543
demand_487 21 4 424.061771
demand_488 21 5 561.696331
demand_489 21 6 55.001556
demand_490 21 7 2779.604475
demand_491 21 8 300.797390
demand_492 21 9 805.691876
demand_493 21 10 782.541120
demand_494 21 11 1409.066896
demand_495 21 12 592.014720
demand_496 21 13 2292.270872
demand_497 21 14 99.878318
demand_498 21 15 34.667265
demand_499 21 16 1164.025103
demand_500 21 17 343.299075
demand_501 21 18 772.620355
demand_502 21 19 443.202709
demand_503 21 20 200.615346
demand_504 21 22 13.658527
demand_505 21 23 1594.148796
demand_506 22 0 0.977098
demand_507 22 1 1592.822899
demand_508 22 2 1081.630802
demand_509 22 3 4774.046254
demand_510 22 4 959.768227
demand_511 22 5 1271.273028
demand_512 22 6 124.483623
demand_513 22 7 6291.008152
demand_514 22 8 680.787087
demand_515 22 9 1823.501943
demand_516 22 10 1771.105426
demand_517 22 11 3189.105288
demand_518 22 12 1339.891867
demand_519 22 13 5188.038396
demand_520 22 14 226.052059
demand_521 22 15 78.461541
demand_522 22 16 2634.508426
demand_523 22 17 776.980069
demand_524 22 18 1748.652010
demand_525 22 19 1003.089426
demand_526 22 20 454.047613
demand_527 22 21 1309.519535
demand_528 22 23 3607.996447
demand_529 23 0 0.303171
demand_530 23 1 494.216033
demand_531 23 2 335.604972
demand_532 23 3 1481.275918
demand_533 23 4 297.793839
demand_534 23 5 394.446560
demand_535 23 6 38.624383
demand_536 23 7 1951.954040
demand_537 23 8 211.232456
demand_538 23 9 565.790395
demand_539 23 10 549.532970
demand_540 23 11 989.505466
demand_541 23 12 415.737395
demand_542 23 13 1609.728085
demand_543 23 14 70.138715
demand_544 23 15 24.344798
demand_545 23 16 817.426912
demand_546 23 17 241.078909
demand_547 23 18 542.566195
demand_548 23 19 311.235403
demand_549 23 20 140.880452
demand_550 23 21 406.313564
demand_551 23 22 9.591587
