DEMANDS 552
label src dest bw
demand_0 0 1 717.627114
demand_1 0 2 542.970139
demand_2 0 3 11086.696120
demand_3 0 4 1261.286732
demand_4 0 5 249.785126
demand_5 0 6 507.568428
demand_6 0 7 2781.759732
demand_7 0 8 2524.101075
demand_8 0 9 1054.074931
demand_9 0 10 195.340473
demand_10 0 11 267.118834
demand_11 0 12 2315.277831
demand_12 0 13 341.820909
demand_13 0 14 62.020417
demand_14 0 15 908.699769
demand_15 0 16 156.747474
demand_16 0 17 1384.031364
demand_17 0 18 293.727809
demand_18 0 19 842.570062
demand_19 0 20 910.789934
demand_20 0 21 1194.454552
demand_21 0 22 2543.167819
demand_22 0 23 18.024382
demand_23 1 0 238.045690
demand_24 1 2 220.205293
demand_25 1 3 4496.286253
demand_26 1 4 511.523553
demand_27 1 5 101.302085
demand_28 1 6 205.847885
demand_29 1 7 1128.161889
demand_30 1 8 1023.666640
demand_31 1 9 427.487375
demand_32 1 10 79.221679
demand_33 1 11 108.331890
demand_34 1 12 938.976930
demand_35 1 13 138.627832
demand_36 1 14 25.152809
demand_37 1 15 368.529473
demand_38 1 16 63.570022
demand_39 1 17 561.303487
demand_40 1 18 119.123343
demand_41 1 19 341.710113
demand_42 1 20 369.377154
demand_43 1 21 484.419301
demand_44 1 22 1031.399290
demand_45 1 23 7.309913
demand_46 2 0 286.985713
demand_47 2 1 350.873526
demand_48 2 3 5420.681691
demand_49 2 4 616.688130
demand_50 2 5 122.128869
demand_51 2 6 248.168332
demand_52 2 7 1360.101682
demand_53 2 8 1234.123163
demand_54 2 9 515.374880
demand_55 2 10 95.508934
demand_56 2 11 130.603938
demand_57 2 12 1132.022021
demand_58 2 13 167.128450
demand_59 2 14 30.323997
demand_60 2 15 444.295771
demand_61 2 16 76.639438
demand_62 2 17 676.702364
demand_63 2 18 143.614016
demand_64 2 19 411.962595
demand_65 2 20 445.317727
demand_66 2 21 584.011490
demand_67 2 22 1243.445575
demand_68 2 23 8.812764
demand_69 3 0 660.020476
demand_70 3 1 806.952058
demand_71 3 2 610.555068
demand_72 3 4 1418.282427
demand_73 3 5 280.876541
demand_74 3 6 570.746813
demand_75 3 7 3128.012720
demand_76 3 8 2838.282609
demand_77 3 9 1185.278424
demand_78 3 10 219.655018
demand_79 3 11 300.367821
demand_80 3 12 2603.466585
demand_81 3 13 384.368261
demand_82 3 14 69.740263
demand_83 3 15 1021.808032
demand_84 3 16 176.258247
demand_85 3 17 1556.305407
demand_86 3 18 330.288885
demand_87 3 19 947.446985
demand_88 3 20 1024.158365
demand_89 3 21 1343.131468
demand_90 3 22 2859.722642
demand_91 3 23 20.267925
demand_92 4 0 123.181239
demand_93 4 1 150.603441
demand_94 4 2 113.949389
demand_95 4 3 2326.688264
demand_96 4 5 52.420677
demand_97 4 6 106.519877
demand_98 4 7 583.788682
demand_99 4 8 529.715642
demand_100 4 9 221.211418
demand_101 4 10 40.994754
demand_102 4 11 56.058383
demand_103 4 12 485.891351
demand_104 4 13 71.735591
demand_105 4 14 13.015796
demand_106 4 15 190.702538
demand_107 4 16 32.895509
demand_108 4 17 290.457093
demand_109 4 18 61.642624
demand_110 4 19 176.824354
demand_111 4 20 191.141186
demand_112 4 21 250.671919
demand_113 4 22 533.717047
demand_114 4 23 3.782652
demand_115 5 0 4.309806
demand_116 5 1 5.269241
demand_117 5 2 3.986807
demand_118 5 3 81.405056
demand_119 5 4 9.261110
demand_120 5 6 3.726866
demand_121 5 7 20.425319
demand_122 5 8 18.533437
demand_123 5 9 7.739639
demand_124 5 10 1.434305
demand_125 5 11 1.961344
demand_126 5 12 17.000134
demand_127 5 13 2.509851
demand_128 5 14 0.455390
demand_129 5 15 6.672209
demand_130 5 16 1.150932
demand_131 5 17 10.162374
demand_132 5 18 2.156723
demand_133 5 19 6.186646
demand_134 5 20 6.687556
demand_135 5 21 8.770389
demand_136 5 22 18.673437
demand_137 5 23 0.132346
demand_138 6 0 407.587085
demand_139 6 1 498.322779
demand_140 6 2 377.040364
demand_141 6 3 7698.640578
demand_142 6 4 875.841920
demand_143 6 5 173.451666
demand_144 6 7 1931.663691
demand_145 6 8 1752.744618
demand_146 6 9 731.953320
demand_147 6 10 135.645108
demand_148 6 11 185.488253
demand_149 6 12 1607.737027
demand_150 6 13 237.361635
demand_151 6 14 43.067195
demand_152 6 15 631.004299
demand_153 6 16 108.845994
demand_154 6 17 961.076222
demand_155 6 18 203.965618
demand_156 6 19 585.083599
demand_157 6 20 632.455717
demand_158 6 21 829.433420
demand_159 6 22 1765.984632
demand_160 6 23 12.516194
demand_161 7 0 21.142714
demand_162 7 1 25.849435
demand_163 7 2 19.558167
demand_164 7 3 399.350613
demand_165 7 4 45.432438
demand_166 7 5 8.997436
demand_167 7 6 18.282973
demand_168 7 8 90.919901
demand_169 7 9 37.968522
demand_170 7 10 7.036302
demand_171 7 11 9.621809
demand_172 7 12 83.397940
demand_173 7 13 12.312630
demand_174 7 14 2.234019
demand_175 7 15 32.732006
demand_176 7 16 5.646155
demand_177 7 17 49.853786
demand_178 7 18 10.580283
demand_179 7 19 30.349968
demand_180 7 20 32.807296
demand_181 7 21 43.025095
demand_182 7 22 91.606698
demand_183 7 23 0.649251
demand_184 8 0 148.000613
demand_185 8 1 180.948022
demand_186 8 2 136.908668
demand_187 8 3 2795.484859
demand_188 8 4 318.030541
demand_189 8 5 62.982744
demand_190 8 6 127.982209
demand_191 8 7 701.414301
demand_192 8 9 265.782563
demand_193 8 10 49.254650
demand_194 8 11 67.353398
demand_195 8 12 583.791966
demand_196 8 13 86.189354
demand_197 8 14 15.638305
demand_198 8 15 229.126551
demand_199 8 16 39.523514
demand_200 8 17 348.980317
demand_201 8 18 74.062790
demand_202 8 19 212.452098
demand_203 8 20 229.653581
demand_204 8 21 301.178961
demand_205 8 22 641.253901
demand_206 8 23 4.544806
demand_207 9 0 407.272374
demand_208 9 1 497.938008
demand_209 9 2 376.749239
demand_210 9 3 7692.696209
demand_211 9 4 875.165654
demand_212 9 5 173.317738
demand_213 9 6 352.185149
demand_214 9 7 1930.172191
demand_215 9 8 1751.391267
demand_216 9 10 135.540372
demand_217 9 11 185.345031
demand_218 9 12 1606.495642
demand_219 9 13 237.178360
demand_220 9 14 43.033941
demand_221 9 15 630.517080
demand_222 9 16 108.761951
demand_223 9 17 960.334144
demand_224 9 18 203.808130
demand_225 9 19 584.631837
demand_226 9 20 631.967377
demand_227 9 21 828.792988
demand_228 9 22 1764.621058
demand_229 9 23 12.506530
demand_230 10 0 56.305019
demand_231 10 1 68.839457
demand_232 10 2 52.085225
demand_233 10 3 1063.507949
demand_234 10 4 120.990821
demand_235 10 5 23.961013
demand_236 10 6 48.689263
demand_237 10 7 266.844473
demand_238 10 8 242.128180
demand_239 10 9 101.113718
demand_240 10 11 25.623775
demand_241 10 12 222.096498
demand_242 10 13 32.789683
demand_243 10 14 5.949402
demand_244 10 15 87.168388
demand_245 10 16 15.036236
demand_246 10 17 132.765284
demand_247 10 18 28.176280
demand_248 10 19 80.824797
demand_249 10 20 87.368890
demand_250 10 21 114.579844
demand_251 10 22 243.957186
demand_252 10 23 1.729016
demand_253 11 0 306.290282
demand_254 11 1 374.475615
demand_255 11 2 283.335276
demand_256 11 3 5785.312831
demand_257 11 4 658.170679
demand_258 11 5 130.344070
demand_259 11 6 264.861787
demand_260 11 7 1451.591177
demand_261 11 8 1317.138503
demand_262 11 9 550.042425
demand_263 11 10 101.933500
demand_264 11 12 1208.169359
demand_265 11 13 178.370622
demand_266 11 14 32.363791
demand_267 11 15 474.182062
demand_268 11 16 81.794717
demand_269 11 17 722.221870
demand_270 11 18 153.274451
demand_271 11 19 439.673942
demand_272 11 20 475.272762
demand_273 11 21 623.295991
demand_274 11 22 1327.088003
demand_275 11 23 9.405569
demand_276 12 0 301.941960
demand_277 12 1 369.159284
demand_278 12 2 279.312840
demand_279 12 3 5703.180272
demand_280 12 4 648.826804
demand_281 12 5 128.493610
demand_282 12 6 261.101614
demand_283 12 7 1430.983320
demand_284 12 8 1298.439436
demand_285 12 9 542.233618
demand_286 12 10 100.486377
demand_287 12 11 137.410356
demand_288 12 13 175.838342
demand_289 12 14 31.904331
demand_290 12 15 467.450225
demand_291 12 16 80.633499
demand_292 12 17 711.968677
demand_293 12 18 151.098454
demand_294 12 19 433.432007
demand_295 12 20 468.525441
demand_296 12 21 614.447222
demand_297 12 22 1308.247685
demand_298 12 23 9.272041
demand_299 13 0 11.522054
demand_300 13 1 14.087056
demand_301 13 2 10.658531
demand_302 13 3 217.632390
demand_303 13 4 24.759121
demand_304 13 5 4.903294
demand_305 13 6 9.963593
demand_306 13 7 54.606080
demand_307 13 8 49.548228
demand_308 13 9 20.691543
demand_309 13 10 3.834543
demand_310 13 11 5.243556
demand_311 13 12 45.449018
demand_312 13 14 1.217464
demand_313 13 15 17.837821
demand_314 13 16 3.076961
demand_315 13 17 27.168604
demand_316 13 18 5.765891
demand_317 13 19 16.539692
demand_318 13 20 17.878851
demand_319 13 21 23.447202
demand_320 13 22 49.922509
demand_321 13 23 0.353820
demand_322 14 0 393.935314
demand_323 14 1 481.631895
demand_324 14 2 364.411728
demand_325 14 3 7440.781375
demand_326 14 4 846.506364
demand_327 14 5 167.642054
demand_328 14 6 340.652045
demand_329 14 7 1866.964312
demand_330 14 8 1694.037977
demand_331 14 9 707.437187
demand_332 14 10 131.101794
demand_333 14 11 179.275487
demand_334 14 12 1553.887288
demand_335 14 13 229.411416
demand_336 14 15 609.869364
demand_337 14 16 105.200294
demand_338 14 17 928.885818
demand_339 14 18 197.133969
demand_340 14 19 565.486738
demand_341 14 20 611.272168
demand_342 14 21 801.652276
demand_343 14 22 1706.834528
demand_344 14 23 12.096975
demand_345 15 0 2006.084813
demand_346 15 1 2452.672802
demand_347 15 2 1855.738260
demand_348 15 3 37891.597884
demand_349 15 4 4310.767533
demand_350 15 5 853.704066
demand_351 15 6 1734.743929
demand_352 15 7 9507.369916
demand_353 15 8 8626.756061
demand_354 15 9 3602.568609
demand_355 15 10 667.625644
demand_356 15 11 912.946411
demand_357 15 12 7913.049625
demand_358 15 13 1168.259712
demand_359 15 14 211.970518
demand_360 15 16 535.724277
demand_361 15 17 4730.278464
demand_362 15 18 1003.889336
demand_363 15 19 2879.697037
demand_364 15 20 3112.855765
demand_365 15 21 4082.351593
demand_366 15 22 8691.921499
demand_367 15 23 61.602901
demand_368 16 0 292.377302
demand_369 16 1 357.465374
demand_370 16 2 270.465009
demand_371 16 3 5522.519835
demand_372 16 4 628.273827
demand_373 16 5 124.423300
demand_374 16 6 252.830661
demand_375 16 7 1385.653862
demand_376 16 8 1257.308589
demand_377 16 9 525.057208
demand_378 16 10 97.303256
demand_379 16 11 133.057589
demand_380 16 12 1153.289276
demand_381 16 13 170.268286
demand_382 16 14 30.893693
demand_383 16 15 452.642739
demand_384 16 17 689.415546
demand_385 16 18 146.312087
demand_386 16 19 419.702121
demand_387 16 20 453.683895
demand_388 16 21 594.983292
demand_389 16 22 1266.806141
demand_390 16 23 8.978329
demand_391 17 0 33.116067
demand_392 17 1 40.488257
demand_393 17 2 30.634175
demand_394 17 3 625.507303
demand_395 17 4 71.161332
demand_396 17 5 14.092785
demand_397 17 6 28.636823
demand_398 17 7 156.945857
demand_399 17 8 142.408851
demand_400 17 9 59.470519
demand_401 17 10 11.021037
demand_402 17 11 15.070746
demand_403 17 12 130.627121
demand_404 17 13 19.285410
demand_405 17 14 3.499169
demand_406 17 15 51.268506
demand_407 17 16 8.843635
demand_408 17 18 16.572015
demand_409 17 19 47.537492
demand_410 17 20 51.386432
demand_411 17 21 67.390685
demand_412 17 22 143.484590
demand_413 17 23 1.016929
demand_414 18 0 56.278417
demand_415 18 1 68.806933
demand_416 18 2 52.060617
demand_417 18 3 1063.005487
demand_418 18 4 120.933658
demand_419 18 5 23.949692
demand_420 18 6 48.666259
demand_421 18 7 266.718401
demand_422 18 8 242.013785
demand_423 18 9 101.065946
demand_424 18 10 18.729475
demand_425 18 11 25.611669
demand_426 18 12 221.991567
demand_427 18 13 32.774191
demand_428 18 14 5.946591
demand_429 18 15 87.127205
demand_430 18 16 15.029133
demand_431 18 17 132.702558
demand_432 18 19 80.786610
demand_433 18 20 87.327612
demand_434 18 21 114.525710
demand_435 18 22 243.841927
demand_436 18 23 1.728199
demand_437 19 0 25.350256
demand_438 19 1 30.993646
demand_439 19 2 23.450374
demand_440 19 3 478.824071
demand_441 19 4 54.473798
demand_442 19 5 10.787987
demand_443 19 6 21.921407
demand_444 19 7 120.141610
demand_445 19 8 109.013573
demand_446 19 9 45.524514
demand_447 19 10 8.436573
demand_448 19 11 11.536613
demand_449 19 12 99.994691
demand_450 19 13 14.762926
demand_451 19 14 2.678604
demand_452 19 15 39.245896
demand_453 19 16 6.769777
demand_454 19 17 59.775025
demand_455 19 18 12.685830
demand_456 19 20 39.336168
demand_457 19 21 51.587379
demand_458 19 22 109.837048
demand_459 19 23 0.778456
demand_460 20 0 83.026676
demand_461 20 1 101.509801
demand_462 20 2 76.804220
demand_463 20 3 1568.235494
demand_464 20 4 178.411548
demand_465 20 5 35.332609
demand_466 20 6 71.796576
demand_467 20 7 393.485516
demand_468 20 8 357.039180
demand_469 20 9 149.101022
demand_470 20 10 27.631303
demand_471 20 11 37.784497
demand_472 20 12 327.500712
demand_473 20 13 48.351256
demand_474 20 14 8.772913
demand_475 20 15 128.537412
demand_476 20 16 22.172246
demand_477 20 17 195.774024
demand_478 20 18 41.548390
demand_479 20 19 119.183232
demand_480 20 21 168.958002
demand_481 20 22 359.736210
demand_482 20 23 2.549585
demand_483 21 0 369.190947
demand_484 21 1 451.379018
demand_485 21 2 341.521834
demand_486 21 3 6973.401524
demand_487 21 4 793.334527
demand_488 21 5 157.111908
demand_489 21 6 319.254574
demand_490 21 7 1749.694169
demand_491 21 8 1587.629903
demand_492 21 9 663.000740
demand_493 21 10 122.866861
demand_494 21 11 168.014606
demand_495 21 12 1456.282537
demand_496 21 13 215.001333
demand_497 21 14 39.010113
demand_498 21 15 571.561472
demand_499 21 16 98.592318
demand_500 21 17 870.539457
demand_501 21 18 184.751338
demand_502 21 19 529.966664
demand_503 21 20 572.876161
demand_504 21 22 1599.622661
demand_505 21 23 11.337124
demand_506 22 0 582.511548
demand_507 22 1 712.188348
demand_508 22 2 538.855067
demand_509 22 3 11002.672060
demand_510 22 4 1251.727669
demand_511 22 5 247.892050
demand_512 22 6 503.721659
demand_513 22 7 2760.677279
demand_514 22 8 2504.971370
demand_515 22 9 1046.086288
demand_516 22 10 193.860023
demand_517 22 11 265.094388
demand_518 22 12 2297.730760
demand_519 22 13 339.230310
demand_520 22 14 61.550376
demand_521 22 15 901.812898
demand_522 22 16 155.559513
demand_523 22 17 1373.542041
demand_524 22 18 291.501699
demand_525 22 19 836.184376
demand_526 22 20 903.887222
demand_527 22 21 1185.401997
demand_528 22 23 17.887779
demand_529 23 0 513.931155
demand_530 23 1 628.340814
demand_531 23 2 475.414449
demand_532 23 3 9707.302762
demand_533 23 4 1104.358959
demand_534 23 5 218.707162
demand_535 23 6 444.417377
demand_536 23 7 2435.656541
demand_537 23 8 2210.055464
demand_538 23 9 922.928199
demand_539 23 10 171.036447
demand_540 23 11 233.884231
demand_541 23 12 2027.213756
demand_542 23 13 299.291963
demand_543 23 14 54.303912
demand_544 23 15 795.640440
demand_545 23 16 137.245142
demand_546 23 17 1211.831851
demand_547 23 18 257.182549
demand_548 23 19 737.738511
demand_549 23 20 797.470549
demand_550 23 21 1045.841957
demand_551 23 22 2226.749947
