DEMANDS 552
label src dest bw
demand_0 0 1 1245.351076
demand_1 0 2 213.531245
demand_2 0 3 932.094269
demand_3 0 4 735.820972
demand_4 0 5 385.483739
demand_5 0 6 2898.563405
demand_6 0 7 355.441979
demand_7 0 8 39.763514
demand_8 0 9 944.288475
demand_9 0 10 19.435359
demand_10 0 11 1544.594005
demand_11 0 12 1245.711629
demand_12 0 13 460.989206
demand_13 0 14 361.889611
demand_14 0 15 1851.970910
demand_15 0 16 834.734389
demand_16 0 17 303.443207
demand_17 0 18 161.924614
demand_18 0 19 1002.871539
demand_19 0 20 2610.404561
demand_20 0 21 37.278792
demand_21 0 22 225.450460
demand_22 0 23 937.948547
demand_23 1 0 334.152121
demand_24 1 2 34.086143
demand_25 1 3 148.790867
demand_26 1 4 117.459621
demand_27 1 5 61.535041
demand_28 1 6 462.699724
demand_29 1 7 56.739454
demand_30 1 8 6.347478
demand_31 1 9 150.737436
demand_32 1 10 3.102480
demand_33 1 11 246.564632
demand_34 1 12 198.853827
demand_35 1 13 73.588033
demand_36 1 14 57.768694
demand_37 1 15 295.631425
demand_38 1 16 133.249240
demand_39 1 17 48.438853
demand_40 1 18 25.848140
demand_41 1 19 160.089092
demand_42 1 20 416.700724
demand_43 1 21 5.950840
demand_44 1 22 35.988816
demand_45 1 23 149.725389
demand_46 2 0 1360.494169
demand_47 2 1 809.395336
demand_48 2 3 605.799256
demand_49 2 4 478.234672
demand_50 2 5 250.538781
demand_51 2 6 1883.873350
demand_52 2 7 231.013636
demand_53 2 8 25.843639
demand_54 2 9 613.724678
demand_55 2 10 12.631690
demand_56 2 11 1003.883329
demand_57 2 12 809.629672
demand_58 2 13 299.612311
demand_59 2 14 235.204168
demand_60 2 15 1203.657866
demand_61 2 16 542.521811
demand_62 2 17 197.217894
demand_63 2 18 105.240225
demand_64 2 19 651.799772
demand_65 2 20 1696.589274
demand_66 2 21 24.228734
demand_67 2 22 146.527798
demand_68 2 23 609.604147
demand_69 3 0 4839.380147
demand_70 3 1 2879.080124
demand_71 3 2 493.654822
demand_72 3 4 1701.116718
demand_73 3 5 891.185298
demand_74 3 6 6701.079278
demand_75 3 7 821.732890
demand_76 3 8 91.927767
demand_77 3 9 2183.064866
demand_78 3 10 44.931871
demand_79 3 11 3570.888551
demand_80 3 12 2879.913674
demand_81 3 13 1065.743538
demand_82 3 14 836.638926
demand_83 3 15 4281.501612
demand_84 3 16 1929.790912
demand_85 3 17 701.518891
demand_86 3 18 374.347399
demand_87 3 19 2318.500840
demand_88 3 20 6034.895728
demand_89 3 21 86.183431
demand_90 3 22 521.210405
demand_91 3 23 2168.407827
demand_92 4 0 941.894849
demand_93 4 1 560.359107
demand_94 4 2 96.080680
demand_95 4 3 419.405839
demand_96 4 5 173.452553
demand_97 4 6 1304.239771
demand_98 4 7 159.934941
demand_99 4 8 17.892021
demand_100 4 9 424.892753
demand_101 4 10 8.745149
demand_102 4 11 695.006681
demand_103 4 12 560.521342
demand_104 4 13 207.427050
demand_105 4 14 162.836122
demand_106 4 15 833.314224
demand_107 4 16 375.597714
demand_108 4 17 136.537534
demand_109 4 18 72.859721
demand_110 4 19 451.252832
demand_111 4 20 1174.579601
demand_112 4 21 16.773993
demand_113 4 22 101.443859
demand_114 4 23 422.040034
demand_115 5 0 481.392571
demand_116 5 1 286.393658
demand_117 5 2 49.105827
demand_118 5 3 214.353922
demand_119 5 4 169.216909
demand_120 5 6 666.583258
demand_121 5 7 81.741069
demand_122 5 8 9.144424
demand_123 5 9 217.158226
demand_124 5 10 4.469554
demand_125 5 11 355.210620
demand_126 5 12 286.476575
demand_127 5 13 106.013788
demand_128 5 14 83.223833
demand_129 5 15 425.898154
demand_130 5 16 191.964049
demand_131 5 17 69.782900
demand_132 5 18 37.237839
demand_133 5 19 230.630586
demand_134 5 20 600.315306
demand_135 5 21 8.573012
demand_136 5 22 51.846891
demand_137 5 23 215.700232
demand_138 6 0 961.987908
demand_139 6 1 572.313020
demand_140 6 2 98.130330
demand_141 6 3 428.352853
demand_142 6 4 338.153578
demand_143 6 5 177.152746
demand_144 6 7 163.346767
demand_145 6 8 18.273704
demand_146 6 9 433.956817
demand_147 6 10 8.931705
demand_148 6 11 709.832975
demand_149 6 12 572.478716
demand_150 6 13 211.852007
demand_151 6 14 166.309838
demand_152 6 15 851.090977
demand_153 6 16 383.610187
demand_154 6 17 139.450233
demand_155 6 18 74.414008
demand_156 6 19 460.879225
demand_157 6 20 1199.636429
demand_158 6 21 17.131826
demand_159 6 22 103.607919
demand_160 6 23 431.043242
demand_161 7 0 1017.973005
demand_162 7 1 605.620091
demand_163 7 2 103.841250
demand_164 7 3 453.281831
demand_165 7 4 357.833203
demand_166 7 5 187.462557
demand_167 7 6 1409.585029
demand_168 7 8 19.337184
demand_169 7 9 459.211931
demand_170 7 10 9.451506
demand_171 7 11 751.143336
demand_172 7 12 605.795430
demand_173 7 13 224.181221
demand_174 7 14 175.988622
demand_175 7 15 900.622172
demand_176 7 16 405.935263
demand_177 7 17 147.565860
demand_178 7 18 78.744702
demand_179 7 19 487.701151
demand_180 7 20 1269.452027
demand_181 7 21 18.128852
demand_182 7 22 109.637620
demand_183 7 23 456.128794
demand_184 8 0 2008.780678
demand_185 8 1 1195.078781
demand_186 8 2 204.911422
demand_187 8 3 894.467515
demand_188 8 4 706.117373
demand_189 8 5 369.922542
demand_190 8 6 2781.554284
demand_191 8 7 341.093508
demand_192 8 9 906.169466
demand_193 8 10 18.650793
demand_194 8 11 1482.241880
demand_195 8 12 1195.424779
demand_196 8 13 442.380008
demand_197 8 14 347.280862
demand_198 8 15 1777.210604
demand_199 8 16 801.037856
demand_200 8 17 291.193820
demand_201 8 18 155.388046
demand_202 8 19 962.387651
demand_203 8 20 2505.027827
demand_204 8 21 35.773923
demand_205 8 22 216.349483
demand_206 8 23 900.085468
demand_207 9 0 1365.994221
demand_208 9 1 812.667468
demand_209 9 2 139.342150
demand_210 9 3 608.248312
demand_211 9 4 480.168025
demand_212 9 5 251.551631
demand_213 9 6 1891.489259
demand_214 9 7 231.947552
demand_215 9 8 25.948116
demand_216 9 10 12.682756
demand_217 9 11 1007.941715
demand_218 9 12 812.902751
demand_219 9 13 300.823550
demand_220 9 14 236.155025
demand_221 9 15 1208.523877
demand_222 9 16 544.715057
demand_223 9 17 198.015184
demand_224 9 18 105.665678
demand_225 9 19 654.434794
demand_226 9 20 1703.448052
demand_227 9 21 24.326683
demand_228 9 22 147.120164
demand_229 9 23 612.068585
demand_230 10 0 883.862598
demand_231 10 1 525.834128
demand_232 10 2 90.160934
demand_233 10 3 393.565306
demand_234 10 4 310.691327
demand_235 10 5 162.765753
demand_236 10 6 1223.882638
demand_237 10 7 150.080991
demand_238 10 8 16.789653
demand_239 10 9 398.714159
demand_240 10 11 652.185762
demand_241 10 12 525.986367
demand_242 10 13 194.647005
demand_243 10 14 152.803424
demand_244 10 15 781.971869
demand_245 10 16 352.456297
demand_246 10 17 128.125150
demand_247 10 18 68.370670
demand_248 10 19 423.450135
demand_249 10 20 1102.211121
demand_250 10 21 15.740510
demand_251 10 22 95.193675
demand_252 10 23 396.037202
demand_253 11 0 154.906703
demand_254 11 1 92.158251
demand_255 11 2 15.801702
demand_256 11 3 68.976676
demand_257 11 4 54.452094
demand_258 11 5 28.526500
demand_259 11 6 214.498979
demand_260 11 7 26.303355
demand_261 11 8 2.942573
demand_262 11 9 69.879070
demand_263 11 10 1.438252
demand_264 11 12 92.184933
demand_265 11 13 34.114042
demand_266 11 14 26.780491
demand_267 11 15 137.049225
demand_268 11 16 61.771867
demand_269 11 17 22.455351
demand_270 11 18 11.982717
demand_271 11 19 74.214323
demand_272 11 20 193.174699
demand_273 11 21 2.758699
demand_274 11 22 16.683745
demand_275 11 23 69.409903
demand_276 12 0 1400.256224
demand_277 12 1 833.050874
demand_278 12 2 142.837144
demand_279 12 3 623.504457
demand_280 12 4 492.211647
demand_281 12 5 257.861074
demand_282 12 6 1938.931781
demand_283 12 7 237.765284
demand_284 12 8 26.598950
demand_285 12 9 631.661509
demand_286 12 10 13.000866
demand_287 12 11 1033.223009
demand_288 12 13 308.368836
demand_289 12 14 242.078289
demand_290 12 15 1238.836193
demand_291 12 16 558.377654
demand_292 12 17 202.981821
demand_293 12 18 108.315995
demand_294 12 19 670.849392
demand_295 12 20 1746.174106
demand_296 12 21 24.936848
demand_297 12 22 150.810247
demand_298 12 23 627.420550
demand_299 13 0 8679.048986
demand_300 13 1 5163.404542
demand_301 13 2 885.331231
demand_302 13 3 3864.596801
demand_303 13 4 3050.819501
demand_304 13 5 1598.270982
demand_305 13 6 12017.860460
demand_306 13 7 1473.713531
demand_307 13 8 164.865246
demand_308 13 9 3915.155731
demand_309 13 10 80.581790
demand_310 13 11 6404.108732
demand_311 13 12 5164.899449
demand_312 13 14 1500.446339
demand_313 13 15 7678.537560
demand_314 13 16 3460.928745
demand_315 13 17 1258.119146
demand_316 13 18 671.362720
demand_317 13 19 4158.049534
demand_318 13 20 10823.112477
demand_319 13 21 154.563228
demand_320 13 22 934.750010
demand_321 13 23 3888.869480
demand_322 14 0 1512.526718
demand_323 14 1 899.843674
demand_324 14 2 154.289617
demand_325 14 3 673.496131
demand_326 14 4 531.676456
demand_327 14 5 278.535997
demand_328 14 6 2094.392493
demand_329 14 7 256.828956
demand_330 14 8 28.731614
demand_331 14 9 682.307204
demand_332 14 10 14.043256
demand_333 14 11 1116.065318
demand_334 14 12 900.104197
demand_335 14 13 333.093398
demand_336 14 15 1338.164266
demand_337 14 16 603.147557
demand_338 14 17 219.256606
demand_339 14 18 117.000613
demand_340 14 19 724.637115
demand_341 14 20 1886.179791
demand_342 14 21 26.936248
demand_343 14 22 162.901992
demand_344 14 23 677.726212
demand_345 15 0 3042.901449
demand_346 15 1 1810.305621
demand_347 15 2 310.399871
demand_348 15 3 1354.939605
demand_349 15 4 1069.626764
demand_350 15 5 560.358755
demand_351 15 6 4213.499091
demand_352 15 7 516.688527
demand_353 15 8 57.802266
demand_354 15 9 1372.665723
demand_355 15 10 28.252225
demand_356 15 11 2245.300352
demand_357 15 12 1810.829740
demand_358 15 13 670.117341
demand_359 15 14 526.061133
demand_360 15 16 1213.412335
demand_361 15 17 441.100469
demand_362 15 18 235.381848
demand_363 15 19 1457.825042
demand_364 15 20 3794.616748
demand_365 15 21 54.190346
demand_366 15 22 327.726248
demand_367 15 23 1363.449681
demand_368 16 0 1258.918673
demand_369 16 1 748.965285
demand_370 16 2 128.419602
demand_371 16 3 560.569837
demand_372 16 4 442.529319
demand_373 16 5 231.833371
demand_374 16 6 1743.221979
demand_375 16 7 213.765988
demand_376 16 8 23.914134
demand_377 16 9 567.903542
demand_378 16 10 11.688599
demand_379 16 11 928.932661
demand_380 16 12 749.182125
demand_381 16 13 277.243035
demand_382 16 14 217.643652
demand_383 16 15 1113.791884
demand_384 16 17 182.493461
demand_385 16 18 97.382912
demand_386 16 19 603.135921
demand_387 16 20 1569.920670
demand_388 16 21 22.419799
demand_389 16 22 135.587925
demand_390 16 23 564.090653
demand_391 17 0 4704.008746
demand_392 17 1 2798.543961
demand_393 17 2 479.845875
demand_394 17 3 2094.595523
demand_395 17 4 1653.531584
demand_396 17 5 866.256279
demand_397 17 6 6513.630791
demand_398 17 7 798.746654
demand_399 17 8 89.356283
demand_400 17 9 2121.998255
demand_401 17 10 43.674998
demand_402 17 11 3471.000514
demand_403 17 12 2799.354194
demand_404 17 13 1035.931622
demand_405 17 14 813.235726
demand_406 17 15 4161.735681
demand_407 17 16 1875.809102
demand_408 17 18 363.875824
demand_409 17 19 2253.645694
demand_410 17 20 5866.082314
demand_411 17 21 83.772632
demand_412 17 22 506.630649
demand_413 17 23 2107.751215
demand_414 18 0 1842.907329
demand_415 18 1 1096.396171
demand_416 18 2 187.991036
demand_417 18 3 820.607624
demand_418 18 4 647.810333
demand_419 18 5 339.376504
demand_420 18 6 2551.869813
demand_421 18 7 312.928003
demand_422 18 8 35.007450
demand_423 18 9 831.343296
demand_424 18 10 17.110719
demand_425 18 11 1359.847022
demand_426 18 12 1096.713599
demand_427 18 13 405.850856
demand_428 18 14 318.604441
demand_429 18 15 1630.458955
demand_430 18 16 734.892839
demand_431 18 17 267.148739
demand_432 18 19 882.919312
demand_433 18 20 2298.177293
demand_434 18 21 32.819921
demand_435 18 22 198.484609
demand_436 18 23 825.761679
demand_437 19 0 1894.054308
demand_438 19 1 1126.824913
demand_439 19 2 193.208430
demand_440 19 3 843.382291
demand_441 19 4 665.789285
demand_442 19 5 348.795363
demand_443 19 6 2622.692925
demand_444 19 7 321.612825
demand_445 19 8 35.979026
demand_446 19 9 854.415915
demand_447 19 10 17.585600
demand_448 19 11 1397.587426
demand_449 19 12 1127.151151
demand_450 19 13 417.114605
demand_451 19 14 327.446804
demand_452 19 15 1675.709766
demand_453 19 16 755.288628
demand_454 19 17 274.563030
demand_455 19 18 146.513455
demand_456 19 20 2361.959570
demand_457 19 21 33.730787
demand_458 19 22 203.993235
demand_459 19 23 848.679389
demand_460 20 0 259.514780
demand_461 20 1 154.392468
demand_462 20 2 26.472548
demand_463 20 3 115.556438
demand_464 20 4 91.223446
demand_465 20 5 47.790368
demand_466 20 6 359.349558
demand_467 20 7 44.065939
demand_468 20 8 4.929684
demand_469 20 9 117.068216
demand_470 20 10 2.409500
demand_471 20 11 191.491127
demand_472 20 12 154.437168
demand_473 20 13 57.151162
demand_474 20 14 44.865285
demand_475 20 15 229.598196
demand_476 20 16 103.486242
demand_477 20 17 37.619388
demand_478 20 18 20.074613
demand_479 20 19 124.331054
demand_480 20 21 4.621640
demand_481 20 22 27.950233
demand_482 20 23 116.282223
demand_483 21 0 805.798676
demand_484 21 1 479.391757
demand_485 21 2 82.197800
demand_486 21 3 358.805094
demand_487 21 4 283.250656
demand_488 21 5 148.390065
demand_489 21 6 1115.787694
demand_490 21 7 136.825638
demand_491 21 8 15.306769
demand_492 21 9 363.499193
demand_493 21 10 7.481545
demand_494 21 11 594.583848
demand_495 21 12 479.530551
demand_496 21 13 177.455522
demand_497 21 14 139.307622
demand_498 21 15 712.907072
demand_499 21 16 321.326888
demand_500 21 17 116.808967
demand_501 21 18 62.332082
demand_502 21 19 386.050455
demand_503 21 20 1004.862367
demand_504 21 22 86.786043
demand_505 21 23 361.058669
demand_506 22 0 116.540078
demand_507 22 1 69.332892
demand_508 22 2 11.888004
demand_509 22 3 51.892830
demand_510 22 4 40.965634
demand_511 22 5 21.461179
demand_512 22 6 161.372795
demand_513 22 7 19.788653
demand_514 22 8 2.213769
demand_515 22 9 52.571722
demand_516 22 10 1.082032
demand_517 22 11 85.992755
demand_518 22 12 69.352965
demand_519 22 13 25.664823
demand_520 22 14 20.147614
demand_521 22 15 103.105463
demand_522 22 16 46.472477
demand_523 22 17 16.893706
demand_524 22 18 9.014889
demand_525 22 19 55.833239
demand_526 22 20 145.330021
demand_527 22 21 2.075436
demand_528 22 23 52.218757
demand_529 23 0 1150.228344
demand_530 23 1 684.302424
demand_531 23 2 117.332334
demand_532 23 3 512.172334
demand_533 23 4 404.322993
demand_534 23 5 211.817745
demand_535 23 6 1592.718713
demand_536 23 7 195.310232
demand_537 23 8 21.849477
demand_538 23 9 518.872874
demand_539 23 10 10.679449
demand_540 23 11 848.732090
demand_541 23 12 684.500543
demand_542 23 13 253.306909
demand_543 23 14 198.853113
demand_544 23 15 1017.631258
demand_545 23 16 458.674487
demand_546 23 17 166.737658
demand_547 23 18 88.975236
demand_548 23 19 551.063422
demand_549 23 20 1434.379592
demand_550 23 21 20.484157
demand_551 23 22 123.881771
