DEMANDS 552
label src dest bw
demand_0 0 1 308.388764
demand_1 0 2 755.222517
demand_2 0 3 298.523794
demand_3 0 4 763.339629
demand_4 0 5 515.568677
demand_5 0 6 395.437259
demand_6 0 7 1010.299627
demand_7 0 8 845.816390
demand_8 0 9 3.880195
demand_9 0 10 131.604121
demand_10 0 11 546.562752
demand_11 0 12 180.839093
demand_12 0 13 1161.811765
demand_13 0 14 214.737559
demand_14 0 15 4.824710
demand_15 0 16 1083.292087
demand_16 0 17 625.900593
demand_17 0 18 616.484924
demand_18 0 19 200.430184
demand_19 0 20 83.563872
demand_20 0 21 192.126276
demand_21 0 22 716.283229
demand_22 0 23 584.301807
demand_23 1 0 78.195379
demand_24 1 2 532.480143
demand_25 1 3 210.478355
demand_26 1 4 538.203226
demand_27 1 5 363.508869
demand_28 1 6 278.808542
demand_29 1 7 712.325809
demand_30 1 8 596.354614
demand_31 1 9 2.735786
demand_32 1 10 92.789316
demand_33 1 11 385.361673
demand_34 1 12 127.503119
demand_35 1 13 819.151550
demand_36 1 14 151.403704
demand_37 1 15 3.401729
demand_38 1 16 763.790159
demand_39 1 17 441.299922
demand_40 1 18 434.661273
demand_41 1 19 141.316090
demand_42 1 20 58.917871
demand_43 1 21 135.461304
demand_44 1 22 505.025456
demand_45 1 23 411.970119
demand_46 2 0 43.954967
demand_47 2 1 122.223269
demand_48 2 3 118.313500
demand_49 2 4 302.533283
demand_50 2 5 204.334583
demand_51 2 6 156.723073
demand_52 2 7 400.410579
demand_53 2 8 335.221177
demand_54 2 9 1.537832
demand_55 2 10 52.158469
demand_56 2 11 216.618419
demand_57 2 12 71.671694
demand_58 2 13 460.459164
demand_59 2 14 85.106624
demand_60 2 15 1.912170
demand_61 2 16 429.339575
demand_62 2 17 248.062270
demand_63 2 18 244.330572
demand_64 2 19 79.436203
demand_65 2 20 33.118748
demand_66 2 21 76.145127
demand_67 2 22 283.883488
demand_68 2 23 231.575484
demand_69 3 0 363.265653
demand_70 3 1 1010.113742
demand_71 3 2 2473.697918
demand_72 3 4 2500.285160
demand_73 3 5 1688.722377
demand_74 3 6 1295.237236
demand_75 3 7 3309.191701
demand_76 3 8 2770.434140
demand_77 3 9 12.709408
demand_78 3 10 431.063471
demand_79 3 11 1790.242096
demand_80 3 12 592.330444
demand_81 3 13 3805.463001
demand_82 3 14 703.363369
demand_83 3 15 15.803123
demand_84 3 16 3548.275273
demand_85 3 17 2050.109682
demand_86 3 18 2019.269075
demand_87 3 19 656.500193
demand_88 3 20 273.709764
demand_89 3 21 629.301112
demand_90 3 22 2346.154004
demand_91 3 23 1913.854700
demand_92 4 0 72.030327
demand_93 4 1 200.290952
demand_94 4 2 490.498536
demand_95 4 3 193.883896
demand_96 4 5 334.849235
demand_97 4 6 256.826819
demand_98 4 7 656.164875
demand_99 4 8 549.337039
demand_100 4 9 2.520092
demand_101 4 10 85.473655
demand_102 4 11 354.979127
demand_103 4 12 117.450564
demand_104 4 13 754.568300
demand_105 4 14 139.466788
demand_106 4 15 3.133531
demand_107 4 16 703.571691
demand_108 4 17 406.507113
demand_109 4 18 400.391866
demand_110 4 19 130.174498
demand_111 4 20 54.272689
demand_112 4 21 124.781313
demand_113 4 22 465.208422
demand_114 4 23 379.489719
demand_115 5 0 195.896318
demand_116 5 1 544.718613
demand_117 5 2 1333.977792
demand_118 5 3 527.293749
demand_119 5 4 1348.315351
demand_120 5 6 698.475629
demand_121 5 7 1784.530038
demand_122 5 8 1493.997141
demand_123 5 9 6.853734
demand_124 5 10 232.457283
demand_125 5 11 965.414241
demand_126 5 12 319.422858
demand_127 5 13 2052.151597
demand_128 5 14 379.298987
demand_129 5 15 8.522065
demand_130 5 16 1913.459352
demand_131 5 17 1105.551639
demand_132 5 18 1088.920391
demand_133 5 19 354.027334
demand_134 5 20 147.601995
demand_135 5 21 339.359831
demand_136 5 22 1265.197871
demand_137 5 23 1032.074146
demand_138 6 0 142.461428
demand_139 6 1 396.135018
demand_140 6 2 970.106958
demand_141 6 3 383.463156
demand_142 6 4 980.533643
demand_143 6 5 662.264101
demand_144 6 7 1297.761490
demand_145 6 8 1086.477624
demand_146 6 9 4.984232
demand_147 6 10 169.049612
demand_148 6 11 702.076960
demand_149 6 12 232.293475
demand_150 6 13 1492.383572
demand_151 6 14 275.837115
demand_152 6 15 6.197491
demand_153 6 16 1391.522589
demand_154 6 17 803.988900
demand_155 6 18 791.894178
demand_156 6 19 257.458844
demand_157 6 20 107.340409
demand_158 6 21 246.792215
demand_159 6 22 920.088224
demand_160 6 23 750.553957
demand_161 7 0 22.874843
demand_162 7 1 63.606875
demand_163 7 2 155.768788
demand_164 7 3 61.572170
demand_165 7 4 157.442987
demand_166 7 5 106.338868
demand_167 7 6 81.561104
demand_168 7 8 174.454271
demand_169 7 9 0.800312
demand_170 7 10 27.144072
demand_171 7 11 112.731566
demand_172 7 12 37.299055
demand_173 7 13 239.630051
demand_174 7 14 44.290800
demand_175 7 15 0.995123
demand_176 7 16 223.434937
demand_177 7 17 129.095431
demand_178 7 18 127.153398
demand_179 7 19 41.339825
demand_180 7 20 17.235507
demand_181 7 21 39.627099
demand_182 7 22 147.737346
demand_183 7 23 120.515454
demand_184 8 0 288.391005
demand_185 8 1 801.913736
demand_186 8 2 1963.830663
demand_187 8 3 776.261523
demand_188 8 4 1984.937864
demand_189 8 5 1340.650675
demand_190 8 6 1028.268885
demand_191 8 7 2627.116304
demand_192 8 9 10.089803
demand_193 8 10 342.214648
demand_194 8 11 1421.245616
demand_195 8 12 470.242013
demand_196 8 13 3021.098442
demand_197 8 14 558.389341
demand_198 8 15 12.545856
demand_199 8 16 2816.921068
demand_200 8 17 1627.550489
demand_201 8 18 1603.066606
demand_202 8 19 521.185388
demand_203 8 20 217.293964
demand_204 8 21 499.592456
demand_205 8 22 1862.575514
demand_206 8 23 1519.379757
demand_207 9 0 117.024772
demand_208 9 1 325.404642
demand_209 9 2 796.893214
demand_210 9 3 314.995357
demand_211 9 4 805.458202
demand_212 9 5 544.016063
demand_213 9 6 417.256188
demand_214 9 7 1066.044642
demand_215 9 8 892.485760
demand_216 9 10 138.865604
demand_217 9 11 576.720289
demand_218 9 12 190.817200
demand_219 9 13 1225.916721
demand_220 9 14 226.586072
demand_221 9 15 5.090921
demand_222 9 16 1143.064586
demand_223 9 17 660.435731
demand_224 9 18 650.500537
demand_225 9 19 211.489263
demand_226 9 20 88.174652
demand_227 9 21 202.727173
demand_228 9 22 755.805384
demand_229 9 23 616.541661
demand_230 10 0 182.819144
demand_231 10 1 508.355602
demand_232 10 2 1244.927320
demand_233 10 3 492.093944
demand_234 10 4 1258.307766
demand_235 10 5 849.876053
demand_236 10 6 651.848477
demand_237 10 7 1665.402685
demand_238 10 8 1394.264482
demand_239 10 9 6.396209
demand_240 10 11 900.967445
demand_241 10 12 298.099597
demand_242 10 13 1915.159009
demand_243 10 14 353.978660
demand_244 10 15 7.953170
demand_245 10 16 1785.725246
demand_246 10 17 1031.749889
demand_247 10 18 1016.228869
demand_248 10 19 330.394031
demand_249 10 20 137.748736
demand_250 10 21 316.705666
demand_251 10 22 1180.738842
demand_252 10 23 963.177429
demand_253 11 0 26.725746
demand_254 11 1 74.314879
demand_255 11 2 181.991941
demand_256 11 3 71.937639
demand_257 11 4 183.947986
demand_258 11 5 124.240660
demand_259 11 6 95.291643
demand_260 11 7 243.459889
demand_261 11 8 203.823063
demand_262 11 9 0.935041
demand_263 11 10 31.713686
demand_264 11 12 43.578226
demand_265 11 13 279.970967
demand_266 11 14 51.747007
demand_267 11 15 1.162648
demand_268 11 16 261.049459
demand_269 11 17 150.828215
demand_270 11 18 148.559246
demand_271 11 19 48.299246
demand_272 11 20 20.137047
demand_273 11 21 46.298188
demand_274 11 22 172.608433
demand_275 11 23 140.803826
demand_276 12 0 341.010389
demand_277 12 1 948.229696
demand_278 12 2 2322.148216
demand_279 12 3 917.897019
demand_280 12 4 2347.106606
demand_281 12 5 1585.263757
demand_282 12 6 1215.885260
demand_283 12 7 3106.455946
demand_284 12 8 2600.705061
demand_285 12 9 11.930773
demand_286 12 10 404.654612
demand_287 12 11 1680.563928
demand_288 12 13 3572.323466
demand_289 12 14 660.272210
demand_290 12 15 14.834953
demand_291 12 16 3330.892198
demand_292 12 17 1924.510874
demand_293 12 18 1895.559699
demand_294 12 19 616.280081
demand_295 12 20 256.941090
demand_296 12 21 590.747336
demand_297 12 22 2202.418208
demand_298 12 23 1796.603476
demand_299 13 0 199.953945
demand_300 13 1 556.001444
demand_301 13 2 1361.608656
demand_302 13 3 538.215656
demand_303 13 4 1376.243191
demand_304 13 5 929.531043
demand_305 13 6 712.943250
demand_306 13 7 1821.493252
demand_307 13 8 1524.942507
demand_308 13 9 6.995697
demand_309 13 10 237.272203
demand_310 13 11 985.410998
demand_311 13 12 326.039107
demand_312 13 14 387.155458
demand_313 13 15 8.698584
demand_314 13 16 1953.093096
demand_315 13 17 1128.451081
demand_316 13 18 1111.475347
demand_317 13 19 361.360350
demand_318 13 20 150.659295
demand_319 13 21 346.389038
demand_320 13 22 1291.404087
demand_321 13 23 1053.451639
demand_322 14 0 452.837201
demand_323 14 1 1259.180647
demand_324 14 2 3083.645350
demand_325 14 3 1218.901039
demand_326 14 4 3116.788291
demand_327 14 5 2105.115935
demand_328 14 6 1614.607932
demand_329 14 7 4125.149448
demand_330 14 8 3453.548749
demand_331 14 9 15.843207
demand_332 14 10 537.352139
demand_333 14 11 2231.667688
demand_334 14 12 738.383214
demand_335 14 13 4743.787914
demand_336 14 15 19.699748
demand_337 14 16 4423.184604
demand_338 14 17 2555.611638
demand_339 14 18 2517.166566
demand_340 14 19 818.375499
demand_341 14 20 341.199236
demand_342 14 21 784.469855
demand_343 14 22 2924.652534
demand_344 14 23 2385.759838
demand_345 15 0 213.942779
demand_346 15 1 594.899460
demand_347 15 2 1456.867178
demand_348 15 3 575.869374
demand_349 15 4 1472.525549
demand_350 15 5 994.561295
demand_351 15 6 762.820958
demand_352 15 7 1948.925428
demand_353 15 8 1631.627911
demand_354 15 9 7.485117
demand_355 15 10 253.871832
demand_356 15 11 1054.350627
demand_357 15 12 348.848894
demand_358 15 13 2241.200957
demand_359 15 14 414.240962
demand_360 15 16 2089.732034
demand_361 15 17 1207.397834
demand_362 15 18 1189.234473
demand_363 15 19 386.641221
demand_364 15 20 161.199461
demand_365 15 21 370.622511
demand_366 15 22 1381.751077
demand_367 15 23 1127.151409
demand_368 16 0 571.426838
demand_369 16 1 1588.936628
demand_370 16 2 3891.194690
demand_371 16 3 1538.108541
demand_372 16 4 3933.017150
demand_373 16 5 2656.406628
demand_374 16 6 2037.443706
demand_375 16 7 5205.449332
demand_376 16 8 4357.968907
demand_377 16 9 19.992248
demand_378 16 10 678.074666
demand_379 16 11 2816.099932
demand_380 16 12 931.752039
demand_381 16 13 5986.097701
demand_382 16 14 1106.409875
demand_383 16 15 24.858746
demand_384 16 17 3224.878774
demand_385 16 18 3176.365653
demand_386 16 19 1032.692815
demand_387 16 20 430.552968
demand_388 16 21 989.907914
demand_389 16 22 3690.564614
demand_390 16 23 3010.545948
demand_391 17 0 52.530279
demand_392 17 1 146.068190
demand_393 17 2 357.710783
demand_394 17 3 141.395652
demand_395 17 4 361.555449
demand_396 17 5 244.198857
demand_397 17 6 187.298668
demand_398 17 7 478.527934
demand_399 17 8 400.620527
demand_400 17 9 1.837853
demand_401 17 10 62.334229
demand_402 17 11 258.879185
demand_403 17 12 85.654350
demand_404 17 13 550.291585
demand_405 17 14 101.710342
demand_406 17 15 2.285221
demand_407 17 16 513.100778
demand_408 17 18 291.997789
demand_409 17 19 94.933660
demand_410 17 20 39.579988
demand_411 17 21 91.000519
demand_412 17 22 339.267208
demand_413 17 23 276.754271
demand_414 18 0 30.303504
demand_415 18 1 84.263363
demand_416 18 2 206.355083
demand_417 18 3 81.567884
demand_418 18 4 208.572982
demand_419 18 5 140.872676
demand_420 18 6 108.048273
demand_421 18 7 276.051705
demand_422 18 8 231.108723
demand_423 18 9 1.060215
demand_424 18 10 35.959176
demand_425 18 11 149.341419
demand_426 18 12 49.412015
demand_427 18 13 317.450497
demand_428 18 14 58.674345
demand_429 18 15 1.318291
demand_430 18 16 295.995980
demand_431 18 17 171.019489
demand_432 18 19 54.765035
demand_433 18 20 22.832780
demand_434 18 21 52.496096
demand_435 18 22 195.715411
demand_436 18 23 159.653142
demand_437 19 0 255.973014
demand_438 19 1 711.770731
demand_439 19 2 1743.076746
demand_440 19 3 689.002079
demand_441 19 4 1761.811290
demand_442 19 5 1189.948330
demand_443 19 6 912.681330
demand_444 19 7 2331.802546
demand_445 19 8 1952.170187
demand_446 19 9 8.955610
demand_447 19 10 303.746350
demand_448 19 11 1261.483605
demand_449 19 12 417.382177
demand_450 19 13 2681.497210
demand_451 19 14 495.620877
demand_452 19 15 11.135578
demand_453 19 16 2500.271384
demand_454 19 17 1444.597778
demand_455 19 18 1422.866125
demand_456 19 20 192.867982
demand_457 19 21 443.433342
demand_458 19 22 1653.203675
demand_459 19 23 1348.586502
demand_460 20 0 352.313757
demand_461 20 1 979.660379
demand_462 20 2 2399.119762
demand_463 20 3 948.322274
demand_464 20 4 2424.905439
demand_465 20 5 1637.810016
demand_466 20 6 1256.187842
demand_467 20 7 3209.424703
demand_468 20 8 2686.909847
demand_469 20 9 12.326239
demand_470 20 10 418.067576
demand_471 20 11 1736.269073
demand_472 20 12 574.472600
demand_473 20 13 3690.734193
demand_474 20 14 682.158054
demand_475 20 15 15.326683
demand_476 20 16 3441.300276
demand_477 20 17 1988.302055
demand_478 20 18 1958.391244
demand_479 20 19 636.707731
demand_480 20 21 610.328659
demand_481 20 22 2275.421099
demand_482 20 23 1856.154948
demand_483 21 0 76.802748
demand_484 21 1 213.561373
demand_485 21 2 522.996867
demand_486 21 3 206.729812
demand_487 21 4 528.618024
demand_488 21 5 357.034910
demand_489 21 6 273.843064
demand_490 21 7 699.639548
demand_491 21 8 585.733757
demand_492 21 9 2.687062
demand_493 21 10 91.136773
demand_494 21 11 378.498523
demand_495 21 12 125.232335
demand_496 21 13 804.562761
demand_497 21 14 148.707259
demand_498 21 15 3.341145
demand_499 21 16 750.187336
demand_500 21 17 433.440532
demand_501 21 18 426.920115
demand_502 21 19 138.799302
demand_503 21 20 57.868565
demand_504 21 22 496.031138
demand_505 21 23 404.633082
demand_506 22 0 106.572516
demand_507 22 1 296.340605
demand_508 22 2 725.717419
demand_509 22 3 286.861041
demand_510 22 4 733.517411
demand_511 22 5 495.426396
demand_512 22 6 379.988283
demand_513 22 7 970.829155
demand_514 22 8 812.771963
demand_515 22 9 3.728604
demand_516 22 10 126.462600
demand_517 22 11 525.209592
demand_518 22 12 173.774056
demand_519 22 13 1116.422004
demand_520 22 14 206.348174
demand_521 22 15 4.636217
demand_522 22 16 1040.969940
demand_523 22 17 601.447855
demand_524 22 18 592.400038
demand_525 22 19 192.599760
demand_526 22 20 80.299192
demand_527 22 21 184.620270
demand_528 22 23 561.474254
demand_529 23 0 16.782612
demand_530 23 1 46.666529
demand_531 23 2 114.283065
demand_532 23 3 45.173725
demand_533 23 4 115.511377
demand_534 23 5 78.017760
demand_535 23 6 59.839029
demand_536 23 7 152.882277
demand_537 23 8 127.992065
demand_538 23 9 0.587166
demand_539 23 10 19.914822
demand_540 23 11 82.707898
demand_541 23 12 27.365241
demand_542 23 13 175.809654
demand_543 23 14 32.494882
demand_544 23 15 0.730093
demand_545 23 16 163.927766
demand_546 23 17 94.713593
demand_547 23 18 93.288779
demand_548 23 19 30.329837
demand_549 23 20 12.645194
demand_550 23 21 29.073259
demand_551 23 22 108.390628
