DEMANDS 552
label src dest bw
demand_0 0 1 1516.632787
demand_1 0 2 106.137345
demand_2 0 3 234.961142
demand_3 0 4 2621.339667
demand_4 0 5 160.532427
demand_5 0 6 435.207439
demand_6 0 7 4343.262023
demand_7 0 8 1108.084030
demand_8 0 9 1420.085673
demand_9 0 10 331.748860
demand_10 0 11 1076.792464
demand_11 0 12 566.175376
demand_12 0 13 332.020952
demand_13 0 14 1858.969786
demand_14 0 15 32.442424
demand_15 0 16 231.730493
demand_16 0 17 2102.199051
demand_17 0 18 1316.166529
demand_18 0 19 2124.791038
demand_19 0 20 493.933191
demand_20 0 21 2497.656810
demand_21 0 22 3871.215631
demand_22 0 23 7.618315
demand_23 1 0 141.069515
demand_24 1 2 6.746787
demand_25 1 3 14.935674
demand_26 1 4 166.629575
demand_27 1 5 10.204496
demand_28 1 6 27.664645
demand_29 1 7 276.086275
demand_30 1 8 70.437102
demand_31 1 9 90.269977
demand_32 1 10 21.088138
demand_33 1 11 68.448005
demand_34 1 12 35.989827
demand_35 1 13 21.105433
demand_36 1 14 118.168335
demand_37 1 15 2.062254
demand_38 1 16 14.730313
demand_39 1 17 133.629586
demand_40 1 18 83.664193
demand_41 1 19 135.065681
demand_42 1 20 31.397639
demand_43 1 21 158.767479
demand_44 1 22 246.079904
demand_45 1 23 0.484270
demand_46 2 0 368.649886
demand_47 2 1 251.935958
demand_48 2 3 39.030648
demand_49 2 4 435.444707
demand_50 2 5 26.666897
demand_51 2 6 72.294628
demand_52 2 7 721.482410
demand_53 2 8 184.069746
demand_54 2 9 235.898002
demand_55 2 10 55.108572
demand_56 2 11 178.871737
demand_57 2 12 94.050410
demand_58 2 13 55.153770
demand_59 2 14 308.803382
demand_60 2 15 5.389184
demand_61 2 16 38.493988
demand_62 2 17 349.207492
demand_63 2 18 218.635439
demand_64 2 19 352.960367
demand_65 2 20 82.049876
demand_66 2 21 414.899089
demand_67 2 22 643.068267
demand_68 2 23 1.265519
demand_69 3 0 3224.411177
demand_70 3 1 2203.568073
demand_71 3 2 154.210608
demand_72 3 4 3808.634791
demand_73 3 5 233.243099
demand_74 3 6 632.327895
demand_75 3 7 6310.475158
demand_76 3 8 1609.973495
demand_77 3 9 2063.291441
demand_78 3 10 482.009359
demand_79 3 11 1564.508901
demand_80 3 12 822.615726
demand_81 3 13 482.404690
demand_82 3 14 2700.961304
demand_83 3 15 47.136717
demand_84 3 16 336.689224
demand_85 3 17 3054.357489
demand_86 3 18 1912.303734
demand_87 3 19 3087.182167
demand_88 3 20 717.652566
demand_89 3 21 3628.931703
demand_90 3 22 5624.622678
demand_91 3 23 11.068913
demand_92 4 0 1124.686013
demand_93 4 1 768.612331
demand_94 4 2 53.789205
demand_95 4 3 119.075647
demand_96 4 5 81.356017
demand_97 4 6 220.558204
demand_98 4 7 2201.116034
demand_99 4 8 561.564444
demand_100 4 9 719.683346
demand_101 4 10 168.126568
demand_102 4 11 545.706233
demand_103 4 12 286.931272
demand_104 4 13 168.264460
demand_105 4 14 942.104847
demand_106 4 15 16.441453
demand_107 4 16 117.438391
demand_108 4 17 1065.370685
demand_109 4 18 667.018300
demand_110 4 19 1076.820049
demand_111 4 20 250.319751
demand_112 4 21 1265.784201
demand_113 4 22 1961.888265
demand_114 4 23 3.860876
demand_115 5 0 333.751448
demand_116 5 1 228.086306
demand_117 5 2 15.961988
demand_118 5 3 35.335791
demand_119 5 4 394.223102
demand_120 5 6 65.450818
demand_121 5 7 653.182893
demand_122 5 8 166.644685
demand_123 5 9 213.566592
demand_124 5 10 49.891689
demand_125 5 11 161.938748
demand_126 5 12 85.147078
demand_127 5 13 49.932609
demand_128 5 14 279.570345
demand_129 5 15 4.879014
demand_130 5 16 34.849934
demand_131 5 17 316.149578
demand_132 5 18 197.938198
demand_133 5 19 319.547186
demand_134 5 20 74.282580
demand_135 5 21 375.622445
demand_136 5 22 582.191866
demand_137 5 23 1.145718
demand_138 6 0 657.044768
demand_139 6 1 449.025510
demand_140 6 2 31.423807
demand_141 6 3 69.564332
demand_142 6 4 776.093192
demand_143 6 5 47.528417
demand_144 6 7 1285.898249
demand_145 6 8 328.067546
demand_146 6 9 420.441058
demand_147 6 10 98.220019
demand_148 6 11 318.803134
demand_149 6 12 167.626065
demand_150 6 13 98.300576
demand_151 6 14 550.380332
demand_152 6 15 9.605144
demand_153 6 16 68.607842
demand_154 6 17 622.392585
demand_155 6 18 389.673988
demand_156 6 19 629.081336
demand_157 6 20 146.237510
demand_158 6 21 739.474731
demand_159 6 22 1146.140706
demand_160 6 23 2.255535
demand_161 7 0 836.961213
demand_162 7 1 571.980714
demand_163 7 2 40.028486
demand_164 7 3 88.612908
demand_165 7 4 988.608282
demand_166 7 5 60.542969
demand_167 7 6 164.133509
demand_168 7 8 417.901222
demand_169 7 9 535.569074
demand_170 7 10 125.115289
demand_171 7 11 406.099965
demand_172 7 12 213.526569
demand_173 7 13 125.217906
demand_174 7 14 701.089199
demand_175 7 15 12.235289
demand_176 7 16 87.394506
demand_177 7 17 792.820335
demand_178 7 18 496.377157
demand_179 7 19 801.340645
demand_180 7 20 186.281255
demand_181 7 21 941.962707
demand_182 7 22 1459.984710
demand_183 7 23 2.873161
demand_184 8 0 4366.984573
demand_185 8 1 2984.404672
demand_186 8 2 208.855294
demand_187 8 3 462.352611
demand_188 8 4 5158.228421
demand_189 8 5 315.893030
demand_190 8 6 856.393931
demand_191 8 7 8546.598478
demand_192 8 9 2794.420871
demand_193 8 10 652.809867
demand_194 8 11 2118.894228
demand_195 8 12 1114.110449
demand_196 8 13 653.345285
demand_197 8 14 3658.049701
demand_198 8 15 63.839660
demand_199 8 16 455.995394
demand_200 8 17 4136.672185
demand_201 8 18 2589.930516
demand_202 8 19 4181.128322
demand_203 8 20 971.953485
demand_204 8 21 4914.847360
demand_205 8 22 7617.713470
demand_206 8 23 14.991194
demand_207 9 0 177.468582
demand_208 9 1 121.282330
demand_209 9 2 8.487608
demand_210 9 3 18.789410
demand_211 9 4 209.623704
demand_212 9 5 12.837482
demand_213 9 6 34.802737
demand_214 9 7 347.322663
demand_215 9 8 88.611439
demand_216 9 10 26.529345
demand_217 9 11 86.109110
demand_218 9 12 45.276002
demand_219 9 13 26.551104
demand_220 9 14 148.658389
demand_221 9 15 2.594361
demand_222 9 16 18.531061
demand_223 9 17 168.108985
demand_224 9 18 105.251413
demand_225 9 19 169.915625
demand_226 9 20 39.498927
demand_227 9 21 199.733014
demand_228 9 22 309.573983
demand_229 9 23 0.609223
demand_230 10 0 3681.129643
demand_231 10 1 2515.690248
demand_232 10 2 176.053614
demand_233 10 3 389.738015
demand_234 10 4 4348.105021
demand_235 10 5 266.280582
demand_236 10 6 721.893341
demand_237 10 7 7204.316041
demand_238 10 8 1838.016566
demand_239 10 9 2355.544274
demand_240 10 11 1786.112184
demand_241 10 12 939.134300
demand_242 10 13 550.734415
demand_243 10 14 3083.536240
demand_244 10 15 53.813349
demand_245 10 16 384.379229
demand_246 10 17 3486.988871
demand_247 10 18 2183.170065
demand_248 10 19 3524.462968
demand_249 10 20 819.303739
demand_250 10 21 4142.948070
demand_251 10 22 6421.316678
demand_252 10 23 12.636758
demand_253 11 0 625.075608
demand_254 11 1 427.177732
demand_255 11 2 29.894850
demand_256 11 3 66.179611
demand_257 11 4 738.331614
demand_258 11 5 45.215875
demand_259 11 6 122.581371
demand_260 11 7 1223.331604
demand_261 11 8 312.105096
demand_262 11 9 399.984084
demand_263 11 10 93.441027
demand_264 11 12 159.470054
demand_265 11 13 93.517665
demand_266 11 14 523.601035
demand_267 11 15 9.137796
demand_268 11 16 65.269660
demand_269 11 17 592.109461
demand_270 11 18 370.714017
demand_271 11 19 598.472764
demand_272 11 20 139.122180
demand_273 11 21 703.494860
demand_274 11 22 1090.374101
demand_275 11 23 2.145790
demand_276 12 0 429.978933
demand_277 12 1 293.848333
demand_278 12 2 20.564162
demand_279 12 3 45.523834
demand_280 12 4 507.885823
demand_281 12 5 31.103235
demand_282 12 6 84.321651
demand_283 12 7 841.509109
demand_284 12 8 214.691814
demand_285 12 9 275.142283
demand_286 12 10 64.276501
demand_287 12 11 208.629058
demand_288 12 13 64.329219
demand_289 12 14 360.176291
demand_290 12 15 6.285735
demand_291 12 16 44.897895
demand_292 12 17 407.302078
demand_293 12 18 255.007899
demand_294 12 19 411.679287
demand_295 12 20 95.699794
demand_296 12 21 483.922210
demand_297 12 22 750.049893
demand_298 12 23 1.476052
demand_299 13 0 2087.004571
demand_300 13 1 1426.262467
demand_301 13 2 99.813028
demand_302 13 3 220.960710
demand_303 13 4 2465.144109
demand_304 13 5 150.966917
demand_305 13 6 409.275100
demand_306 13 7 4084.463729
demand_307 13 8 1042.057560
demand_308 13 9 1335.468224
demand_309 13 10 311.981221
demand_310 13 11 1012.630539
demand_311 13 12 532.439161
demand_312 13 14 1748.200920
demand_313 13 15 30.509305
demand_314 13 16 217.922563
demand_315 13 17 1976.937087
demand_316 13 18 1237.741223
demand_317 13 19 1998.182905
demand_318 13 20 464.501611
demand_319 13 21 2348.831038
demand_320 13 22 3640.544767
demand_321 13 23 7.164369
demand_322 14 0 1656.966696
demand_323 14 1 1132.373853
demand_324 14 2 79.246047
demand_325 14 3 175.430635
demand_326 14 4 1957.188664
demand_327 14 5 119.859418
demand_328 14 6 324.941890
demand_329 14 7 3242.839265
demand_330 14 8 827.336315
demand_331 14 9 1060.288224
demand_332 14 10 247.695908
demand_333 14 11 803.972881
demand_334 14 12 422.727372
demand_335 14 13 247.899062
demand_336 14 15 24.222708
demand_337 14 16 173.018514
demand_338 14 17 1569.579175
demand_339 14 18 982.698367
demand_340 14 19 1586.447184
demand_341 14 20 368.788698
demand_342 14 21 1864.842491
demand_343 14 22 2890.392056
demand_344 14 23 5.688115
demand_345 15 0 2943.154174
demand_346 15 1 2011.356560
demand_347 15 2 140.759217
demand_348 15 3 311.605181
demand_349 15 4 3476.417481
demand_350 15 5 212.897910
demand_351 15 6 577.171577
demand_352 15 7 5760.028819
demand_353 15 8 1469.539694
demand_354 15 9 1883.315894
demand_355 15 10 439.964936
demand_356 15 11 1428.040857
demand_357 15 12 750.861095
demand_358 15 13 440.325783
demand_359 15 14 2465.363472
demand_360 15 16 307.320698
demand_361 15 17 2787.933827
demand_362 15 18 1745.498451
demand_363 15 19 2817.895294
demand_364 15 20 655.053598
demand_365 15 21 3312.389427
demand_366 15 22 5134.001466
demand_367 15 23 10.103401
demand_368 16 0 1145.452223
demand_369 16 1 782.803994
demand_370 16 2 54.782369
demand_371 16 3 121.274261
demand_372 16 4 1352.994065
demand_373 16 5 82.858175
demand_374 16 6 224.630592
demand_375 16 7 2241.757455
demand_376 16 8 571.933174
demand_377 16 9 732.971584
demand_378 16 10 171.230858
demand_379 16 11 555.782156
demand_380 16 12 292.229173
demand_381 16 13 171.371297
demand_382 16 14 959.499877
demand_383 16 15 16.745028
demand_384 16 17 1085.041697
demand_385 16 18 679.334130
demand_386 16 19 1096.702461
demand_387 16 20 254.941656
demand_388 16 21 1289.155649
demand_389 16 22 1998.112583
demand_390 16 23 3.932163
demand_391 17 0 1047.286408
demand_392 17 1 715.717310
demand_393 17 2 50.087493
demand_394 17 3 110.880997
demand_395 17 4 1237.041814
demand_396 17 5 75.757189
demand_397 17 6 205.379641
demand_398 17 7 2049.637748
demand_399 17 8 522.918222
demand_400 17 9 670.155561
demand_401 17 10 156.556290
demand_402 17 11 508.151355
demand_403 17 12 267.184990
demand_404 17 13 156.684693
demand_405 17 14 877.270270
demand_406 17 15 15.309971
demand_407 17 16 109.356415
demand_408 17 18 621.114864
demand_409 17 19 1002.714526
demand_410 17 20 233.093032
demand_411 17 21 1178.674381
demand_412 17 22 1826.873360
demand_413 17 23 3.595175
demand_414 18 0 1021.166685
demand_415 18 1 697.867047
demand_416 18 2 48.838292
demand_417 18 3 108.115583
demand_418 18 4 1206.189519
demand_419 18 5 73.867776
demand_420 18 6 200.257394
demand_421 18 7 1998.519000
demand_422 18 8 509.876442
demand_423 18 9 653.441626
demand_424 18 10 152.651716
demand_425 18 11 495.477866
demand_426 18 12 260.521295
demand_427 18 13 152.776917
demand_428 18 14 855.390814
demand_429 18 15 14.928135
demand_430 18 16 106.629025
demand_431 18 17 967.310911
demand_432 18 19 977.706442
demand_433 18 20 227.279603
demand_434 18 21 1149.277792
demand_435 18 22 1781.310441
demand_436 18 23 3.505510
demand_437 19 0 1426.612800
demand_438 19 1 974.949610
demand_439 19 2 68.229148
demand_440 19 3 151.042016
demand_441 19 4 1685.097479
demand_442 19 5 103.196389
demand_443 19 6 279.768001
demand_444 19 7 2792.015082
demand_445 19 8 712.318830
demand_446 19 9 912.885429
demand_447 19 10 213.260866
demand_448 19 11 692.203414
demand_449 19 12 363.959204
demand_450 19 13 213.435777
demand_451 19 14 1195.016937
demand_452 19 15 20.855232
demand_453 19 16 148.965231
demand_454 19 17 1351.374019
demand_455 19 18 846.082225
demand_456 19 20 317.519162
demand_457 19 21 1605.589404
demand_458 19 22 2488.565592
demand_459 19 23 4.897345
demand_460 20 0 880.434205
demand_461 20 1 601.690231
demand_462 20 2 42.107624
demand_463 20 3 93.215592
demand_464 20 4 1039.958045
demand_465 20 5 63.687660
demand_466 20 6 172.658844
demand_467 20 7 1723.092334
demand_468 20 8 439.607623
demand_469 20 9 563.387316
demand_470 20 10 131.613961
demand_471 20 11 427.193393
demand_472 20 12 224.617452
demand_473 20 13 131.721907
demand_474 20 14 737.504799
demand_475 20 15 12.870808
demand_476 20 16 91.933904
demand_477 20 17 834.000585
demand_478 20 18 522.159714
demand_479 20 19 842.963452
demand_480 20 21 990.889630
demand_481 20 22 1535.818456
demand_482 20 23 3.022397
demand_483 21 0 356.717363
demand_484 21 1 243.781251
demand_485 21 2 17.060356
demand_486 21 3 37.767297
demand_487 21 4 421.350158
demand_488 21 5 25.803739
demand_489 21 6 69.954583
demand_490 21 7 698.129343
demand_491 21 8 178.111744
demand_492 21 9 228.262415
demand_493 21 10 53.324808
demand_494 21 11 173.081986
demand_495 21 12 91.006170
demand_496 21 13 53.368544
demand_497 21 14 298.807981
demand_498 21 15 5.214746
demand_499 21 16 37.248008
demand_500 21 17 337.904283
demand_501 21 18 211.558609
demand_502 21 19 341.535685
demand_503 21 20 79.394071
demand_504 21 22 622.253322
demand_505 21 23 1.224556
demand_506 22 0 593.860703
demand_507 22 1 405.845412
demand_508 22 2 28.401967
demand_509 22 3 62.874746
demand_510 22 4 701.460952
demand_511 22 5 42.957893
demand_512 22 6 116.459926
demand_513 22 7 1162.241105
demand_514 22 8 296.519252
demand_515 22 9 380.009756
demand_516 22 10 88.774787
demand_517 22 11 288.145743
demand_518 22 12 151.506469
demand_519 22 13 88.847598
demand_520 22 14 497.453547
demand_521 22 15 8.681475
demand_522 22 16 62.010236
demand_523 22 17 562.540813
demand_524 22 18 352.201371
demand_525 22 19 568.586346
demand_526 22 20 132.174724
demand_527 22 21 668.363869
demand_528 22 23 2.038633
demand_529 23 0 259.213972
demand_530 23 1 177.147268
demand_531 23 2 12.397161
demand_532 23 3 27.444168
demand_533 23 4 306.180353
demand_534 23 5 18.750670
demand_535 23 6 50.833537
demand_536 23 7 507.306060
demand_537 23 8 129.427545
demand_538 23 9 165.870275
demand_539 23 10 38.749264
demand_540 23 11 125.772596
demand_541 23 12 66.130986
demand_542 23 13 38.781045
demand_543 23 14 217.133259
demand_544 23 15 3.789373
demand_545 23 16 27.066818
demand_546 23 17 245.543168
demand_547 23 18 153.732207
demand_548 23 19 248.181980
demand_549 23 20 57.692881
demand_550 23 21 291.733823
demand_551 23 22 452.169622
