DEMANDS 552
label src dest bw
demand_0 0 1 122.307056
demand_1 0 2 720.670190
demand_2 0 3 25.013121
demand_3 0 4 52.871406
demand_4 0 5 16.376829
demand_5 0 6 109.532108
demand_6 0 7 74.603184
demand_7 0 8 448.183331
demand_8 0 9 65.498649
demand_9 0 10 107.619384
demand_10 0 11 7.270026
demand_11 0 12 178.372299
demand_12 0 13 50.651786
demand_13 0 14 129.933540
demand_14 0 15 40.446991
demand_15 0 16 41.767728
demand_16 0 17 37.141843
demand_17 0 18 231.675451
demand_18 0 19 164.254536
demand_19 0 20 5.986869
demand_20 0 21 85.488958
demand_21 0 22 27.451732
demand_22 0 23 3.002318
demand_23 1 0 4.836441
demand_24 1 2 2105.749266
demand_25 1 3 73.086637
demand_26 1 4 154.486650
demand_27 1 5 47.851979
demand_28 1 6 320.045369
demand_29 1 7 217.985429
demand_30 1 8 1309.561201
demand_31 1 9 191.382598
demand_32 1 10 314.456519
demand_33 1 11 21.242520
demand_34 1 12 521.191721
demand_35 1 13 148.001072
demand_36 1 14 379.656964
demand_37 1 15 118.183356
demand_38 1 16 122.042459
demand_39 1 17 108.525938
demand_40 1 18 676.939905
demand_41 1 19 479.940580
demand_42 1 20 17.493223
demand_43 1 21 249.792920
demand_44 1 22 80.212093
demand_45 1 23 8.772568
demand_46 2 0 0.266764
demand_47 2 1 19.711651
demand_48 2 3 4.031247
demand_49 2 4 8.521035
demand_50 2 5 2.639376
demand_51 2 6 17.652773
demand_52 2 7 12.023443
demand_53 2 8 72.231594
demand_54 2 9 10.556108
demand_55 2 10 17.344509
demand_56 2 11 1.171676
demand_57 2 12 28.747422
demand_58 2 13 8.163309
demand_59 2 14 20.940776
demand_60 2 15 6.518651
demand_61 2 16 6.731508
demand_62 2 17 5.985976
demand_63 2 18 37.338040
demand_64 2 19 26.472129
demand_65 2 20 0.964875
demand_66 2 21 13.777852
demand_67 2 22 4.424266
demand_68 2 23 0.483869
demand_69 3 0 21.961328
demand_70 3 1 1622.759993
demand_71 3 2 9561.793045
demand_72 3 4 701.493480
demand_73 3 5 217.286421
demand_74 3 6 1453.263040
demand_75 3 7 989.828939
demand_76 3 8 5946.459715
demand_77 3 9 869.030716
demand_78 3 10 1427.885172
demand_79 3 11 96.458104
demand_80 3 12 2366.629046
demand_81 3 13 672.043743
demand_82 3 14 1723.947564
demand_83 3 15 536.647365
demand_84 3 16 554.170788
demand_85 3 17 492.794930
demand_86 3 18 3073.850902
demand_87 3 19 2179.315728
demand_88 3 20 79.433284
demand_89 3 21 1134.260497
demand_90 3 22 364.227330
demand_91 3 23 39.834506
demand_92 4 0 3.183580
demand_93 4 1 235.240169
demand_94 4 2 1386.106279
demand_95 4 3 48.109169
demand_96 4 5 31.498493
demand_97 4 6 210.669381
demand_98 4 7 143.488580
demand_99 4 8 862.016686
demand_100 4 9 125.977306
demand_101 4 10 206.990529
demand_102 4 11 13.982857
demand_103 4 12 343.073665
demand_104 4 13 97.421482
demand_105 4 14 249.908624
demand_106 4 15 77.794016
demand_107 4 16 80.334264
demand_108 4 17 71.437035
demand_109 4 18 445.594672
demand_110 4 19 315.920163
demand_111 4 20 11.514888
demand_112 4 21 164.425813
demand_113 4 22 52.799489
demand_114 4 23 5.774530
demand_115 5 0 22.052699
demand_116 5 1 1629.511623
demand_117 5 2 9601.575689
demand_118 5 3 333.252818
demand_119 5 4 704.412102
demand_120 5 6 1459.309463
demand_121 5 7 993.947206
demand_122 5 8 5971.200461
demand_123 5 9 872.646391
demand_124 5 10 1433.826008
demand_125 5 11 96.859426
demand_126 5 12 2376.475605
demand_127 5 13 674.839838
demand_128 5 14 1731.120192
demand_129 5 15 538.880132
demand_130 5 16 556.476463
demand_131 5 17 494.845245
demand_132 5 18 3086.639917
demand_133 5 19 2188.382955
demand_134 5 20 79.763773
demand_135 5 21 1138.979683
demand_136 5 22 365.742729
demand_137 5 23 40.000241
demand_138 6 0 5.564040
demand_139 6 1 411.136403
demand_140 6 2 2422.540127
demand_141 6 3 84.081858
demand_142 6 4 177.727765
demand_143 6 5 55.050875
demand_144 6 7 250.779358
demand_145 6 8 1506.572795
demand_146 6 9 220.174372
demand_147 6 10 361.763647
demand_148 6 11 24.438265
demand_149 6 12 599.600284
demand_150 6 13 170.266490
demand_151 6 14 436.772908
demand_152 6 15 135.962970
demand_153 6 16 140.402639
demand_154 6 17 124.852681
demand_155 6 18 778.779369
demand_156 6 19 552.143283
demand_157 6 20 20.124920
demand_158 6 21 287.371998
demand_159 6 22 92.279274
demand_160 6 23 10.092322
demand_161 7 0 6.565239
demand_162 7 1 485.116686
demand_163 7 2 2858.454345
demand_164 7 3 99.211629
demand_165 7 4 209.708271
demand_166 7 5 64.956783
demand_167 7 6 434.446346
demand_168 7 8 1777.666964
demand_169 7 9 259.792762
demand_170 7 10 426.859748
demand_171 7 11 28.835710
demand_172 7 12 707.492941
demand_173 7 13 200.904407
demand_174 7 14 515.366248
demand_175 7 15 160.428278
demand_176 7 16 165.666825
demand_177 7 17 147.318793
demand_178 7 18 918.913683
demand_179 7 19 651.496480
demand_180 7 20 23.746217
demand_181 7 21 339.081993
demand_182 7 22 108.884096
demand_183 7 23 11.908344
demand_184 8 0 14.112273
demand_185 8 1 1042.779977
demand_186 8 2 6144.375244
demand_187 8 3 213.259826
demand_188 8 4 450.777291
demand_189 8 5 139.627505
demand_190 8 6 933.861819
demand_191 8 7 636.060664
demand_192 8 9 558.436142
demand_193 8 10 917.554089
demand_194 8 11 61.983645
demand_195 8 12 1520.787665
demand_196 8 13 431.852992
demand_197 8 14 1107.802761
demand_198 8 15 344.847747
demand_199 8 16 356.108238
demand_200 8 17 316.668323
demand_201 8 18 1975.245991
demand_202 8 19 1400.420773
demand_203 8 20 51.043554
demand_204 8 21 728.871884
demand_205 8 22 234.051227
demand_206 8 23 25.597516
demand_207 9 0 34.965788
demand_208 9 1 2583.681753
demand_209 9 2 15223.834898
demand_210 9 3 528.390969
demand_211 9 4 1116.884758
demand_212 9 5 345.953169
demand_213 9 6 2313.816716
demand_214 9 7 1575.958848
demand_215 9 8 9467.672068
demand_216 9 10 2273.411275
demand_217 9 11 153.576034
demand_218 9 12 3768.034895
demand_219 9 13 1069.996280
demand_220 9 14 2744.787819
demand_221 9 15 854.424568
demand_222 9 16 882.324534
demand_223 9 17 784.604793
demand_224 9 18 4894.040104
demand_225 9 19 3469.803486
demand_226 9 20 126.469919
demand_227 9 21 1805.915946
demand_228 9 22 579.905538
demand_229 9 23 63.422618
demand_230 10 0 10.449268
demand_231 10 1 772.114251
demand_232 10 2 4549.530865
demand_233 10 3 157.905747
demand_234 10 4 333.772779
demand_235 10 5 103.385555
demand_236 10 6 691.467074
demand_237 10 7 470.963687
demand_238 10 8 2829.344024
demand_239 10 9 413.487517
demand_240 10 11 45.895066
demand_241 10 12 1126.049459
demand_242 10 13 319.760503
demand_243 10 14 820.259612
demand_244 10 15 255.338485
demand_245 10 16 263.676184
demand_246 10 17 234.473360
demand_247 10 18 1462.547818
demand_248 10 19 1036.925201
demand_249 10 20 37.794603
demand_250 10 21 539.684672
demand_251 10 22 173.300496
demand_252 10 23 18.953382
demand_253 11 0 7.038185
demand_254 11 1 520.063519
demand_255 11 2 3064.371663
demand_256 11 3 106.358636
demand_257 11 4 224.815234
demand_258 11 5 69.636139
demand_259 11 6 465.742990
demand_260 11 7 317.221230
demand_261 11 8 1905.726527
demand_262 11 9 278.507712
demand_263 11 10 457.609869
demand_264 11 12 758.459313
demand_265 11 13 215.377157
demand_266 11 14 552.492199
demand_267 11 15 171.985209
demand_268 11 16 177.601131
demand_269 11 17 157.931343
demand_270 11 18 985.110382
demand_271 11 19 698.428980
demand_272 11 20 25.456847
demand_273 11 21 363.508780
demand_274 11 22 116.727888
demand_275 11 23 12.766197
demand_276 12 0 2.275565
demand_277 12 1 168.145382
demand_278 12 2 990.763482
demand_279 12 3 34.387556
demand_280 12 4 72.686589
demand_281 12 5 22.514548
demand_282 12 6 150.582631
demand_283 12 7 102.563019
demand_284 12 8 616.153801
demand_285 12 9 90.046280
demand_286 12 10 147.953054
demand_287 12 11 9.994691
demand_288 12 13 69.635098
demand_289 12 14 178.630125
demand_290 12 15 55.605744
demand_291 12 16 57.421467
demand_292 12 17 51.061890
demand_293 12 18 318.502943
demand_294 12 19 225.813969
demand_295 12 20 8.230632
demand_296 12 21 117.528572
demand_297 12 22 37.740112
demand_298 12 23 4.127529
demand_299 13 0 6.092249
demand_300 13 1 450.166662
demand_301 13 2 2652.518225
demand_302 13 3 92.063970
demand_303 13 4 194.599928
demand_304 13 5 60.276999
demand_305 13 6 403.146845
demand_306 13 7 274.586502
demand_307 13 8 1649.595708
demand_308 13 9 241.076104
demand_309 13 10 396.106821
demand_310 13 11 26.758253
demand_311 13 12 656.521914
demand_312 13 14 478.236907
demand_313 13 15 148.870291
demand_314 13 16 153.731430
demand_315 13 17 136.705273
demand_316 13 18 852.710940
demand_317 13 19 604.559695
demand_318 13 20 22.035431
demand_319 13 21 314.652976
demand_320 13 22 101.039588
demand_321 13 23 11.050412
demand_322 14 0 1.160565
demand_323 14 1 85.756151
demand_324 14 2 505.301195
demand_325 14 3 17.538064
demand_326 14 4 37.071028
demand_327 14 5 11.482688
demand_328 14 6 76.798938
demand_329 14 7 52.308364
demand_330 14 8 314.245789
demand_331 14 9 45.924677
demand_332 14 10 75.457823
demand_333 14 11 5.097412
demand_334 14 12 125.066552
demand_335 14 13 35.514731
demand_336 14 15 28.359593
demand_337 14 16 29.285633
demand_338 14 17 26.042173
demand_339 14 18 162.440300
demand_340 14 19 115.167818
demand_341 14 20 4.197720
demand_342 14 21 59.940974
demand_343 14 22 19.247907
demand_344 14 23 2.105089
demand_345 15 0 14.877269
demand_346 15 1 1099.306842
demand_347 15 2 6477.448640
demand_348 15 3 224.820184
demand_349 15 4 475.212961
demand_350 15 5 147.196412
demand_351 15 6 984.484464
demand_352 15 7 670.540147
demand_353 15 8 4028.312181
demand_354 15 9 588.707766
demand_355 15 10 967.292727
demand_356 15 11 65.343646
demand_357 15 12 1603.226301
demand_358 15 13 455.262816
demand_359 15 14 1167.854371
demand_360 15 16 375.412101
demand_361 15 17 333.834233
demand_362 15 18 2082.319838
demand_363 15 19 1476.334578
demand_364 15 20 53.810516
demand_365 15 21 768.382465
demand_366 15 22 246.738641
demand_367 15 23 26.985103
demand_368 16 0 3.416704
demand_369 16 1 252.466111
demand_370 16 2 1487.606743
demand_371 16 3 51.632061
demand_372 16 4 109.137107
demand_373 16 5 33.805035
demand_374 16 6 226.096077
demand_375 16 7 153.995825
demand_376 16 8 925.139618
demand_377 16 9 135.202252
demand_378 16 10 222.147834
demand_379 16 11 15.006780
demand_380 16 12 368.195935
demand_381 16 13 104.555369
demand_382 16 14 268.208694
demand_383 16 15 83.490642
demand_384 16 17 76.668158
demand_385 16 18 478.224252
demand_386 16 19 339.054062
demand_387 16 20 12.358089
demand_388 16 21 176.466229
demand_389 16 22 56.665840
demand_390 16 23 6.197382
demand_391 17 0 10.273355
demand_392 17 1 759.115766
demand_393 17 2 4472.939855
demand_394 17 3 155.247416
demand_395 17 4 328.153739
demand_396 17 5 101.645067
demand_397 17 6 679.826277
demand_398 17 7 463.035049
demand_399 17 8 2781.712230
demand_400 17 9 406.526486
demand_401 17 10 667.954688
demand_402 17 11 45.122426
demand_403 17 12 1107.092501
demand_404 17 13 314.377359
demand_405 17 14 806.450603
demand_406 17 15 251.039881
demand_407 17 16 259.237216
demand_408 17 18 1437.925935
demand_409 17 19 1019.468643
demand_410 17 20 37.158334
demand_411 17 21 530.599121
demand_412 17 22 170.382995
demand_413 17 23 18.634303
demand_414 18 0 21.694988
demand_415 18 1 1603.079709
demand_416 18 2 9445.830854
demand_417 18 3 327.847205
demand_418 18 4 692.986004
demand_419 18 5 214.651245
demand_420 18 6 1435.638358
demand_421 18 7 977.824629
demand_422 18 8 5874.343064
demand_423 18 9 858.491405
demand_424 18 10 1410.568264
demand_425 18 11 95.288293
demand_426 18 12 2337.927369
demand_427 18 13 663.893424
demand_428 18 14 1703.040111
demand_429 18 15 530.139088
demand_430 18 16 547.449993
demand_431 18 17 486.818480
demand_432 18 19 2152.885725
demand_433 18 20 78.469944
demand_434 18 21 1120.504569
demand_435 18 22 359.810104
demand_436 18 23 39.351407
demand_437 19 0 18.532202
demand_438 19 1 1369.376067
demand_439 19 2 8068.778257
demand_440 19 3 280.052273
demand_441 19 4 591.959616
demand_442 19 5 183.358492
demand_443 19 6 1226.345013
demand_444 19 7 835.273278
demand_445 19 8 5017.956845
demand_446 19 9 733.336949
demand_447 19 10 1204.929742
demand_448 19 11 81.396768
demand_449 19 12 1997.094572
demand_450 19 13 567.108273
demand_451 19 14 1454.763824
demand_452 19 15 452.853202
demand_453 19 16 467.640451
demand_454 19 17 415.848053
demand_455 19 18 2593.888113
demand_456 19 20 67.030268
demand_457 19 21 957.152742
demand_458 19 22 307.355487
demand_459 19 23 33.614595
demand_460 20 0 7.813284
demand_461 20 1 577.336881
demand_462 20 2 3401.843644
demand_463 20 3 118.071660
demand_464 20 4 249.573602
demand_465 20 5 77.305002
demand_466 20 6 517.034160
demand_467 20 7 352.156052
demand_468 20 8 2115.599668
demand_469 20 9 309.179105
demand_470 20 10 508.005358
demand_471 20 11 34.317349
demand_472 20 12 841.986638
demand_473 20 13 239.096132
demand_474 20 14 613.336854
demand_475 20 15 190.925533
demand_476 20 16 197.159922
demand_477 20 17 175.323947
demand_478 20 18 1093.598251
demand_479 20 19 775.345307
demand_480 20 21 403.541140
demand_481 20 22 129.582854
demand_482 20 23 14.172108
demand_483 21 0 32.999335
demand_484 21 1 2438.377213
demand_485 21 2 14367.656569
demand_486 21 3 498.674613
demand_487 21 4 1054.071904
demand_488 21 5 326.496993
demand_489 21 6 2183.689206
demand_490 21 7 1487.327972
demand_491 21 8 8935.216501
demand_492 21 9 1305.815218
demand_493 21 10 2145.556140
demand_494 21 11 144.939020
demand_495 21 12 3556.123124
demand_496 21 13 1009.820403
demand_497 21 14 2590.422782
demand_498 21 15 806.372299
demand_499 21 16 832.703190
demand_500 21 17 740.479142
demand_501 21 18 4618.802550
demand_502 21 19 3274.664050
demand_503 21 20 119.357335
demand_504 21 22 547.292037
demand_505 21 23 59.855772
demand_506 22 0 3.322769
demand_507 22 1 245.525109
demand_508 22 2 1446.708257
demand_509 22 3 50.212550
demand_510 22 4 106.136621
demand_511 22 5 32.875639
demand_512 22 6 219.880061
demand_513 22 7 149.762047
demand_514 22 8 899.704933
demand_515 22 9 131.485162
demand_516 22 10 216.040366
demand_517 22 11 14.594202
demand_518 22 12 358.073194
demand_519 22 13 101.680849
demand_520 22 14 260.834883
demand_521 22 15 81.195250
demand_522 22 16 83.846560
demand_523 22 17 74.560335
demand_524 22 18 465.076525
demand_525 22 19 329.732514
demand_526 22 20 12.018330
demand_527 22 21 171.614677
demand_528 22 23 6.026998
demand_529 23 0 10.904449
demand_530 23 1 805.748328
demand_531 23 2 4747.713027
demand_532 23 3 164.784281
demand_533 23 4 348.312259
demand_534 23 5 107.889134
demand_535 23 6 721.588078
demand_536 23 7 491.479342
demand_537 23 8 2952.593109
demand_538 23 9 431.499451
demand_539 23 10 708.987216
demand_540 23 11 47.894301
demand_541 23 12 1175.101312
demand_542 23 13 333.689593
demand_543 23 14 855.990949
demand_544 23 15 266.461288
demand_545 23 16 275.162185
demand_546 23 17 244.687257
demand_547 23 18 1526.257879
demand_548 23 19 1082.094710
demand_549 23 20 39.440974
demand_550 23 21 563.193881
demand_551 23 22 180.849641
