DEMANDS 552
label src dest bw
demand_0 0 1 1202.758971
demand_1 0 2 1589.136337
demand_2 0 3 711.897014
demand_3 0 4 4497.730049
demand_4 0 5 6890.514815
demand_5 0 6 1039.216651
demand_6 0 7 1662.569731
demand_7 0 8 154.007271
demand_8 0 9 1967.530712
demand_9 0 10 156.050101
demand_10 0 11 1229.067009
demand_11 0 12 1061.446553
demand_12 0 13 1085.571170
demand_13 0 14 751.432053
demand_14 0 15 330.263053
demand_15 0 16 2191.993862
demand_16 0 17 1265.932067
demand_17 0 18 2512.979820
demand_18 0 19 1638.131885
demand_19 0 20 36.175373
demand_20 0 21 1586.688304
demand_21 0 22 923.152972
demand_22 0 23 53.407861
demand_23 1 0 235.756003
demand_24 1 2 1096.006859
demand_25 1 3 490.986199
demand_26 1 4 3102.026471
demand_27 1 5 4752.299297
demand_28 1 6 716.734336
demand_29 1 7 1146.652925
demand_30 1 8 106.216831
demand_31 1 9 1356.980584
demand_32 1 10 107.625744
demand_33 1 11 847.671682
demand_34 1 12 732.066013
demand_35 1 13 748.704451
demand_36 1 14 518.253006
demand_37 1 15 227.778173
demand_38 1 16 1511.789927
demand_39 1 17 873.097037
demand_40 1 18 1733.169807
demand_41 1 19 1129.798457
demand_42 1 20 24.949689
demand_43 1 21 1094.318482
demand_44 1 22 636.686712
demand_45 1 23 36.834713
demand_46 2 0 32.698960
demand_47 2 1 115.054047
demand_48 2 3 68.098958
demand_49 2 4 430.245839
demand_50 2 5 659.135897
demand_51 2 6 99.409843
demand_52 2 7 159.038827
demand_53 2 8 14.732095
demand_54 2 9 188.210918
demand_55 2 10 14.927509
demand_56 2 11 117.570633
demand_57 2 12 101.536321
demand_58 2 13 103.844044
demand_59 2 14 71.880818
demand_60 2 15 31.592448
demand_61 2 16 209.682713
demand_62 2 17 121.097086
demand_63 2 18 240.387729
demand_64 2 19 156.701140
demand_65 2 20 3.460480
demand_66 2 21 151.780128
demand_67 2 22 88.307373
demand_68 2 23 5.108913
demand_69 3 0 486.419384
demand_70 3 1 1711.507603
demand_71 3 2 2261.316680
demand_72 3 4 6400.201007
demand_73 3 5 9805.097099
demand_74 3 6 1478.789386
demand_75 3 7 2365.811276
demand_76 3 8 219.149989
demand_77 3 9 2799.766083
demand_78 3 10 222.056904
demand_79 3 11 1748.943539
demand_80 3 12 1510.422196
demand_81 3 13 1544.751157
demand_82 3 14 1069.276308
demand_83 3 15 469.959268
demand_84 3 16 3119.173709
demand_85 3 17 1801.401951
demand_86 3 18 3575.931814
demand_87 3 19 2331.036595
demand_88 3 20 51.477003
demand_89 3 21 2257.833166
demand_90 3 22 1313.632547
demand_91 3 23 75.998568
demand_92 4 0 234.536702
demand_93 4 1 825.237155
demand_94 4 2 1090.338447
demand_95 4 3 488.446879
demand_96 4 5 4727.720996
demand_97 4 6 713.027475
demand_98 4 7 1140.722578
demand_99 4 8 105.667491
demand_100 4 9 1349.962449
demand_101 4 10 107.069117
demand_102 4 11 843.287630
demand_103 4 12 728.279859
demand_104 4 13 744.832244
demand_105 4 14 515.572666
demand_106 4 15 226.600132
demand_107 4 16 1503.971138
demand_108 4 17 868.581488
demand_109 4 18 1724.206068
demand_110 4 19 1123.955280
demand_111 4 20 24.820652
demand_112 4 21 1088.658803
demand_113 4 22 633.393847
demand_114 4 23 36.644209
demand_115 5 0 17.576979
demand_116 5 1 61.846081
demand_117 5 2 81.713674
demand_118 5 3 36.605871
demand_119 5 4 231.274081
demand_120 5 6 53.436706
demand_121 5 7 85.489632
demand_122 5 8 7.919081
demand_123 5 9 101.170780
demand_124 5 10 8.024124
demand_125 5 11 63.198845
demand_126 5 12 54.579771
demand_127 5 13 55.820263
demand_128 5 14 38.638770
demand_129 5 15 16.982185
demand_130 5 16 112.712715
demand_131 5 17 65.094453
demand_132 5 18 129.217870
demand_133 5 19 84.233034
demand_134 5 20 1.860144
demand_135 5 21 81.587796
demand_136 5 22 47.468690
demand_137 5 23 2.746242
demand_138 6 0 121.651769
demand_139 6 1 428.042003
demand_140 6 2 565.547310
demand_141 6 3 253.352360
demand_142 6 4 1600.667654
demand_143 6 5 2452.220134
demand_144 6 7 591.681040
demand_145 6 8 54.808638
demand_146 6 9 700.211603
demand_147 6 10 55.535647
demand_148 6 11 437.404598
demand_149 6 12 377.751254
demand_150 6 13 386.336805
demand_151 6 14 267.422226
demand_152 6 15 117.535152
demand_153 6 16 780.094322
demand_154 6 17 450.524262
demand_155 6 18 894.327909
demand_156 6 19 582.984015
demand_157 6 20 12.874216
demand_158 6 21 564.676096
demand_159 6 22 328.534858
demand_160 6 23 19.006973
demand_161 7 0 27.254426
demand_162 7 1 95.896995
demand_163 7 2 126.703190
demand_164 7 3 56.760154
demand_165 7 4 358.607839
demand_166 7 5 549.386601
demand_167 7 6 82.857627
demand_168 7 8 12.279131
demand_169 7 9 156.872896
demand_170 7 10 12.442007
demand_171 7 11 97.994557
demand_172 7 12 84.630036
demand_173 7 13 86.553512
demand_174 7 14 59.912316
demand_175 7 15 26.332154
demand_176 7 16 174.769533
demand_177 7 17 100.933839
demand_178 7 18 200.362016
demand_179 7 19 130.609647
demand_180 7 20 2.884293
demand_181 7 21 126.508007
demand_182 7 22 73.603771
demand_183 7 23 4.258254
demand_184 8 0 323.391657
demand_185 8 1 1137.880804
demand_186 8 2 1503.416541
demand_187 8 3 673.496491
demand_188 8 4 4255.117449
demand_189 8 5 6518.832722
demand_190 8 6 983.160140
demand_191 8 7 1572.888856
demand_192 8 9 1861.399900
demand_193 8 10 147.632583
demand_194 8 11 1162.769757
demand_195 8 12 1004.190936
demand_196 8 13 1027.014245
demand_197 8 14 710.898965
demand_198 8 15 312.448293
demand_199 8 16 2073.755256
demand_200 8 17 1197.646272
demand_201 8 18 2377.426871
demand_202 8 19 1549.769215
demand_203 8 20 34.224033
demand_204 8 21 1501.100558
demand_205 8 22 873.357066
demand_206 8 23 50.526981
demand_207 9 0 319.806831
demand_208 9 1 1125.267290
demand_209 9 2 1486.751030
demand_210 9 3 666.030720
demand_211 9 4 4207.949079
demand_212 9 5 6446.570860
demand_213 9 6 972.261720
demand_214 9 7 1555.453238
demand_215 9 8 144.084849
demand_216 9 10 145.996063
demand_217 9 11 1149.880347
demand_218 9 12 993.059387
demand_219 9 13 1015.629697
demand_220 9 14 703.018585
demand_221 9 15 308.984775
demand_222 9 16 2050.767488
demand_223 9 17 1184.370252
demand_224 9 18 2351.072875
demand_225 9 19 1532.589880
demand_226 9 20 33.844657
demand_227 9 21 1484.460720
demand_228 9 22 863.675822
demand_229 9 23 49.966885
demand_230 10 0 8.821472
demand_231 10 1 31.039092
demand_232 10 2 41.010169
demand_233 10 3 18.371625
demand_234 10 4 116.071015
demand_235 10 5 177.820598
demand_236 10 6 26.818624
demand_237 10 7 42.905233
demand_238 10 8 3.974400
demand_239 10 9 50.775232
demand_240 10 11 31.718012
demand_241 10 12 27.392302
demand_242 10 13 28.014876
demand_243 10 14 19.391889
demand_244 10 15 8.522959
demand_245 10 16 56.567858
demand_246 10 17 32.669373
demand_247 10 18 64.851406
demand_248 10 19 42.274576
demand_249 10 20 0.933563
demand_250 10 21 40.946993
demand_251 10 22 23.823418
demand_252 10 23 1.378274
demand_253 11 0 159.867915
demand_254 11 1 562.508734
demand_255 11 2 743.210477
demand_256 11 3 332.941426
demand_257 11 4 2103.507431
demand_258 11 5 3222.569821
demand_259 11 6 486.022933
demand_260 11 7 777.553954
demand_261 11 8 72.026430
demand_262 11 9 920.178719
demand_263 11 10 72.981825
demand_264 11 12 496.419458
demand_265 11 13 507.702107
demand_266 11 14 351.431253
demand_267 11 15 154.458088
demand_268 11 16 1025.156096
demand_269 11 17 592.053654
demand_270 11 18 1175.275454
demand_271 11 19 766.124813
demand_272 11 20 16.918571
demand_273 11 21 742.065576
demand_274 11 22 431.742038
demand_275 11 23 24.977896
demand_276 12 0 90.630375
demand_277 12 1 318.890612
demand_278 12 2 421.331847
demand_279 12 3 188.747105
demand_280 12 4 1192.494858
demand_281 12 5 1826.900102
demand_282 12 6 275.530212
demand_283 12 7 440.801434
demand_284 12 8 40.832348
demand_285 12 9 521.656531
demand_286 12 10 41.373969
demand_287 12 11 325.865731
demand_288 12 13 287.820306
demand_289 12 14 199.229133
demand_290 12 15 87.563502
demand_291 12 16 581.169030
demand_292 12 17 335.639859
demand_293 12 18 666.272871
demand_294 12 19 434.322164
demand_295 12 20 9.591271
demand_296 12 21 420.682794
demand_297 12 22 244.757947
demand_298 12 23 14.160165
demand_299 13 0 172.811489
demand_300 13 1 608.051791
demand_301 13 2 803.383902
demand_302 13 3 359.897756
demand_303 13 4 2273.816183
demand_304 13 5 3483.482540
demand_305 13 6 525.373380
demand_306 13 7 840.507971
demand_307 13 8 77.857991
demand_308 13 9 994.680233
demand_309 13 10 78.890738
demand_310 13 11 621.351754
demand_311 13 12 536.611652
demand_312 13 14 379.884596
demand_313 13 15 166.963661
demand_314 13 16 1108.157017
demand_315 13 17 639.988792
demand_316 13 18 1270.430666
demand_317 13 19 828.153479
demand_318 13 20 18.288370
demand_319 13 21 802.146305
demand_320 13 22 466.697677
demand_321 13 23 27.000210
demand_322 14 0 532.459935
demand_323 14 1 1873.505161
demand_324 14 2 2475.354747
demand_325 14 3 1108.902749
demand_326 14 4 7005.992608
demand_327 14 5 10733.168806
demand_328 14 6 1618.759707
demand_329 14 7 2589.739962
demand_330 14 8 239.892966
demand_331 14 9 3064.769444
demand_332 14 10 243.075027
demand_333 14 11 1914.484482
demand_334 14 12 1653.386625
demand_335 14 13 1690.964889
demand_336 14 15 514.441836
demand_337 14 16 3414.409630
demand_338 14 17 1971.908186
demand_339 14 18 3914.400786
demand_340 14 19 2551.673789
demand_341 14 20 56.349402
demand_342 14 21 2471.541512
demand_343 14 22 1437.970448
demand_344 14 23 83.191982
demand_345 15 0 65.692255
demand_346 15 1 231.143735
demand_347 15 2 305.396940
demand_348 15 3 136.810898
demand_349 15 4 864.364473
demand_350 15 5 1324.204909
demand_351 15 6 199.714510
demand_352 15 7 319.509218
demand_353 15 8 29.596799
demand_354 15 9 378.115989
demand_355 15 10 29.989386
demand_356 15 11 236.199560
demand_357 15 12 203.986607
demand_358 15 13 208.622826
demand_359 15 14 144.408660
demand_360 15 16 421.252854
demand_361 15 17 243.284210
demand_362 15 18 482.939273
demand_363 15 19 314.812803
demand_364 15 20 6.952109
demand_365 15 21 304.926482
demand_366 15 22 177.409632
demand_367 15 23 10.263812
demand_368 16 0 259.442638
demand_369 16 1 912.870790
demand_370 16 2 1206.123736
demand_371 16 3 540.316061
demand_372 16 4 3413.690093
demand_373 16 5 5229.767440
demand_374 16 6 788.745334
demand_375 16 7 1261.858262
demand_376 16 8 116.888539
demand_377 16 9 1493.317746
demand_378 16 10 118.439007
demand_379 16 11 932.838082
demand_380 16 12 805.617399
demand_381 16 13 823.927517
demand_382 16 14 570.322391
demand_383 16 15 250.663268
demand_384 16 17 960.817948
demand_385 16 18 1907.303067
demand_386 16 19 1243.310409
demand_387 16 20 27.456409
demand_388 16 21 1204.265726
demand_389 16 22 700.655246
demand_390 16 23 40.535533
demand_391 17 0 24.544311
demand_392 17 1 86.361229
demand_393 17 2 114.104131
demand_394 17 3 51.116061
demand_395 17 4 322.948740
demand_396 17 5 494.756922
demand_397 17 6 74.618464
demand_398 17 7 119.376840
demand_399 17 8 11.058123
demand_400 17 9 141.273833
demand_401 17 10 11.204804
demand_402 17 11 88.250214
demand_403 17 12 76.214629
demand_404 17 13 77.946839
demand_405 17 14 53.954780
demand_406 17 15 23.713748
demand_407 17 16 157.390872
demand_408 17 18 180.438500
demand_409 17 19 117.622139
demand_410 17 20 2.597486
demand_411 17 21 113.928355
demand_412 17 22 66.284789
demand_413 17 23 3.834824
demand_414 18 0 362.867695
demand_415 18 1 1276.780570
demand_416 18 2 1686.936823
demand_417 18 3 755.709412
demand_418 18 4 4774.534611
demand_419 18 5 7314.578935
demand_420 18 6 1103.173338
demand_421 18 7 1764.889542
demand_422 18 8 163.485367
demand_423 18 9 2088.618787
demand_424 18 10 165.653919
demand_425 18 11 1304.707688
demand_426 18 12 1126.771338
demand_427 18 13 1152.380661
demand_428 18 14 797.677563
demand_429 18 15 350.588488
demand_430 18 16 2326.896111
demand_431 18 17 1343.841538
demand_432 18 19 1738.947713
demand_433 18 20 38.401721
demand_434 18 21 1684.338131
demand_435 18 22 979.966731
demand_436 18 23 56.694750
demand_437 19 0 39.769183
demand_438 19 1 139.931222
demand_439 19 2 184.883085
demand_440 19 3 82.823426
demand_441 19 4 523.274303
demand_442 19 5 801.655346
demand_443 19 6 120.904404
demand_444 19 7 193.426464
demand_445 19 8 17.917493
demand_446 19 9 228.906193
demand_447 19 10 18.155160
demand_448 19 11 142.991948
demand_449 19 12 123.490672
demand_450 19 13 126.297375
demand_451 19 14 87.423007
demand_452 19 15 38.423420
demand_453 19 16 255.020654
demand_454 19 17 147.280898
demand_455 19 18 292.364759
demand_456 19 20 4.208710
demand_457 19 21 184.598277
demand_458 19 22 107.401339
demand_459 19 23 6.213570
demand_460 20 0 50.719691
demand_461 20 1 178.461508
demand_462 20 2 235.790939
demand_463 20 3 105.628990
demand_464 20 4 667.358721
demand_465 20 5 1022.392430
demand_466 20 6 154.195625
demand_467 20 7 246.686750
demand_468 20 8 22.851104
demand_469 20 9 291.935880
demand_470 20 10 23.154212
demand_471 20 11 182.365010
demand_472 20 12 157.494026
demand_473 20 13 161.073559
demand_474 20 14 111.495072
demand_475 20 15 49.003370
demand_476 20 16 325.241000
demand_477 20 17 187.834929
demand_478 20 18 372.867864
demand_479 20 19 243.060741
demand_480 20 21 235.427708
demand_481 20 22 136.974469
demand_482 20 23 7.924487
demand_483 21 0 249.701190
demand_484 21 1 878.594686
demand_485 21 2 1160.836688
demand_486 21 3 520.028491
demand_487 21 4 3285.514235
demand_488 21 5 5033.402241
demand_489 21 6 759.129842
demand_490 21 7 1214.478517
demand_491 21 8 112.499656
demand_492 21 9 1437.247254
demand_493 21 10 113.991907
demand_494 21 11 897.812254
demand_495 21 12 775.368402
demand_496 21 13 792.991019
demand_497 21 14 548.908155
demand_498 21 15 241.251464
demand_499 21 16 1601.213714
demand_500 21 17 924.741543
demand_501 21 18 1835.688420
demand_502 21 19 1196.627091
demand_503 21 20 26.425486
demand_504 21 22 674.347325
demand_505 21 23 39.013521
demand_506 22 0 64.605309
demand_507 22 1 227.319226
demand_508 22 2 300.343836
demand_509 22 3 134.547222
demand_510 22 4 850.062681
demand_511 22 5 1302.294587
demand_512 22 6 196.410030
demand_513 22 7 314.222612
demand_514 22 8 29.107090
demand_515 22 9 371.859674
demand_516 22 10 29.493181
demand_517 22 11 232.291397
demand_518 22 12 200.611440
demand_519 22 13 205.170948
demand_520 22 14 142.019271
demand_521 22 15 62.419108
demand_522 22 16 414.282796
demand_523 22 17 239.258825
demand_524 22 18 474.948549
demand_525 22 19 309.603904
demand_526 22 20 6.837079
demand_527 22 21 299.881162
demand_528 22 23 10.093987
demand_529 23 0 104.968138
demand_530 23 1 369.339243
demand_531 23 2 487.986725
demand_532 23 3 218.606978
demand_533 23 4 1381.148053
demand_534 23 5 2115.916477
demand_535 23 6 319.119209
demand_536 23 7 510.536409
demand_537 23 8 47.292043
demand_538 23 9 604.182817
demand_539 23 10 47.919348
demand_540 23 11 377.417828
demand_541 23 12 325.945493
demand_542 23 13 333.353601
demand_543 23 14 230.747267
demand_544 23 15 101.416085
demand_545 23 16 673.110218
demand_546 23 17 388.738228
demand_547 23 18 771.677523
demand_548 23 19 503.032116
demand_549 23 20 11.108614
demand_550 23 21 487.234991
demand_551 23 22 283.478758
