DEMANDS 552
label src dest bw
demand_0 0 1 9.747817
demand_1 0 2 1.270338
demand_2 0 3 2.546272
demand_3 0 4 0.021516
demand_4 0 5 21.249405
demand_5 0 6 11.485422
demand_6 0 7 10.378549
demand_7 0 8 2.336283
demand_8 0 9 11.661539
demand_9 0 10 19.357547
demand_10 0 11 32.756817
demand_11 0 12 4.789616
demand_12 0 13 22.480248
demand_13 0 14 4.249465
demand_14 0 15 3.891541
demand_15 0 16 7.132411
demand_16 0 17 24.292059
demand_17 0 18 0.442707
demand_18 0 19 8.840229
demand_19 0 20 41.484172
demand_20 0 21 23.402631
demand_21 0 22 4.535553
demand_22 0 23 31.631828
demand_23 1 0 1011.612193
demand_24 1 2 119.668927
demand_25 1 3 239.864976
demand_26 1 4 2.026840
demand_27 1 5 2001.745722
demand_28 1 6 1081.954765
demand_29 1 7 977.684582
demand_30 1 8 220.083565
demand_31 1 9 1098.545367
demand_32 1 10 1823.528096
demand_33 1 11 3085.771922
demand_34 1 12 451.193518
demand_35 1 13 2117.694071
demand_36 1 14 400.309956
demand_37 1 15 366.592616
demand_38 1 16 671.890451
demand_39 1 17 2288.371068
demand_40 1 18 41.704033
demand_41 1 19 832.771122
demand_42 1 20 3907.910011
demand_43 1 21 2204.584867
demand_44 1 22 427.260126
demand_45 1 23 2979.795255
demand_46 2 0 1006.556307
demand_47 2 1 913.678731
demand_48 2 3 238.666167
demand_49 2 4 2.016710
demand_50 2 5 1991.741297
demand_51 2 6 1076.547318
demand_52 2 7 972.798261
demand_53 2 8 218.983621
demand_54 2 9 1093.055002
demand_55 2 10 1814.414376
demand_56 2 11 3070.349697
demand_57 2 12 448.938520
demand_58 2 13 2107.110153
demand_59 2 14 398.309267
demand_60 2 15 364.760441
demand_61 2 16 668.532443
demand_62 2 17 2276.934132
demand_63 2 18 41.495602
demand_64 2 19 828.609056
demand_65 2 20 3888.378862
demand_66 2 21 2193.566683
demand_67 2 22 425.124744
demand_68 2 23 2964.902685
demand_69 3 0 428.082478
demand_70 3 1 388.582191
demand_71 3 2 50.640128
demand_72 3 4 0.857695
demand_73 3 5 847.075861
demand_74 3 6 457.849243
demand_75 3 7 413.725380
demand_76 3 8 93.132446
demand_77 3 9 464.869865
demand_78 3 10 771.659764
demand_79 3 11 1305.801670
demand_80 3 12 190.930913
demand_81 3 13 896.141557
demand_82 3 14 169.398589
demand_83 3 15 155.130471
demand_84 3 16 284.322917
demand_85 3 17 968.366697
demand_86 3 18 17.647836
demand_87 3 19 352.402559
demand_88 3 20 1653.704664
demand_89 3 21 932.911011
demand_90 3 22 180.803054
demand_91 3 23 1260.955676
demand_92 4 0 1688.451579
demand_93 4 1 1532.653748
demand_94 4 2 199.735817
demand_95 4 3 400.351439
demand_96 4 5 3341.053764
demand_97 4 6 1805.858257
demand_98 4 7 1631.824021
demand_99 4 8 367.334880
demand_100 4 9 1833.549133
demand_101 4 10 3043.596069
demand_102 4 11 5150.369390
demand_103 4 12 753.073572
demand_104 4 13 3534.579676
demand_105 4 14 668.145344
demand_106 4 15 611.868743
demand_107 4 16 1121.432206
demand_108 4 17 3819.451534
demand_109 4 18 69.606951
demand_110 4 19 1389.953309
demand_111 4 20 6522.575423
demand_112 4 21 3679.606499
demand_113 4 22 713.127065
demand_114 4 23 4973.486913
demand_115 5 0 1083.144843
demand_116 5 1 983.200243
demand_117 5 2 128.130900
demand_118 5 3 256.826196
demand_119 5 4 2.170161
demand_120 5 6 1158.461446
demand_121 5 7 1046.818158
demand_122 5 8 235.646012
demand_123 5 9 1176.225195
demand_124 5 10 1952.472565
demand_125 5 11 3303.971587
demand_126 5 12 483.098103
demand_127 5 13 2267.439466
demand_128 5 14 428.616487
demand_129 5 15 392.514942
demand_130 5 16 719.400855
demand_131 5 17 2450.185296
demand_132 5 18 44.652989
demand_133 5 19 891.657645
demand_134 5 20 4184.244321
demand_135 5 21 2360.474445
demand_136 5 22 457.472345
demand_137 5 23 3190.501147
demand_138 6 0 185.532506
demand_139 6 1 168.412938
demand_140 6 2 21.947616
demand_141 6 3 43.991908
demand_142 6 4 0.371728
demand_143 6 5 367.125765
demand_144 6 7 179.310087
demand_145 6 8 40.363942
demand_146 6 9 201.476293
demand_147 6 10 334.440154
demand_148 6 11 565.939203
demand_149 6 12 82.750153
demand_150 6 13 388.391017
demand_151 6 14 73.417966
demand_152 6 15 67.234111
demand_153 6 16 123.226588
demand_154 6 17 419.693655
demand_155 6 18 7.648636
demand_156 6 19 152.732553
demand_157 6 20 716.721628
demand_158 6 21 404.327032
demand_159 6 22 78.360702
demand_160 6 23 546.502785
demand_161 7 0 433.855228
demand_162 7 1 393.822275
demand_163 7 2 51.323017
demand_164 7 3 102.872103
demand_165 7 4 0.869261
demand_166 7 5 858.498793
demand_167 7 6 464.023402
demand_168 7 8 94.388350
demand_169 7 9 471.138697
demand_170 7 10 782.065700
demand_171 7 11 1323.410582
demand_172 7 12 193.505642
demand_173 7 13 908.226147
demand_174 7 14 171.682952
demand_175 7 15 157.222426
demand_176 7 16 288.157050
demand_177 7 17 981.425252
demand_178 7 18 17.885819
demand_179 7 19 357.154755
demand_180 7 20 1676.005094
demand_181 7 21 945.491441
demand_182 7 22 183.241207
demand_183 7 23 1277.959833
demand_184 8 0 394.003077
demand_185 8 1 357.647386
demand_186 8 2 46.608696
demand_187 8 3 93.422696
demand_188 8 4 0.789414
demand_189 8 5 779.640637
demand_190 8 6 421.400128
demand_191 8 7 380.788939
demand_192 8 9 427.861841
demand_193 8 10 710.228373
demand_194 8 11 1201.847548
demand_195 8 12 175.731012
demand_196 8 13 824.800241
demand_197 8 14 155.912864
demand_198 8 15 142.780623
demand_199 8 16 261.688132
demand_200 8 17 891.275579
demand_201 8 18 16.242902
demand_202 8 19 324.347993
demand_203 8 20 1522.054183
demand_204 8 21 858.642500
demand_205 8 22 166.409426
demand_206 8 23 1160.571717
demand_207 9 0 1091.169726
demand_208 9 1 990.484649
demand_209 9 2 129.080206
demand_210 9 3 258.728989
demand_211 9 4 2.186239
demand_212 9 5 2159.171614
demand_213 9 6 1167.044341
demand_214 9 7 1054.573902
demand_215 9 8 237.391883
demand_216 9 10 1966.938188
demand_217 9 11 3328.450296
demand_218 9 12 486.677316
demand_219 9 13 2284.238639
demand_220 9 14 431.792052
demand_221 9 15 395.423036
demand_222 9 16 724.730805
demand_223 9 17 2468.338409
demand_224 9 18 44.983817
demand_225 9 19 898.263824
demand_226 9 20 4215.244859
demand_227 9 21 2377.962902
demand_228 9 22 460.861700
demand_229 9 23 3214.139167
demand_230 10 0 9.252252
demand_231 10 1 8.398523
demand_232 10 2 1.094498
demand_233 10 3 2.193816
demand_234 10 4 0.018538
demand_235 10 5 18.308060
demand_236 10 6 9.895609
demand_237 10 7 8.941949
demand_238 10 8 2.012895
demand_239 10 9 10.047347
demand_240 10 11 28.222614
demand_241 10 12 4.126637
demand_242 10 13 19.368529
demand_243 10 14 3.661254
demand_244 10 15 3.352873
demand_245 10 16 6.145141
demand_246 10 17 20.929548
demand_247 10 18 0.381427
demand_248 10 19 7.616563
demand_249 10 20 35.741927
demand_250 10 21 20.163236
demand_251 10 22 3.907741
demand_252 10 23 27.253346
demand_253 11 0 280.388576
demand_254 11 1 254.516391
demand_255 11 2 33.168639
demand_256 11 3 66.483381
demand_257 11 4 0.561779
demand_258 11 5 554.823910
demand_259 11 6 299.885428
demand_260 11 7 270.984859
demand_261 11 8 61.000567
demand_262 11 9 304.483846
demand_263 11 10 505.427326
demand_264 11 12 125.057318
demand_265 11 13 586.961316
demand_266 11 14 110.953920
demand_267 11 15 101.608484
demand_268 11 16 186.227892
demand_269 11 17 634.267864
demand_270 11 18 11.559108
demand_271 11 19 230.819192
demand_272 11 20 1083.155511
demand_273 11 21 611.044841
demand_274 11 22 118.423699
demand_275 11 23 825.909922
demand_276 12 0 180.995574
demand_277 12 1 164.294640
demand_278 12 2 21.410918
demand_279 12 3 42.916148
demand_280 12 4 0.362638
demand_281 12 5 358.148230
demand_282 12 6 193.581122
demand_283 12 7 174.925316
demand_284 12 8 39.376899
demand_285 12 9 196.549479
demand_286 12 10 326.261898
demand_287 12 11 552.099969
demand_288 12 13 378.893470
demand_289 12 14 71.622634
demand_290 12 15 65.589997
demand_291 12 16 120.213258
demand_292 12 17 409.430647
demand_293 12 18 7.461600
demand_294 12 19 148.997697
demand_295 12 20 699.195225
demand_296 12 21 394.439792
demand_297 12 22 76.444503
demand_298 12 23 533.138841
demand_299 13 0 201.158623
demand_300 13 1 182.597192
demand_301 13 2 23.796111
demand_302 13 3 47.697041
demand_303 13 4 0.403036
demand_304 13 5 398.046224
demand_305 13 6 215.146212
demand_306 13 7 194.412133
demand_307 13 8 43.763517
demand_308 13 9 218.445245
demand_309 13 10 362.607730
demand_310 13 11 613.604340
demand_311 13 12 89.719625
demand_312 13 14 79.601452
demand_313 13 15 72.896775
demand_314 13 16 133.605110
demand_315 13 17 455.041543
demand_316 13 18 8.292828
demand_317 13 19 165.596158
demand_318 13 20 777.086124
demand_319 13 21 438.380696
demand_320 13 22 84.960481
demand_321 13 23 592.530928
demand_322 14 0 903.100909
demand_323 14 1 819.769433
demand_324 14 2 106.832556
demand_325 14 3 214.135693
demand_326 14 4 1.809429
demand_327 14 5 1787.027079
demand_328 14 6 965.898137
demand_329 14 7 872.812567
demand_330 14 8 196.476149
demand_331 14 9 980.709136
demand_332 14 10 1627.926090
demand_333 14 11 2754.774456
demand_334 14 12 402.795932
demand_335 14 13 1890.538147
demand_336 14 15 327.269805
demand_337 14 16 599.819656
demand_338 14 17 2042.907358
demand_339 14 18 37.230621
demand_340 14 19 743.443350
demand_341 14 20 3488.725333
demand_342 14 21 1968.108542
demand_343 14 22 381.429772
demand_344 14 23 2660.165450
demand_345 15 0 1820.876380
demand_346 15 1 1652.859367
demand_347 15 2 215.401043
demand_348 15 3 431.750894
demand_349 15 4 3.648260
demand_350 15 5 3603.091707
demand_351 15 6 1947.491232
demand_352 15 7 1759.807538
demand_353 15 8 396.144855
demand_354 15 9 1977.353896
demand_355 15 10 3282.304486
demand_356 15 11 5554.311469
demand_357 15 12 812.136929
demand_358 15 13 3811.795804
demand_359 15 14 720.547803
demand_360 15 16 1209.385830
demand_361 15 17 4119.010085
demand_362 15 18 75.066205
demand_363 15 19 1498.966972
demand_364 15 20 7034.139250
demand_365 15 21 3968.197042
demand_366 15 22 769.057428
demand_367 15 23 5363.556147
demand_368 16 0 2359.378264
demand_369 16 1 2141.672278
demand_370 16 2 279.103263
demand_371 16 3 559.435932
demand_372 16 4 4.727189
demand_373 16 5 4668.661944
demand_374 16 6 2523.437908
demand_375 16 7 2280.249060
demand_376 16 8 513.299844
demand_377 16 9 2562.132089
demand_378 16 10 4253.005830
demand_379 16 11 7196.931049
demand_380 16 12 1052.316477
demand_381 16 13 4939.087721
demand_382 16 14 933.640990
demand_383 16 15 855.002199
demand_384 16 17 5337.156862
demand_385 16 18 97.266115
demand_386 16 19 1942.268092
demand_387 16 20 9114.399769
demand_388 16 21 5141.742709
demand_389 16 22 996.496742
demand_390 16 23 6949.762176
demand_391 17 0 134.349608
demand_392 17 1 121.952819
demand_393 17 2 15.892922
demand_394 17 3 31.855849
demand_395 17 4 0.269179
demand_396 17 5 265.846689
demand_397 17 6 143.691623
demand_398 17 7 129.843769
demand_399 17 8 29.228731
demand_400 17 9 145.894979
demand_401 17 10 242.178066
demand_402 17 11 409.813415
demand_403 17 12 59.921848
demand_404 17 13 281.245491
demand_405 17 14 53.164133
demand_406 17 15 48.686220
demand_407 17 16 89.232039
demand_408 17 18 5.538605
demand_409 17 19 110.598186
demand_410 17 20 518.999455
demand_411 17 21 292.785234
demand_412 17 22 56.743316
demand_413 17 23 395.738927
demand_414 18 0 338.717636
demand_415 18 1 307.463277
demand_416 18 2 40.068691
demand_417 18 3 80.313877
demand_418 18 4 0.678646
demand_419 18 5 670.243582
demand_420 18 6 362.270407
demand_421 18 7 327.357670
demand_422 18 8 73.690477
demand_423 18 9 367.825430
demand_424 18 10 610.571058
demand_425 18 11 1033.207566
demand_426 18 12 151.072914
demand_427 18 13 709.066513
demand_428 18 14 134.035595
demand_429 18 15 122.746034
demand_430 18 16 224.968765
demand_431 18 17 766.214212
demand_432 18 19 278.836364
demand_433 18 20 1308.483677
demand_434 18 21 738.160118
demand_435 18 22 143.059308
demand_436 18 23 997.723449
demand_437 19 0 803.847501
demand_438 19 1 729.674395
demand_439 19 2 95.091348
demand_440 19 3 190.601559
demand_441 19 4 1.610568
demand_442 19 5 1590.627621
demand_443 19 6 859.743131
demand_444 19 7 776.887935
demand_445 19 8 174.882851
demand_446 19 9 872.926359
demand_447 19 10 1449.012293
demand_448 19 11 2452.016756
demand_449 19 12 358.527491
demand_450 19 13 1682.762523
demand_451 19 14 318.094384
demand_452 19 15 291.301904
demand_453 19 16 533.897736
demand_454 19 17 1818.385916
demand_455 19 18 33.138868
demand_456 19 20 3105.304303
demand_457 19 21 1751.807707
demand_458 19 22 339.509534
demand_459 19 23 2367.805554
demand_460 20 0 173.412665
demand_461 20 1 157.411426
demand_462 20 2 20.513896
demand_463 20 3 41.118153
demand_464 20 4 0.347445
demand_465 20 5 343.143414
demand_466 20 6 185.470935
demand_467 20 7 167.596724
demand_468 20 8 37.727182
demand_469 20 9 188.314931
demand_470 20 10 312.592978
demand_471 20 11 528.969439
demand_472 20 12 77.344531
demand_473 20 13 363.019521
demand_474 20 14 68.621965
demand_475 20 15 62.842068
demand_476 20 16 115.176858
demand_477 20 17 392.277326
demand_478 20 18 7.148992
demand_479 20 19 142.755357
demand_480 20 21 377.914522
demand_481 20 22 73.241819
demand_482 20 23 510.802698
demand_483 21 0 91.251661
demand_484 21 1 82.831632
demand_485 21 2 10.794639
demand_486 21 3 21.636826
demand_487 21 4 0.182829
demand_488 21 5 180.565856
demand_489 21 6 97.596856
demand_490 21 7 88.191248
demand_491 21 8 19.852460
demand_492 21 9 99.093398
demand_493 21 10 164.489879
demand_494 21 11 278.349564
demand_495 21 12 40.699547
demand_496 21 13 191.024883
demand_497 21 14 36.109636
demand_498 21 15 33.068191
demand_499 21 16 60.607335
demand_500 21 17 206.420664
demand_501 21 18 3.761879
demand_502 21 19 75.119446
demand_503 21 20 352.509866
demand_504 21 22 38.540655
demand_505 21 23 268.790024
demand_506 22 0 67.101477
demand_507 22 1 60.909849
demand_508 22 2 7.937787
demand_509 22 3 15.910538
demand_510 22 4 0.134443
demand_511 22 5 132.778249
demand_512 22 6 71.767387
demand_513 22 7 64.851017
demand_514 22 8 14.598413
demand_515 22 9 72.867862
demand_516 22 10 120.956855
demand_517 22 11 204.683036
demand_518 22 12 29.928219
demand_519 22 13 140.469245
demand_520 22 14 26.553050
demand_521 22 15 24.316538
demand_522 22 16 44.567318
demand_523 22 17 151.790460
demand_524 22 18 2.766280
demand_525 22 19 55.238730
demand_526 22 20 259.216464
demand_527 22 21 146.232818
demand_528 22 23 197.653474
demand_529 23 0 564.902801
demand_530 23 1 512.777747
demand_531 23 2 66.825323
demand_532 23 3 133.945002
demand_533 23 4 1.131824
demand_534 23 5 1117.811523
demand_535 23 6 604.183384
demand_536 23 7 545.957001
demand_537 23 8 122.898699
demand_538 23 9 613.447880
demand_539 23 10 1018.291532
demand_540 23 11 1723.151634
demand_541 23 12 251.954735
demand_542 23 13 1182.559207
demand_543 23 14 223.540421
demand_544 23 15 204.712040
demand_545 23 16 375.195950
demand_546 23 17 1277.868373
demand_547 23 18 23.288297
demand_548 23 19 465.034667
demand_549 23 20 2182.248621
demand_550 23 21 1231.080622
demand_551 23 22 238.589890
