DEMANDS 552
label src dest bw
demand_0 0 1 117.672772
demand_1 0 2 8.176030
demand_2 0 3 31.942366
demand_3 0 4 1.490310
demand_4 0 5 152.963269
demand_5 0 6 134.280629
demand_6 0 7 122.452000
demand_7 0 8 24.453071
demand_8 0 9 141.340088
demand_9 0 10 145.320131
demand_10 0 11 463.228825
demand_11 0 12 54.770148
demand_12 0 13 195.044651
demand_13 0 14 52.541250
demand_14 0 15 48.794815
demand_15 0 16 56.377380
demand_16 0 17 231.037088
demand_17 0 18 3.669470
demand_18 0 19 94.003422
demand_19 0 20 551.589838
demand_20 0 21 196.346672
demand_21 0 22 54.508402
demand_22 0 23 303.320268
demand_23 1 0 1021.219319
demand_24 1 2 62.894933
demand_25 1 3 245.719877
demand_26 1 4 11.464364
demand_27 1 5 1176.685388
demand_28 1 6 1032.967293
demand_29 1 7 941.974371
demand_30 1 8 188.107719
demand_31 1 9 1087.272893
demand_32 1 10 1117.889773
demand_33 1 11 3563.434489
demand_34 1 12 421.324889
demand_35 1 13 1500.400663
demand_36 1 14 404.178867
demand_37 1 15 375.359037
demand_38 1 16 433.688689
demand_39 1 17 1777.276118
demand_40 1 18 28.227772
demand_41 1 19 723.130811
demand_42 1 20 4243.160503
demand_43 1 21 1510.416590
demand_44 1 22 419.311382
demand_45 1 23 2333.321776
demand_46 2 0 798.750670
demand_47 2 1 708.013276
demand_48 2 3 192.190759
demand_49 2 4 8.966897
demand_50 2 5 920.349062
demand_51 2 6 807.939394
demand_52 2 7 736.768925
demand_53 2 8 147.129186
demand_54 2 9 850.414731
demand_55 2 10 874.361843
demand_56 2 11 2787.154173
demand_57 2 12 329.540904
demand_58 2 13 1173.544226
demand_59 2 14 316.130076
demand_60 2 15 293.588534
demand_61 2 16 339.211298
demand_62 2 17 1390.103443
demand_63 2 18 22.078462
demand_64 2 19 565.599582
demand_65 2 20 3318.804524
demand_66 2 21 1181.378222
demand_67 2 22 327.966032
demand_68 2 23 1825.016720
demand_69 3 0 520.821429
demand_70 3 1 461.656559
demand_71 3 2 32.076390
demand_72 3 4 5.846821
demand_73 3 5 600.109060
demand_74 3 6 526.812891
demand_75 3 7 480.406538
demand_76 3 8 95.934859
demand_77 3 9 554.508724
demand_78 3 10 570.123321
demand_79 3 11 1817.350111
demand_80 3 12 214.875519
demand_81 3 13 765.203716
demand_82 3 14 206.131055
demand_83 3 15 191.432953
demand_84 3 16 221.181051
demand_85 3 17 906.410083
demand_86 3 18 14.396152
demand_87 3 19 368.796414
demand_88 3 20 2164.010096
demand_89 3 21 770.311834
demand_90 3 22 213.848631
demand_91 3 23 1189.993138
demand_92 4 0 1933.364172
demand_93 4 1 1713.735652
demand_94 4 2 119.072179
demand_95 4 3 465.194888
demand_96 4 5 2227.691279
demand_97 4 6 1955.605341
demand_98 4 7 1783.338276
demand_99 4 8 356.124016
demand_100 4 9 2058.416265
demand_101 4 10 2116.379896
demand_102 4 11 6746.265412
demand_103 4 12 797.648879
demand_104 4 13 2840.546425
demand_105 4 14 765.188169
demand_106 4 15 710.626699
demand_107 4 16 821.055925
demand_108 4 17 3364.724802
demand_109 4 18 53.440589
demand_110 4 19 1369.025414
demand_111 4 20 8033.117216
demand_112 4 21 2859.508497
demand_113 4 22 793.836924
demand_114 4 23 4417.425953
demand_115 5 0 1150.858790
demand_116 5 1 1020.122214
demand_117 5 2 70.879178
demand_118 5 3 276.912976
demand_119 5 4 12.919716
demand_120 5 6 1164.098120
demand_121 5 7 1061.554031
demand_122 5 8 211.987198
demand_123 5 9 1225.297586
demand_124 5 10 1259.801150
demand_125 5 11 4015.797418
demand_126 5 12 474.810301
demand_127 5 13 1690.870178
demand_128 5 14 455.487664
demand_129 5 15 423.009278
demand_130 5 16 488.743633
demand_131 5 17 2002.893801
demand_132 5 18 31.811168
demand_133 5 19 814.929207
demand_134 5 20 4781.811773
demand_135 5 21 1702.157585
demand_136 5 22 472.541188
demand_137 5 23 2629.527102
demand_138 6 0 238.918237
demand_139 6 1 211.777329
demand_140 6 2 14.714514
demand_141 6 3 57.487122
demand_142 6 4 2.682133
demand_143 6 5 275.290129
demand_144 6 7 220.378572
demand_145 6 8 44.008533
demand_146 6 9 254.371727
demand_147 6 10 261.534666
demand_148 6 11 833.679376
demand_149 6 12 98.570599
demand_150 6 13 351.024578
demand_151 6 14 94.559220
demand_152 6 15 87.816708
demand_153 6 16 101.463158
demand_154 6 17 415.800669
demand_155 6 18 6.603997
demand_156 6 19 169.179269
demand_157 6 20 992.703924
demand_158 6 21 353.367843
demand_159 6 22 98.099531
demand_160 6 23 545.889716
demand_161 7 0 543.451015
demand_162 7 1 481.715443
demand_163 7 2 33.470102
demand_164 7 3 130.762035
demand_165 7 4 6.100864
demand_166 7 5 626.183677
demand_167 7 6 549.702804
demand_168 7 8 100.103209
demand_169 7 9 578.602016
demand_170 7 10 594.895064
demand_171 7 11 1896.313605
demand_172 7 12 224.211816
demand_173 7 13 798.451662
demand_174 7 14 215.087407
demand_175 7 15 199.750676
demand_176 7 16 230.791323
demand_177 7 17 945.793418
demand_178 7 18 15.021662
demand_179 7 19 384.820543
demand_180 7 20 2258.035897
demand_181 7 21 803.781728
demand_182 7 22 223.140311
demand_183 7 23 1241.698099
demand_184 8 0 458.555228
demand_185 8 1 406.463745
demand_186 8 2 28.241534
demand_187 8 3 110.334903
demand_188 8 4 5.147811
demand_189 8 5 528.363718
demand_190 8 6 463.830388
demand_191 8 7 422.972093
demand_192 8 9 488.215078
demand_193 8 10 501.962889
demand_194 8 11 1600.078930
demand_195 8 12 189.186326
demand_196 8 13 673.720674
demand_197 8 14 181.487296
demand_198 8 15 168.546409
demand_199 8 16 194.738008
demand_200 8 17 798.045279
demand_201 8 18 12.675037
demand_202 8 19 324.705387
demand_203 8 20 1905.294383
demand_204 8 21 678.218098
demand_205 8 22 188.282206
demand_206 8 23 1047.724890
demand_207 9 0 1272.455649
demand_208 9 1 1127.905773
demand_209 9 2 78.368095
demand_210 9 3 306.170907
demand_211 9 4 14.284781
demand_212 9 5 1466.168864
demand_213 9 6 1287.093813
demand_214 9 7 1173.715173
demand_215 9 8 234.385235
demand_216 9 10 1392.908585
demand_217 9 11 4440.096519
demand_218 9 12 524.977569
demand_219 9 13 1869.523288
demand_220 9 14 503.613350
demand_221 9 15 467.703380
demand_222 9 16 540.383061
demand_223 9 17 2214.514546
demand_224 9 18 35.172256
demand_225 9 19 901.032587
demand_226 9 20 5287.046034
demand_227 9 21 1882.003294
demand_228 9 22 522.468706
demand_229 9 23 2907.356352
demand_230 10 0 31.717339
demand_231 10 1 28.114277
demand_232 10 2 1.953410
demand_233 10 3 7.631642
demand_234 10 4 0.356064
demand_235 10 5 36.545852
demand_236 10 6 32.082212
demand_237 10 7 29.256126
demand_238 10 8 5.842307
demand_239 10 9 33.768851
demand_240 10 11 110.674230
demand_241 10 12 13.085636
demand_242 10 13 46.599899
demand_243 10 14 12.553110
demand_244 10 15 11.658015
demand_245 10 16 13.469635
demand_246 10 17 55.199181
demand_247 10 18 0.876707
demand_248 10 19 22.459216
demand_249 10 20 131.785366
demand_250 10 21 46.910977
demand_251 10 22 13.023100
demand_252 10 23 72.469016
demand_253 11 0 316.362594
demand_254 11 1 280.424073
demand_255 11 2 19.484163
demand_256 11 3 76.121335
demand_257 11 4 3.551535
demand_258 11 5 364.524285
demand_259 11 6 320.001988
demand_260 11 7 291.813375
demand_261 11 8 58.273717
demand_262 11 9 336.825270
demand_263 11 10 346.310045
demand_264 11 12 130.521850
demand_265 11 13 464.807742
demand_266 11 14 125.210200
demand_267 11 15 116.282131
demand_268 11 16 134.352020
demand_269 11 17 550.580735
demand_270 11 18 8.744655
demand_271 11 19 224.018029
demand_272 11 20 1314.484792
demand_273 11 21 467.910567
demand_274 11 22 129.898088
demand_275 11 23 722.837608
demand_276 12 0 205.530090
demand_277 12 1 182.182047
demand_278 12 2 12.658203
demand_279 12 3 49.453460
demand_280 12 4 2.307312
demand_281 12 5 236.819114
demand_282 12 6 207.894481
demand_283 12 7 189.581291
demand_284 12 8 37.858466
demand_285 12 9 218.823999
demand_286 12 10 224.985938
demand_287 12 11 717.175046
demand_288 12 13 301.969888
demand_289 12 14 81.344837
demand_290 12 15 75.544572
demand_291 12 16 87.283969
demand_292 12 17 357.693704
demand_293 12 18 5.681107
demand_294 12 19 145.536946
demand_295 12 20 853.976364
demand_296 12 21 303.985689
demand_297 12 22 84.390399
demand_298 12 23 469.603175
demand_299 13 0 275.688632
demand_300 13 1 244.370638
demand_301 13 2 16.979132
demand_302 13 3 66.334602
demand_303 13 4 3.094923
demand_304 13 5 317.658292
demand_305 13 6 278.860118
demand_306 13 7 254.295645
demand_307 13 8 50.781609
demand_308 13 9 293.520472
demand_309 13 10 301.785813
demand_310 13 11 961.985697
demand_311 13 12 113.740976
demand_312 13 14 109.112232
demand_313 13 15 101.332023
demand_314 13 16 117.078711
demand_315 13 17 479.793921
demand_316 13 18 7.620377
demand_317 13 19 195.216581
demand_318 13 20 1145.484708
demand_319 13 21 407.752454
demand_320 13 22 113.197409
demand_321 13 23 629.904151
demand_322 14 0 796.743641
demand_323 14 1 706.234243
demand_324 14 2 49.069908
demand_325 14 3 191.707840
demand_326 14 4 8.944366
demand_327 14 5 918.036491
demand_328 14 6 805.909276
demand_329 14 7 734.917638
demand_330 14 8 146.759493
demand_331 14 9 848.277884
demand_332 14 10 872.164824
demand_333 14 11 2780.150860
demand_334 14 12 328.712863
demand_335 14 13 1170.595449
demand_336 14 15 292.850831
demand_337 14 16 338.358958
demand_338 14 17 1386.610514
demand_339 14 18 22.022985
demand_340 14 19 564.178394
demand_341 14 20 3310.465328
demand_342 14 21 1178.409761
demand_343 14 22 327.141948
demand_344 14 23 1820.430981
demand_345 15 0 2796.551272
demand_346 15 1 2478.865433
demand_347 15 2 172.234212
demand_348 15 3 672.889968
demand_349 15 4 31.394511
demand_350 15 5 3222.286297
demand_351 15 6 2828.722433
demand_352 15 7 2579.543469
demand_353 15 8 515.122336
demand_354 15 9 2977.435243
demand_355 15 10 3061.277836
demand_356 15 11 9758.263544
demand_357 15 12 1153.774349
demand_358 15 13 4108.762245
demand_359 15 14 1106.820939
demand_360 15 16 1187.631914
demand_361 15 17 4866.970000
demand_362 15 18 77.300154
demand_363 15 19 1980.252773
demand_364 15 20 11619.654739
demand_365 15 21 4136.190295
demand_366 15 22 1148.260473
demand_367 15 23 6389.669543
demand_368 16 0 2830.313747
demand_369 16 1 2508.792520
demand_370 16 2 174.313578
demand_371 16 3 681.013699
demand_372 16 4 31.773534
demand_373 16 5 3261.188627
demand_374 16 6 2862.873307
demand_375 16 7 2610.686031
demand_376 16 8 521.341355
demand_377 16 9 3013.381511
demand_378 16 10 3098.236328
demand_379 16 11 9876.074052
demand_380 16 12 1167.703747
demand_381 16 13 4158.366908
demand_382 16 14 1120.183474
demand_383 16 15 1040.309190
demand_384 16 17 4925.728427
demand_385 16 18 78.233391
demand_386 16 19 2004.160161
demand_387 16 20 11759.937632
demand_388 16 21 4186.126093
demand_389 16 22 1162.123303
demand_390 16 23 6466.811364
demand_391 17 0 199.589908
demand_392 17 1 176.916665
demand_393 17 2 12.292358
demand_394 17 3 48.024168
demand_395 17 4 2.240627
demand_396 17 5 229.974624
demand_397 17 6 201.885965
demand_398 17 7 184.102058
demand_399 17 8 36.764289
demand_400 17 9 212.499600
demand_401 17 10 218.483448
demand_402 17 11 696.447423
demand_403 17 12 82.344893
demand_404 17 13 293.242426
demand_405 17 14 78.993828
demand_406 17 15 73.361201
demand_407 17 16 84.761308
demand_408 17 18 5.516913
demand_409 17 19 141.330672
demand_410 17 20 829.294942
demand_411 17 21 295.199967
demand_412 17 22 81.951368
demand_413 17 23 456.030816
demand_414 18 0 322.326300
demand_415 18 1 285.710308
demand_416 18 2 19.851457
demand_417 18 3 77.556287
demand_418 18 4 3.618484
demand_419 18 5 371.395880
demand_420 18 6 326.034300
demand_421 18 7 297.314307
demand_422 18 8 59.372227
demand_423 18 9 343.174715
demand_424 18 10 352.838287
demand_425 18 11 1124.722804
demand_426 18 12 132.982299
demand_427 18 13 473.569767
demand_428 18 14 127.570519
demand_429 18 15 118.474149
demand_430 18 16 136.884671
demand_431 18 17 560.959654
demand_432 18 19 228.240961
demand_433 18 20 1339.263958
demand_434 18 21 476.731083
demand_435 18 22 132.346778
demand_436 18 23 736.463717
demand_437 19 0 687.807380
demand_438 19 1 609.673049
demand_439 19 2 42.360733
demand_440 19 3 165.496228
demand_441 19 4 7.721431
demand_442 19 5 792.516239
demand_443 19 6 695.719827
demand_444 19 7 634.434653
demand_445 19 8 126.693527
demand_446 19 9 732.295508
demand_447 19 10 752.916462
demand_448 19 11 2400.029548
demand_449 19 12 283.768984
demand_450 19 13 1010.543602
demand_451 19 14 272.220866
demand_452 19 15 252.810254
demand_453 19 16 292.096199
demand_454 19 17 1197.023605
demand_455 19 18 19.011851
demand_456 19 20 2857.835780
demand_457 19 21 1017.289488
demand_458 19 22 282.412855
demand_459 19 23 1571.529159
demand_460 20 0 202.610197
demand_461 20 1 179.593852
demand_462 20 2 12.478372
demand_463 20 3 48.750892
demand_464 20 4 2.274533
demand_465 20 5 233.454709
demand_466 20 6 204.940998
demand_467 20 7 186.887977
demand_468 20 8 37.320624
demand_469 20 9 215.715245
demand_470 20 10 221.789642
demand_471 20 11 706.986395
demand_472 20 12 83.590975
demand_473 20 13 297.679909
demand_474 20 14 80.189200
demand_475 20 15 74.471337
demand_476 20 16 86.043957
demand_477 20 17 352.612077
demand_478 20 18 5.600398
demand_479 20 19 143.469354
demand_480 20 21 299.667072
demand_481 20 22 83.191495
demand_482 20 23 462.931690
demand_483 21 0 180.733524
demand_484 21 1 160.202350
demand_485 21 2 11.131030
demand_486 21 3 43.487054
demand_487 21 4 2.028942
demand_488 21 5 208.247624
demand_489 21 6 182.812659
demand_490 21 7 166.708898
demand_491 21 8 33.290959
demand_492 21 9 192.423564
demand_493 21 10 197.842084
demand_494 21 11 630.650106
demand_495 21 12 74.565307
demand_496 21 13 265.538160
demand_497 21 14 71.530835
demand_498 21 15 66.430355
demand_499 21 16 76.753429
demand_500 21 17 314.539071
demand_501 21 18 4.995699
demand_502 21 19 127.978366
demand_503 21 20 750.946770
demand_504 21 22 74.208960
demand_505 21 23 412.947012
demand_506 22 0 148.002127
demand_507 22 1 131.189211
demand_508 22 2 9.115166
demand_509 22 3 35.611414
demand_510 22 4 1.661494
demand_511 22 5 170.533339
demand_512 22 6 149.704724
demand_513 22 7 136.517404
demand_514 22 8 27.261864
demand_515 22 9 157.575065
demand_516 22 10 162.012274
demand_517 22 11 516.437432
demand_518 22 12 61.061300
demand_519 22 13 217.448383
demand_520 22 14 58.576381
demand_521 22 15 54.399613
demand_522 22 16 62.853147
demand_523 22 17 257.575078
demand_524 22 18 4.090963
demand_525 22 19 104.801090
demand_526 22 20 614.948001
demand_527 22 21 218.899960
demand_528 22 23 338.161038
demand_529 23 0 602.920789
demand_530 23 1 534.429502
demand_531 23 2 37.132731
demand_532 23 3 145.071308
demand_533 23 4 6.768481
demand_534 23 5 694.706876
demand_535 23 6 609.856711
demand_536 23 7 556.135122
demand_537 23 8 111.057490
demand_538 23 9 641.918360
demand_539 23 10 659.994354
demand_540 23 11 2103.826958
demand_541 23 12 248.747287
demand_542 23 13 885.826125
demand_543 23 14 238.624394
demand_544 23 15 221.609367
demand_545 23 16 256.046788
demand_546 23 17 1049.291469
demand_547 23 18 16.665480
demand_548 23 19 426.931405
demand_549 23 20 2505.132473
demand_550 23 21 891.739458
demand_551 23 22 247.558526
