DEMANDS 552
label src dest bw
demand_0 0 1 49.191552
demand_1 0 2 12.800404
demand_2 0 3 13.444429
demand_3 0 4 2.738526
demand_4 0 5 130.939483
demand_5 0 6 102.690919
demand_6 0 7 83.962947
demand_7 0 8 12.804172
demand_8 0 9 113.312659
demand_9 0 10 125.015131
demand_10 0 11 219.028393
demand_11 0 12 29.765723
demand_12 0 13 134.281905
demand_13 0 14 18.993164
demand_14 0 15 18.013335
demand_15 0 16 41.959793
demand_16 0 17 169.974466
demand_17 0 18 11.108571
demand_18 0 19 47.312026
demand_19 0 20 255.596449
demand_20 0 21 169.644042
demand_21 0 22 23.420385
demand_22 0 23 210.479004
demand_23 1 0 1352.714882
demand_24 1 2 189.984343
demand_25 1 3 199.543004
demand_26 1 4 40.645356
demand_27 1 5 1943.411427
demand_28 1 6 1524.144590
demand_29 1 7 1246.182937
demand_30 1 8 190.040267
demand_31 1 9 1681.793079
demand_32 1 10 1855.481851
demand_33 1 11 3250.832150
demand_34 1 12 441.784598
demand_35 1 13 1993.019849
demand_36 1 14 281.897646
demand_37 1 15 267.354961
demand_38 1 16 622.769691
demand_39 1 17 2522.770907
demand_40 1 18 164.874059
demand_41 1 19 702.207835
demand_42 1 20 3793.577361
demand_43 1 21 2517.866748
demand_44 1 22 347.606721
demand_45 1 23 3123.941628
demand_46 2 0 1335.969316
demand_47 2 1 721.065759
demand_48 2 3 197.072816
demand_49 2 4 40.142198
demand_50 2 5 1919.353493
demand_51 2 6 1505.276856
demand_52 2 7 1230.756153
demand_53 2 8 187.687715
demand_54 2 9 1660.973778
demand_55 2 10 1832.512417
demand_56 2 11 3210.589356
demand_57 2 12 436.315645
demand_58 2 13 1968.347800
demand_59 2 14 278.407971
demand_60 2 15 264.045313
demand_61 2 16 615.060283
demand_62 2 17 2491.540950
demand_63 2 18 162.833046
demand_64 2 19 693.515044
demand_65 2 20 3746.615800
demand_66 2 21 2486.697500
demand_67 2 22 343.303618
demand_68 2 23 3085.269641
demand_69 3 0 752.722007
demand_70 3 1 406.268361
demand_71 3 2 105.717323
demand_72 3 4 22.617223
demand_73 3 5 1081.416763
demand_74 3 6 848.114550
demand_75 3 7 693.442005
demand_76 3 8 105.748442
demand_77 3 9 935.838496
demand_78 3 10 1032.488103
demand_79 3 11 1808.934707
demand_80 3 12 245.832284
demand_81 3 13 1109.021509
demand_82 3 14 156.862739
demand_83 3 15 148.770421
demand_84 3 16 346.541949
demand_85 3 17 1403.802978
demand_86 3 18 91.744635
demand_87 3 19 390.745528
demand_88 3 20 2110.946809
demand_89 3 21 1401.074044
demand_90 3 22 193.426739
demand_91 3 23 1738.326119
demand_92 4 0 1463.472889
demand_93 4 1 789.883552
demand_94 4 2 205.539940
demand_95 4 3 215.881248
demand_96 4 5 2102.534667
demand_97 4 6 1648.938971
demand_98 4 7 1348.218288
demand_99 4 8 205.600443
demand_100 4 9 1819.495452
demand_101 4 10 2007.405567
demand_102 4 11 3517.004788
demand_103 4 12 477.957173
demand_104 4 13 2156.204943
demand_105 4 14 304.978949
demand_106 4 15 289.245533
demand_107 4 16 673.761020
demand_108 4 17 2729.331122
demand_109 4 18 178.373668
demand_110 4 19 759.703425
demand_111 4 20 4104.189059
demand_112 4 21 2724.025418
demand_113 4 22 376.068171
demand_114 4 23 3379.724685
demand_115 5 0 1393.693182
demand_116 5 1 752.221193
demand_117 5 2 195.739611
demand_118 5 3 205.587835
demand_119 5 4 41.876641
demand_120 5 6 1570.316075
demand_121 5 7 1283.934025
demand_122 5 8 195.797228
demand_123 5 9 1732.740269
demand_124 5 10 1911.690660
demand_125 5 11 3349.310830
demand_126 5 12 455.167744
demand_127 5 13 2053.395148
demand_128 5 14 290.437278
demand_129 5 15 275.454045
demand_130 5 16 641.635487
demand_131 5 17 2599.194154
demand_132 5 18 169.868651
demand_133 5 19 723.480081
demand_134 5 20 3908.497626
demand_135 5 21 2594.141431
demand_136 5 22 358.136902
demand_137 5 23 3218.576366
demand_138 6 0 449.524917
demand_139 6 1 242.623107
demand_140 6 2 63.134292
demand_141 6 3 66.310760
demand_142 6 4 13.506986
demand_143 6 5 645.821136
demand_144 6 7 414.122953
demand_145 6 8 63.152876
demand_146 6 9 558.881923
demand_147 6 10 616.600983
demand_148 6 11 1080.294209
demand_149 6 12 146.810823
demand_150 6 13 662.306665
demand_151 6 14 93.678289
demand_152 6 15 88.845564
demand_153 6 16 206.954546
demand_154 6 17 838.349898
demand_155 6 18 54.789815
demand_156 6 19 233.352884
demand_157 6 20 1260.655570
demand_158 6 21 836.720182
demand_159 6 22 115.514278
demand_160 6 23 1038.126823
demand_161 7 0 824.440445
demand_162 7 1 444.977117
demand_163 7 2 115.789941
demand_164 7 3 121.615667
demand_165 7 4 24.772164
demand_166 7 5 1184.452838
demand_167 7 6 928.921874
demand_168 7 8 115.824025
demand_169 7 9 1025.004051
demand_170 7 10 1130.862315
demand_171 7 11 1981.287808
demand_172 7 12 269.254885
demand_173 7 13 1214.687731
demand_174 7 14 171.808431
demand_175 7 15 162.945086
demand_176 7 16 379.560045
demand_177 7 17 1537.555620
demand_178 7 18 100.485952
demand_179 7 19 427.975287
demand_180 7 20 2312.075256
demand_181 7 21 1534.566677
demand_182 7 22 211.856204
demand_183 7 23 1903.951719
demand_184 8 0 672.263314
demand_185 8 1 362.842208
demand_186 8 2 94.417165
demand_187 8 3 99.167565
demand_188 8 4 20.199661
demand_189 8 5 965.823784
demand_190 8 6 757.459318
demand_191 8 7 619.319771
demand_192 8 9 835.806424
demand_193 8 10 922.125123
demand_194 8 11 1615.577105
demand_195 8 12 219.555193
demand_196 8 13 990.477850
demand_197 8 14 140.095632
demand_198 8 15 132.868304
demand_199 8 16 309.499971
demand_200 8 17 1253.750034
demand_201 8 18 81.938022
demand_202 8 19 348.978615
demand_203 8 20 1885.307038
demand_204 8 21 1251.312797
demand_205 8 22 172.751294
demand_206 8 23 1552.515891
demand_207 9 0 1424.203090
demand_208 9 1 768.688374
demand_209 9 2 200.024626
demand_210 9 3 210.088443
demand_211 9 4 42.793380
demand_212 9 5 2046.116735
demand_213 9 6 1604.692506
demand_214 9 7 1312.041149
demand_215 9 8 200.083505
demand_216 9 10 1953.540262
demand_217 9 11 3422.631962
demand_218 9 12 465.132008
demand_219 9 13 2098.346860
demand_220 9 14 296.795359
demand_221 9 15 281.484122
demand_222 9 16 655.681792
demand_223 9 17 2656.094176
demand_224 9 18 173.587315
demand_225 9 19 739.318079
demand_226 9 20 3994.060145
demand_227 9 21 2650.930842
demand_228 9 22 365.977023
demand_229 9 23 3289.035537
demand_230 10 0 65.867530
demand_231 10 1 35.550832
demand_232 10 2 9.250877
demand_233 10 3 9.716316
demand_234 10 4 1.979138
demand_235 10 5 94.630223
demand_236 10 6 74.214929
demand_237 10 7 60.680187
demand_238 10 8 9.253600
demand_239 10 9 81.891282
demand_240 10 11 158.292251
demand_241 10 12 21.511747
demand_242 10 13 97.045798
demand_243 10 14 13.726397
demand_244 10 15 13.018272
demand_245 10 16 30.324425
demand_246 10 17 122.840881
demand_247 10 18 8.028186
demand_248 10 19 34.192494
demand_249 10 20 184.720057
demand_250 10 21 122.602084
demand_251 10 22 16.925959
demand_252 10 23 152.113591
demand_253 11 0 506.303711
demand_254 11 1 273.268454
demand_255 11 2 71.108686
demand_256 11 3 74.686369
demand_257 11 4 15.213032
demand_258 11 5 727.393799
demand_259 11 6 570.467636
demand_260 11 7 466.430179
demand_261 11 8 71.129618
demand_262 11 9 629.473430
demand_263 11 10 694.482894
demand_264 11 12 165.354269
demand_265 11 13 745.961590
demand_266 11 14 105.510648
demand_267 11 15 100.067509
demand_268 11 16 233.094653
demand_269 11 17 944.240570
demand_270 11 18 61.710231
demand_271 11 19 262.827324
demand_272 11 20 1419.887014
demand_273 11 21 942.405006
demand_274 11 22 130.104706
demand_275 11 23 1169.251007
demand_276 12 0 361.554305
demand_277 12 1 195.142528
demand_278 12 2 50.779110
demand_279 12 3 53.333953
demand_280 12 4 10.863711
demand_281 12 5 519.435971
demand_282 12 6 407.374123
demand_283 12 7 333.080394
demand_284 12 8 50.794057
demand_285 12 9 449.510489
demand_286 12 10 495.934110
demand_287 12 11 868.884031
demand_288 12 13 532.695335
demand_289 12 14 75.345743
demand_290 12 15 71.458767
demand_291 12 16 166.454192
demand_292 12 17 674.287461
demand_293 12 18 44.067620
demand_294 12 19 187.686459
demand_295 12 20 1013.949241
demand_296 12 21 672.976674
demand_297 12 22 92.908497
demand_298 12 23 834.968669
demand_299 13 0 485.769890
demand_300 13 1 262.185688
demand_301 13 2 68.224779
demand_302 13 3 71.657364
demand_303 13 4 14.596047
demand_304 13 5 697.893375
demand_305 13 6 547.331562
demand_306 13 7 447.513482
demand_307 13 8 68.244861
demand_308 13 9 603.944297
demand_309 13 10 666.317216
demand_310 13 11 1167.397798
demand_311 13 12 158.648107
demand_312 13 14 101.231524
demand_313 13 15 96.009138
demand_314 13 16 223.641189
demand_315 13 17 905.945636
demand_316 13 18 59.207491
demand_317 13 19 252.168012
demand_318 13 20 1362.301605
demand_319 13 21 904.184517
demand_320 13 22 124.828137
demand_321 13 23 1121.830475
demand_322 14 0 990.741926
demand_323 14 1 534.735394
demand_324 14 2 139.146436
demand_325 14 3 146.147295
demand_326 14 4 29.769066
demand_327 14 5 1423.373991
demand_328 14 6 1116.298761
demand_329 14 7 912.716862
demand_330 14 8 139.187395
demand_331 14 9 1231.762093
demand_332 14 10 1358.973489
demand_333 14 11 2380.942021
demand_334 14 12 323.567463
demand_335 14 13 1459.707696
demand_336 14 15 195.813451
demand_337 14 16 456.122758
demand_338 14 17 1847.702676
demand_339 14 18 120.755412
demand_340 14 19 514.304050
demand_341 14 20 2778.454049
demand_342 14 21 1844.110820
demand_343 14 22 254.590643
demand_344 14 23 2288.006132
demand_345 15 0 1806.579152
demand_346 15 1 975.069077
demand_347 15 2 253.728083
demand_348 15 3 266.493876
demand_349 15 4 54.282727
demand_350 15 5 2595.466801
demand_351 15 6 2035.527130
demand_352 15 7 1664.303501
demand_353 15 8 253.802770
demand_354 15 9 2246.070000
demand_355 15 10 2478.035005
demand_356 15 11 4341.554652
demand_357 15 12 590.012614
demand_358 15 13 2661.719891
demand_359 15 14 376.480231
demand_360 15 16 831.722010
demand_361 15 17 3369.213563
demand_362 15 18 220.192771
demand_363 15 19 937.813320
demand_364 15 20 5066.402288
demand_365 15 21 3362.663954
demand_366 15 22 464.236081
demand_367 15 23 4172.089694
demand_368 16 0 2064.232461
demand_369 16 1 1114.132883
demand_370 16 2 289.914640
demand_371 16 3 304.501083
demand_372 16 4 62.024499
demand_373 16 5 2965.630825
demand_374 16 6 2325.832870
demand_375 16 7 1901.665535
demand_376 16 8 289.999979
demand_377 16 9 2566.403247
demand_378 16 10 2831.450971
demand_379 16 11 4960.744748
demand_380 16 12 674.159883
demand_381 16 13 3041.332893
demand_382 16 14 430.173630
demand_383 16 15 407.981605
demand_384 16 17 3849.728916
demand_385 16 18 251.596541
demand_386 16 19 1071.563732
demand_387 16 20 5788.969748
demand_388 16 21 3842.245206
demand_389 16 22 530.445171
demand_390 16 23 4767.110792
demand_391 17 0 284.981752
demand_392 17 1 153.813849
demand_393 17 2 40.024747
demand_394 17 3 42.038508
demand_395 17 4 8.562917
demand_396 17 5 409.426110
demand_397 17 6 321.097521
demand_398 17 7 262.538249
demand_399 17 8 40.036529
demand_400 17 9 354.309946
demand_401 17 10 390.901642
demand_402 17 11 684.865564
demand_403 17 12 93.072495
demand_404 17 13 419.877311
demand_405 17 14 59.388483
demand_406 17 15 56.324719
demand_407 17 16 131.201334
demand_408 17 18 34.734665
demand_409 17 19 147.936880
demand_410 17 20 799.207827
demand_411 17 21 530.448867
demand_412 17 22 73.231672
demand_413 17 23 658.133040
demand_414 18 0 550.194617
demand_415 18 1 296.957793
demand_416 18 2 77.273019
demand_417 18 3 81.160848
demand_418 18 4 16.531833
demand_419 18 5 790.450760
demand_420 18 6 619.920843
demand_421 18 7 506.864494
demand_422 18 8 77.295765
demand_423 18 9 684.041783
demand_424 18 10 754.686846
demand_425 18 11 1322.222720
demand_426 18 12 179.688648
demand_427 18 13 810.628173
demand_428 18 14 114.657249
demand_429 18 15 108.742250
demand_430 18 16 253.301369
demand_431 18 17 1026.095737
demand_432 18 19 285.611533
demand_433 18 20 1542.975443
demand_434 18 21 1024.101051
demand_435 18 22 141.383339
demand_436 18 23 1270.612079
demand_437 19 0 873.680527
demand_438 19 1 471.553579
demand_439 19 2 122.705548
demand_440 19 3 128.879219
demand_441 19 4 26.251693
demand_442 19 5 1255.194826
demand_443 19 6 984.402158
demand_444 19 7 804.874538
demand_445 19 8 122.741668
demand_446 19 9 1086.222887
demand_447 19 10 1198.403584
demand_448 19 11 2099.621128
demand_449 19 12 285.336256
demand_450 19 13 1287.235511
demand_451 19 14 182.069768
demand_452 19 15 172.677056
demand_453 19 16 402.229442
demand_454 19 17 1629.386832
demand_455 19 18 106.487521
demand_456 19 20 2450.165008
demand_457 19 21 1626.219373
demand_458 19 22 224.509412
demand_459 19 23 2017.666106
demand_460 20 0 290.748903
demand_461 20 1 156.926567
demand_462 20 2 40.834724
demand_463 20 3 42.889237
demand_464 20 4 8.736204
demand_465 20 5 417.711632
demand_466 20 6 327.595544
demand_467 20 7 267.851213
demand_468 20 8 40.846744
demand_469 20 9 361.480087
demand_470 20 10 398.812285
demand_471 20 11 698.725130
demand_472 20 12 94.955995
demand_473 20 13 428.374332
demand_474 20 14 60.590323
demand_475 20 15 57.464557
demand_476 20 16 133.856444
demand_477 20 17 542.237602
demand_478 20 18 35.437587
demand_479 20 19 150.930666
demand_480 20 21 541.183515
demand_481 20 22 74.713655
demand_482 20 23 671.451622
demand_483 21 0 230.606566
demand_484 21 1 124.465807
demand_485 21 2 32.387932
demand_486 21 3 34.017462
demand_487 21 4 6.929092
demand_488 21 5 331.306650
demand_489 21 6 259.831362
demand_490 21 7 212.445336
demand_491 21 8 32.397465
demand_492 21 9 286.706779
demand_493 21 10 316.316693
demand_494 21 11 554.191610
demand_495 21 12 75.314045
demand_496 21 13 339.763737
demand_497 21 14 48.057021
demand_498 21 15 45.577830
demand_499 21 16 106.167812
demand_500 21 17 430.074026
demand_501 21 18 28.107210
demand_502 21 19 119.710177
demand_503 21 20 646.717102
demand_504 21 22 59.258897
demand_505 21 23 532.559714
demand_506 22 0 155.956679
demand_507 22 1 84.174853
demand_508 22 2 21.903601
demand_509 22 3 23.005635
demand_510 22 4 4.686069
demand_511 22 5 224.059036
demand_512 22 6 175.721087
demand_513 22 7 143.674440
demand_514 22 8 21.910049
demand_515 22 9 193.896635
demand_516 22 10 213.921494
demand_517 22 11 374.793679
demand_518 22 12 50.934058
demand_519 22 13 229.778471
demand_520 22 14 32.500434
demand_521 22 15 30.823784
demand_522 22 16 71.800122
demand_523 22 17 290.854325
demand_524 22 18 19.008596
demand_525 22 19 80.958673
demand_526 22 20 437.367650
demand_527 22 21 290.288916
demand_528 22 23 360.164266
demand_529 23 0 851.887634
demand_530 23 1 459.791251
demand_531 23 2 119.644808
demand_532 23 3 125.664484
demand_533 23 4 25.596877
demand_534 23 5 1223.885524
demand_535 23 6 959.847449
demand_536 23 7 784.797926
demand_537 23 8 119.680027
demand_538 23 9 1059.128384
demand_539 23 10 1168.510870
demand_540 23 11 2047.248645
demand_541 23 12 278.218892
demand_542 23 13 1255.126994
demand_543 23 14 177.528260
demand_544 23 15 168.369838
demand_545 23 16 392.196320
demand_546 23 17 1588.743769
demand_547 23 18 103.831320
demand_548 23 19 442.223398
demand_549 23 20 2389.048635
demand_550 23 21 1585.655318
demand_551 23 22 218.909299
