DEMANDS 552
label src dest bw
demand_0 0 1 22.047691
demand_1 0 2 4.661164
demand_2 0 3 5.298177
demand_3 0 4 0.729929
demand_4 0 5 33.415789
demand_5 0 6 31.683246
demand_6 0 7 22.298072
demand_7 0 8 4.838253
demand_8 0 9 32.143282
demand_9 0 10 32.650511
demand_10 0 11 126.937343
demand_11 0 12 11.802277
demand_12 0 13 34.494614
demand_13 0 14 10.662309
demand_14 0 15 7.969448
demand_15 0 16 13.888843
demand_16 0 17 78.173627
demand_17 0 18 4.650160
demand_18 0 19 15.269660
demand_19 0 20 143.737586
demand_20 0 21 70.993341
demand_21 0 22 11.722771
demand_22 0 23 98.377904
demand_23 1 0 1077.683744
demand_24 1 2 168.131573
demand_25 1 3 191.109094
demand_26 1 4 26.329058
demand_27 1 5 1205.331883
demand_28 1 6 1142.837800
demand_29 1 7 804.307736
demand_30 1 8 174.519315
demand_31 1 9 1159.431623
demand_32 1 10 1177.727752
demand_33 1 11 4578.722529
demand_34 1 12 425.716738
demand_35 1 13 1244.245880
demand_36 1 14 384.597254
demand_37 1 15 287.463798
demand_38 1 16 500.980708
demand_39 1 17 2819.779746
demand_40 1 18 167.734659
demand_41 1 19 550.787787
demand_42 1 20 5184.719558
demand_43 1 21 2560.781570
demand_44 1 22 422.848908
demand_45 1 23 3548.562752
demand_46 2 0 815.837950
demand_47 2 1 602.047304
demand_48 2 3 144.675145
demand_49 2 4 19.931863
demand_50 2 5 912.471305
demand_51 2 6 865.161466
demand_52 2 7 608.884358
demand_53 2 8 132.116199
demand_54 2 9 877.723473
demand_55 2 10 891.574175
demand_56 2 11 3466.226174
demand_57 2 12 322.279957
demand_58 2 13 941.930333
demand_59 2 14 291.151311
demand_60 2 15 217.618459
demand_61 2 16 379.256972
demand_62 2 17 2134.655311
demand_63 2 18 126.980018
demand_64 2 19 416.962380
demand_65 2 20 3924.983558
demand_66 2 21 1938.586156
demand_67 2 22 320.108926
demand_68 2 23 2686.365250
demand_69 3 0 397.255426
demand_70 3 1 293.154490
demand_71 3 2 61.976605
demand_72 3 4 9.705409
demand_73 3 5 444.309040
demand_74 3 6 421.272492
demand_75 3 7 296.483652
demand_76 3 8 64.331252
demand_77 3 9 427.389302
demand_78 3 10 434.133615
demand_79 3 11 1687.807186
demand_80 3 12 156.927563
demand_81 3 13 458.653505
demand_82 3 14 141.770113
demand_83 3 15 105.964810
demand_84 3 16 184.671343
demand_85 3 17 1039.426278
demand_86 3 18 61.830295
demand_87 3 19 203.031212
demand_88 3 20 1911.189610
demand_89 3 21 943.954456
demand_90 3 22 155.870425
demand_91 3 23 1308.070029
demand_92 4 0 1312.543104
demand_93 4 1 968.590683
demand_94 4 2 204.772447
demand_95 4 3 232.757453
demand_96 4 5 1468.009571
demand_97 4 6 1391.896168
demand_98 4 7 979.590327
demand_99 4 8 212.552267
demand_100 4 9 1412.106278
demand_101 4 10 1434.389678
demand_102 4 11 5576.562430
demand_103 4 12 518.493085
demand_104 4 13 1515.404085
demand_105 4 14 468.412441
demand_106 4 15 350.110715
demand_107 4 16 610.159313
demand_108 4 17 3434.293669
demand_109 4 18 204.289034
demand_110 4 19 670.820837
demand_111 4 20 6314.624246
demand_112 4 21 3118.852082
demand_113 4 22 515.000269
demand_114 4 23 4321.900180
demand_115 5 0 1246.146641
demand_116 5 1 919.593438
demand_117 5 2 194.413803
demand_118 5 3 220.983157
demand_119 5 4 30.444801
demand_120 5 6 1321.485541
demand_121 5 7 930.036653
demand_122 5 8 201.800073
demand_123 5 9 1340.673300
demand_124 5 10 1361.829470
demand_125 5 11 5294.465773
demand_126 5 12 492.264531
demand_127 5 13 1438.745672
demand_128 5 14 444.717273
demand_129 5 15 332.399972
demand_130 5 16 579.293721
demand_131 5 17 3260.566077
demand_132 5 18 193.954844
demand_133 5 19 636.886613
demand_134 5 20 5995.191906
demand_135 5 21 2961.081456
demand_136 5 22 488.948404
demand_137 5 23 4103.272018
demand_138 6 0 175.165471
demand_139 6 1 129.263293
demand_140 6 2 27.327912
demand_141 6 3 31.062651
demand_142 6 4 4.279495
demand_143 6 5 195.913252
demand_144 6 7 130.731251
demand_145 6 8 28.366168
demand_146 6 9 188.452677
demand_147 6 10 191.426509
demand_148 6 11 744.220273
demand_149 6 12 69.195507
demand_150 6 13 202.238289
demand_151 6 14 62.511994
demand_152 6 15 46.724034
demand_153 6 16 81.428826
demand_154 6 17 458.323744
demand_155 6 18 27.263398
demand_156 6 19 89.524411
demand_157 6 20 842.718330
demand_158 6 21 416.226480
demand_159 6 22 68.729373
demand_160 6 23 576.779292
demand_161 7 0 439.732482
demand_162 7 1 324.500417
demand_163 7 2 68.603535
demand_164 7 3 77.979163
demand_165 7 4 10.743172
demand_166 7 5 491.817366
demand_167 7 6 466.317605
demand_168 7 8 71.209956
demand_169 7 9 473.088462
demand_170 7 10 480.553920
demand_171 7 11 1868.278177
demand_172 7 12 173.707248
demand_173 7 13 507.695631
demand_174 7 14 156.929067
demand_175 7 15 117.295236
demand_176 7 16 204.417568
demand_177 7 17 1150.568293
demand_178 7 18 68.441580
demand_179 7 19 224.740590
demand_180 7 20 2115.546060
demand_181 7 21 1044.888022
demand_182 7 22 172.537074
demand_183 7 23 1447.937128
demand_184 8 0 394.566758
demand_185 8 1 291.170389
demand_186 8 2 61.557141
demand_187 8 3 69.969781
demand_188 8 4 9.639721
demand_189 8 5 441.301909
demand_190 8 6 418.421275
demand_191 8 7 294.477019
demand_192 8 9 424.496685
demand_193 8 10 431.195352
demand_194 8 11 1676.383925
demand_195 8 12 155.865461
demand_196 8 13 455.549289
demand_197 8 14 140.810597
demand_198 8 15 105.247629
demand_199 8 16 183.421467
demand_200 8 17 1032.391329
demand_201 8 18 61.411821
demand_202 8 19 201.657075
demand_203 8 20 1898.254474
demand_204 8 21 937.565671
demand_205 8 22 154.815477
demand_206 8 23 1299.216870
demand_207 9 0 1311.451955
demand_208 9 1 967.785470
demand_209 9 2 204.602215
demand_210 9 3 232.563956
demand_211 9 4 32.040285
demand_212 9 5 1466.789179
demand_213 9 6 1390.739051
demand_214 9 7 978.775970
demand_215 9 8 212.375568
demand_216 9 10 1433.197236
demand_217 9 11 5571.926499
demand_218 9 12 518.062049
demand_219 9 13 1514.144293
demand_220 9 14 468.023039
demand_221 9 15 349.819659
demand_222 9 16 609.652073
demand_223 9 17 3431.438658
demand_224 9 18 204.119203
demand_225 9 19 670.263167
demand_226 9 20 6309.374747
demand_227 9 21 3116.259306
demand_228 9 22 514.572137
demand_229 9 23 4318.307280
demand_230 10 0 2.943619
demand_231 10 1 2.172242
demand_232 10 2 0.459240
demand_233 10 3 0.522001
demand_234 10 4 0.071916
demand_235 10 5 3.292281
demand_236 10 6 3.121582
demand_237 10 7 2.196911
demand_238 10 8 0.476687
demand_239 10 9 3.166907
demand_240 10 11 12.506464
demand_241 10 12 1.162816
demand_242 10 13 3.398572
demand_243 10 14 1.050501
demand_244 10 15 0.785187
demand_245 10 16 1.368394
demand_246 10 17 7.702033
demand_247 10 18 0.458156
demand_248 10 19 1.504439
demand_249 10 20 14.161703
demand_250 10 21 6.994598
demand_251 10 22 1.154983
demand_252 10 23 9.692654
demand_253 11 0 236.065639
demand_254 11 1 174.204549
demand_255 11 2 36.829068
demand_256 11 3 41.862272
demand_257 11 4 5.767356
demand_258 11 5 264.026848
demand_259 11 6 250.337576
demand_260 11 7 176.182875
demand_261 11 8 38.228296
demand_262 11 9 253.972438
demand_263 11 10 257.980188
demand_264 11 12 93.252862
demand_265 11 13 272.550923
demand_266 11 14 84.245677
demand_267 11 15 62.968682
demand_268 11 16 109.739366
demand_269 11 17 617.670177
demand_270 11 18 36.742124
demand_271 11 19 120.649561
demand_272 11 20 1135.708082
demand_273 11 21 560.936863
demand_274 11 22 92.624667
demand_275 11 23 777.309428
demand_276 12 0 142.688110
demand_277 12 1 105.296637
demand_278 12 2 22.261054
demand_279 12 3 25.303337
demand_280 12 4 3.486035
demand_281 12 5 159.589053
demand_282 12 6 151.314676
demand_283 12 7 106.492421
demand_284 12 8 23.106808
demand_285 12 9 153.511740
demand_286 12 10 155.934195
demand_287 12 11 606.234685
demand_288 12 13 164.741367
demand_289 12 14 50.921669
demand_290 12 15 38.060949
demand_291 12 16 66.331139
demand_292 12 17 373.346119
demand_293 12 18 22.208502
demand_294 12 19 72.925725
demand_295 12 20 686.470256
demand_296 12 21 339.054092
demand_297 12 22 55.986287
demand_298 12 23 469.838870
demand_299 13 0 231.022896
demand_300 13 1 170.483258
demand_301 13 2 36.042339
demand_302 13 3 40.968027
demand_303 13 4 5.644156
demand_304 13 5 258.386808
demand_305 13 6 244.989961
demand_306 13 7 172.419324
demand_307 13 8 37.411678
demand_308 13 9 248.547176
demand_309 13 10 252.469315
demand_310 13 11 981.540034
demand_311 13 12 91.260831
demand_312 13 14 82.446053
demand_313 13 15 61.623570
demand_314 13 16 107.395156
demand_315 13 17 604.475744
demand_316 13 18 35.957253
demand_317 13 19 118.072292
demand_318 13 20 1111.447523
demand_319 13 21 548.954346
demand_320 13 22 90.646054
demand_321 13 23 760.704844
demand_322 14 0 733.487784
demand_323 14 1 541.277030
demand_324 14 2 114.432881
demand_325 14 3 130.071727
demand_326 14 4 17.919953
demand_327 14 5 820.367029
demand_328 14 6 777.832615
demand_329 14 7 547.423956
demand_330 14 8 118.780474
demand_331 14 9 789.126621
demand_332 14 10 801.579242
demand_333 14 11 3116.347498
demand_334 14 12 289.749222
demand_335 14 13 846.852481
demand_336 14 15 195.652190
demand_337 14 16 340.975013
demand_338 14 17 1919.184554
demand_339 14 18 114.162735
demand_340 14 19 374.874461
demand_341 14 20 3528.798201
demand_342 14 21 1742.906496
demand_343 14 22 287.797334
demand_344 14 23 2415.205242
demand_345 15 0 1915.872701
demand_346 15 1 1413.817529
demand_347 15 2 298.899091
demand_348 15 3 339.747814
demand_349 15 4 46.806981
demand_350 15 5 2142.801599
demand_351 15 6 2031.701559
demand_352 15 7 1429.873321
demand_353 15 8 310.255020
demand_354 15 9 2061.201542
demand_355 15 10 2093.727832
demand_356 15 11 8139.910753
demand_357 15 12 756.825999
demand_358 15 13 2211.981694
demand_359 15 14 683.725057
demand_360 15 16 890.627948
demand_361 15 17 5012.916885
demand_362 15 18 298.193470
demand_363 15 19 979.173427
demand_364 15 20 9217.233457
demand_365 15 21 4552.477969
demand_366 15 22 751.727660
demand_367 15 23 6308.524685
demand_368 16 0 3517.885111
demand_369 16 1 2596.021976
demand_370 16 2 548.832217
demand_371 16 3 623.837782
demand_372 16 4 85.945994
demand_373 16 5 3934.567175
demand_374 16 6 3730.567622
demand_375 16 7 2625.503283
demand_376 16 8 569.683734
demand_377 16 9 3784.734869
demand_378 16 10 3844.458959
demand_379 16 11 14946.332724
demand_380 16 12 1389.667964
demand_381 16 13 4061.594209
demand_382 16 14 1255.441553
demand_383 16 15 938.368627
demand_384 16 17 9204.612429
demand_385 16 18 547.536570
demand_386 16 19 1797.937628
demand_387 16 20 16924.489989
demand_388 16 21 8359.164185
demand_389 16 22 1380.306501
demand_390 16 23 11583.580190
demand_391 17 0 85.560294
demand_392 17 1 63.139186
demand_393 17 2 13.348431
demand_394 17 3 15.172680
demand_395 17 4 2.090337
demand_396 17 5 95.694633
demand_397 17 6 90.733055
demand_398 17 7 63.856216
demand_399 17 8 13.855571
demand_400 17 9 92.050484
demand_401 17 10 93.503064
demand_402 17 11 363.517448
demand_403 17 12 33.798830
demand_404 17 13 98.784122
demand_405 17 14 30.534240
demand_406 17 15 22.822546
demand_407 17 16 39.774244
demand_408 17 18 13.316919
demand_409 17 19 43.728566
demand_410 17 20 411.629229
demand_411 17 21 203.307533
demand_412 17 22 33.571145
demand_413 17 23 281.730214
demand_414 18 0 247.929018
demand_415 18 1 182.959124
demand_416 18 2 38.679897
demand_417 18 3 43.966043
demand_418 18 4 6.057192
demand_419 18 5 277.295404
demand_420 18 6 262.918184
demand_421 18 7 185.036870
demand_422 18 8 40.149443
demand_423 18 9 266.735714
demand_424 18 10 270.944872
demand_425 18 11 1053.368564
demand_426 18 12 97.939245
demand_427 18 13 286.247854
demand_428 18 14 88.479408
demand_429 18 15 66.133147
demand_430 18 16 115.254271
demand_431 18 17 648.710929
demand_432 18 19 126.712754
demand_433 18 20 1192.782608
demand_434 18 21 589.126506
demand_435 18 22 97.279480
demand_436 18 23 816.372783
demand_437 19 0 562.644289
demand_438 19 1 415.203138
demand_439 19 2 87.779249
demand_440 19 3 99.775506
demand_441 19 4 13.746049
demand_442 19 5 629.287677
demand_443 19 6 596.660352
demand_444 19 7 419.918326
demand_445 19 8 91.114203
demand_446 19 9 605.323765
demand_447 19 10 614.875929
demand_448 19 11 2390.489877
demand_449 19 12 222.261023
demand_450 19 13 649.604155
demand_451 19 14 200.793089
demand_452 19 15 150.081010
demand_453 19 16 261.555336
demand_454 19 17 1472.169344
demand_455 19 18 87.572025
demand_456 19 20 2706.872833
demand_457 19 21 1336.949855
demand_458 19 22 220.763767
demand_459 19 23 1852.657217
demand_460 20 0 116.022783
demand_461 20 1 85.618969
demand_462 20 2 18.100944
demand_463 20 3 20.574690
demand_464 20 4 2.834571
demand_465 20 5 129.765305
demand_466 20 6 123.037230
demand_467 20 7 86.591287
demand_468 20 8 18.788644
demand_469 20 9 124.823711
demand_470 20 10 126.793461
demand_471 20 11 492.942512
demand_472 20 12 45.832408
demand_473 20 13 133.954762
demand_474 20 14 41.405509
demand_475 20 15 30.948179
demand_476 20 16 53.935281
demand_477 20 17 303.575790
demand_478 20 18 18.058212
demand_479 20 19 59.297482
demand_480 20 21 275.692202
demand_481 20 22 45.523659
demand_482 20 23 382.036130
demand_483 21 0 43.800317
demand_484 21 1 32.322428
demand_485 21 2 6.833374
demand_486 21 3 7.767250
demand_487 21 4 1.070092
demand_488 21 5 48.988323
demand_489 21 6 46.448375
demand_490 21 7 32.689492
demand_491 21 8 7.092991
demand_492 21 9 47.122798
demand_493 21 10 47.866408
demand_494 21 11 186.093092
demand_495 21 12 17.302412
demand_496 21 13 50.569905
demand_497 21 14 15.631192
demand_498 21 15 11.683396
demand_499 21 16 20.361367
demand_500 21 17 114.604353
demand_501 21 18 6.817242
demand_502 21 19 22.385677
demand_503 21 20 210.722639
demand_504 21 22 17.185855
demand_505 21 23 144.224292
demand_506 22 0 33.960613
demand_507 22 1 25.061222
demand_508 22 2 5.298262
demand_509 22 3 6.022344
demand_510 22 4 0.829697
demand_511 22 5 37.983137
demand_512 22 6 36.013787
demand_513 22 7 25.345825
demand_514 22 8 5.499557
demand_515 22 9 36.536701
demand_516 22 10 37.113260
demand_517 22 11 144.287436
demand_518 22 12 13.415440
demand_519 22 13 39.209419
demand_520 22 14 12.119658
demand_521 22 15 9.058731
demand_522 22 16 15.787203
demand_523 22 17 88.858582
demand_524 22 18 5.285755
demand_525 22 19 17.356753
demand_526 22 20 163.383976
demand_527 22 21 80.696877
demand_528 22 23 111.824427
demand_529 23 0 482.501123
demand_530 23 1 356.061520
demand_531 23 2 75.275955
demand_532 23 3 85.563462
demand_533 23 4 11.788059
demand_534 23 5 539.651814
demand_535 23 6 511.671931
demand_536 23 7 360.105075
demand_537 23 8 78.135878
demand_538 23 9 519.101326
demand_539 23 10 527.292878
demand_540 23 11 2049.988019
demand_541 23 12 190.602118
demand_542 23 13 557.074409
demand_543 23 14 172.192081
demand_544 23 15 128.703440
demand_545 23 16 224.299342
demand_546 23 17 1262.473247
demand_547 23 18 75.098249
demand_548 23 19 246.598993
demand_549 23 20 2321.305323
demand_550 23 21 1146.514449
demand_551 23 22 189.318132
