DEMANDS 552
label src dest bw
demand_0 0 1 11.663985
demand_1 0 2 2.616852
demand_2 0 3 3.819884
demand_3 0 4 0.912855
demand_4 0 5 25.716946
demand_5 0 6 13.714183
demand_6 0 7 12.096562
demand_7 0 8 2.778765
demand_8 0 9 14.400084
demand_9 0 10 16.656914
demand_10 0 11 69.679757
demand_11 0 12 9.314068
demand_12 0 13 31.193561
demand_13 0 14 4.790226
demand_14 0 15 3.936462
demand_15 0 16 10.292233
demand_16 0 17 45.415895
demand_17 0 18 1.458494
demand_18 0 19 11.488018
demand_19 0 20 92.636056
demand_20 0 21 36.904492
demand_21 0 22 6.276860
demand_22 0 23 49.643307
demand_23 1 0 752.561298
demand_24 1 2 146.722546
demand_25 1 3 214.174554
demand_26 1 4 51.182265
demand_27 1 5 1441.906511
demand_28 1 6 768.931504
demand_29 1 7 678.234157
demand_30 1 8 155.800726
demand_31 1 9 807.388853
demand_32 1 10 933.925566
demand_33 1 11 3906.828483
demand_34 1 12 522.224333
demand_35 1 13 1748.971238
demand_36 1 14 268.580005
demand_37 1 15 220.710886
demand_38 1 16 577.068431
demand_39 1 17 2546.393964
demand_40 1 18 81.775326
demand_41 1 19 644.114106
demand_42 1 20 5193.950111
demand_43 1 21 2069.173685
demand_44 1 22 351.933146
demand_45 1 23 2783.417918
demand_46 2 0 689.631551
demand_47 2 1 599.293981
demand_48 2 3 196.265116
demand_49 2 4 46.902365
demand_50 2 5 1321.333195
demand_51 2 6 704.632868
demand_52 2 7 621.519703
demand_53 2 8 142.772551
demand_54 2 9 739.874384
demand_55 2 10 855.830002
demand_56 2 11 3580.136522
demand_57 2 12 478.555538
demand_58 2 13 1602.720936
demand_59 2 14 246.121142
demand_60 2 15 202.254874
demand_61 2 16 528.813531
demand_62 2 17 2333.462570
demand_63 2 18 74.937211
demand_64 2 19 590.252796
demand_65 2 20 4759.628064
demand_66 2 21 1896.147812
demand_67 2 22 322.504229
demand_68 2 23 2550.666401
demand_69 3 0 386.682092
demand_70 3 1 336.029072
demand_71 3 2 75.389183
demand_72 3 4 26.298543
demand_73 3 5 740.882407
demand_74 3 6 395.093454
demand_75 3 7 348.491217
demand_76 3 8 80.053745
demand_77 3 9 414.853662
demand_78 3 10 479.870932
demand_79 3 11 2007.412039
demand_80 3 12 268.330032
demand_81 3 13 898.658831
demand_82 3 14 138.002152
demand_83 3 15 113.405974
demand_84 3 16 296.510103
demand_85 3 17 1308.391685
demand_86 3 18 42.017912
demand_87 3 19 330.959605
demand_88 3 20 2668.762663
demand_89 3 21 1063.185698
demand_90 3 22 180.830778
demand_91 3 23 1430.179662
demand_92 4 0 1077.358678
demand_93 4 1 936.231195
demand_94 4 2 210.046423
demand_95 4 3 306.609994
demand_96 4 5 2064.217888
demand_97 4 6 1100.794090
demand_98 4 7 970.952741
demand_99 4 8 223.042647
demand_100 4 9 1155.849217
demand_101 4 10 1336.997819
demand_102 4 11 5592.973732
demand_103 4 12 747.610751
demand_104 4 13 2503.808455
demand_105 4 14 384.496254
demand_106 4 15 315.967335
demand_107 4 16 826.124973
demand_108 4 17 3645.390274
demand_109 4 18 117.068679
demand_110 4 19 922.106842
demand_111 4 20 7435.603242
demand_112 4 21 2962.206842
demand_113 4 22 503.823715
demand_114 4 23 3984.711222
demand_115 5 0 962.042928
demand_116 5 1 836.021112
demand_117 5 2 187.563974
demand_118 5 3 273.791804
demand_119 5 4 65.429270
demand_120 5 6 982.969916
demand_121 5 7 867.026216
demand_122 5 8 199.169140
demand_123 5 9 1032.132184
demand_124 5 10 1193.891433
demand_125 5 11 4994.326340
demand_126 5 12 667.589773
demand_127 5 13 2235.811773
demand_128 5 14 343.341460
demand_129 5 15 282.147577
demand_130 5 16 737.700177
demand_131 5 17 3255.203678
demand_132 5 18 104.538161
demand_133 5 19 823.408567
demand_134 5 20 6639.728865
demand_135 5 21 2645.145207
demand_136 5 22 449.896633
demand_137 5 23 3558.205200
demand_138 6 0 179.498468
demand_139 6 1 155.985252
demand_140 6 2 34.995783
demand_141 6 3 51.084217
demand_142 6 4 12.207827
demand_143 6 5 343.918841
demand_144 6 7 161.770200
demand_145 6 8 37.161081
demand_146 6 9 192.575757
demand_147 6 10 222.756882
demand_148 6 11 931.843995
demand_149 6 12 124.559246
demand_150 6 13 417.158919
demand_151 6 14 64.060827
demand_152 6 15 52.643241
demand_153 6 16 137.640481
demand_154 6 17 607.357588
demand_155 6 18 19.504784
demand_156 6 19 153.631997
demand_157 6 20 1238.844050
demand_158 6 21 493.532562
demand_159 6 22 83.941947
demand_160 6 23 663.891769
demand_161 7 0 403.899558
demand_162 7 1 350.991154
demand_163 7 2 78.745973
demand_164 7 3 114.947457
demand_165 7 4 27.469515
demand_166 7 5 773.871051
demand_167 7 6 412.685446
demand_168 7 8 83.618231
demand_169 7 9 433.325500
demand_170 7 10 501.237739
demand_171 7 11 2096.794377
demand_172 7 12 280.277737
demand_173 7 13 938.672653
demand_174 7 14 144.146857
demand_175 7 15 118.455506
demand_176 7 16 309.712557
demand_177 7 17 1366.649334
demand_178 7 18 43.888808
demand_179 7 19 345.695963
demand_180 7 20 2787.592399
demand_181 7 21 1110.525267
demand_182 7 22 188.882477
demand_183 7 23 1493.860061
demand_184 8 0 372.077561
demand_185 8 1 323.337646
demand_186 8 2 72.541821
demand_187 8 3 105.891103
demand_188 8 4 25.305277
demand_189 8 5 712.900144
demand_190 8 6 380.171235
demand_191 8 7 335.329111
demand_192 8 9 399.185124
demand_193 8 10 461.746767
demand_194 8 11 1931.594430
demand_195 8 12 258.195520
demand_196 8 13 864.717536
demand_197 8 14 132.789971
demand_198 8 15 109.122763
demand_199 8 16 285.311262
demand_200 8 17 1258.975258
demand_201 8 18 40.430944
demand_202 8 19 318.459647
demand_203 8 20 2567.966613
demand_204 8 21 1023.030415
demand_205 8 22 174.001011
demand_206 8 23 1376.163446
demand_207 9 0 997.266519
demand_208 9 1 866.630625
demand_209 9 2 194.431315
demand_210 9 3 283.816232
demand_211 9 4 67.824853
demand_212 9 5 1910.761411
demand_213 9 6 1018.959714
demand_214 9 7 898.770930
demand_215 9 8 206.461384
demand_216 9 10 1237.603769
demand_217 9 11 5177.185239
demand_218 9 12 692.032455
demand_219 9 13 2317.672279
demand_220 9 14 355.912333
demand_221 9 15 292.477938
demand_222 9 16 764.709834
demand_223 9 17 3374.387512
demand_224 9 18 108.365651
demand_225 9 19 853.556294
demand_226 9 20 6882.831423
demand_227 9 21 2741.992771
demand_228 9 22 466.368845
demand_229 9 23 3688.482927
demand_230 10 0 3.388236
demand_231 10 1 2.944398
demand_232 10 2 0.660585
demand_233 10 3 0.964272
demand_234 10 4 0.230437
demand_235 10 5 6.491856
demand_236 10 6 3.461939
demand_237 10 7 3.053595
demand_238 10 8 0.701457
demand_239 10 9 3.635085
demand_240 10 11 17.589606
demand_241 10 12 2.351196
demand_242 10 13 7.874345
demand_243 10 14 1.209220
demand_244 10 15 0.993701
demand_245 10 16 2.598119
demand_246 10 17 11.464560
demand_247 10 18 0.368175
demand_248 10 19 2.899977
demand_249 10 20 23.384579
demand_250 10 21 9.315984
demand_251 10 22 1.584499
demand_252 10 23 12.531706
demand_253 11 0 266.091746
demand_254 11 1 231.235333
demand_255 11 2 51.878377
demand_256 11 3 75.728158
demand_257 11 4 18.097102
demand_258 11 5 509.831454
demand_259 11 6 271.879947
demand_260 11 7 239.811044
demand_261 11 8 55.088253
demand_262 11 9 285.477754
demand_263 11 10 330.218794
demand_264 11 12 184.648858
demand_265 11 13 618.403857
demand_266 11 14 94.964919
demand_267 11 15 78.039284
demand_268 11 16 204.040716
demand_269 11 17 900.357774
demand_270 11 18 28.914242
demand_271 11 19 227.746826
demand_272 11 20 1836.484623
demand_273 11 21 731.621516
demand_274 11 22 124.437046
demand_275 11 23 984.165057
demand_276 12 0 156.792098
demand_277 12 1 136.253279
demand_278 12 2 30.568853
demand_279 12 3 44.622116
demand_280 12 4 10.663550
demand_281 12 5 300.413464
demand_282 12 6 160.202742
demand_283 12 7 141.306438
demand_284 12 8 32.460243
demand_285 12 9 168.215124
demand_286 12 10 194.578367
demand_287 12 11 813.966696
demand_288 12 13 364.388748
demand_289 12 14 55.957199
demand_290 12 15 45.983926
demand_291 12 16 120.229103
demand_292 12 17 530.527483
demand_293 12 18 17.037449
demand_294 12 19 134.197709
demand_295 12 20 1082.131562
demand_296 12 21 431.101205
demand_297 12 22 73.323378
demand_298 12 23 579.910148
demand_299 13 0 202.171048
demand_300 13 1 175.687861
demand_301 13 2 39.416126
demand_302 13 3 57.536700
demand_303 13 4 13.749806
demand_304 13 5 387.359476
demand_305 13 6 206.568805
demand_306 13 7 182.203510
demand_307 13 8 41.854924
demand_308 13 9 216.900139
demand_309 13 10 250.893463
demand_310 13 11 1049.545876
demand_311 13 12 140.292413
demand_312 13 14 72.152396
demand_313 13 15 59.292646
demand_314 13 16 155.025949
demand_315 13 17 684.073359
demand_316 13 18 21.968447
demand_317 13 19 173.037364
demand_318 13 20 1395.323328
demand_319 13 21 555.871013
demand_320 13 22 94.544714
demand_321 13 23 747.748413
demand_322 14 0 552.124019
demand_323 14 1 479.799106
demand_324 14 2 107.644443
demand_325 14 3 157.131274
demand_326 14 4 37.550374
demand_327 14 5 1057.868935
demand_328 14 6 564.134183
demand_329 14 7 497.593180
demand_330 14 8 114.304739
demand_331 14 9 592.348796
demand_332 14 10 685.183704
demand_333 14 11 2866.283254
demand_334 14 12 383.135033
demand_335 14 13 1283.150000
demand_336 14 15 161.926718
demand_337 14 16 423.371946
demand_338 14 17 1868.187049
demand_339 14 18 59.995275
demand_340 14 19 472.560667
demand_341 14 20 3810.592732
demand_342 14 21 1518.069684
demand_343 14 22 258.199224
demand_344 14 23 2042.082011
demand_345 15 0 1165.312758
demand_346 15 1 1012.663821
demand_347 15 2 227.194324
demand_348 15 3 331.641211
demand_349 15 4 79.253805
demand_350 15 5 2232.737796
demand_351 15 6 1190.661404
demand_352 15 7 1050.219987
demand_353 15 8 241.251542
demand_354 15 9 1250.211157
demand_355 15 10 1446.148481
demand_356 15 11 6049.576411
demand_357 15 12 808.644664
demand_358 15 13 2708.215932
demand_359 15 14 415.885999
demand_360 15 16 893.568679
demand_361 15 17 3942.994919
demand_362 15 18 126.626005
demand_363 15 19 997.386376
demand_364 15 20 8042.635659
demand_365 15 21 3204.037333
demand_366 15 22 544.955190
demand_367 15 23 4310.017563
demand_368 16 0 2232.734134
demand_369 16 1 1940.259440
demand_370 16 2 435.303327
demand_371 16 3 635.423107
demand_372 16 4 151.849943
demand_373 16 5 4277.915826
demand_374 16 6 2281.302029
demand_375 16 7 2012.216890
demand_376 16 8 462.236896
demand_377 16 9 2395.399094
demand_378 16 10 2770.814147
demand_379 16 11 11590.961874
demand_380 16 12 1549.359629
demand_381 16 13 5188.929849
demand_382 16 14 796.835750
demand_383 16 15 654.815401
demand_384 16 17 7554.760973
demand_385 16 18 242.614871
demand_386 16 19 1910.987922
demand_387 16 20 15409.654652
demand_388 16 21 6138.921479
demand_389 16 22 1044.131754
demand_390 16 23 8257.974750
demand_391 17 0 84.281027
demand_392 17 1 73.240721
demand_393 17 2 16.431787
demand_394 17 3 23.985889
demand_395 17 4 5.732017
demand_396 17 5 161.482343
demand_397 17 6 86.114363
demand_398 17 7 75.956964
demand_399 17 8 17.448473
demand_400 17 9 90.421288
demand_401 17 10 104.592418
demand_402 17 11 437.534482
demand_403 17 12 58.485074
demand_404 17 13 195.871211
demand_405 17 14 30.078877
demand_406 17 15 24.717907
demand_407 17 16 64.627188
demand_408 17 18 9.158202
demand_409 17 19 72.135783
demand_410 17 20 581.682120
demand_411 17 21 231.731401
demand_412 17 22 39.413782
demand_413 17 23 311.721214
demand_414 18 0 352.116537
demand_415 18 1 305.991396
demand_416 18 2 68.650135
demand_417 18 3 100.210312
demand_418 18 4 23.947713
demand_419 18 5 674.654846
demand_420 18 6 359.776006
demand_421 18 7 317.339548
demand_422 18 8 72.897732
demand_423 18 9 377.769847
demand_424 18 10 436.975216
demand_425 18 11 1827.969254
demand_426 18 12 244.343981
demand_427 18 13 818.327619
demand_428 18 14 125.666124
demand_429 18 15 103.268601
demand_430 18 16 270.005032
demand_431 18 17 1191.434407
demand_432 18 19 301.375089
demand_433 18 20 2430.201672
demand_434 18 21 968.147410
demand_435 18 22 164.666295
demand_436 18 23 1302.335743
demand_437 19 0 542.661240
demand_438 19 1 471.575893
demand_439 19 2 105.799540
demand_440 19 3 154.438223
demand_441 19 4 36.906803
demand_442 19 5 1039.738261
demand_443 19 6 554.465563
demand_444 19 7 489.064997
demand_445 19 8 112.345686
demand_446 19 9 582.196609
demand_447 19 10 673.440432
demand_448 19 11 2817.158410
demand_449 19 12 376.568533
demand_450 19 13 1261.158265
demand_451 19 14 193.669219
demand_452 19 15 159.151478
demand_453 19 16 416.115831
demand_454 19 17 1836.168442
demand_455 19 18 58.967024
demand_456 19 20 3745.283495
demand_457 19 21 1492.051691
demand_458 19 22 253.773982
demand_459 19 23 2007.083042
demand_460 20 0 112.390039
demand_461 20 1 97.667623
demand_462 20 2 21.912039
demand_463 20 3 31.985549
demand_464 20 4 7.643732
demand_465 20 5 215.339176
demand_466 20 6 114.834821
demand_467 20 7 101.289774
demand_468 20 8 23.267805
demand_469 20 9 120.578171
demand_470 20 10 139.475590
demand_471 20 11 583.458927
demand_472 20 12 77.990741
demand_473 20 13 261.197256
demand_474 20 14 40.110643
demand_475 20 15 32.961707
demand_476 20 16 86.181343
demand_477 20 17 380.287053
demand_478 20 18 12.212603
demand_479 20 19 96.194170
demand_480 20 21 309.017368
demand_481 20 22 52.558882
demand_482 20 23 415.685008
demand_483 21 0 78.659541
demand_484 21 1 68.355616
demand_485 21 2 15.335798
demand_486 21 3 22.386046
demand_487 21 4 5.349695
demand_488 21 5 150.711583
demand_489 21 6 80.370595
demand_490 21 7 70.890687
demand_491 21 8 16.284672
demand_492 21 9 84.390251
demand_493 21 10 97.616176
demand_494 21 11 408.351234
demand_495 21 12 54.584160
demand_496 21 13 182.806736
demand_497 21 14 28.072637
demand_498 21 15 23.069240
demand_499 21 16 60.316599
demand_500 21 17 266.155303
demand_501 21 18 8.547356
demand_502 21 19 67.324376
demand_503 21 20 542.884324
demand_504 21 22 36.784910
demand_505 21 23 290.929624
demand_506 22 0 21.182533
demand_507 22 1 18.407749
demand_508 22 2 4.129837
demand_509 22 3 6.028425
demand_510 22 4 1.440640
demand_511 22 5 40.585707
demand_512 22 6 21.643309
demand_513 22 7 19.090428
demand_514 22 8 4.385362
demand_515 22 9 22.725778
demand_516 22 10 26.287439
demand_517 22 11 109.966488
demand_518 22 12 14.699180
demand_519 22 13 49.228735
demand_520 22 14 7.559789
demand_521 22 15 6.212405
demand_522 22 16 16.242891
demand_523 22 17 71.673994
demand_524 22 18 2.301751
demand_525 22 19 18.130042
demand_526 22 20 146.195426
demand_527 22 21 58.241554
demand_528 22 23 78.345567
demand_529 23 0 471.659769
demand_530 23 1 409.875187
demand_531 23 2 91.956791
demand_532 23 3 134.231618
demand_533 23 4 32.077939
demand_534 23 5 903.699532
demand_535 23 6 481.919622
demand_536 23 7 425.076027
demand_537 23 8 97.646444
demand_538 23 9 506.022355
demand_539 23 10 585.327891
demand_540 23 11 2448.563096
demand_541 23 12 327.298532
demand_542 23 13 1096.149075
demand_543 23 14 168.329655
demand_544 23 15 138.328194
demand_545 23 16 361.671486
demand_546 23 17 1595.925267
demand_547 23 18 51.251814
demand_548 23 19 403.691648
demand_549 23 20 3255.252853
demand_550 23 21 1296.832545
demand_551 23 22 220.570347
