DEMANDS 552
label src dest bw
demand_0 0 1 31.153867
demand_1 0 2 6.242442
demand_2 0 3 10.323209
demand_3 0 4 3.460501
demand_4 0 5 66.185025
demand_5 0 6 58.337104
demand_6 0 7 38.172828
demand_7 0 8 8.295279
demand_8 0 9 59.227909
demand_9 0 10 64.665721
demand_10 0 11 119.715626
demand_11 0 12 16.468149
demand_12 0 13 77.435937
demand_13 0 14 10.569766
demand_14 0 15 10.465086
demand_15 0 16 25.461093
demand_16 0 17 82.302071
demand_17 0 18 6.146944
demand_18 0 19 27.327775
demand_19 0 20 177.393240
demand_20 0 21 78.830718
demand_21 0 22 12.593846
demand_22 0 23 101.412442
demand_23 1 0 1288.249369
demand_24 1 2 179.207231
demand_25 1 3 296.357350
demand_26 1 4 99.343629
demand_27 1 5 1900.031135
demand_28 1 6 1674.734037
demand_29 1 7 1095.860604
demand_30 1 8 238.139807
demand_31 1 9 1700.307152
demand_32 1 10 1856.415162
demand_33 1 11 3436.780721
demand_34 1 12 472.765484
demand_35 1 13 2223.020850
demand_36 1 14 303.435479
demand_37 1 15 300.430329
demand_38 1 16 730.933755
demand_39 1 17 2362.717211
demand_40 1 18 176.465660
demand_41 1 19 784.522235
demand_42 1 20 5092.582196
demand_43 1 21 2263.062067
demand_44 1 22 361.542510
demand_45 1 23 2911.335282
demand_46 2 0 992.622051
demand_47 2 1 689.123277
demand_48 2 3 228.349300
demand_49 2 4 76.546265
demand_50 2 5 1464.012208
demand_51 2 6 1290.416262
demand_52 2 7 844.382638
demand_53 2 8 183.491512
demand_54 2 9 1310.120861
demand_55 2 10 1430.405223
demand_56 2 11 2648.108674
demand_57 2 12 364.275315
demand_58 2 13 1712.882280
demand_59 2 14 233.803140
demand_60 2 15 231.487611
demand_61 2 16 563.199160
demand_62 2 17 1820.521136
demand_63 2 18 135.970340
demand_64 2 19 604.490162
demand_65 2 20 3923.937016
demand_66 2 21 1743.734843
demand_67 2 22 278.575777
demand_68 2 23 2243.242395
demand_69 3 0 623.099294
demand_70 3 1 432.583809
demand_71 3 2 86.678792
demand_72 3 4 48.050437
demand_73 3 5 919.005348
demand_74 3 6 810.033850
demand_75 3 7 530.044870
demand_76 3 8 115.183248
demand_77 3 9 822.403032
demand_78 3 10 897.909213
demand_79 3 11 1662.299003
demand_80 3 12 228.666784
demand_81 3 13 1075.228722
demand_82 3 14 146.765399
demand_83 3 15 145.311871
demand_84 3 16 353.537380
demand_85 3 17 1142.796932
demand_86 3 18 85.352751
demand_87 3 19 379.457008
demand_88 3 20 2463.175569
demand_89 3 21 1094.595822
demand_90 3 22 174.870556
demand_91 3 23 1408.152027
demand_92 4 0 1684.839935
demand_93 4 1 1169.692348
demand_94 4 2 234.376594
demand_95 4 3 387.591650
demand_96 4 5 2484.960142
demand_97 4 6 2190.304807
demand_98 4 7 1433.223841
demand_99 4 8 311.451701
demand_100 4 9 2223.750666
demand_101 4 10 2427.916889
demand_102 4 11 4494.801663
demand_103 4 12 618.307439
demand_104 4 13 2907.382992
demand_105 4 14 396.848797
demand_106 4 15 392.918505
demand_107 4 16 955.953412
demand_108 4 17 3090.085202
demand_109 4 18 230.791024
demand_110 4 19 1026.039231
demand_111 4 20 6660.345475
demand_112 4 21 2959.750990
demand_113 4 22 472.844214
demand_114 4 23 3807.596623
demand_115 5 0 1341.353796
demand_116 5 1 931.228681
demand_117 5 2 186.594541
demand_118 5 3 308.573842
demand_119 5 4 103.438789
demand_120 5 6 1743.770199
demand_121 5 7 1141.034350
demand_122 5 8 247.956446
demand_123 5 9 1770.397493
demand_124 5 10 1932.940613
demand_125 5 11 3578.452261
demand_126 5 12 492.253901
demand_127 5 13 2314.658581
demand_128 5 14 315.943746
demand_129 5 15 312.814717
demand_130 5 16 761.064426
demand_131 5 17 2460.113528
demand_132 5 18 183.739956
demand_133 5 19 816.861940
demand_134 5 20 5302.509457
demand_135 5 21 2356.350383
demand_136 5 22 376.446075
demand_137 5 23 3031.346824
demand_138 6 0 179.860394
demand_139 6 1 124.867248
demand_140 6 2 25.020220
demand_141 6 3 41.376267
demand_142 6 4 13.869973
demand_143 6 5 265.274998
demand_144 6 7 152.999819
demand_145 6 8 33.248159
demand_146 6 9 237.390308
demand_147 6 10 259.185504
demand_148 6 11 479.830030
demand_149 6 12 66.005688
demand_150 6 13 310.369572
demand_151 6 14 42.364488
demand_152 6 15 41.944920
demand_153 6 16 102.050143
demand_154 6 17 329.873438
demand_155 6 18 24.637453
demand_156 6 19 109.531960
demand_157 6 20 711.006627
demand_158 6 21 315.959972
demand_159 6 22 50.477167
demand_160 6 23 406.469371
demand_161 7 0 742.902461
demand_162 7 1 515.756604
demand_163 7 2 103.344505
demand_164 7 3 170.902164
demand_165 7 4 57.289084
demand_166 7 5 1095.702308
demand_167 7 6 965.778884
demand_168 7 8 137.329506
demand_169 7 9 980.526285
demand_170 7 10 1070.550024
demand_171 7 11 1981.908874
demand_172 7 12 272.632497
demand_173 7 13 1281.962717
demand_174 7 14 174.983951
demand_175 7 15 173.250953
demand_176 7 16 421.511936
demand_177 7 17 1362.522252
demand_178 7 18 101.763506
demand_179 7 19 452.415125
demand_180 7 20 2936.769805
demand_181 7 21 1305.053524
demand_182 7 22 208.492880
demand_183 7 23 1678.897113
demand_184 8 0 518.543250
demand_185 8 1 359.996257
demand_186 8 2 72.134093
demand_187 8 3 119.289097
demand_188 8 4 39.987575
demand_189 8 5 764.796275
demand_190 8 6 674.110192
demand_191 8 7 441.103355
demand_192 8 9 684.403825
demand_193 8 10 747.240071
demand_194 8 11 1383.365275
demand_195 8 12 190.296504
demand_196 8 13 894.805372
demand_197 8 14 122.138169
demand_198 8 15 120.928543
demand_199 8 16 294.213817
demand_200 8 17 951.035638
demand_201 8 18 71.030562
demand_202 8 19 315.784132
demand_203 8 20 2049.854775
demand_204 8 21 910.922672
demand_205 8 22 145.527281
demand_206 8 23 1171.864155
demand_207 9 0 1381.152399
demand_208 9 1 958.858677
demand_209 9 2 192.130889
demand_210 9 3 317.729374
demand_211 9 4 106.507866
demand_212 9 5 2037.053247
demand_213 9 6 1795.508687
demand_214 9 7 1174.889380
demand_215 9 8 255.313431
demand_216 9 10 1990.291877
demand_217 9 11 3684.626635
demand_218 9 12 506.859307
demand_219 9 13 2383.335598
demand_220 9 14 325.317947
demand_221 9 15 322.096078
demand_222 9 16 783.645568
demand_223 9 17 2533.106262
demand_224 9 18 189.191608
demand_225 9 19 841.098621
demand_226 9 20 5459.837424
demand_227 9 21 2426.264415
demand_228 9 22 387.615409
demand_229 9 23 3121.288320
demand_230 10 0 8.108377
demand_231 10 1 5.629203
demand_232 10 2 1.127949
demand_233 10 3 1.865304
demand_234 10 4 0.625279
demand_235 10 5 11.958996
demand_236 10 6 10.540952
demand_237 10 7 6.897462
demand_238 10 8 1.498877
demand_239 10 9 10.701912
demand_240 10 11 21.631459
demand_241 10 12 2.975636
demand_242 10 13 13.991927
demand_243 10 14 1.909855
demand_244 10 15 1.890940
demand_245 10 16 4.600574
demand_246 10 17 14.871191
demand_247 10 18 1.110693
demand_248 10 19 4.937865
demand_249 10 20 32.053248
demand_250 10 21 14.243951
demand_251 10 22 2.275587
demand_252 10 23 18.324250
demand_253 11 0 298.848913
demand_254 11 1 207.474479
demand_255 11 2 41.572608
demand_256 11 3 68.749168
demand_257 11 4 23.045799
demand_258 11 5 440.770439
demand_259 11 6 388.505874
demand_260 11 7 254.218444
demand_261 11 8 55.243825
demand_262 11 9 394.438342
demand_263 11 10 430.652378
demand_264 11 12 109.672440
demand_265 11 13 515.697800
demand_266 11 14 70.391157
demand_267 11 15 69.694020
demand_268 11 16 169.562480
demand_269 11 17 548.104651
demand_270 11 18 40.936617
demand_271 11 19 181.993970
demand_272 11 20 1181.380478
demand_273 11 21 524.986587
demand_274 11 22 83.870863
demand_275 11 23 675.373422
demand_276 12 0 168.380537
demand_277 12 1 116.897411
demand_278 12 2 23.423268
demand_279 12 3 38.735365
demand_280 12 4 12.984702
demand_281 12 5 248.343427
demand_282 12 6 218.895987
demand_283 12 7 143.234378
demand_284 12 8 31.126046
demand_285 12 9 222.238519
demand_286 12 10 242.642604
demand_287 12 11 449.204166
demand_288 12 13 290.559773
demand_289 12 14 39.660512
demand_290 12 15 39.267724
demand_291 12 16 95.536642
demand_292 12 17 308.818776
demand_293 12 18 23.064931
demand_294 12 19 102.540920
demand_295 12 20 665.625574
demand_296 12 21 295.793358
demand_297 12 22 47.255387
demand_298 12 23 380.525860
demand_299 13 0 257.132045
demand_300 13 1 178.512735
demand_301 13 2 35.769411
demand_302 13 3 59.152345
demand_303 13 4 19.828793
demand_304 13 5 379.242484
demand_305 13 6 334.273626
demand_306 13 7 218.731625
demand_307 13 8 47.532238
demand_308 13 9 339.377969
demand_309 13 10 370.536822
demand_310 13 11 685.974684
demand_311 13 12 94.363062
demand_312 13 14 60.565126
demand_313 13 15 59.965304
demand_314 13 16 145.892942
demand_315 13 17 471.593716
demand_316 13 18 35.222199
demand_317 13 19 156.589098
demand_318 13 20 1016.469408
demand_319 13 21 451.702745
demand_320 13 22 72.163175
demand_321 13 23 581.096806
demand_322 14 0 814.859763
demand_323 14 1 565.712629
demand_324 14 2 113.354421
demand_325 14 3 187.455695
demand_326 14 4 62.838087
demand_327 14 5 1201.831693
demand_328 14 6 1059.323927
demand_329 14 7 693.167591
demand_330 14 8 150.631199
demand_331 14 9 1075.499757
demand_332 14 10 1174.243167
demand_333 14 11 2173.875952
demand_334 14 12 299.039596
demand_335 14 13 1406.133228
demand_336 14 15 190.031986
demand_337 14 16 462.339451
demand_338 14 17 1494.495734
demand_339 14 18 111.620288
demand_340 14 19 496.235914
demand_341 14 20 3221.224416
demand_342 14 21 1431.460604
demand_343 14 22 228.687435
demand_344 14 23 1841.514566
demand_345 15 0 2305.985079
demand_346 15 1 1600.919496
demand_347 15 2 320.783546
demand_348 15 3 530.483961
demand_349 15 4 177.826539
demand_350 15 5 3401.083325
demand_351 15 6 2997.798247
demand_352 15 7 1961.606396
demand_353 15 8 426.273713
demand_354 15 9 3043.574494
demand_355 15 10 3323.010099
demand_356 15 11 6151.887400
demand_357 15 12 846.257083
demand_358 15 13 3979.239605
demand_359 15 14 543.153914
demand_360 15 16 1308.382036
demand_361 15 17 4229.298119
demand_362 15 18 315.876094
demand_363 15 19 1404.306194
demand_364 15 20 9115.796086
demand_365 15 21 4050.913964
demand_366 15 22 647.166344
demand_367 15 23 5211.332434
demand_368 16 0 2432.959032
demand_369 16 1 1689.070577
demand_370 16 2 338.446781
demand_371 16 3 559.693884
demand_372 16 4 187.618163
demand_373 16 5 3588.356434
demand_374 16 6 3162.865358
demand_375 16 7 2069.617901
demand_376 16 8 449.745530
demand_377 16 9 3211.162173
demand_378 16 10 3505.984279
demand_379 16 11 6490.627434
demand_380 16 12 892.854352
demand_381 16 13 4198.347608
demand_382 16 14 573.061479
demand_383 16 15 567.386020
demand_384 16 17 4462.175039
demand_385 16 18 333.269110
demand_386 16 19 1481.631200
demand_387 16 20 9617.737178
demand_388 16 21 4273.968556
demand_389 16 22 682.801123
demand_390 16 23 5498.282895
demand_391 17 0 138.726543
demand_392 17 1 96.310262
demand_393 17 2 19.298127
demand_394 17 3 31.913566
demand_395 17 4 10.697927
demand_396 17 5 204.606932
demand_397 17 6 180.345567
demand_398 17 7 118.008948
demand_399 17 8 25.644346
demand_400 17 9 183.099436
demand_401 17 10 199.910098
demand_402 17 11 370.093493
demand_403 17 12 50.910269
demand_404 17 13 239.388433
demand_405 17 14 32.675782
demand_406 17 15 32.352169
demand_407 17 16 78.711401
demand_408 17 18 19.002898
demand_409 17 19 84.482135
demand_410 17 20 548.400287
demand_411 17 21 243.700315
demand_412 17 22 38.933101
demand_413 17 23 313.510326
demand_414 18 0 361.292992
demand_415 18 1 250.825992
demand_416 18 2 50.259149
demand_417 18 3 83.114214
demand_418 18 4 27.861187
demand_419 18 5 532.868830
demand_420 18 6 469.683655
demand_421 18 7 307.337047
demand_422 18 8 66.786948
demand_423 18 9 476.855703
demand_424 18 10 520.636613
demand_425 18 11 963.854375
demand_426 18 12 132.588349
demand_427 18 13 623.452162
demand_428 18 14 85.099294
demand_429 18 15 84.256492
demand_430 18 16 204.992333
demand_431 18 17 662.630382
demand_432 18 19 220.021366
demand_433 18 20 1428.228342
demand_434 18 21 634.681829
demand_435 18 22 101.395567
demand_436 18 23 816.491792
demand_437 19 0 778.983630
demand_438 19 1 540.805789
demand_439 19 2 108.363724
demand_440 19 3 179.202513
demand_441 19 4 60.071491
demand_442 19 5 1148.918204
demand_443 19 6 1012.684680
demand_444 19 7 662.649245
demand_445 19 8 143.999303
demand_446 19 9 1028.148330
demand_447 19 10 1122.544328
demand_448 19 11 2078.165910
demand_449 19 12 285.873669
demand_450 19 13 1344.224879
demand_451 19 14 183.482544
demand_452 19 15 181.665378
demand_453 19 16 441.983861
demand_454 19 17 1428.697016
demand_455 19 18 106.705940
demand_456 19 20 3079.402374
demand_457 19 21 1368.437157
demand_458 19 22 218.618929
demand_459 19 23 1760.437522
demand_460 20 0 154.401840
demand_461 20 1 107.192764
demand_462 20 2 21.478703
demand_463 20 3 35.519614
demand_464 20 4 11.906731
demand_465 20 5 227.726331
demand_466 20 6 200.723573
demand_467 20 7 131.343277
demand_468 20 8 28.542008
demand_469 20 9 203.788613
demand_470 20 10 222.498782
demand_471 20 11 411.911916
demand_472 20 12 56.662834
demand_473 20 13 266.437941
demand_474 20 14 36.367956
demand_475 20 15 36.007777
demand_476 20 16 87.605334
demand_477 20 17 283.181108
demand_478 20 18 21.150115
demand_479 20 19 94.028128
demand_480 20 21 271.237041
demand_481 20 22 43.332316
demand_482 20 23 348.935178
demand_483 21 0 99.883646
demand_484 21 1 69.343760
demand_485 21 2 13.894726
demand_486 21 3 22.977890
demand_487 21 4 7.702549
demand_488 21 5 147.317781
demand_489 21 6 129.849505
demand_490 21 7 84.966898
demand_491 21 8 18.464028
demand_492 21 9 131.832301
demand_493 21 10 143.936042
demand_494 21 11 266.468743
demand_495 21 12 36.655590
demand_496 21 13 172.360596
demand_497 21 14 23.526689
demand_498 21 15 23.293686
demand_499 21 16 56.672513
demand_500 21 17 183.191870
demand_501 21 18 13.682160
demand_502 21 19 60.827464
demand_503 21 20 394.850323
demand_504 21 22 28.031983
demand_505 21 23 225.728645
demand_506 22 0 65.710241
demand_507 22 1 45.619031
demand_508 22 2 9.140894
demand_509 22 3 15.116416
demand_510 22 4 5.067259
demand_511 22 5 96.915633
demand_512 22 6 85.423816
demand_513 22 7 55.896992
demand_514 22 8 12.146891
demand_515 22 9 86.728234
demand_516 22 10 94.690896
demand_517 22 11 175.301222
demand_518 22 12 24.114534
demand_519 22 13 113.390496
demand_520 22 14 15.477452
demand_521 22 15 15.324168
demand_522 22 16 37.283025
demand_523 22 17 120.516043
demand_524 22 18 9.001053
demand_525 22 19 40.016433
demand_526 22 20 259.759337
demand_527 22 21 115.432894
demand_528 22 23 148.499620
demand_529 23 0 745.097669
demand_530 23 1 517.280617
demand_531 23 2 103.649878
demand_532 23 3 171.407164
demand_533 23 4 57.458368
demand_534 23 5 1098.940006
demand_535 23 6 968.632670
demand_536 23 7 633.823855
demand_537 23 8 137.735301
demand_538 23 9 983.423649
demand_539 23 10 1073.713399
demand_540 23 11 1987.765229
demand_541 23 12 273.438100
demand_542 23 13 1285.750797
demand_543 23 14 175.501012
demand_544 23 15 173.762893
demand_545 23 16 422.757464
demand_546 23 17 1366.548378
demand_547 23 18 102.064208
demand_548 23 19 453.751969
demand_549 23 20 2945.447684
demand_550 23 21 1308.909835
demand_551 23 22 209.108957
