DEMANDS 552
label src dest bw
demand_0 0 1 39.200072
demand_1 0 2 10.144678
demand_2 0 3 19.365233
demand_3 0 4 0.303034
demand_4 0 5 120.033515
demand_5 0 6 58.751389
demand_6 0 7 46.505598
demand_7 0 8 16.721458
demand_8 0 9 62.492913
demand_9 0 10 108.921731
demand_10 0 11 239.663737
demand_11 0 12 27.678565
demand_12 0 13 128.681635
demand_13 0 14 21.183024
demand_14 0 15 20.619968
demand_15 0 16 32.092599
demand_16 0 17 202.151927
demand_17 0 18 1.764496
demand_18 0 19 35.905082
demand_19 0 20 268.654146
demand_20 0 21 140.169742
demand_21 0 22 25.337193
demand_22 0 23 219.906364
demand_23 1 0 579.484040
demand_24 1 2 125.622245
demand_25 1 3 239.801015
demand_26 1 4 3.752494
demand_27 1 5 1486.383283
demand_28 1 6 727.522492
demand_29 1 7 575.882017
demand_30 1 8 207.062969
demand_31 1 9 773.854049
demand_32 1 10 1348.785294
demand_33 1 11 2967.772554
demand_34 1 12 342.745572
demand_35 1 13 1593.473541
demand_36 1 14 262.310841
demand_37 1 15 255.338487
demand_38 1 16 397.404861
demand_39 1 17 2503.261237
demand_40 1 18 21.849879
demand_41 1 19 444.615098
demand_42 1 20 3326.762788
demand_43 1 21 1735.731564
demand_44 1 22 313.752205
demand_45 1 23 2723.115652
demand_46 2 0 578.087773
demand_47 2 1 484.247581
demand_48 2 3 239.223214
demand_49 2 4 3.743453
demand_50 2 5 1482.801841
demand_51 2 6 725.769525
demand_52 2 7 574.494428
demand_53 2 8 206.564050
demand_54 2 9 771.989446
demand_55 2 10 1345.535394
demand_56 2 11 2960.621702
demand_57 2 12 341.919726
demand_58 2 13 1589.634065
demand_59 2 14 261.678803
demand_60 2 15 254.723248
demand_61 2 16 396.447314
demand_62 2 17 2497.229625
demand_63 2 18 21.797232
demand_64 2 19 443.543798
demand_65 2 20 3318.746949
demand_66 2 21 1731.549316
demand_67 2 22 312.996218
demand_68 2 23 2716.554301
demand_69 3 0 383.792853
demand_70 3 1 321.492288
demand_71 3 2 83.199737
demand_72 3 4 2.485281
demand_73 3 5 984.433118
demand_74 3 6 481.838865
demand_75 3 7 381.407229
demand_76 3 8 137.138009
demand_77 3 9 512.524302
demand_78 3 10 893.301834
demand_79 3 11 1965.558697
demand_80 3 12 227.000731
demand_81 3 13 1055.359102
demand_82 3 14 173.728730
demand_83 3 15 169.110932
demand_84 3 16 263.201633
demand_85 3 17 1657.912392
demand_86 3 18 14.471197
demand_87 3 19 294.469019
demand_88 3 20 2203.318284
demand_89 3 21 1149.576731
demand_90 3 22 207.798395
demand_91 3 23 1803.522189
demand_92 4 0 1047.130965
demand_93 4 1 877.151638
demand_94 4 2 227.000114
demand_95 4 3 433.321801
demand_96 4 5 2685.903069
demand_97 4 6 1314.637291
demand_98 4 7 1040.622089
demand_99 4 8 374.163965
demand_100 4 9 1398.358679
demand_101 4 10 2437.262718
demand_102 4 11 5362.781929
demand_103 4 12 619.343203
demand_104 4 13 2879.415776
demand_105 4 14 473.997186
demand_106 4 15 461.398102
demand_107 4 16 718.112851
demand_108 4 17 4523.407329
demand_109 4 18 39.482856
demand_110 4 19 803.422018
demand_111 4 20 6011.479329
demand_112 4 21 3136.476835
demand_113 4 22 566.952023
demand_114 4 23 4920.685512
demand_115 5 0 751.081101
demand_116 5 1 629.159141
demand_117 5 2 162.821558
demand_118 5 3 310.810993
demand_119 5 4 4.863685
demand_120 5 6 942.956762
demand_121 5 7 746.412445
demand_122 5 8 268.378543
demand_123 5 9 1003.008040
demand_124 5 10 1748.188170
demand_125 5 11 3846.590628
demand_126 5 12 444.239537
demand_127 5 13 2065.333606
demand_128 5 14 339.986440
demand_129 5 15 330.949428
demand_130 5 16 515.084559
demand_131 5 17 3244.528022
demand_132 5 18 28.320075
demand_133 5 19 576.274711
demand_134 5 20 4311.885204
demand_135 5 21 2249.717135
demand_136 5 22 406.660642
demand_137 5 23 3529.485820
demand_138 6 0 256.042424
demand_139 6 1 214.479410
demand_140 6 2 55.505626
demand_141 6 3 105.955003
demand_142 6 4 1.658023
demand_143 6 5 656.751786
demand_144 6 7 254.450886
demand_145 6 8 91.489844
demand_146 6 9 341.923940
demand_147 6 10 595.954732
demand_148 6 11 1311.296990
demand_149 6 12 151.440593
demand_150 6 13 704.069136
demand_151 6 14 115.900869
demand_152 6 15 112.820165
demand_153 6 16 175.591555
demand_154 6 17 1106.054748
demand_155 6 18 9.654271
demand_156 6 19 196.451187
demand_157 6 20 1469.915215
demand_158 6 21 766.925205
demand_159 6 22 138.630004
demand_160 6 23 1203.196435
demand_161 7 0 385.565206
demand_162 7 1 322.976937
demand_163 7 2 83.583953
demand_164 7 3 159.553881
demand_165 7 4 2.496758
demand_166 7 5 988.979225
demand_167 7 6 484.063995
demand_168 7 8 137.771312
demand_169 7 9 514.891136
demand_170 7 10 897.427097
demand_171 7 11 1974.635636
demand_172 7 12 228.049019
demand_173 7 13 1060.232744
demand_174 7 14 174.531008
demand_175 7 15 169.891886
demand_176 7 16 264.417096
demand_177 7 17 1665.568622
demand_178 7 18 14.538025
demand_179 7 19 295.828876
demand_180 7 20 2213.493195
demand_181 7 21 1154.885470
demand_182 7 22 208.758007
demand_183 7 23 1811.850844
demand_184 8 0 320.079034
demand_185 8 1 268.121045
demand_186 8 2 69.387669
demand_187 8 3 132.454514
demand_188 8 4 2.072697
demand_189 8 5 821.006434
demand_190 8 6 401.848334
demand_191 8 7 318.089450
demand_192 8 9 427.439652
demand_193 8 10 745.003941
demand_194 8 11 1639.254416
demand_195 8 12 189.316123
demand_196 8 13 880.157927
demand_197 8 14 144.887857
demand_198 8 15 141.036665
demand_199 8 16 219.507278
demand_200 8 17 1382.680769
demand_201 8 18 12.068819
demand_202 8 19 245.583936
demand_203 8 20 1837.543307
demand_204 8 21 958.734398
demand_205 8 22 173.301585
demand_206 8 23 1504.117744
demand_207 9 0 781.055508
demand_208 9 1 654.267843
demand_209 9 2 169.319498
demand_210 9 3 323.214947
demand_211 9 4 5.057786
demand_212 9 5 2003.416436
demand_213 9 6 980.588610
demand_214 9 7 776.200534
demand_215 9 8 279.089088
demand_216 9 10 1817.955474
demand_217 9 11 4000.101710
demand_218 9 12 461.968403
demand_219 9 13 2147.757661
demand_220 9 14 353.554737
demand_221 9 15 344.157074
demand_222 9 16 535.640733
demand_223 9 17 3374.011779
demand_224 9 18 29.450282
demand_225 9 19 599.272883
demand_226 9 20 4483.965424
demand_227 9 21 2339.499632
demand_228 9 22 422.889796
demand_229 9 23 3670.341773
demand_230 10 0 41.573392
demand_231 10 1 34.824841
demand_232 10 2 9.012402
demand_233 10 3 17.203824
demand_234 10 4 0.269212
demand_235 10 5 106.636233
demand_236 10 6 52.193979
demand_237 10 7 41.314975
demand_238 10 8 14.855129
demand_239 10 9 55.517901
demand_240 10 11 212.914185
demand_241 10 12 24.589281
demand_242 10 13 114.319111
demand_243 10 14 18.818726
demand_244 10 15 18.318515
demand_245 10 16 28.510653
demand_246 10 17 179.589175
demand_247 10 18 1.567556
demand_248 10 19 31.897613
demand_249 10 20 238.668892
demand_250 10 21 124.524998
demand_251 10 22 22.509237
demand_252 10 23 195.361989
demand_253 11 0 282.579863
demand_254 11 1 236.709063
demand_255 11 2 61.258489
demand_256 11 3 116.936677
demand_257 11 4 1.829868
demand_258 11 5 724.820625
demand_259 11 6 354.769401
demand_260 11 7 280.823371
demand_261 11 8 100.972281
demand_262 11 9 377.362543
demand_263 11 10 657.722279
demand_264 11 12 167.136608
demand_265 11 13 777.042168
demand_266 11 14 127.913379
demand_267 11 15 124.513377
demand_268 11 16 193.790689
demand_269 11 17 1220.691456
demand_270 11 18 10.654885
demand_271 11 19 216.812310
demand_272 11 20 1622.264130
demand_273 11 21 846.412935
demand_274 11 22 152.998269
demand_275 11 23 1327.901364
demand_276 12 0 226.971900
demand_277 12 1 190.127864
demand_278 12 2 49.203632
demand_279 12 3 93.925092
demand_280 12 4 1.469774
demand_281 12 5 582.185555
demand_282 12 6 284.955496
demand_283 12 7 225.561062
demand_284 12 8 81.102277
demand_285 12 9 303.102608
demand_286 12 10 528.291272
demand_287 12 11 1162.415059
demand_288 12 13 624.130592
demand_289 12 14 102.741725
demand_290 12 15 100.010798
demand_291 12 16 155.655256
demand_292 12 17 980.475594
demand_293 12 18 8.558145
demand_294 12 19 174.146528
demand_295 12 20 1303.024100
demand_296 12 21 679.850114
demand_297 12 22 122.890242
demand_298 12 23 1066.588016
demand_299 13 0 266.911489
demand_300 13 1 223.584115
demand_301 13 2 57.861853
demand_302 13 3 110.452819
demand_303 13 4 1.728406
demand_304 13 5 684.631065
demand_305 13 6 335.098291
demand_306 13 7 265.252390
demand_307 13 8 95.373611
demand_308 13 9 356.438698
demand_309 13 10 621.253160
demand_310 13 11 1366.961878
demand_311 13 12 157.869285
demand_312 13 14 120.820890
demand_313 13 15 117.609409
demand_314 13 16 183.045461
demand_315 13 17 1153.007051
demand_316 13 18 10.064097
demand_317 13 19 204.790589
demand_318 13 20 1532.313486
demand_319 13 21 799.481374
demand_320 13 22 144.514883
demand_321 13 23 1254.272428
demand_322 14 0 527.670420
demand_323 14 1 442.014408
demand_324 14 2 114.389937
demand_325 14 3 218.359598
demand_326 14 4 3.416971
demand_327 14 5 1353.480747
demand_328 14 6 662.472255
demand_329 14 7 524.390466
demand_330 14 8 188.548771
demand_331 14 9 704.661152
demand_332 14 10 1228.185857
demand_333 14 11 2702.414013
demand_334 14 12 312.099536
demand_335 14 13 1450.995704
demand_336 14 15 232.507813
demand_337 14 16 361.871554
demand_338 14 17 2279.436217
demand_339 14 18 19.896208
demand_340 14 19 404.860565
demand_341 14 20 3029.305721
demand_342 14 21 1580.533958
demand_343 14 22 285.698563
demand_344 14 23 2479.632709
demand_345 15 0 1077.794996
demand_346 15 1 902.838019
demand_347 15 2 233.647552
demand_348 15 3 446.011133
demand_349 15 4 6.979346
demand_350 15 5 2764.556663
demand_351 15 6 1353.134938
demand_352 15 7 1071.095514
demand_353 15 8 385.120928
demand_354 15 9 1439.308011
demand_355 15 10 2508.635164
demand_356 15 11 5519.824853
demand_357 15 12 637.479959
demand_358 15 13 2963.736168
demand_359 15 14 487.877651
demand_360 15 16 739.141963
demand_361 15 17 4655.870130
demand_362 15 18 40.639067
demand_363 15 19 826.949311
demand_364 15 20 6187.518614
demand_365 15 21 3228.324965
demand_366 15 22 583.554564
demand_367 15 23 5064.782149
demand_368 16 0 1718.370518
demand_369 16 1 1439.429798
demand_370 16 2 372.513388
demand_371 16 3 711.092912
demand_372 16 4 11.127443
demand_373 16 5 4407.640305
demand_374 16 6 2157.355705
demand_375 16 7 1707.689273
demand_376 16 8 614.013288
demand_377 16 9 2294.744790
demand_378 16 10 3999.614696
demand_379 16 11 8800.471635
demand_380 16 12 1016.359114
demand_381 16 13 4725.199943
demand_382 16 14 777.842330
demand_383 16 15 757.166888
demand_384 16 17 7423.034989
demand_385 16 18 64.792446
demand_386 16 19 1318.437478
demand_387 16 20 9865.001789
demand_388 16 21 5147.044161
demand_389 16 22 930.383757
demand_390 16 23 8074.979339
demand_391 17 0 97.048631
demand_392 17 1 81.294860
demand_393 17 2 21.038486
demand_394 17 3 40.160485
demand_395 17 4 0.628446
demand_396 17 5 248.930864
demand_397 17 6 121.841253
demand_398 17 7 96.445385
demand_399 17 8 34.677707
demand_400 17 9 129.600594
demand_401 17 10 225.886749
demand_402 17 11 497.025359
demand_403 17 12 57.401043
demand_404 17 13 266.865720
demand_405 17 14 43.930300
demand_406 17 15 42.762611
demand_407 17 16 66.555065
demand_408 17 18 3.659291
demand_409 17 19 74.461562
demand_410 17 20 557.146964
demand_411 17 21 290.690270
demand_412 17 22 52.545402
demand_413 17 23 456.051638
demand_414 18 0 300.810764
demand_415 18 1 251.980567
demand_416 18 2 65.210637
demand_417 18 3 124.480954
demand_418 18 4 1.947924
demand_419 18 5 771.583099
demand_420 18 6 377.657677
demand_421 18 7 298.940950
demand_422 18 8 107.486601
demand_423 18 9 401.708437
demand_424 18 10 700.155840
demand_425 18 11 1540.573800
demand_426 18 12 177.919581
demand_427 18 13 827.173762
demand_428 18 14 136.165829
demand_429 18 15 132.546472
demand_430 18 16 206.293274
demand_431 18 17 1299.445495
demand_432 18 19 230.800157
demand_433 18 20 1726.926002
demand_434 18 21 901.020049
demand_435 18 22 162.869094
demand_436 18 23 1413.572149
demand_437 19 0 482.283756
demand_438 19 1 403.995298
demand_439 19 2 104.550883
demand_440 19 3 199.577772
demand_441 19 4 3.123066
demand_442 19 5 1237.063426
demand_443 19 6 605.490842
demand_444 19 7 479.285921
demand_445 19 8 172.331073
demand_446 19 9 644.050933
demand_447 19 10 1122.545561
demand_448 19 11 2469.970514
demand_449 19 12 285.254830
demand_450 19 13 1326.190802
demand_451 19 14 218.311893
demand_452 19 15 212.509053
demand_453 19 16 330.745794
demand_454 19 17 2083.374427
demand_455 19 18 18.184870
demand_456 19 20 2768.745193
demand_457 19 21 1444.587045
demand_458 19 22 261.124692
demand_459 19 23 2266.351361
demand_460 20 0 159.552495
demand_461 20 1 133.652558
demand_462 20 2 34.588257
demand_463 20 3 66.025718
demand_464 20 4 1.033195
demand_465 20 5 409.253999
demand_466 20 6 200.312727
demand_467 20 7 158.560730
demand_468 20 8 57.011774
demand_469 20 9 213.069447
demand_470 20 10 371.368396
demand_471 20 11 817.132969
demand_472 20 12 94.370004
demand_473 20 13 438.739743
demand_474 20 14 72.223472
demand_475 20 15 70.303735
demand_476 20 16 109.419643
demand_477 20 17 689.236540
demand_478 20 18 6.016046
demand_479 20 19 122.418295
demand_480 20 21 477.908418
demand_481 20 22 86.387102
demand_482 20 23 749.770253
demand_483 21 0 75.339916
demand_484 21 1 63.110091
demand_485 21 2 16.332407
demand_486 21 3 31.177025
demand_487 21 4 0.487870
demand_488 21 5 193.247758
demand_489 21 6 94.586701
demand_490 21 7 74.871609
demand_491 21 8 26.920684
demand_492 21 9 100.610362
demand_493 21 10 175.358360
demand_494 21 11 385.846234
demand_495 21 12 44.561059
demand_496 21 13 207.170784
demand_497 21 14 34.103574
demand_498 21 15 33.197084
demand_499 21 16 51.667426
demand_500 21 17 325.454159
demand_501 21 18 2.840748
demand_502 21 19 57.805326
demand_503 21 20 432.519296
demand_504 21 22 40.791572
demand_505 21 23 354.037886
demand_506 22 0 61.877243
demand_507 22 1 51.832795
demand_508 22 2 13.413930
demand_509 22 3 25.605926
demand_510 22 4 0.400691
demand_511 22 5 158.715846
demand_512 22 6 77.684773
demand_513 22 7 61.492619
demand_514 22 8 22.110161
demand_515 22 9 82.632052
demand_516 22 10 144.023148
demand_517 22 11 316.898432
demand_518 22 12 36.598335
demand_519 22 13 170.150932
demand_520 22 14 28.009523
demand_521 22 15 27.265016
demand_522 22 16 42.434848
demand_523 22 17 267.297964
demand_524 22 18 2.333128
demand_525 22 19 47.475952
demand_526 22 20 355.231371
demand_527 22 21 185.341229
demand_528 22 23 290.773995
demand_529 23 0 468.548859
demand_530 23 1 392.489968
demand_531 23 2 101.573392
demand_532 23 3 193.894023
demand_533 23 4 3.034125
demand_534 23 5 1201.833257
demand_535 23 6 588.247147
demand_536 23 7 465.636399
demand_537 23 8 167.423278
demand_538 23 9 625.709090
demand_539 23 10 1090.576732
demand_540 23 11 2399.628545
demand_541 23 12 277.131095
demand_542 23 13 1288.422386
demand_543 23 14 212.094617
demand_544 23 15 206.457035
demand_545 23 16 321.326528
demand_546 23 17 2024.042277
demand_547 23 18 17.666985
demand_548 23 19 359.498938
demand_549 23 20 2689.894459
demand_550 23 21 1403.446838
demand_551 23 22 253.688156
