DEMANDS 552
label src dest bw
demand_0 0 1 96.098954
demand_1 0 2 33.960245
demand_2 0 3 62.578262
demand_3 0 4 26.058302
demand_4 0 5 166.956137
demand_5 0 6 110.604176
demand_6 0 7 98.564329
demand_7 0 8 46.646161
demand_8 0 9 120.043024
demand_9 0 10 123.643997
demand_10 0 11 382.334295
demand_11 0 12 84.504677
demand_12 0 13 171.958391
demand_13 0 14 67.557196
demand_14 0 15 64.218115
demand_15 0 16 86.084601
demand_16 0 17 194.961398
demand_17 0 18 27.598251
demand_18 0 19 91.037374
demand_19 0 20 672.457239
demand_20 0 21 192.010331
demand_21 0 22 75.887182
demand_22 0 23 227.533964
demand_23 1 0 821.800396
demand_24 1 2 278.741201
demand_25 1 3 513.634105
demand_26 1 4 213.883099
demand_27 1 5 1370.353917
demand_28 1 6 907.824467
demand_29 1 7 809.002992
demand_30 1 8 382.865529
demand_31 1 9 985.297281
demand_32 1 10 1014.853595
demand_33 1 11 3138.149385
demand_34 1 12 693.603223
demand_35 1 13 1411.411756
demand_36 1 14 554.500541
demand_37 1 15 527.093801
demand_38 1 16 706.571029
demand_39 1 17 1600.217400
demand_40 1 18 226.522796
demand_41 1 19 747.222743
demand_42 1 20 5519.440176
demand_43 1 21 1575.995428
demand_44 1 22 622.871967
demand_45 1 23 1867.568715
demand_46 2 0 803.522199
demand_47 2 1 771.224029
demand_48 2 3 502.210035
demand_49 2 4 209.125986
demand_50 2 5 1339.874986
demand_51 2 6 887.632954
demand_52 2 7 791.009431
demand_53 2 8 374.349968
demand_54 2 9 963.382645
demand_55 2 10 992.281577
demand_56 2 11 3068.351767
demand_57 2 12 678.176343
demand_58 2 13 1380.019631
demand_59 2 14 542.167534
demand_60 2 15 515.370366
demand_61 2 16 690.855724
demand_62 2 17 1564.625926
demand_63 2 18 221.484556
demand_64 2 19 730.603276
demand_65 2 20 5396.678723
demand_66 2 21 1540.942691
demand_67 2 22 609.018267
demand_68 2 23 1826.030906
demand_69 3 0 416.091288
demand_70 3 1 399.366190
demand_71 3 2 141.131333
demand_72 3 4 108.292591
demand_73 3 5 693.833112
demand_74 3 6 459.646714
demand_75 3 7 409.611748
demand_76 3 8 193.851222
demand_77 3 9 498.872496
demand_78 3 10 513.837352
demand_79 3 11 1588.897530
demand_80 3 12 351.182915
demand_81 3 13 714.621383
demand_82 3 14 280.752900
demand_83 3 15 266.876409
demand_84 3 16 357.748732
demand_85 3 17 810.216839
demand_86 3 18 114.692281
demand_87 3 19 378.331374
demand_88 3 20 2794.584893
demand_89 3 21 797.952850
demand_90 3 22 315.370497
demand_91 3 23 945.581282
demand_92 4 0 1242.554931
demand_93 4 1 1192.609515
demand_94 4 2 421.454232
demand_95 4 3 776.610225
demand_96 4 5 2071.963005
demand_97 4 6 1372.622567
demand_98 4 7 1223.205370
demand_99 4 8 578.889294
demand_100 4 9 1489.760777
demand_101 4 10 1534.449661
demand_102 4 11 4744.854121
demand_103 4 12 1048.721940
demand_104 4 13 2134.042094
demand_105 4 14 838.399914
demand_106 4 15 796.961167
demand_107 4 16 1068.329148
demand_108 4 17 2419.514559
demand_109 4 18 342.500465
demand_110 4 19 1129.794179
demand_111 4 20 8345.344741
demand_112 4 21 2382.891152
demand_113 4 22 941.776907
demand_114 4 23 2823.747383
demand_115 5 0 855.807771
demand_116 5 1 821.407944
demand_117 5 2 290.275945
demand_118 5 3 534.889081
demand_119 5 4 222.733914
demand_120 5 6 945.391652
demand_121 5 7 842.480791
demand_122 5 8 398.709098
demand_123 5 9 1026.070412
demand_124 5 10 1056.849811
demand_125 5 11 3268.010876
demand_126 5 12 722.305601
demand_127 5 13 1469.818165
demand_128 5 14 577.446633
demand_129 5 15 548.905761
demand_130 5 16 735.810035
demand_131 5 17 1666.436880
demand_132 5 18 235.896661
demand_133 5 19 778.143979
demand_134 5 20 5747.843175
demand_135 5 21 1641.212565
demand_136 5 22 648.647376
demand_137 5 23 1944.851606
demand_138 6 0 205.483198
demand_139 6 1 197.223649
demand_140 6 2 69.696527
demand_141 6 3 128.429214
demand_142 6 4 53.479389
demand_143 6 5 342.643673
demand_144 6 7 202.283332
demand_145 6 8 95.731803
demand_146 6 9 246.364005
demand_147 6 10 253.754274
demand_148 6 11 784.663741
demand_149 6 12 173.428742
demand_150 6 13 352.909786
demand_151 6 14 138.647469
demand_152 6 15 131.794680
demand_153 6 16 176.671216
demand_154 6 17 400.118802
demand_155 6 18 56.639823
demand_156 6 19 186.835781
demand_157 6 20 1380.082350
demand_158 6 21 394.062333
demand_159 6 22 155.743079
demand_160 6 23 466.967399
demand_161 7 0 420.602786
demand_162 7 1 403.696346
demand_163 7 2 142.661559
demand_164 7 3 262.881275
demand_165 7 4 109.466761
demand_166 7 5 701.356046
demand_167 7 6 464.630466
demand_168 7 8 195.953067
demand_169 7 9 504.281556
demand_170 7 10 519.408669
demand_171 7 11 1606.125262
demand_172 7 12 354.990640
demand_173 7 13 722.369715
demand_174 7 14 283.796982
demand_175 7 15 269.770035
demand_176 7 16 361.627647
demand_177 7 17 819.001671
demand_178 7 18 115.935840
demand_179 7 19 382.433459
demand_180 7 20 2824.885373
demand_181 7 21 806.604708
demand_182 7 22 318.789923
demand_183 7 23 955.833812
demand_184 8 0 404.201836
demand_185 8 1 387.954644
demand_186 8 2 137.098626
demand_187 8 3 252.630504
demand_188 8 4 105.198223
demand_189 8 5 674.007426
demand_190 8 6 446.512704
demand_191 8 7 397.907444
demand_192 8 9 484.617642
demand_193 8 10 499.154890
demand_194 8 11 1543.496146
demand_195 8 12 341.148164
demand_196 8 13 694.201690
demand_197 8 14 272.730626
demand_198 8 15 259.250644
demand_199 8 16 347.526369
demand_200 8 17 787.065588
demand_201 8 18 111.415048
demand_202 8 19 367.520880
demand_203 8 20 2714.732026
demand_204 8 21 775.152031
demand_205 8 22 306.359055
demand_206 8 23 918.562108
demand_207 9 0 967.235427
demand_208 9 1 928.356682
demand_209 9 2 328.070376
demand_210 9 3 604.532567
demand_211 9 4 251.734255
demand_212 9 5 1612.867143
demand_213 9 6 1068.483285
demand_214 9 7 952.173251
demand_215 9 8 450.621714
demand_216 9 10 1194.453489
demand_217 9 11 3693.511559
demand_218 9 12 816.351043
demand_219 9 13 1661.191038
demand_220 9 14 652.631186
demand_221 9 15 620.374242
demand_222 9 16 831.613777
demand_223 9 17 1883.409851
demand_224 9 18 266.610816
demand_225 9 19 879.459674
demand_226 9 20 6496.222324
demand_227 9 21 1854.901287
demand_228 9 22 733.102389
demand_229 9 23 2198.074658
demand_230 10 0 80.750900
demand_231 10 1 77.505058
demand_232 10 2 27.389379
demand_233 10 3 50.470183
demand_234 10 4 21.016360
demand_235 10 5 134.652298
demand_236 10 6 89.203708
demand_237 10 7 79.493415
demand_238 10 8 37.620736
demand_239 10 9 96.816262
demand_240 10 11 308.357587
demand_241 10 12 68.154122
demand_242 10 13 138.686681
demand_243 10 14 54.485758
demand_244 10 15 51.792746
demand_245 10 16 69.428351
demand_246 10 17 157.238906
demand_247 10 18 22.258349
demand_248 10 19 73.422828
demand_249 10 20 542.345518
demand_250 10 21 154.858832
demand_251 10 22 61.204001
demand_252 10 23 183.509104
demand_253 11 0 366.974548
demand_254 11 1 352.223734
demand_255 11 2 124.471742
demand_256 11 3 229.363048
demand_257 11 4 95.509389
demand_258 11 5 611.930844
demand_259 11 6 405.388554
demand_260 11 7 361.259874
demand_261 11 8 170.968407
demand_262 11 9 439.984000
demand_263 11 10 453.182356
demand_264 11 12 309.728166
demand_265 11 13 630.265201
demand_266 11 14 247.611934
demand_267 11 15 235.373469
demand_268 11 16 315.518933
demand_269 11 17 714.576266
demand_270 11 18 101.153639
demand_271 11 19 333.671935
demand_272 11 20 2464.703202
demand_273 11 21 703.759957
demand_274 11 22 278.143160
demand_275 11 23 833.961859
demand_276 12 0 190.345689
demand_277 12 1 182.694603
demand_278 12 2 64.562132
demand_279 12 3 118.968107
demand_280 12 4 49.539677
demand_281 12 5 317.401843
demand_282 12 6 210.270614
demand_283 12 7 187.381550
demand_284 12 8 88.679445
demand_285 12 9 228.214894
demand_286 12 10 235.060737
demand_287 12 11 726.859235
demand_288 12 13 326.911674
demand_289 12 14 128.433605
demand_290 12 15 122.085647
demand_291 12 16 163.656224
demand_292 12 17 370.642902
demand_293 12 18 52.467288
demand_294 12 19 173.071987
demand_295 12 20 1278.414624
demand_296 12 21 365.032601
demand_297 12 22 144.269818
demand_298 12 23 432.566905
demand_299 13 0 329.662952
demand_300 13 1 316.411905
demand_301 13 2 111.816261
demand_302 13 3 206.042898
demand_303 13 4 85.798613
demand_304 13 5 549.713677
demand_305 13 6 364.171270
demand_306 13 7 324.529309
demand_307 13 8 153.585446
demand_308 13 9 395.249274
demand_309 13 10 407.105707
demand_310 13 11 1258.859931
demand_311 13 12 278.237011
demand_312 13 14 222.436355
demand_313 13 15 211.442218
demand_314 13 16 283.439011
demand_315 13 17 641.922776
demand_316 13 18 90.868992
demand_317 13 19 299.746333
demand_318 13 20 2214.108133
demand_319 13 21 632.206199
demand_320 13 22 249.863364
demand_321 13 23 749.170015
demand_322 14 0 670.073735
demand_323 14 1 643.139625
demand_324 14 2 227.278009
demand_325 14 3 418.803307
demand_326 14 4 174.394473
demand_327 14 5 1117.349386
demand_328 14 6 740.215428
demand_329 14 7 659.639080
demand_330 14 8 312.178159
demand_331 14 9 803.384658
demand_332 14 10 827.484073
demand_333 14 11 2558.761825
demand_334 14 12 565.545241
demand_335 14 13 1150.826834
demand_336 14 15 429.777978
demand_337 14 16 576.118838
demand_338 14 17 1304.773831
demand_339 14 18 184.700539
demand_340 14 19 609.265141
demand_341 14 20 4500.401697
demand_342 14 21 1285.023893
demand_343 14 22 507.872895
demand_344 14 23 1522.764836
demand_345 15 0 1416.651967
demand_346 15 1 1359.708591
demand_347 15 2 480.505087
demand_348 15 3 885.422748
demand_349 15 4 368.700130
demand_350 15 5 2362.270184
demand_351 15 6 1564.943658
demand_352 15 7 1394.591297
demand_353 15 8 659.998714
demand_354 15 9 1698.494354
demand_355 15 10 1749.444693
demand_356 15 11 5409.665805
demand_357 15 12 1195.660620
demand_358 15 13 2433.047308
demand_359 15 14 955.869924
demand_360 15 16 1218.015036
demand_361 15 17 2758.517932
demand_362 15 18 390.488940
demand_363 15 19 1288.092064
demand_364 15 20 9514.628885
demand_365 15 21 2716.763140
demand_366 15 22 1073.731288
demand_367 15 23 3219.388682
demand_368 16 0 2179.645892
demand_369 16 1 2092.033410
demand_370 16 2 739.300099
demand_371 16 3 1362.302175
demand_372 16 4 567.278163
demand_373 16 5 3634.564186
demand_374 16 6 2407.805936
demand_375 16 7 2145.703577
demand_376 16 8 1015.467115
demand_377 16 9 2613.285639
demand_378 16 10 2691.677298
demand_379 16 11 8323.255199
demand_380 16 12 1839.630918
demand_381 16 13 3743.461128
demand_382 16 14 1470.691462
demand_383 16 15 1398.001077
demand_384 16 17 4244.226824
demand_385 16 18 600.802196
demand_386 16 19 1981.844971
demand_387 16 20 14639.108439
demand_388 16 21 4179.983339
demand_389 16 22 1652.031724
demand_390 16 23 4953.317738
demand_391 17 0 134.363088
demand_392 17 1 128.962264
demand_393 17 2 45.573753
demand_394 17 3 83.978378
demand_395 17 4 34.969554
demand_396 17 5 224.050737
demand_397 17 6 148.427890
demand_398 17 7 132.270732
demand_399 17 8 62.597919
demand_400 17 9 161.094575
demand_401 17 10 165.926986
demand_402 17 11 513.082549
demand_403 17 12 113.403049
demand_404 17 13 230.763629
demand_405 17 14 90.659977
demand_406 17 15 86.179018
demand_407 17 16 115.523266
demand_408 17 18 37.036125
demand_409 17 19 122.169758
demand_410 17 20 902.419894
demand_411 17 21 257.672804
demand_412 17 22 101.838599
demand_413 17 23 305.344584
demand_414 18 0 388.466564
demand_415 18 1 372.851863
demand_416 18 2 131.761480
demand_417 18 3 242.795790
demand_418 18 4 101.102936
demand_419 18 5 647.768826
demand_420 18 6 429.130302
demand_421 18 7 382.417208
demand_422 18 8 180.981242
demand_423 18 9 465.751844
demand_424 18 10 479.723168
demand_425 18 11 1483.409008
demand_426 18 12 327.867524
demand_427 18 13 667.176943
demand_428 18 14 262.113429
demand_429 18 15 249.158213
demand_430 18 16 333.997430
demand_431 18 17 756.425719
demand_432 18 19 353.213570
demand_433 18 20 2609.049561
demand_434 18 21 744.975948
demand_435 18 22 294.432729
demand_436 18 23 882.803179
demand_437 19 0 457.995655
demand_438 19 1 439.586180
demand_439 19 2 155.344606
demand_440 19 3 286.252221
demand_441 19 4 119.198689
demand_442 19 5 763.708734
demand_443 19 6 505.937529
demand_444 19 7 450.863564
demand_445 19 8 213.373892
demand_446 19 9 549.113722
demand_447 19 10 565.585681
demand_448 19 11 1748.914688
demand_449 19 12 386.550389
demand_450 19 13 786.590582
demand_451 19 14 309.027398
demand_452 19 15 293.753412
demand_453 19 16 393.777446
demand_454 19 17 891.813414
demand_455 19 18 126.242889
demand_456 19 20 3076.026284
demand_457 19 21 878.314323
demand_458 19 22 347.131318
demand_459 19 23 1040.810349
demand_460 20 0 181.109683
demand_461 20 1 173.829845
demand_462 20 2 61.429431
demand_463 20 3 113.195504
demand_464 20 4 47.135899
demand_465 20 5 302.000783
demand_466 20 6 200.067805
demand_467 20 7 178.289370
demand_468 20 8 84.376516
demand_469 20 9 217.141387
demand_470 20 10 223.655055
demand_471 20 11 691.590369
demand_472 20 12 152.857385
demand_473 20 13 311.049175
demand_474 20 14 122.201714
demand_475 20 15 116.161773
demand_476 20 16 155.715251
demand_477 20 17 352.658464
demand_478 20 18 49.921455
demand_479 20 19 164.674140
demand_480 20 21 347.320388
demand_481 20 22 137.269518
demand_482 20 23 411.577774
demand_483 21 0 130.177820
demand_484 21 1 124.945226
demand_485 21 2 44.154179
demand_486 21 3 81.362541
demand_487 21 4 33.880290
demand_488 21 5 217.071794
demand_489 21 6 143.804519
demand_490 21 7 128.150639
demand_491 21 8 60.648060
demand_492 21 9 156.076650
demand_493 21 10 160.758536
demand_494 21 11 497.100572
demand_495 21 12 109.870665
demand_496 21 13 223.575587
demand_497 21 14 87.836015
demand_498 21 15 83.494633
demand_499 21 16 111.924838
demand_500 21 17 253.483467
demand_501 21 18 35.882489
demand_502 21 19 118.364299
demand_503 21 20 874.310471
demand_504 21 22 98.666435
demand_505 21 23 295.833423
demand_506 22 0 107.097991
demand_507 22 1 102.793108
demand_508 22 2 36.325880
demand_509 22 3 66.937398
demand_510 22 4 27.873496
demand_511 22 5 178.586128
demand_512 22 6 118.308749
demand_513 22 7 105.430218
demand_514 22 8 49.895484
demand_515 22 9 128.405096
demand_516 22 10 132.256910
demand_517 22 11 408.967306
demand_518 22 12 90.391185
demand_519 22 13 183.936834
demand_520 22 14 72.263160
demand_521 22 15 68.691482
demand_522 22 16 92.081165
demand_523 22 17 208.542207
demand_524 22 18 29.520716
demand_525 22 19 97.378944
demand_526 22 20 719.299912
demand_527 22 21 205.385571
demand_528 22 23 243.383744
demand_529 23 0 433.185927
demand_530 23 1 415.773697
demand_531 23 2 146.929554
demand_532 23 3 270.745873
demand_533 23 4 112.741669
demand_534 23 5 722.338459
demand_535 23 6 478.530779
demand_536 23 7 426.440183
demand_537 23 8 201.815380
demand_538 23 9 519.368107
demand_539 23 10 534.947777
demand_540 23 11 1654.175584
demand_541 23 12 365.610867
demand_542 23 13 743.980792
demand_543 23 14 292.287314
demand_544 23 15 277.840724
demand_545 23 16 372.446433
demand_546 23 17 843.503680
demand_547 23 18 119.404284
demand_548 23 19 393.874690
demand_549 23 20 2909.397246
demand_550 23 21 830.735838
demand_551 23 22 328.327136
