DEMANDS 552
label src dest bw
demand_0 0 1 98.342626
demand_1 0 2 42.874572
demand_2 0 3 53.704019
demand_3 0 4 1.103394
demand_4 0 5 282.888155
demand_5 0 6 228.857590
demand_6 0 7 128.974693
demand_7 0 8 48.663400
demand_8 0 9 239.253852
demand_9 0 10 279.502442
demand_10 0 11 746.312274
demand_11 0 12 75.747271
demand_12 0 13 293.342653
demand_13 0 14 58.844395
demand_14 0 15 54.239549
demand_15 0 16 86.647077
demand_16 0 17 310.012032
demand_17 0 18 25.961808
demand_18 0 19 88.406210
demand_19 0 20 758.378613
demand_20 0 21 306.175286
demand_21 0 22 70.807544
demand_22 0 23 391.692581
demand_23 1 0 730.836634
demand_24 1 2 199.597300
demand_25 1 3 250.012459
demand_26 1 4 5.136714
demand_27 1 5 1316.951020
demand_28 1 6 1065.418369
demand_29 1 7 600.425826
demand_30 1 8 226.546473
demand_31 1 9 1113.816887
demand_32 1 10 1301.189248
demand_33 1 11 3474.365022
demand_34 1 12 352.632107
demand_35 1 13 1365.620650
demand_36 1 14 273.942845
demand_37 1 15 252.505549
demand_38 1 16 403.374811
demand_39 1 17 1443.222895
demand_40 1 18 120.862003
demand_41 1 19 411.564238
demand_42 1 20 3530.538376
demand_43 1 21 1425.361396
demand_44 1 22 329.635815
demand_45 1 23 1823.476647
demand_46 2 0 683.683236
demand_47 2 1 428.283442
demand_48 2 3 233.881717
demand_49 2 4 4.805295
demand_50 2 5 1231.981666
demand_51 2 6 996.677839
demand_52 2 7 561.686500
demand_53 2 8 211.929751
demand_54 2 9 1041.953698
demand_55 2 10 1217.236840
demand_56 2 11 3250.199851
demand_57 2 12 329.880371
demand_58 2 13 1277.511144
demand_59 2 14 256.268120
demand_60 2 15 236.213954
demand_61 2 16 377.349168
demand_62 2 17 1350.106511
demand_63 2 18 113.064017
demand_64 2 19 385.010215
demand_65 2 20 3302.748914
demand_66 2 21 1333.397432
demand_67 2 22 308.367794
demand_68 2 23 1705.826385
demand_69 3 0 435.846838
demand_70 3 1 273.029927
demand_71 3 2 119.033239
demand_72 3 4 3.063367
demand_73 3 5 785.386105
demand_74 3 6 635.380337
demand_75 3 7 358.074138
demand_76 3 8 135.104837
demand_77 3 9 664.243616
demand_78 3 10 775.986305
demand_79 3 11 2071.996583
demand_80 3 12 210.298145
demand_81 3 13 814.411066
demand_82 3 14 163.370468
demand_83 3 15 150.585973
demand_84 3 16 240.559419
demand_85 3 17 860.690482
demand_86 3 18 72.078108
demand_87 3 19 245.443323
demand_88 3 20 2105.496517
demand_89 3 21 850.038474
demand_90 3 22 196.583916
demand_91 3 23 1087.461265
demand_92 4 0 1436.798596
demand_93 4 1 900.061631
demand_94 4 2 392.401129
demand_95 4 3 491.515522
demand_96 4 5 2589.078444
demand_97 4 6 2094.574278
demand_98 4 7 1180.415626
demand_99 4 8 445.382236
demand_100 4 9 2189.724029
demand_101 4 10 2558.091366
demand_102 4 11 6830.476950
demand_103 4 12 693.262068
demand_104 4 13 2684.761189
demand_105 4 14 538.561802
demand_106 4 15 496.416849
demand_107 4 16 793.020402
demand_108 4 17 2837.324418
demand_109 4 18 237.610361
demand_110 4 19 809.120523
demand_111 4 20 6940.911748
demand_112 4 21 2802.209354
demand_113 4 22 648.052183
demand_114 4 23 3584.889649
demand_115 5 0 950.040069
demand_116 5 1 595.138815
demand_117 5 2 259.463502
demand_118 5 3 324.999928
demand_119 5 4 6.677394
demand_120 5 6 1384.974553
demand_121 5 7 780.514504
demand_122 5 8 294.495674
demand_123 5 9 1447.889478
demand_124 5 10 1691.461354
demand_125 5 11 4516.448454
demand_126 5 12 458.398794
demand_127 5 13 1775.217984
demand_128 5 14 356.107873
demand_129 5 15 328.240784
demand_130 5 16 524.361007
demand_131 5 17 1876.095853
demand_132 5 18 157.112740
demand_133 5 19 535.006729
demand_134 5 20 4589.470158
demand_135 5 21 1852.877068
demand_136 5 22 428.505110
demand_137 5 23 2370.400988
demand_138 6 0 287.403456
demand_139 6 1 180.039725
demand_140 6 2 78.492171
demand_141 6 3 98.318066
demand_142 6 4 2.020027
demand_143 6 5 517.894502
demand_144 6 7 236.119058
demand_145 6 8 89.090005
demand_146 6 9 438.011462
demand_147 6 10 511.696143
demand_148 6 11 1366.303313
demand_149 6 12 138.673517
demand_150 6 13 537.033963
demand_151 6 14 107.728755
demand_152 6 15 99.298481
demand_153 6 16 158.628220
demand_154 6 17 567.551253
demand_155 6 18 47.529305
demand_156 6 19 161.848735
demand_157 6 20 1388.393634
demand_158 6 21 560.527171
demand_159 6 22 129.630164
demand_160 6 23 717.087056
demand_161 7 0 484.857683
demand_162 7 1 303.732059
demand_163 7 2 132.418491
demand_164 7 3 165.865333
demand_165 7 4 3.407841
demand_166 7 5 873.702534
demand_167 7 6 706.828663
demand_168 7 8 150.297334
demand_169 7 9 738.937608
demand_170 7 10 863.245729
demand_171 7 11 2304.991969
demand_172 7 12 233.946108
demand_173 7 13 905.991342
demand_174 7 14 181.741427
demand_175 7 15 167.519319
demand_176 7 16 267.610252
demand_177 7 17 957.474865
demand_178 7 18 80.183269
demand_179 7 19 273.043350
demand_180 7 20 2342.258960
demand_181 7 21 945.625043
demand_182 7 22 218.689718
demand_183 7 23 1209.745954
demand_184 8 0 405.798154
demand_185 8 1 254.206365
demand_186 8 2 110.826705
demand_187 8 3 138.819798
demand_188 8 4 2.852168
demand_189 8 5 731.239059
demand_190 8 6 591.575171
demand_191 8 7 333.387354
demand_192 8 9 618.448522
demand_193 8 10 722.487311
demand_194 8 11 1929.146468
demand_195 8 12 195.799514
demand_196 8 13 758.262945
demand_197 8 14 152.107182
demand_198 8 15 140.204091
demand_199 8 16 223.974478
demand_200 8 17 801.351709
demand_201 8 18 67.108811
demand_202 8 19 228.521670
demand_203 8 20 1960.336808
demand_204 8 21 791.434085
demand_205 8 22 183.030788
demand_206 8 23 1012.488184
demand_207 9 0 1145.714982
demand_208 9 1 717.716525
demand_209 9 2 312.903878
demand_210 9 3 391.938508
demand_211 9 4 8.052703
demand_212 9 5 2064.552381
demand_213 9 6 1670.230705
demand_214 9 7 941.273100
demand_215 9 8 355.151447
demand_216 9 10 2039.843031
demand_217 9 11 5446.678329
demand_218 9 12 552.812857
demand_219 9 13 2140.850587
demand_220 9 14 429.453597
demand_221 9 15 395.846866
demand_222 9 16 632.360971
demand_223 9 17 2262.505757
demand_224 9 18 189.472450
demand_225 9 19 645.199339
demand_226 9 20 5534.739942
demand_227 9 21 2234.504716
demand_228 9 22 516.762125
demand_229 9 23 2858.620402
demand_230 10 0 46.731483
demand_231 10 1 29.274259
demand_232 10 2 12.762740
demand_233 10 3 15.986408
demand_234 10 4 0.328454
demand_235 10 5 84.209071
demand_236 10 6 68.125457
demand_237 10 7 38.392696
demand_238 10 8 14.485936
demand_239 10 9 71.220177
demand_240 10 11 222.159401
demand_241 10 12 22.548160
demand_242 10 13 87.321126
demand_243 10 14 17.516576
demand_244 10 15 16.145823
demand_245 10 16 25.792772
demand_246 10 17 92.283203
demand_247 10 18 7.728212
demand_248 10 19 26.316424
demand_249 10 20 225.751263
demand_250 10 21 91.141095
demand_251 10 22 21.077721
demand_252 10 23 116.597559
demand_253 11 0 395.561244
demand_254 11 1 247.793602
demand_255 11 2 108.030923
demand_256 11 3 135.317846
demand_257 11 4 2.780218
demand_258 11 5 712.792380
demand_259 11 6 576.651738
demand_260 11 7 324.977123
demand_261 11 8 122.617013
demand_262 11 9 602.847166
demand_263 11 10 704.261409
demand_264 11 12 190.860157
demand_265 11 13 739.134545
demand_266 11 14 148.270034
demand_267 11 15 136.667218
demand_268 11 16 218.324362
demand_269 11 17 781.136327
demand_270 11 18 65.415884
demand_271 11 19 222.756844
demand_272 11 20 1910.884167
demand_273 11 21 771.468891
demand_274 11 22 178.413543
demand_275 11 23 986.946545
demand_276 12 0 258.900780
demand_277 12 1 162.184636
demand_278 12 2 70.707863
demand_279 12 3 88.567564
demand_280 12 4 1.819694
demand_281 12 5 466.533326
demand_282 12 6 377.427230
demand_283 12 7 212.702411
demand_284 12 8 80.254678
demand_285 12 9 394.572531
demand_286 12 10 460.949677
demand_287 12 11 1230.802851
demand_288 12 13 483.774669
demand_289 12 14 97.044966
demand_290 12 15 89.450748
demand_291 12 16 142.896576
demand_292 12 17 511.265466
demand_293 12 18 42.815679
demand_294 12 19 145.797702
demand_295 12 20 1250.702407
demand_296 12 21 504.937984
demand_297 12 22 116.774345
demand_298 12 23 645.971347
demand_299 13 0 378.640633
demand_300 13 1 237.193930
demand_301 13 2 103.409770
demand_302 13 3 129.529462
demand_303 13 4 2.661291
demand_304 13 5 682.301823
demand_305 13 6 551.984762
demand_306 13 7 311.075833
demand_307 13 8 117.371922
demand_308 13 9 577.059649
demand_309 13 10 674.135775
demand_310 13 11 1800.040817
demand_311 13 12 182.695883
demand_312 13 14 141.927604
demand_313 13 15 130.821112
demand_314 13 16 208.985273
demand_315 13 17 747.722275
demand_316 13 18 62.617640
demand_317 13 19 213.228150
demand_318 13 20 1829.143784
demand_319 13 21 738.468375
demand_320 13 22 170.781688
demand_321 13 23 944.728712
demand_322 14 0 658.854247
demand_323 14 1 412.729682
demand_324 14 2 179.938337
demand_325 14 3 225.387949
demand_326 14 4 4.630783
demand_327 14 5 1187.240393
demand_328 14 6 960.481979
demand_329 14 7 541.288007
demand_330 14 8 204.233202
demand_331 14 9 1004.113576
demand_332 14 10 1173.031047
demand_333 14 11 3132.163938
demand_334 14 12 317.900267
demand_335 14 13 1231.116398
demand_336 14 15 227.635488
demand_337 14 16 363.645163
demand_338 14 17 1301.075355
demand_339 14 18 108.957926
demand_340 14 19 371.027988
demand_341 14 20 3182.804603
demand_342 14 21 1284.973092
demand_343 14 22 297.168952
demand_344 14 23 1643.876725
demand_345 15 0 1448.071738
demand_346 15 1 907.123527
demand_347 15 2 395.479913
demand_348 15 3 495.371960
demand_349 15 4 10.177830
demand_350 15 5 2609.392390
demand_351 15 6 2111.008338
demand_352 15 7 1189.677184
demand_353 15 8 448.876712
demand_354 15 9 2206.904635
demand_355 15 10 2578.162186
demand_356 15 11 6884.068968
demand_357 15 12 698.701412
demand_358 15 13 2705.825863
demand_359 15 14 542.787366
demand_360 15 16 799.242452
demand_361 15 17 2859.586105
demand_362 15 18 239.474655
demand_363 15 19 815.468894
demand_364 15 20 6995.370239
demand_365 15 21 2824.195528
demand_366 15 22 653.136809
demand_367 15 23 3613.016743
demand_368 16 0 2216.558203
demand_369 16 1 1388.530722
demand_370 16 2 605.359682
demand_371 16 3 758.264078
demand_372 16 4 15.579167
demand_373 16 5 3994.187550
demand_374 16 6 3231.312873
demand_375 16 7 1821.034588
demand_376 16 8 687.093969
demand_377 16 9 3378.100990
demand_378 16 10 3946.383590
demand_379 16 11 10537.419620
demand_380 16 12 1069.499739
demand_381 16 13 4141.797921
demand_382 16 14 830.842669
demand_383 16 15 765.825385
demand_384 16 17 4377.158171
demand_385 16 18 366.562993
demand_386 16 19 1248.235304
demand_387 16 20 10707.788075
demand_388 16 21 4322.985941
demand_389 16 22 999.754166
demand_390 16 23 5530.431739
demand_391 17 0 179.022104
demand_392 17 1 112.145799
demand_393 17 2 48.892361
demand_394 17 3 61.241807
demand_395 17 4 1.258264
demand_396 17 5 322.593766
demand_397 17 6 260.979580
demand_398 17 7 147.077321
demand_399 17 8 55.493696
demand_400 17 9 272.835040
demand_401 17 10 318.732841
demand_402 17 11 851.063161
demand_403 17 12 86.379006
demand_404 17 13 334.515637
demand_405 17 14 67.103676
demand_406 17 15 61.852502
demand_407 17 16 98.808686
demand_408 17 18 29.605755
demand_409 17 19 100.814727
demand_410 17 20 864.823106
demand_411 17 21 349.149432
demand_412 17 22 80.745948
demand_413 17 23 446.669762
demand_414 18 0 404.695867
demand_415 18 1 253.515853
demand_416 18 2 110.525661
demand_417 18 3 138.442716
demand_418 18 4 2.844421
demand_419 18 5 729.252763
demand_420 18 6 589.968251
demand_421 18 7 332.481760
demand_422 18 8 125.448585
demand_423 18 9 616.768604
demand_424 18 10 720.524788
demand_425 18 11 1923.906246
demand_426 18 12 195.267656
demand_427 18 13 756.203243
demand_428 18 14 151.694007
demand_429 18 15 139.823248
demand_430 18 16 223.366086
demand_431 18 17 799.174964
demand_432 18 19 227.900927
demand_433 18 20 1955.011862
demand_434 18 21 789.284279
demand_435 18 22 182.533614
demand_436 18 23 1009.737920
demand_437 19 0 598.556351
demand_438 19 1 374.956940
demand_439 19 2 163.470502
demand_440 19 3 204.760596
demand_441 19 4 4.206977
demand_442 19 5 1078.584953
demand_443 19 6 872.579317
demand_444 19 7 491.749694
demand_445 19 8 185.541917
demand_446 19 9 912.217779
demand_447 19 10 1065.676037
demand_448 19 11 2845.510408
demand_449 19 12 288.806249
demand_450 19 13 1118.445456
demand_451 19 14 224.359620
demand_452 19 15 206.802441
demand_453 19 16 330.364603
demand_454 19 17 1182.001816
demand_455 19 18 98.986170
demand_456 19 20 2891.516473
demand_457 19 21 1167.373221
demand_458 19 22 269.972250
demand_459 19 23 1493.430236
demand_460 20 0 214.064376
demand_461 20 1 134.097522
demand_462 20 2 58.462684
demand_463 20 3 73.229445
demand_464 20 4 1.504560
demand_465 20 5 385.739145
demand_466 20 6 312.064431
demand_467 20 7 175.866635
demand_468 20 8 66.356183
demand_469 20 9 326.240511
demand_470 20 10 381.122472
demand_471 20 11 1017.652572
demand_472 20 12 103.287066
demand_473 20 13 399.994634
demand_474 20 14 80.238731
demand_475 20 15 73.959679
demand_476 20 16 118.149766
demand_477 20 17 422.724579
demand_478 20 18 35.400865
demand_479 20 19 120.548475
demand_480 20 21 417.492889
demand_481 20 22 96.551379
demand_482 20 23 534.102113
demand_483 21 0 172.615801
demand_484 21 1 108.132664
demand_485 21 2 47.142749
demand_486 21 3 59.050270
demand_487 21 4 1.213237
demand_488 21 5 311.049754
demand_489 21 6 251.640430
demand_490 21 7 141.814162
demand_491 21 8 53.507855
demand_492 21 9 263.071643
demand_493 21 10 307.326992
demand_494 21 11 820.607880
demand_495 21 12 83.287934
demand_496 21 13 322.545000
demand_497 21 14 64.702372
demand_498 21 15 59.639112
demand_499 21 16 95.272819
demand_500 21 17 340.873821
demand_501 21 18 28.546313
demand_502 21 19 97.207074
demand_503 21 20 833.875426
demand_504 21 22 77.856456
demand_505 21 23 430.685692
demand_506 22 0 170.239515
demand_507 22 1 106.644074
demand_508 22 2 46.493766
demand_509 22 3 58.237365
demand_510 22 4 1.196535
demand_511 22 5 306.767740
demand_512 22 6 248.176265
demand_513 22 7 139.861902
demand_514 22 8 52.771249
demand_515 22 9 259.450112
demand_516 22 10 303.096227
demand_517 22 11 809.311122
demand_518 22 12 82.141365
demand_519 22 13 318.104739
demand_520 22 14 63.811658
demand_521 22 15 58.818100
demand_522 22 16 93.961262
demand_523 22 17 336.181240
demand_524 22 18 28.153335
demand_525 22 19 95.868889
demand_526 22 20 822.396022
demand_527 22 21 332.020621
demand_528 22 23 424.756731
demand_529 23 0 499.455226
demand_530 23 1 312.876478
demand_531 23 2 136.405196
demand_532 23 3 170.859017
demand_533 23 4 3.510441
demand_534 23 5 900.006975
demand_535 23 6 728.109056
demand_536 23 7 410.332217
demand_537 23 8 154.822315
demand_538 23 9 761.184701
demand_539 23 10 889.235349
demand_540 23 11 2374.388043
demand_541 23 12 240.989491
demand_542 23 13 933.267898
demand_543 23 14 187.213091
demand_544 23 15 172.562800
demand_545 23 16 275.667157
demand_546 23 17 986.301428
demand_547 23 18 82.597336
demand_548 23 19 281.263828
demand_549 23 20 2412.777026
demand_550 23 21 974.094845
demand_551 23 22 225.273779
