DEMANDS 552
label src dest bw
demand_0 0 1 46.329460
demand_1 0 2 4.386428
demand_2 0 3 9.824446
demand_3 0 4 1.681573
demand_4 0 5 160.449018
demand_5 0 6 77.121505
demand_6 0 7 51.590898
demand_7 0 8 5.867749
demand_8 0 9 81.898840
demand_9 0 10 86.257591
demand_10 0 11 228.623455
demand_11 0 12 21.460330
demand_12 0 13 165.455676
demand_13 0 14 18.985687
demand_14 0 15 16.928904
demand_15 0 16 29.612124
demand_16 0 17 216.098143
demand_17 0 18 2.133235
demand_18 0 19 41.363683
demand_19 0 20 346.508772
demand_20 0 21 210.200819
demand_21 0 22 20.639382
demand_22 0 23 224.048715
demand_23 1 0 498.580164
demand_24 1 2 39.295324
demand_25 1 3 88.011188
demand_26 1 4 15.064185
demand_27 1 5 1437.364434
demand_28 1 6 690.884306
demand_29 1 7 462.171241
demand_30 1 8 52.565571
demand_31 1 9 733.681524
demand_32 1 10 772.728903
demand_33 1 11 2048.097435
demand_34 1 12 192.249949
demand_35 1 13 1482.216014
demand_36 1 14 170.081134
demand_37 1 15 151.655680
demand_38 1 16 265.276869
demand_39 1 17 1935.890843
demand_40 1 18 19.110346
demand_41 1 19 370.551887
demand_42 1 20 3104.159757
demand_43 1 21 1883.060332
demand_44 1 22 184.895575
demand_45 1 23 2007.115148
demand_46 2 0 498.405721
demand_47 2 1 414.892028
demand_48 2 3 87.980395
demand_49 2 4 15.058915
demand_50 2 5 1436.861529
demand_51 2 6 690.642580
demand_52 2 7 462.009537
demand_53 2 8 52.547180
demand_54 2 9 733.424824
demand_55 2 10 772.458541
demand_56 2 11 2047.380847
demand_57 2 12 192.182684
demand_58 2 13 1481.697416
demand_59 2 14 170.021626
demand_60 2 15 151.602618
demand_61 2 16 265.184054
demand_62 2 17 1935.213514
demand_63 2 18 19.103660
demand_64 2 19 370.422238
demand_65 2 20 3103.073674
demand_66 2 21 1882.401487
demand_67 2 22 184.830884
demand_68 2 23 2006.412898
demand_69 3 0 379.437952
demand_70 3 1 315.858697
demand_71 3 2 29.905195
demand_72 3 4 11.464402
demand_73 3 5 1093.887516
demand_74 3 6 525.788520
demand_75 3 7 351.729415
demand_76 3 8 40.004345
demand_77 3 9 558.358786
demand_78 3 10 588.075286
demand_79 3 11 1558.677927
demand_80 3 12 146.309324
demand_81 3 13 1128.021228
demand_82 3 14 129.438036
demand_83 3 15 115.415583
demand_84 3 16 201.885512
demand_85 3 17 1473.284559
demand_86 3 18 14.543681
demand_87 3 19 282.003696
demand_88 3 20 2362.380428
demand_89 3 21 1433.078586
demand_90 3 22 140.712374
demand_91 3 23 1527.488890
demand_92 4 0 1041.231647
demand_93 4 1 866.761138
demand_94 4 2 82.064104
demand_95 4 3 183.802006
demand_96 4 5 3001.782753
demand_97 4 6 1442.838397
demand_98 4 7 965.195484
demand_99 4 8 109.777605
demand_100 4 9 1532.215834
demand_101 4 10 1613.762132
demand_102 4 11 4277.233674
demand_103 4 12 401.493572
demand_104 4 13 3095.450508
demand_105 4 14 355.196360
demand_106 4 15 316.716758
demand_107 4 16 554.002528
demand_108 4 17 4042.902139
demand_109 4 18 39.909926
demand_110 4 19 773.858207
demand_111 4 20 6482.707518
demand_112 4 21 3932.571237
demand_113 4 22 386.134745
demand_114 4 23 4191.646525
demand_115 5 0 696.001668
demand_116 5 1 579.378469
demand_117 5 2 54.854992
demand_118 5 3 122.860752
demand_119 5 4 21.029112
demand_120 5 6 964.451987
demand_121 5 7 645.175998
demand_122 5 8 73.379825
demand_123 5 9 1024.195509
demand_124 5 10 1078.704378
demand_125 5 11 2859.077305
demand_126 5 12 268.374666
demand_127 5 13 2069.125274
demand_128 5 14 237.427723
demand_129 5 15 211.706389
demand_130 5 16 370.317868
demand_131 5 17 2702.440558
demand_132 5 18 26.677421
demand_133 5 19 517.278364
demand_134 5 20 4333.305907
demand_135 5 21 2628.690886
demand_136 5 22 258.108200
demand_137 5 23 2801.867367
demand_138 6 0 191.219140
demand_139 6 1 159.178142
demand_140 6 2 15.070832
demand_141 6 3 33.754700
demand_142 6 4 5.777527
demand_143 6 5 551.268604
demand_144 6 7 177.255322
demand_145 6 8 20.160335
demand_146 6 9 281.386947
demand_147 6 10 296.362685
demand_148 6 11 785.501427
demand_149 6 12 73.733118
demand_150 6 13 568.470413
demand_151 6 14 65.230770
demand_152 6 15 58.164104
demand_153 6 16 101.740940
demand_154 6 17 742.467128
demand_155 6 18 7.329341
demand_156 6 19 142.116791
demand_157 6 20 1190.530234
demand_158 6 21 722.205181
demand_159 6 22 70.912514
demand_160 6 23 769.783598
demand_161 7 0 379.900056
demand_162 7 1 316.243370
demand_163 7 2 29.941616
demand_164 7 3 67.061343
demand_165 7 4 11.478364
demand_166 7 5 1095.219724
demand_167 7 6 526.428859
demand_168 7 8 40.053065
demand_169 7 9 559.038792
demand_170 7 10 588.791482
demand_171 7 11 1560.576187
demand_172 7 12 146.487509
demand_173 7 13 1129.395006
demand_174 7 14 129.595674
demand_175 7 15 115.556144
demand_176 7 16 202.131382
demand_177 7 17 1475.078821
demand_178 7 18 14.561393
demand_179 7 19 282.347139
demand_180 7 20 2365.257489
demand_181 7 21 1434.823882
demand_182 7 22 140.883742
demand_183 7 23 1529.349166
demand_184 8 0 368.644682
demand_185 8 1 306.873965
demand_186 8 2 29.054529
demand_187 8 3 65.074503
demand_188 8 4 11.138293
demand_189 8 5 1062.771431
demand_190 8 6 510.832247
demand_191 8 7 341.724325
demand_192 8 9 542.476038
demand_193 8 10 571.347240
demand_194 8 11 1514.340686
demand_195 8 12 142.147495
demand_196 8 13 1095.934196
demand_197 8 14 125.756117
demand_198 8 15 112.132539
demand_199 8 16 196.142795
demand_200 8 17 1431.376368
demand_201 8 18 14.129980
demand_202 8 19 273.981984
demand_203 8 20 2295.181536
demand_204 8 21 1392.314070
demand_205 8 22 136.709752
demand_206 8 23 1484.038834
demand_207 9 0 1026.243360
demand_208 9 1 854.284313
demand_209 9 2 80.882810
demand_210 9 3 181.156219
demand_211 9 4 31.007090
demand_212 9 5 2958.572789
demand_213 9 6 1422.069074
demand_214 9 7 951.301720
demand_215 9 8 108.197382
demand_216 9 10 1590.532402
demand_217 9 11 4215.663891
demand_218 9 12 395.714165
demand_219 9 13 3050.892218
demand_220 9 14 350.083391
demand_221 9 15 312.157694
demand_222 9 16 546.027790
demand_223 9 17 3984.705504
demand_224 9 18 39.335432
demand_225 9 19 762.718698
demand_226 9 20 6389.390453
demand_227 9 21 3875.962789
demand_228 9 22 380.576425
demand_229 9 23 4131.308749
demand_230 10 0 28.912626
demand_231 10 1 24.067979
demand_232 10 2 2.278733
demand_233 10 3 5.103762
demand_234 10 4 0.873571
demand_235 10 5 83.352656
demand_236 10 6 40.064329
demand_237 10 7 26.801276
demand_238 10 8 3.048274
demand_239 10 9 42.546137
demand_240 10 11 118.769017
demand_241 10 12 11.148560
demand_242 10 13 85.953596
demand_243 10 14 9.862992
demand_244 10 15 8.794502
demand_245 10 16 15.383386
demand_246 10 17 112.262165
demand_247 10 18 1.108208
demand_248 10 19 21.488276
demand_249 10 20 180.009992
demand_250 10 21 109.198528
demand_251 10 22 10.722081
demand_252 10 23 116.392457
demand_253 11 0 327.350068
demand_254 11 1 272.498745
demand_255 11 2 25.799917
demand_256 11 3 57.785027
demand_257 11 4 9.890610
demand_258 11 5 943.722552
demand_259 11 6 453.610153
demand_260 11 7 303.445259
demand_261 11 8 34.512691
demand_262 11 9 481.709289
demand_263 11 10 507.346415
demand_264 11 12 126.224504
demand_265 11 13 973.170510
demand_266 11 14 111.669246
demand_267 11 15 99.571745
demand_268 11 16 174.171392
demand_269 11 17 1271.037326
demand_270 11 18 12.547176
demand_271 11 19 243.291238
demand_272 11 20 2038.081295
demand_273 11 21 1236.350685
demand_274 11 22 121.395883
demand_275 11 23 1317.800680
demand_276 12 0 140.628886
demand_277 12 1 117.064876
demand_278 12 2 11.083589
demand_279 12 3 24.824324
demand_280 12 4 4.248985
demand_281 12 5 405.421182
demand_282 12 6 194.869948
demand_283 12 7 130.359432
demand_284 12 8 14.826578
demand_285 12 9 206.941277
demand_286 12 10 217.954930
demand_287 12 11 577.683755
demand_288 12 13 418.071962
demand_289 12 14 47.972868
demand_290 12 15 42.775808
demand_291 12 16 74.823656
demand_292 12 17 546.034906
demand_293 12 18 5.390240
demand_294 12 19 104.517393
demand_295 12 20 875.555349
demand_296 12 21 531.133600
demand_297 12 22 52.151411
demand_298 12 23 566.124343
demand_299 13 0 227.511087
demand_300 13 1 189.388951
demand_301 13 2 17.931162
demand_302 13 3 40.161087
demand_303 13 4 6.874058
demand_304 13 5 655.895218
demand_305 13 6 315.262923
demand_306 13 7 210.897042
demand_307 13 8 23.986615
demand_308 13 9 334.792062
demand_309 13 10 352.610083
demand_310 13 11 934.583661
demand_311 13 12 87.727106
demand_312 13 14 77.611078
demand_313 13 15 69.203212
demand_314 13 16 121.050602
demand_315 13 17 883.381776
demand_316 13 18 8.720394
demand_317 13 19 169.089484
demand_318 13 20 1416.483874
demand_319 13 21 859.274265
demand_320 13 22 84.371173
demand_321 13 23 915.882706
demand_322 14 0 485.435077
demand_323 14 1 404.094766
demand_324 14 2 38.259301
demand_325 14 3 85.690769
demand_326 14 4 14.667017
demand_327 14 5 1399.468259
demand_328 14 6 672.669112
demand_329 14 7 449.986077
demand_330 14 8 51.179678
demand_331 14 9 714.337980
demand_332 14 10 752.355873
demand_333 14 11 1994.099260
demand_334 14 12 187.181271
demand_335 14 13 1443.137326
demand_336 14 15 147.657271
demand_337 14 16 258.282833
demand_338 14 17 1884.850999
demand_339 14 18 18.606501
demand_340 14 19 360.782271
demand_341 14 20 3022.318454
demand_342 14 21 1833.413367
demand_343 14 22 180.020795
demand_344 14 23 1954.197472
demand_345 15 0 1148.888603
demand_346 15 1 956.378914
demand_347 15 2 90.549028
demand_348 15 3 202.806004
demand_349 15 4 34.712714
demand_350 15 5 3312.148647
demand_351 15 6 1592.019023
demand_352 15 7 1064.990768
demand_353 15 8 121.127935
demand_354 15 9 1690.637538
demand_355 15 10 1780.615222
demand_356 15 11 4719.473357
demand_357 15 12 443.005540
demand_358 15 13 3415.501072
demand_359 15 14 391.921482
demand_360 15 16 611.282986
demand_361 15 17 4460.913382
demand_362 15 18 44.036367
demand_363 15 19 853.870391
demand_364 15 20 7152.979648
demand_365 15 21 4339.174942
demand_366 15 22 426.058705
demand_367 15 23 4625.037023
demand_368 16 0 2430.852795
demand_369 16 1 2023.535050
demand_370 16 2 191.586336
demand_371 16 3 429.102997
demand_372 16 4 73.446196
demand_373 16 5 7007.942961
demand_374 16 6 3368.441363
demand_375 16 7 2253.339251
demand_376 16 8 256.286100
demand_377 16 9 3577.101361
demand_378 16 10 3767.478831
demand_379 16 11 9985.602585
demand_380 16 12 937.324344
demand_381 16 13 7226.619107
demand_382 16 14 829.239168
demand_383 16 15 739.404933
demand_384 16 17 9438.533672
demand_385 16 18 93.173460
demand_386 16 19 1806.644457
demand_387 16 20 15134.487824
demand_388 16 21 9180.955847
demand_389 16 22 901.467724
demand_390 16 23 9785.791370
demand_391 17 0 105.685651
demand_392 17 1 87.976787
demand_393 17 2 8.329557
demand_394 17 3 18.656016
demand_395 17 4 3.193204
demand_396 17 5 304.682790
demand_397 17 6 146.448982
demand_398 17 7 97.967933
demand_399 17 8 11.142494
demand_400 17 9 155.520847
demand_401 17 10 163.797846
demand_402 17 11 434.141841
demand_403 17 12 40.751844
demand_404 17 13 314.190125
demand_405 17 14 36.052648
demand_406 17 15 32.146945
demand_407 17 16 56.231596
demand_408 17 18 4.050882
demand_409 17 19 78.547082
demand_410 17 20 657.998788
demand_411 17 21 399.158392
demand_412 17 22 39.192913
demand_413 17 23 425.454692
demand_414 18 0 329.600595
demand_415 18 1 274.372170
demand_416 18 2 25.977291
demand_417 18 3 58.182299
demand_418 18 4 9.958608
demand_419 18 5 950.210631
demand_420 18 6 456.728716
demand_421 18 7 305.531441
demand_422 18 8 34.749966
demand_423 18 9 485.021034
demand_424 18 10 510.834414
demand_425 18 11 1353.953048
demand_426 18 12 127.092295
demand_427 18 13 979.861043
demand_428 18 14 112.436970
demand_429 18 15 100.256299
demand_430 18 16 175.368817
demand_431 18 17 1279.775689
demand_432 18 19 244.963862
demand_433 18 20 2052.093075
demand_434 18 21 1244.850578
demand_435 18 22 122.230477
demand_436 18 23 1326.860541
demand_437 19 0 484.515943
demand_438 19 1 403.329644
demand_439 19 2 38.186860
demand_440 19 3 85.528520
demand_441 19 4 14.639246
demand_442 19 5 1396.818473
demand_443 19 6 671.395465
demand_444 19 7 449.134063
demand_445 19 8 51.082773
demand_446 19 9 712.985435
demand_447 19 10 750.931344
demand_448 19 11 1990.323585
demand_449 19 12 186.826857
demand_450 19 13 1440.404855
demand_451 19 14 165.283393
demand_452 19 15 147.377693
demand_453 19 16 257.793794
demand_454 19 17 1881.282177
demand_455 19 18 18.571271
demand_456 19 20 3016.595924
demand_457 19 21 1829.941938
demand_458 19 22 179.679940
demand_459 19 23 1950.497348
demand_460 20 0 113.174139
demand_461 20 1 94.210492
demand_462 20 2 8.919758
demand_463 20 3 19.977912
demand_464 20 4 3.419463
demand_465 20 5 326.271469
demand_466 20 6 156.825807
demand_467 20 7 104.909574
demand_468 20 8 11.932010
demand_469 20 9 166.540470
demand_470 20 10 175.403947
demand_471 20 11 464.903502
demand_472 20 12 43.639366
demand_473 20 13 336.452458
demand_474 20 14 38.607204
demand_475 20 15 34.424757
demand_476 20 16 60.215956
demand_477 20 17 439.433407
demand_478 20 18 4.337912
demand_479 20 19 84.112634
demand_480 20 21 427.441258
demand_481 20 22 41.969976
demand_482 20 23 455.600816
demand_483 21 0 92.242488
demand_484 21 1 76.786183
demand_485 21 2 7.270041
demand_486 21 3 16.282980
demand_487 21 4 2.787030
demand_488 21 5 265.927288
demand_489 21 6 127.820743
demand_490 21 7 85.506460
demand_491 21 8 9.725174
demand_492 21 9 135.738671
demand_493 21 10 142.962840
demand_494 21 11 378.919211
demand_495 21 12 35.568229
demand_496 21 13 274.225294
demand_497 21 14 31.466769
demand_498 21 15 28.057869
demand_499 21 16 49.078965
demand_500 21 17 358.159830
demand_501 21 18 3.535612
demand_502 21 19 68.555932
demand_503 21 20 574.301664
demand_504 21 22 34.207594
demand_505 21 23 371.337064
demand_506 22 0 85.947760
demand_507 22 1 71.546210
demand_508 22 2 6.773926
demand_509 22 3 15.171812
demand_510 22 4 2.596840
demand_511 22 5 247.780120
demand_512 22 6 119.098116
demand_513 22 7 79.671406
demand_514 22 8 9.061518
demand_515 22 9 126.475716
demand_516 22 10 133.206900
demand_517 22 11 353.061351
demand_518 22 12 33.141014
demand_519 22 13 255.511861
demand_520 22 14 29.319442
demand_521 22 15 26.143170
demand_522 22 16 45.729763
demand_523 22 17 333.718613
demand_524 22 18 3.294338
demand_525 22 19 63.877600
demand_526 22 20 535.110692
demand_527 22 21 324.611424
demand_528 22 23 345.996618
demand_529 23 0 439.957465
demand_530 23 1 366.237459
demand_531 23 2 34.675008
demand_532 23 3 77.662896
demand_533 23 4 13.292949
demand_534 23 5 1268.360153
demand_535 23 6 609.650624
demand_536 23 7 407.829478
demand_537 23 8 46.384949
demand_538 23 9 647.415776
demand_539 23 10 681.871992
demand_540 23 11 1807.283605
demand_541 23 12 169.645337
demand_542 23 13 1307.938116
demand_543 23 14 150.083116
demand_544 23 15 133.824113
demand_545 23 16 234.085805
demand_546 23 17 1708.270183
demand_547 23 18 16.863365
demand_548 23 19 326.982661
demand_549 23 20 2739.174875
demand_550 23 21 1661.651447
demand_551 23 22 163.155686
