DEMANDS 552
label src dest bw
demand_0 0 1 34.508499
demand_1 0 2 10.886173
demand_2 0 3 15.717944
demand_3 0 4 1.650687
demand_4 0 5 75.516916
demand_5 0 6 50.361801
demand_6 0 7 40.045782
demand_7 0 8 15.387496
demand_8 0 9 58.544552
demand_9 0 10 58.953269
demand_10 0 11 153.611141
demand_11 0 12 18.773773
demand_12 0 13 82.441790
demand_13 0 14 17.633349
demand_14 0 15 16.890377
demand_15 0 16 20.920014
demand_16 0 17 141.611147
demand_17 0 18 6.291677
demand_18 0 19 25.011958
demand_19 0 20 183.279670
demand_20 0 21 89.546543
demand_21 0 22 17.759242
demand_22 0 23 151.909664
demand_23 1 0 1101.057117
demand_24 1 2 279.910778
demand_25 1 3 404.147712
demand_26 1 4 42.443307
demand_27 1 5 1941.729062
demand_28 1 6 1294.928051
demand_29 1 7 1029.677355
demand_30 1 8 395.651071
demand_31 1 9 1505.327083
demand_32 1 10 1515.836226
demand_33 1 11 3949.727223
demand_34 1 12 482.720741
demand_35 1 13 2119.784931
demand_36 1 14 453.397568
demand_37 1 15 434.293911
demand_38 1 16 537.905973
demand_39 1 17 3641.177307
demand_40 1 18 161.774769
demand_41 1 19 643.120098
demand_42 1 20 4712.579417
demand_43 1 21 2302.465931
demand_44 1 22 456.634589
demand_45 1 23 3905.977984
demand_46 2 0 940.948031
demand_47 2 1 758.274137
demand_48 2 3 345.378989
demand_49 2 4 36.271457
demand_50 2 5 1659.374532
demand_51 2 6 1106.627422
demand_52 2 7 879.947884
demand_53 2 8 338.117878
demand_54 2 9 1286.431496
demand_55 2 10 1295.412463
demand_56 2 11 3375.381709
demand_57 2 12 412.526402
demand_58 2 13 1811.538589
demand_59 2 14 387.467228
demand_60 2 15 371.141510
demand_61 2 16 459.686930
demand_62 2 17 3111.699261
demand_63 2 18 138.250458
demand_64 2 19 549.601451
demand_65 2 20 4027.304537
demand_66 2 21 1967.655220
demand_67 2 22 390.233541
demand_68 2 23 3337.994221
demand_69 3 0 487.160327
demand_70 3 1 392.583930
demand_71 3 2 123.845915
demand_72 3 4 18.778949
demand_73 3 5 859.113800
demand_74 3 6 572.938099
demand_75 3 7 455.578506
demand_76 3 8 175.054956
demand_77 3 9 666.028694
demand_78 3 10 670.678441
demand_79 3 11 1747.548218
demand_80 3 12 213.578742
demand_81 3 13 937.894232
demand_82 3 14 200.604768
demand_83 3 15 192.152396
demand_84 3 16 237.995328
demand_85 3 17 1611.030979
demand_86 3 18 71.576895
demand_87 3 19 284.547088
demand_88 3 20 2085.070512
demand_89 3 21 1018.721043
demand_90 3 22 202.036981
demand_91 3 23 1728.191463
demand_92 4 0 1327.249007
demand_93 4 1 1069.579363
demand_94 4 2 337.413288
demand_95 4 3 487.172410
demand_96 4 5 2340.621507
demand_97 4 6 1560.947150
demand_98 4 7 1241.205588
demand_99 4 8 476.930290
demand_100 4 9 1814.568785
demand_101 4 10 1827.236837
demand_102 4 11 4761.125877
demand_103 4 12 581.886820
demand_104 4 13 2555.255672
demand_105 4 14 546.539741
demand_106 4 15 523.511590
demand_107 4 16 648.408840
demand_108 4 17 4389.190067
demand_109 4 18 195.008413
demand_110 4 19 775.237267
demand_111 4 20 5680.691992
demand_112 4 21 2775.465116
demand_113 4 22 550.441748
demand_114 4 23 4708.389163
demand_115 5 0 1175.076764
demand_116 5 1 946.949555
demand_117 5 2 298.728055
demand_118 5 3 431.316939
demand_119 5 4 45.296600
demand_120 5 6 1381.980862
demand_121 5 7 1098.898427
demand_122 5 8 422.249103
demand_123 5 9 1606.524176
demand_124 5 10 1617.739806
demand_125 5 11 4215.251518
demand_126 5 12 515.172117
demand_127 5 13 2262.289556
demand_128 5 14 483.877665
demand_129 5 15 463.489746
demand_130 5 16 574.067231
demand_131 5 17 3885.959030
demand_132 5 18 172.650237
demand_133 5 19 686.354478
demand_134 5 20 5029.387200
demand_135 5 21 2457.251466
demand_136 5 22 487.332298
demand_137 5 23 4168.561193
demand_138 6 0 162.586210
demand_139 6 1 131.022027
demand_140 6 2 41.332672
demand_141 6 3 59.677962
demand_142 6 4 6.267337
demand_143 6 5 286.722973
demand_144 6 7 152.046008
demand_145 6 8 58.423316
demand_146 6 9 222.282225
demand_147 6 10 223.834044
demand_148 6 11 583.231488
demand_149 6 12 71.280349
demand_150 6 13 313.015368
demand_151 6 14 66.950380
demand_152 6 15 64.129463
demand_153 6 16 79.429207
demand_154 6 17 537.669854
demand_155 6 18 23.888267
demand_156 6 19 94.965518
demand_157 6 20 695.877095
demand_158 6 21 339.990727
demand_159 6 22 67.428371
demand_160 6 23 576.771312
demand_161 7 0 512.476838
demand_162 7 1 412.985542
demand_163 7 2 130.281879
demand_164 7 3 188.106810
demand_165 7 4 19.754844
demand_166 7 5 903.759809
demand_167 7 6 602.712269
demand_168 7 8 184.152127
demand_169 7 9 700.640550
demand_170 7 10 705.531933
demand_171 7 11 1838.363957
demand_172 7 12 224.677898
demand_173 7 13 986.634264
demand_174 7 14 211.029699
demand_175 7 15 202.138079
demand_176 7 16 250.363354
demand_177 7 17 1694.752256
demand_178 7 18 75.296568
demand_179 7 19 299.334293
demand_180 7 20 2193.426445
demand_181 7 21 1071.661444
demand_182 7 22 212.536341
demand_183 7 23 1818.001279
demand_184 8 0 480.567303
demand_185 8 1 387.270864
demand_186 8 2 122.169836
demand_187 8 3 176.394279
demand_188 8 4 18.524802
demand_189 8 5 847.486913
demand_190 8 6 565.184195
demand_191 8 7 449.412897
demand_192 8 9 657.014940
demand_193 8 10 661.601760
demand_194 8 11 1723.897632
demand_195 8 12 210.688257
demand_196 8 13 925.201164
demand_197 8 14 197.889867
demand_198 8 15 189.551886
demand_199 8 16 234.774399
demand_200 8 17 1589.227960
demand_201 8 18 70.608203
demand_202 8 19 280.696147
demand_203 8 20 2056.852041
demand_204 8 21 1004.934099
demand_205 8 22 199.302697
demand_206 8 23 1704.802843
demand_207 9 0 1275.243473
demand_208 9 1 1027.670086
demand_209 9 2 324.192439
demand_210 9 3 468.083557
demand_211 9 4 49.157804
demand_212 9 5 2248.909048
demand_213 9 6 1499.784633
demand_214 9 7 1192.571490
demand_215 9 8 458.242754
demand_216 9 10 1755.640305
demand_217 9 11 4574.570913
demand_218 9 12 559.086777
demand_219 9 13 2455.133213
demand_220 9 14 525.124701
demand_221 9 15 502.998861
demand_222 9 16 623.002268
demand_223 9 17 4217.208647
demand_224 9 18 187.367408
demand_225 9 19 744.861183
demand_226 9 20 5458.105714
demand_227 9 21 2666.714202
demand_228 9 22 528.873816
demand_229 9 23 4523.900580
demand_230 10 0 36.676595
demand_231 10 1 29.556269
demand_232 10 2 9.323925
demand_233 10 3 13.462301
demand_234 10 4 1.413801
demand_235 10 5 64.679669
demand_236 10 6 43.134503
demand_237 10 7 34.298910
demand_238 10 8 13.179275
demand_239 10 9 50.142968
demand_240 10 11 131.566786
demand_241 10 12 16.079596
demand_242 10 13 70.610772
demand_243 10 14 15.102830
demand_244 10 15 14.466481
demand_245 10 16 17.917835
demand_246 10 17 121.288881
demand_247 10 18 5.388774
demand_248 10 19 21.422554
demand_249 10 20 156.977657
demand_250 10 21 76.695940
demand_251 10 22 15.210657
demand_252 10 23 130.109483
demand_253 11 0 226.896771
demand_254 11 1 182.847456
demand_255 11 2 57.681705
demand_256 11 3 83.283428
demand_257 11 4 8.746367
demand_258 11 5 400.135514
demand_259 11 6 266.848095
demand_260 11 7 212.187419
demand_261 11 8 81.532510
demand_262 11 9 310.205392
demand_263 11 10 312.371030
demand_264 11 12 99.475110
demand_265 11 13 436.827799
demand_266 11 14 93.432432
demand_267 11 15 89.495708
demand_268 11 16 110.847227
demand_269 11 17 750.343794
demand_270 11 18 33.337210
demand_271 11 19 132.528887
demand_272 11 20 971.129507
demand_273 11 21 474.473193
demand_274 11 22 94.099491
demand_275 11 23 804.911735
demand_276 12 0 155.216798
demand_277 12 1 125.083298
demand_278 12 2 39.459220
demand_279 12 3 56.972988
demand_280 12 4 5.983263
demand_281 12 5 273.726914
demand_282 12 6 182.546920
demand_283 12 7 145.154342
demand_284 12 8 55.775210
demand_285 12 9 212.207019
demand_286 12 10 213.688501
demand_287 12 11 556.795829
demand_288 12 13 298.827575
demand_289 12 14 63.915775
demand_290 12 15 61.222719
demand_291 12 16 75.828984
demand_292 12 17 513.299330
demand_293 12 18 22.805503
demand_294 12 19 90.661093
demand_295 12 20 664.335641
demand_296 12 21 324.580245
demand_297 12 22 64.372100
demand_298 12 23 550.628468
demand_299 13 0 178.712404
demand_300 13 1 144.017512
demand_301 13 2 45.432274
demand_302 13 3 65.597150
demand_303 13 4 6.888966
demand_304 13 5 315.161733
demand_305 13 6 210.179564
demand_306 13 7 167.126767
demand_307 13 8 64.218062
demand_308 13 9 244.329398
demand_309 13 10 246.035135
demand_310 13 11 641.079593
demand_311 13 12 78.350326
demand_312 13 14 73.590887
demand_313 13 15 70.490175
demand_314 13 16 87.307432
demand_315 13 17 590.998905
demand_316 13 18 26.257637
demand_317 13 19 104.384720
demand_318 13 20 764.898010
demand_319 13 21 373.712876
demand_320 13 22 74.116287
demand_321 13 23 633.978661
demand_322 14 0 741.476000
demand_323 14 1 597.527234
demand_324 14 2 188.498054
demand_325 14 3 272.161929
demand_326 14 4 28.582253
demand_327 14 5 1307.602917
demand_328 14 6 872.032936
demand_329 14 7 693.407303
demand_330 14 8 266.440104
demand_331 14 9 1013.720257
demand_332 14 10 1020.797344
demand_333 14 11 2659.832897
demand_334 14 12 325.074729
demand_335 14 13 1427.509642
demand_336 14 15 292.463040
demand_337 14 16 362.237674
demand_338 14 17 2452.048619
demand_339 14 18 108.942676
demand_340 14 19 433.091172
demand_341 14 20 3173.554287
demand_342 14 21 1550.531032
demand_343 14 22 307.507743
demand_344 14 23 2630.371200
demand_345 15 0 1435.318256
demand_346 15 1 1156.668249
demand_347 15 2 364.886656
demand_348 15 3 526.839689
demand_349 15 4 55.328331
demand_350 15 5 2531.203084
demand_351 15 6 1688.044918
demand_352 15 7 1342.268882
demand_353 15 8 515.763620
demand_354 15 9 1962.317312
demand_355 15 10 1976.016842
demand_356 15 11 5148.793373
demand_357 15 12 629.266076
demand_358 15 13 2763.313512
demand_359 15 14 591.040916
demand_360 15 16 701.204552
demand_361 15 17 4746.573251
demand_362 15 18 210.886679
demand_363 15 19 838.359793
demand_364 15 20 6143.233773
demand_365 15 21 3001.453179
demand_366 15 22 595.260638
demand_367 15 23 5091.762652
demand_368 16 0 1988.760583
demand_369 16 1 1602.666316
demand_370 16 2 505.582783
demand_371 16 3 729.983056
demand_372 16 4 76.662304
demand_373 16 5 3507.206085
demand_374 16 6 2338.935759
demand_375 16 7 1859.832432
demand_376 16 8 714.636181
demand_377 16 9 2718.964457
demand_378 16 10 2737.946368
demand_379 16 11 7134.109293
demand_380 16 12 871.903889
demand_381 16 13 3828.815643
demand_382 16 14 818.939543
demand_383 16 15 784.433976
demand_384 16 17 6576.797687
demand_385 16 18 292.202174
demand_386 16 19 1161.621754
demand_387 16 20 8511.994554
demand_388 16 21 4158.779245
demand_389 16 22 824.786341
demand_390 16 23 7055.088178
demand_391 17 0 145.717931
demand_392 17 1 117.428524
demand_393 17 2 37.044417
demand_394 17 3 53.486388
demand_395 17 4 5.617103
demand_396 17 5 256.975535
demand_397 17 6 171.375520
demand_398 17 7 136.271272
demand_399 17 8 52.361912
demand_400 17 9 199.220499
demand_401 17 10 200.611317
demand_402 17 11 522.721365
demand_403 17 12 63.885031
demand_404 17 13 280.540100
demand_405 17 14 60.004295
demand_406 17 15 57.476047
demand_407 17 16 71.188446
demand_408 17 18 21.409865
demand_409 17 19 85.112869
demand_410 17 20 623.680017
demand_411 17 21 304.716773
demand_412 17 22 60.432694
demand_413 17 23 516.931430
demand_414 18 0 267.685555
demand_415 18 1 215.717581
demand_416 18 2 68.051031
demand_417 18 3 98.255125
demand_418 18 4 10.318684
demand_419 18 5 472.067083
demand_420 18 6 314.818848
demand_421 18 7 250.331931
demand_422 18 8 96.189448
demand_423 18 9 365.970401
demand_424 18 10 368.525351
demand_425 18 11 960.245300
demand_426 18 12 117.357553
demand_427 18 13 515.355467
demand_428 18 14 110.228595
demand_429 18 15 105.584174
demand_430 18 16 130.774014
demand_431 18 17 885.231612
demand_432 18 19 156.353342
demand_433 18 20 1145.707534
demand_434 18 21 559.768299
demand_435 18 22 111.015570
demand_436 18 23 949.609123
demand_437 19 0 597.147544
demand_438 19 1 481.218434
demand_439 19 2 151.806869
demand_440 19 3 219.185553
demand_441 19 4 23.018712
demand_442 19 5 1053.077739
demand_443 19 6 702.291545
demand_444 19 7 558.435429
demand_445 19 8 214.577483
demand_446 19 9 816.399400
demand_447 19 10 822.098931
demand_448 19 11 2142.095875
demand_449 19 12 261.798866
demand_450 19 13 1149.644596
demand_451 19 14 245.895730
demand_452 19 15 235.535049
demand_453 19 16 291.728036
demand_454 19 17 1974.756850
demand_455 19 18 87.736961
demand_456 19 20 2555.821290
demand_457 19 21 1248.719847
demand_458 19 22 247.651297
demand_459 19 23 2118.368904
demand_460 20 0 148.892162
demand_461 20 1 119.986516
demand_462 20 2 37.851371
demand_463 20 3 54.651503
demand_464 20 4 5.739462
demand_465 20 5 262.573334
demand_466 20 6 175.108661
demand_467 20 7 139.239723
demand_468 20 8 53.502532
demand_469 20 9 203.560197
demand_470 20 10 204.981313
demand_471 20 11 534.108010
demand_472 20 12 65.276663
demand_473 20 13 286.651216
demand_474 20 14 61.311392
demand_475 20 15 58.728070
demand_476 20 16 72.739172
demand_477 20 17 492.383868
demand_478 20 18 21.876245
demand_479 20 19 86.966916
demand_480 20 21 311.354539
demand_481 20 22 61.749123
demand_482 20 23 528.191951
demand_483 21 0 96.677400
demand_484 21 1 77.908630
demand_485 21 2 24.577332
demand_486 21 3 35.485852
demand_487 21 4 3.726699
demand_488 21 5 170.491898
demand_489 21 6 113.700075
demand_490 21 7 90.409960
demand_491 21 8 34.739812
demand_492 21 9 132.173986
demand_493 21 10 133.096733
demand_494 21 11 346.802498
demand_495 21 12 42.384891
demand_496 21 13 186.125944
demand_497 21 14 39.810195
demand_498 21 15 38.132814
demand_499 21 16 47.230384
demand_500 21 17 319.710530
demand_501 21 18 14.204498
demand_502 21 19 56.468623
demand_503 21 20 413.784097
demand_504 21 22 40.094418
demand_505 21 23 342.961133
demand_506 22 0 96.520911
demand_507 22 1 77.782521
demand_508 22 2 24.537549
demand_509 22 3 35.428412
demand_510 22 4 3.720667
demand_511 22 5 170.215927
demand_512 22 6 113.516032
demand_513 22 7 90.263615
demand_514 22 8 34.683579
demand_515 22 9 131.960040
demand_516 22 10 132.881293
demand_517 22 11 346.241137
demand_518 22 12 42.316284
demand_519 22 13 185.824667
demand_520 22 14 39.745755
demand_521 22 15 38.071089
demand_522 22 16 47.153934
demand_523 22 17 319.193023
demand_524 22 18 14.181506
demand_525 22 19 56.377218
demand_526 22 20 413.114315
demand_527 22 21 201.838856
demand_528 22 23 342.405990
demand_529 23 0 596.452261
demand_530 23 1 480.658132
demand_531 23 2 151.630114
demand_532 23 3 218.930347
demand_533 23 4 22.991910
demand_534 23 5 1051.851599
demand_535 23 6 701.473839
demand_536 23 7 557.785220
demand_537 23 8 214.327642
demand_538 23 9 815.448833
demand_539 23 10 821.141728
demand_540 23 11 2139.601746
demand_541 23 12 261.494043
demand_542 23 13 1148.306018
demand_543 23 14 245.609424
demand_544 23 15 235.260806
demand_545 23 16 291.388365
demand_546 23 17 1972.457561
demand_547 23 18 87.634806
demand_548 23 19 348.383776
demand_549 23 20 2552.845445
demand_550 23 21 1247.265912
demand_551 23 22 247.362947
