DEMANDS 552
label src dest bw
demand_0 0 1 101.909897
demand_1 0 2 20.559857
demand_2 0 3 24.345455
demand_3 0 4 0.263009
demand_4 0 5 330.081909
demand_5 0 6 230.770542
demand_6 0 7 137.568802
demand_7 0 8 23.529964
demand_8 0 9 292.548227
demand_9 0 10 297.326367
demand_10 0 11 445.257486
demand_11 0 12 41.121016
demand_12 0 13 336.364896
demand_13 0 14 29.425649
demand_14 0 15 28.497644
demand_15 0 16 69.095349
demand_16 0 17 384.242881
demand_17 0 18 13.381058
demand_18 0 19 73.470672
demand_19 0 20 621.933870
demand_20 0 21 361.184998
demand_21 0 22 37.636169
demand_22 0 23 387.937457
demand_23 1 0 1104.334443
demand_24 1 2 129.849603
demand_25 1 3 153.758251
demand_26 1 4 1.661082
demand_27 1 5 2084.693689
demand_28 1 6 1457.474278
demand_29 1 7 868.841352
demand_30 1 8 148.607865
demand_31 1 9 1847.642739
demand_32 1 10 1877.819972
demand_33 1 11 2812.106461
demand_34 1 12 259.707422
demand_35 1 13 2124.375056
demand_36 1 14 185.843160
demand_37 1 15 179.982168
demand_38 1 16 436.384528
demand_39 1 17 2426.757380
demand_40 1 18 84.510563
demand_41 1 19 464.017694
demand_42 1 20 3927.939026
demand_43 1 21 2281.131031
demand_44 1 22 237.698222
demand_45 1 23 2450.091158
demand_46 2 0 899.328447
demand_47 2 1 524.148811
demand_48 2 3 125.214938
demand_49 2 4 1.352722
demand_50 2 5 1697.696155
demand_51 2 6 1186.912250
demand_52 2 7 707.551729
demand_53 2 8 121.020658
demand_54 2 9 1504.650775
demand_55 2 10 1529.225978
demand_56 2 11 2290.073766
demand_57 2 12 211.495960
demand_58 2 13 1730.011169
demand_59 2 14 151.343682
demand_60 2 15 146.570710
demand_61 2 16 355.375152
demand_62 2 17 1976.259963
demand_63 2 18 68.822225
demand_64 2 19 377.878563
demand_65 2 20 3198.765851
demand_66 2 21 1857.667340
demand_67 2 22 193.572495
demand_68 2 23 1995.262114
demand_69 3 0 544.414614
demand_70 3 1 317.297060
demand_71 3 2 64.013236
demand_72 3 4 0.818880
demand_73 3 5 1027.711955
demand_74 3 6 718.505432
demand_75 3 7 428.321268
demand_76 3 8 73.260681
demand_77 3 9 910.850616
demand_78 3 10 925.727383
demand_79 3 11 1386.311785
demand_80 3 12 128.030523
demand_81 3 13 1047.274069
demand_82 3 14 91.616931
demand_83 3 15 88.727580
demand_84 3 16 215.128774
demand_85 3 17 1196.342457
demand_86 3 18 41.662003
demand_87 3 19 228.751367
demand_88 3 20 1936.394741
demand_89 3 21 1124.551604
demand_90 3 22 117.180431
demand_91 3 23 1207.845539
demand_92 4 0 1402.395489
demand_93 4 1 817.347579
demand_94 4 2 164.896150
demand_95 4 3 195.257767
demand_96 4 5 2647.354744
demand_97 4 6 1850.848143
demand_98 4 7 1103.342562
demand_99 4 8 188.717287
demand_100 4 9 2346.323489
demand_101 4 10 2384.645589
demand_102 4 11 3571.097000
demand_103 4 12 329.802733
demand_104 4 13 2697.746154
demand_105 4 14 236.002428
demand_106 4 15 228.559547
demand_107 4 16 554.165179
demand_108 4 17 3081.741790
demand_109 4 18 107.320054
demand_110 4 19 589.256566
demand_111 4 20 4988.093967
demand_112 4 21 2896.810734
demand_113 4 22 301.853227
demand_114 4 23 3111.373379
demand_115 5 0 1152.261457
demand_116 5 1 671.563848
demand_117 5 2 135.484946
demand_118 5 3 160.431206
demand_119 5 4 1.733171
demand_120 5 6 1520.727209
demand_121 5 7 906.548201
demand_122 5 8 155.057299
demand_123 5 9 1927.828592
demand_124 5 10 1959.315487
demand_125 5 11 2934.149079
demand_126 5 12 270.978465
demand_127 5 13 2216.570816
demand_128 5 14 193.908568
demand_129 5 15 187.793214
demand_130 5 16 455.323182
demand_131 5 17 2532.076232
demand_132 5 18 88.178237
demand_133 5 19 484.155600
demand_134 5 20 4098.407665
demand_135 5 21 2380.129844
demand_136 5 22 248.014088
demand_137 5 23 2556.422672
demand_138 6 0 408.715286
demand_139 6 1 238.208445
demand_140 6 2 48.057468
demand_141 6 3 56.906083
demand_142 6 4 0.614768
demand_143 6 5 771.547227
demand_144 6 7 321.559057
demand_145 6 8 54.999920
demand_146 6 9 683.814432
demand_147 6 10 694.983057
demand_148 6 11 1040.763424
demand_149 6 12 96.117978
demand_150 6 13 786.233341
demand_151 6 14 68.780740
demand_152 6 15 66.611581
demand_153 6 16 161.506352
demand_154 6 17 898.145342
demand_155 6 18 31.277444
demand_156 6 19 171.733414
demand_157 6 20 1453.734176
demand_158 6 21 844.248884
demand_159 6 22 87.972351
demand_160 6 23 906.781197
demand_161 7 0 558.125528
demand_162 7 1 325.288089
demand_163 7 2 65.625390
demand_164 7 3 77.708710
demand_165 7 4 0.839503
demand_166 7 5 1053.594563
demand_167 7 6 736.600769
demand_168 7 8 75.105729
demand_169 7 9 933.790108
demand_170 7 10 949.041542
demand_171 7 11 1421.225619
demand_172 7 12 131.254932
demand_173 7 13 1073.649343
demand_174 7 14 93.924275
demand_175 7 15 90.962156
demand_176 7 16 220.546725
demand_177 7 17 1226.471973
demand_178 7 18 42.711248
demand_179 7 19 234.512400
demand_180 7 20 1985.162244
demand_181 7 21 1152.873089
demand_182 7 22 120.131584
demand_183 7 23 1238.264756
demand_184 8 0 525.471780
demand_185 8 1 306.256751
demand_186 8 2 61.785904
demand_187 8 3 73.162276
demand_188 8 4 0.790387
demand_189 8 5 991.952854
demand_190 8 6 693.505131
demand_191 8 7 413.417887
demand_192 8 9 879.157691
demand_193 8 10 893.516823
demand_194 8 11 1338.075251
demand_195 8 12 123.575718
demand_196 8 13 1010.834307
demand_197 8 14 88.429132
demand_198 8 15 85.640315
demand_199 8 16 207.643397
demand_200 8 17 1154.715881
demand_201 8 18 40.212380
demand_202 8 19 220.791994
demand_203 8 20 1869.018144
demand_204 8 21 1085.422981
demand_205 8 22 113.103153
demand_206 8 23 1165.818715
demand_207 9 0 1184.207230
demand_208 9 1 690.182562
demand_209 9 2 139.241187
demand_210 9 3 164.879067
demand_211 9 4 1.781222
demand_212 9 5 2235.472555
demand_213 9 6 1562.888479
demand_214 9 7 931.681718
demand_215 9 8 159.356171
demand_216 9 10 2013.636360
demand_217 9 11 3015.496641
demand_218 9 12 278.491185
demand_219 9 13 2278.023942
demand_220 9 14 199.284570
demand_221 9 15 192.999671
demand_222 9 16 467.946750
demand_223 9 17 2602.276560
demand_224 9 18 90.622927
demand_225 9 19 497.578530
demand_226 9 20 4212.033614
demand_227 9 21 2446.117548
demand_228 9 22 254.890133
demand_229 9 23 2627.297991
demand_230 10 0 109.376112
demand_231 10 1 63.746854
demand_232 10 2 12.860637
demand_233 10 3 15.228611
demand_234 10 4 0.164518
demand_235 10 5 206.473404
demand_236 10 6 144.351986
demand_237 10 7 86.052273
demand_238 10 8 14.718504
demand_239 10 9 182.995270
demand_240 10 11 278.518228
demand_241 10 12 25.722088
demand_242 10 13 210.403548
demand_243 10 14 18.406383
demand_244 10 15 17.825895
demand_245 10 16 43.220642
demand_246 10 17 240.352268
demand_247 10 18 8.370143
demand_248 10 19 45.957501
demand_249 10 20 389.033144
demand_250 10 21 225.929061
demand_251 10 22 23.542241
demand_252 10 23 242.663305
demand_253 11 0 497.831890
demand_254 11 1 290.147603
demand_255 11 2 58.535957
demand_256 11 3 69.313930
demand_257 11 4 0.748812
demand_258 11 5 939.775994
demand_259 11 6 657.026663
demand_260 11 7 391.672047
demand_261 11 8 66.992146
demand_262 11 9 832.913871
demand_263 11 10 846.517711
demand_264 11 12 117.075617
demand_265 11 13 957.664279
demand_266 11 14 83.777747
demand_267 11 15 81.135623
demand_268 11 16 196.721325
demand_269 11 17 1093.977662
demand_270 11 18 38.097203
demand_271 11 19 209.178304
demand_272 11 20 1770.707524
demand_273 11 21 1028.329578
demand_274 11 22 107.153912
demand_275 11 23 1104.496485
demand_276 12 0 297.925375
demand_277 12 1 173.637598
demand_278 12 2 35.030594
demand_279 12 3 41.480626
demand_280 12 4 0.448124
demand_281 12 5 562.404943
demand_282 12 6 393.194810
demand_283 12 7 234.394469
demand_284 12 8 40.091165
demand_285 12 9 498.453761
demand_286 12 10 506.594921
demand_287 12 11 758.645063
demand_288 12 13 573.110112
demand_289 12 14 50.136436
demand_290 12 15 48.555268
demand_291 12 16 117.727039
demand_292 12 17 654.686275
demand_293 12 18 22.799109
demand_294 12 19 125.181865
demand_295 12 20 1059.672381
demand_296 12 21 615.399459
demand_297 12 22 64.125802
demand_298 12 23 660.981220
demand_299 13 0 434.116412
demand_300 13 1 253.012792
demand_301 13 2 51.044178
demand_302 13 3 60.442722
demand_303 13 4 0.652975
demand_304 13 5 819.497888
demand_305 13 6 572.936494
demand_306 13 7 341.543536
demand_307 13 8 58.418094
demand_308 13 9 726.312614
demand_309 13 10 738.175353
demand_310 13 11 1105.445523
demand_311 13 12 102.091585
demand_312 13 14 73.055374
demand_313 13 15 70.751404
demand_314 13 16 171.543763
demand_315 13 17 953.963912
demand_316 13 18 33.221297
demand_317 13 19 182.406424
demand_318 13 20 1544.081873
demand_319 13 21 896.717859
demand_320 13 22 93.439718
demand_321 13 23 963.136474
demand_322 14 0 895.748528
demand_323 14 1 522.062354
demand_324 14 2 105.323701
demand_325 14 3 124.716500
demand_326 14 4 1.347338
demand_327 14 5 1690.938208
demand_328 14 6 1182.187559
demand_329 14 7 704.735207
demand_330 14 8 120.538916
demand_331 14 9 1498.661275
demand_332 14 10 1523.138653
demand_333 14 11 2280.957766
demand_334 14 12 210.654067
demand_335 14 13 1723.124587
demand_336 14 15 145.987262
demand_337 14 16 353.960525
demand_338 14 17 1968.393149
demand_339 14 18 68.548267
demand_340 14 19 376.374358
demand_341 14 20 3186.032660
demand_342 14 21 1850.272603
demand_343 14 22 192.801949
demand_344 14 23 1987.319659
demand_345 15 0 1473.366141
demand_346 15 1 858.710868
demand_347 15 2 173.241005
demand_348 15 3 205.139124
demand_349 15 4 2.216160
demand_350 15 5 2781.328714
demand_351 15 6 1944.513518
demand_352 15 7 1159.179122
demand_353 15 8 198.267652
demand_354 15 9 2465.063252
demand_355 15 10 2505.324708
demand_356 15 11 3751.818547
demand_357 15 12 346.492971
demand_358 15 13 2834.270269
demand_359 15 14 247.945739
demand_360 15 16 582.209667
demand_361 15 17 3237.698669
demand_362 15 18 112.751171
demand_363 15 19 619.076914
demand_364 15 20 5240.525098
demand_365 15 21 3043.408857
demand_366 15 22 317.129032
demand_367 15 23 3268.829816
demand_368 16 0 2646.613383
demand_369 16 1 1542.505703
demand_370 16 2 311.193497
demand_371 16 3 368.492214
demand_372 16 4 3.980896
demand_373 16 5 4996.111688
demand_374 16 6 3492.937266
demand_375 16 7 2082.238008
demand_376 16 8 356.148962
demand_377 16 9 4428.002796
demand_378 16 10 4500.324608
demand_379 16 11 6739.406384
demand_380 16 12 622.406685
demand_381 16 13 5091.210811
demand_382 16 14 445.385905
demand_383 16 15 431.339633
demand_384 16 17 5815.890830
demand_385 16 18 202.535371
demand_386 16 19 1112.050292
demand_387 16 20 9413.575807
demand_388 16 21 5466.887277
demand_389 16 22 569.660125
demand_390 16 23 5871.811831
demand_391 17 0 249.660605
demand_392 17 1 145.507806
demand_393 17 2 29.355537
demand_394 17 3 34.760645
demand_395 17 4 0.375526
demand_396 17 5 471.293719
demand_397 17 6 329.496116
demand_398 17 7 196.421889
demand_399 17 8 33.596280
demand_400 17 9 417.702813
demand_401 17 10 424.525082
demand_402 17 11 635.742373
demand_403 17 12 58.712931
demand_404 17 13 480.264620
demand_405 17 14 42.014189
demand_406 17 15 40.689174
demand_407 17 16 98.654919
demand_408 17 18 19.105587
demand_409 17 19 104.902042
demand_410 17 20 888.002397
demand_411 17 21 515.702971
demand_412 17 22 53.737237
demand_413 17 23 553.900355
demand_414 18 0 521.964767
demand_415 18 1 304.212786
demand_416 18 2 61.373543
demand_417 18 3 72.673989
demand_418 18 4 0.785112
demand_419 18 5 985.332535
demand_420 18 6 688.876660
demand_421 18 7 410.658725
demand_422 18 8 70.239655
demand_423 18 9 873.290169
demand_424 18 10 887.553468
demand_425 18 11 1329.144902
demand_426 18 12 122.750970
demand_427 18 13 1004.087973
demand_428 18 14 87.838954
demand_429 18 15 85.068750
demand_430 18 16 206.257579
demand_431 18 17 1147.009277
demand_432 18 19 219.318422
demand_433 18 20 1856.544268
demand_434 18 21 1078.178839
demand_435 18 22 112.348300
demand_436 18 23 1158.038010
demand_437 19 0 765.600917
demand_438 19 1 446.209404
demand_439 19 2 90.020714
demand_440 19 3 106.595840
demand_441 19 4 1.151576
demand_442 19 5 1445.253665
demand_443 19 6 1010.421844
demand_444 19 7 602.340840
demand_445 19 8 103.025237
demand_446 19 9 1280.913572
demand_447 19 10 1301.834514
demand_448 19 11 1949.546444
demand_449 19 12 180.047124
demand_450 19 13 1472.763529
demand_451 19 14 128.839316
demand_452 19 15 124.776071
demand_453 19 16 302.531898
demand_454 19 17 1682.395843
demand_455 19 18 58.588560
demand_456 19 20 2723.118654
demand_457 19 21 1581.437599
demand_458 19 22 164.788827
demand_459 19 23 1698.572429
demand_460 20 0 295.770289
demand_461 20 1 172.381565
demand_462 20 2 34.777195
demand_463 20 3 41.180570
demand_464 20 4 0.444882
demand_465 20 5 558.336706
demand_466 20 6 390.350578
demand_467 20 7 232.698943
demand_468 20 8 39.801159
demand_469 20 9 494.848124
demand_470 20 10 502.930393
demand_471 20 11 753.157294
demand_472 20 12 69.556591
demand_473 20 13 568.964437
demand_474 20 14 49.773767
demand_475 20 15 48.204036
demand_476 20 16 116.875444
demand_477 20 17 649.950507
demand_478 20 18 22.634188
demand_479 20 19 124.276344
demand_480 20 21 610.947878
demand_481 20 22 63.661939
demand_482 20 23 656.199917
demand_483 21 0 212.453182
demand_484 21 1 123.822485
demand_485 21 2 24.980622
demand_486 21 3 29.580196
demand_487 21 4 0.319561
demand_488 21 5 401.055868
demand_489 21 6 280.390647
demand_490 21 7 167.148740
demand_491 21 8 28.589359
demand_492 21 9 355.451722
demand_493 21 10 361.257255
demand_494 21 11 540.996408
demand_495 21 12 49.962825
demand_496 21 13 408.689817
demand_497 21 14 35.752730
demand_498 21 15 34.625185
demand_499 21 16 83.952178
demand_500 21 17 466.862490
demand_501 21 18 16.258243
demand_502 21 19 89.268280
demand_503 21 20 755.661613
demand_504 21 22 45.728669
demand_505 21 23 471.351471
demand_506 22 0 192.417991
demand_507 22 1 112.145525
demand_508 22 2 22.624849
demand_509 22 3 26.790665
demand_510 22 4 0.289425
demand_511 22 5 363.234683
demand_512 22 6 253.948679
demand_513 22 7 151.385940
demand_514 22 8 25.893267
demand_515 22 9 321.931192
demand_516 22 10 327.189239
demand_517 22 11 489.978266
demand_518 22 12 45.251129
demand_519 22 13 370.148720
demand_520 22 14 32.381103
demand_521 22 15 31.359890
demand_522 22 16 76.035149
demand_523 22 17 422.835476
demand_524 22 18 14.725025
demand_525 22 19 80.849921
demand_526 22 20 684.399677
demand_527 22 21 397.461705
demand_528 22 23 426.901127
demand_529 23 0 753.287166
demand_530 23 1 439.032674
demand_531 23 2 88.572841
demand_532 23 3 104.881377
demand_533 23 4 1.133055
demand_534 23 5 1422.008533
demand_535 23 6 994.170449
demand_536 23 7 592.652927
demand_537 23 8 101.368203
demand_538 23 9 1260.311649
demand_539 23 10 1280.896104
demand_540 23 11 1918.190382
demand_541 23 12 177.151287
demand_542 23 13 1449.075936
demand_543 23 14 126.767093
demand_544 23 15 122.769201
demand_545 23 16 297.666044
demand_546 23 17 1655.336571
demand_547 23 18 57.646234
demand_548 23 19 316.515143
demand_549 23 20 2679.320632
demand_550 23 21 1556.002116
demand_551 23 22 162.138401
