DEMANDS 552
label src dest bw
demand_0 0 1 23.959976
demand_1 0 2 4.318154
demand_2 0 3 14.562821
demand_3 0 4 1.257667
demand_4 0 5 45.222382
demand_5 0 6 24.708497
demand_6 0 7 24.079215
demand_7 0 8 14.079963
demand_8 0 9 39.517606
demand_9 0 10 42.726955
demand_10 0 11 80.102906
demand_11 0 12 20.144500
demand_12 0 13 45.974063
demand_13 0 14 16.843654
demand_14 0 15 15.647482
demand_15 0 16 22.627684
demand_16 0 17 66.880748
demand_17 0 18 3.559947
demand_18 0 19 23.792044
demand_19 0 20 160.192600
demand_20 0 21 46.656043
demand_21 0 22 17.682641
demand_22 0 23 76.570826
demand_23 1 0 782.553831
demand_24 1 2 137.931703
demand_25 1 3 465.169818
demand_26 1 4 40.172747
demand_27 1 5 1444.506314
demand_28 1 6 789.245922
demand_29 1 7 769.145192
demand_30 1 8 449.746209
demand_31 1 9 1262.282726
demand_32 1 10 1364.796680
demand_33 1 11 2558.670044
demand_34 1 12 643.461421
demand_35 1 13 1468.516731
demand_36 1 14 538.024828
demand_37 1 15 499.816372
demand_38 1 16 722.779972
demand_39 1 17 2136.324065
demand_40 1 18 113.712847
demand_41 1 19 759.972300
demand_42 1 20 5116.918053
demand_43 1 21 1490.300737
demand_44 1 22 564.824006
demand_45 1 23 2445.847325
demand_46 2 0 754.302486
demand_47 2 1 737.706680
demand_48 2 3 448.376503
demand_49 2 4 38.722452
demand_50 2 5 1392.357511
demand_51 2 6 760.752983
demand_52 2 7 741.377919
demand_53 2 8 433.509709
demand_54 2 9 1216.712462
demand_55 2 10 1315.525511
demand_56 2 11 2466.298290
demand_57 2 12 620.231517
demand_58 2 13 1415.501116
demand_59 2 14 518.601340
demand_60 2 15 481.772266
demand_61 2 16 696.686551
demand_62 2 17 2059.199623
demand_63 2 18 109.607646
demand_64 2 19 732.536182
demand_65 2 20 4932.189782
demand_66 2 21 1436.498687
demand_67 2 22 544.433028
demand_68 2 23 2357.548638
demand_69 3 0 356.288813
demand_70 3 1 348.449915
demand_71 3 2 62.798904
demand_72 3 4 18.290244
demand_73 3 5 657.669056
demand_74 3 6 359.335653
demand_75 3 7 350.183995
demand_76 3 8 204.764882
demand_77 3 9 574.704507
demand_78 3 10 621.378069
demand_79 3 11 1164.936488
demand_80 3 12 292.961451
demand_81 3 13 668.600755
demand_82 3 14 244.957241
demand_83 3 15 227.561319
demand_84 3 16 329.074381
demand_85 3 17 972.646653
demand_86 3 18 51.772304
demand_87 3 19 346.007671
demand_88 3 20 2329.680828
demand_89 3 21 678.518792
demand_90 3 22 257.158634
demand_91 3 23 1113.569450
demand_92 4 0 1232.913351
demand_93 4 1 1205.787375
demand_94 4 2 217.311361
demand_95 4 3 732.874924
demand_96 4 5 2275.819310
demand_97 4 6 1243.456738
demand_98 4 7 1211.788044
demand_99 4 8 708.575032
demand_100 4 9 1988.726096
demand_101 4 10 2150.236803
demand_102 4 11 4031.183967
demand_103 4 12 1013.773296
demand_104 4 13 2313.647715
demand_105 4 14 847.657972
demand_106 4 15 787.460560
demand_107 4 16 1138.739651
demand_108 4 17 3365.777991
demand_109 4 18 179.154560
demand_110 4 19 1197.336155
demand_111 4 20 8061.703019
demand_112 4 21 2347.968411
demand_113 4 22 889.880069
demand_114 4 23 3853.431804
demand_115 5 0 987.804086
demand_116 5 1 966.070888
demand_117 5 2 174.108789
demand_118 5 3 587.175768
demand_119 5 4 50.709360
demand_120 5 6 996.251396
demand_121 5 7 970.878594
demand_122 5 8 567.706815
demand_123 5 9 1593.357524
demand_124 5 10 1722.759104
demand_125 5 11 3229.764680
demand_126 5 12 812.230157
demand_127 5 13 1853.683120
demand_128 5 14 679.139379
demand_129 5 15 630.909511
demand_130 5 16 912.352583
demand_131 5 17 2696.644699
demand_132 5 18 143.537748
demand_133 5 19 959.299812
demand_134 5 20 6458.996633
demand_135 5 21 1881.180692
demand_136 5 22 712.967515
demand_137 5 23 3087.350525
demand_138 6 0 174.478176
demand_139 6 1 170.639390
demand_140 6 2 30.753248
demand_141 6 3 103.714247
demand_142 6 4 8.956914
demand_143 6 5 322.067079
demand_144 6 7 171.488586
demand_145 6 8 100.275400
demand_146 6 9 281.438514
demand_147 6 10 304.295022
demand_148 6 11 570.480987
demand_149 6 12 143.466137
demand_150 6 13 327.420441
demand_151 6 14 119.957998
demand_152 6 15 111.439042
demand_153 6 16 161.150998
demand_154 6 17 476.314742
demand_155 6 18 25.353413
demand_156 6 19 169.443399
demand_157 6 20 1140.867877
demand_158 6 21 332.277402
demand_159 6 22 125.933141
demand_160 6 23 545.326038
demand_161 7 0 400.354342
demand_162 7 1 391.545936
demand_163 7 2 70.565825
demand_164 7 3 237.980761
demand_165 7 4 20.552367
demand_166 7 5 739.009065
demand_167 7 6 403.778014
demand_168 7 8 230.090047
demand_169 7 9 645.783524
demand_170 7 10 698.229636
demand_171 7 11 1309.014948
demand_172 7 12 329.194700
demand_173 7 13 751.292788
demand_174 7 14 275.253366
demand_175 7 15 255.705930
demand_176 7 16 369.774051
demand_177 7 17 1092.942852
demand_178 7 18 58.175464
demand_179 7 19 388.801637
demand_180 7 20 2617.813982
demand_181 7 21 762.437480
demand_182 7 22 288.963819
demand_183 7 23 1251.294873
demand_184 8 0 320.831153
demand_185 8 1 313.772378
demand_186 8 2 56.549193
demand_187 8 3 190.710164
demand_188 8 4 16.470009
demand_189 8 5 592.218207
demand_190 8 6 323.574774
demand_191 8 7 315.333884
demand_192 8 9 517.510243
demand_193 8 10 559.538878
demand_194 8 11 1049.002674
demand_195 8 12 263.806094
demand_196 8 13 602.061990
demand_197 8 14 220.579236
demand_198 8 15 204.914546
demand_199 8 16 296.325087
demand_200 8 17 875.849413
demand_201 8 18 46.619954
demand_202 8 19 311.573185
demand_203 8 20 2097.832322
demand_204 8 21 610.992989
demand_205 8 22 231.566354
demand_206 8 23 1002.747654
demand_207 9 0 1118.615951
demand_208 9 1 1094.004692
demand_209 9 2 197.165482
demand_210 9 3 664.933654
demand_211 9 4 57.424645
demand_212 9 5 2064.839170
demand_213 9 6 1128.181911
demand_214 9 7 1099.449068
demand_215 9 8 642.886487
demand_216 9 10 1950.898806
demand_217 9 11 3657.472507
demand_218 9 12 919.791304
demand_219 9 13 2099.160688
demand_220 9 14 769.075724
demand_221 9 15 714.458921
demand_222 9 16 1033.172636
demand_223 9 17 3053.753082
demand_224 9 18 162.546012
demand_225 9 19 1086.336943
demand_226 9 20 7314.341739
demand_227 9 21 2130.299679
demand_228 9 22 807.383616
demand_229 9 23 3496.198882
demand_230 10 0 3.936407
demand_231 10 1 3.849800
demand_232 10 2 0.693825
demand_233 10 3 2.339900
demand_234 10 4 0.202077
demand_235 10 5 7.266164
demand_236 10 6 3.970069
demand_237 10 7 3.868958
demand_238 10 8 2.262316
demand_239 10 9 6.349542
demand_240 10 11 12.870636
demand_241 10 12 3.236743
demand_242 10 13 7.386941
demand_243 10 14 2.706375
demand_244 10 15 2.514179
demand_245 10 16 3.635732
demand_246 10 17 10.746149
demand_247 10 18 0.571999
demand_248 10 19 3.822817
demand_249 10 20 25.739149
demand_250 10 21 7.496519
demand_251 10 22 2.841181
demand_252 10 23 12.303115
demand_253 11 0 197.851166
demand_254 11 1 193.498138
demand_255 11 2 34.872934
demand_256 11 3 117.607744
demand_257 11 4 10.156777
demand_258 11 5 365.210989
demand_259 11 6 199.543111
demand_260 11 7 194.461093
demand_261 11 8 113.708231
demand_262 11 9 319.139846
demand_263 11 10 345.058198
demand_264 11 12 162.684773
demand_265 11 13 371.281484
demand_266 11 14 136.027498
demand_267 11 15 126.367348
demand_268 11 16 182.738688
demand_269 11 17 540.121574
demand_270 11 18 28.749740
demand_271 11 19 192.141933
demand_272 11 20 1293.697843
demand_273 11 21 376.789081
demand_274 11 22 142.803068
demand_275 11 23 618.377581
demand_276 12 0 170.746533
demand_277 12 1 166.989849
demand_278 12 2 30.095515
demand_279 12 3 101.496064
demand_280 12 4 8.765349
demand_281 12 5 315.178887
demand_282 12 6 172.206690
demand_283 12 7 167.820883
demand_284 12 8 98.130765
demand_285 12 9 275.419263
demand_286 12 10 297.786929
demand_287 12 11 558.279856
demand_288 12 13 320.417754
demand_289 12 14 117.392402
demand_290 12 15 109.055645
demand_291 12 16 157.704390
demand_292 12 17 466.127586
demand_293 12 18 24.811168
demand_294 12 19 165.819437
demand_295 12 20 1116.467628
demand_296 12 21 325.170837
demand_297 12 22 123.239753
demand_298 12 23 533.662907
demand_299 13 0 190.401783
demand_300 13 1 186.212653
demand_301 13 2 33.559918
demand_302 13 3 113.179642
demand_303 13 4 9.774360
demand_304 13 5 351.460265
demand_305 13 6 192.030023
demand_306 13 7 187.139350
demand_307 13 8 109.426951
demand_308 13 9 307.123768
demand_309 13 10 332.066256
demand_310 13 11 622.545463
demand_311 13 12 156.559455
demand_312 13 14 130.905865
demand_313 13 15 121.609434
demand_314 13 16 175.858311
demand_315 13 17 519.785213
demand_316 13 18 27.667271
demand_317 13 19 184.907510
demand_318 13 20 1244.988242
demand_319 13 21 362.602425
demand_320 13 22 137.426325
demand_321 13 23 595.094768
demand_322 14 0 662.122452
demand_323 14 1 647.554747
demand_324 14 2 116.704658
demand_325 14 3 393.582356
demand_326 14 4 33.990349
demand_327 14 5 1222.203540
demand_328 14 6 667.784661
demand_329 14 7 650.777340
demand_330 14 8 380.532369
demand_331 14 9 1068.023311
demand_332 14 10 1154.760846
demand_333 14 11 2164.902676
demand_334 14 12 544.435714
demand_335 14 13 1242.518866
demand_336 14 15 422.896967
demand_337 14 16 611.547510
demand_338 14 17 1807.553771
demand_339 14 18 96.212971
demand_340 14 19 643.016113
demand_341 14 20 4329.448267
demand_342 14 21 1260.950415
demand_343 14 22 477.900230
demand_344 14 23 2069.442847
demand_345 15 0 1326.432724
demand_346 15 1 1297.249180
demand_347 15 2 233.794939
demand_348 15 3 788.465208
demand_349 15 4 68.093011
demand_350 15 5 2448.445550
demand_351 15 6 1337.775852
demand_352 15 7 1303.705013
demand_353 15 8 762.322112
demand_354 15 9 2139.575641
demand_355 15 10 2313.337314
demand_356 15 11 4336.958738
demand_357 15 12 1090.670382
demand_358 15 13 2489.143328
demand_359 15 14 911.954820
demand_360 15 16 1225.115728
demand_361 15 17 3621.080156
demand_362 15 18 192.743854
demand_363 15 19 1288.156914
demand_364 15 20 8673.202126
demand_365 15 21 2526.067329
demand_366 15 22 957.379562
demand_367 15 23 4145.723656
demand_368 16 0 2308.978210
demand_369 16 1 2258.177165
demand_370 16 2 406.976855
demand_371 16 3 1372.515131
demand_372 16 4 118.532418
demand_373 16 5 4262.113953
demand_374 16 6 2328.723677
demand_375 16 7 2269.415110
demand_376 16 8 1327.006726
demand_377 16 9 3724.450886
demand_378 16 10 4026.925266
demand_379 16 11 7549.529683
demand_380 16 12 1898.576610
demand_381 16 13 4332.958318
demand_382 16 14 1587.478783
demand_383 16 15 1474.742141
demand_384 16 17 6303.369197
demand_385 16 18 335.517475
demand_386 16 19 2242.349869
demand_387 16 20 15097.814124
demand_388 16 21 4397.233507
demand_389 16 22 1666.551577
demand_390 16 23 7216.638591
demand_391 17 0 51.050517
demand_392 17 1 49.927328
demand_393 17 2 8.998084
demand_394 17 3 30.345721
demand_395 17 4 2.620701
demand_396 17 5 94.233511
demand_397 17 6 51.487081
demand_398 17 7 50.175794
demand_399 17 8 29.339549
demand_400 17 9 82.346011
demand_401 17 10 89.033590
demand_402 17 11 166.916862
demand_403 17 12 41.976714
demand_404 17 13 95.799849
demand_405 17 14 35.098475
demand_406 17 15 32.605916
demand_407 17 16 47.151123
demand_408 17 18 7.418147
demand_409 17 19 49.577393
demand_410 17 20 333.806192
demand_411 17 21 97.220946
demand_412 17 22 36.846740
demand_413 17 23 159.556783
demand_414 18 0 286.561335
demand_415 18 1 280.256548
demand_416 18 2 50.508849
demand_417 18 3 170.339315
demand_418 18 4 14.710753
demand_419 18 5 528.959978
demand_420 18 6 289.011894
demand_421 18 7 281.651260
demand_422 18 8 164.691385
demand_423 18 9 462.232000
demand_424 18 10 499.771316
demand_425 18 11 936.952671
demand_426 18 12 235.627450
demand_427 18 13 537.752289
demand_428 18 14 197.017900
demand_429 18 15 183.026446
demand_430 18 16 264.672902
demand_431 18 17 782.294905
demand_432 18 19 278.292263
demand_433 18 20 1873.750799
demand_434 18 21 545.729318
demand_435 18 22 206.831421
demand_436 18 23 895.638416
demand_437 19 0 652.608094
demand_438 19 1 638.249720
demand_439 19 2 115.027673
demand_440 19 3 387.926781
demand_441 19 4 33.501925
demand_442 19 5 1204.641105
demand_443 19 6 658.188940
demand_444 19 7 641.426005
demand_445 19 8 375.064315
demand_446 19 9 1052.676367
demand_447 19 10 1138.167528
demand_448 19 11 2133.794141
demand_449 19 12 536.612454
demand_450 19 13 1224.664511
demand_451 19 14 448.683967
demand_452 19 15 416.820156
demand_453 19 16 602.759888
demand_454 19 17 1781.580155
demand_455 19 18 94.830440
demand_456 19 20 4267.236328
demand_457 19 21 1242.831208
demand_458 19 22 471.033050
demand_459 19 23 2039.706020
demand_460 20 0 58.783088
demand_461 20 1 57.489771
demand_462 20 2 10.361014
demand_463 20 3 34.942157
demand_464 20 4 3.017656
demand_465 20 5 108.506967
demand_466 20 6 59.285778
demand_467 20 7 57.775872
demand_468 20 8 33.783582
demand_469 20 9 94.818879
demand_470 20 10 102.519419
demand_471 20 11 192.199593
demand_472 20 12 48.334885
demand_473 20 13 110.310557
demand_474 20 14 40.414806
demand_475 20 15 37.544702
demand_476 20 16 54.293056
demand_477 20 17 160.474234
demand_478 20 18 8.541767
demand_479 20 19 57.086832
demand_480 20 21 111.946906
demand_481 20 22 42.427879
demand_482 20 23 183.724690
demand_483 21 0 44.552224
demand_484 21 1 43.572007
demand_485 21 2 7.852705
demand_486 21 3 26.482971
demand_487 21 4 2.287108
demand_488 21 5 82.238393
demand_489 21 6 44.933217
demand_490 21 7 43.788846
demand_491 21 8 25.604876
demand_492 21 9 71.864070
demand_493 21 10 77.700377
demand_494 21 11 145.669776
demand_495 21 12 36.633438
demand_496 21 13 83.605350
demand_497 21 14 30.630740
demand_498 21 15 28.455462
demand_499 21 16 41.149189
demand_500 21 17 121.624845
demand_501 21 18 6.473881
demand_502 21 19 43.266616
demand_503 21 20 291.315525
demand_504 21 22 32.156466
demand_505 21 23 139.246572
demand_506 22 0 32.774968
demand_507 22 1 32.053869
demand_508 22 2 5.776864
demand_509 22 3 19.482271
demand_510 22 4 1.682517
demand_511 22 5 60.498903
demand_512 22 6 33.055247
demand_513 22 7 32.213387
demand_514 22 8 18.836299
demand_515 22 9 52.867003
demand_516 22 10 57.160499
demand_517 22 11 107.162378
demand_518 22 12 26.949491
demand_519 22 13 61.504509
demand_520 22 14 22.533589
demand_521 22 15 20.933340
demand_522 22 16 30.271516
demand_523 22 17 89.473657
demand_524 22 18 4.762529
demand_525 22 19 31.829207
demand_526 22 20 214.307079
demand_527 22 21 62.416868
demand_528 22 23 102.437129
demand_529 23 0 505.091335
demand_530 23 1 493.978554
demand_531 23 2 89.026601
demand_532 23 3 300.239083
demand_533 23 4 25.929087
demand_534 23 5 932.341768
demand_535 23 6 509.410676
demand_536 23 7 496.436866
demand_537 23 8 290.284073
demand_538 23 9 814.727424
demand_539 23 10 880.894003
demand_540 23 11 1651.467306
demand_541 23 12 415.315567
demand_542 23 13 947.839045
demand_543 23 14 347.262600
demand_544 23 15 322.601345
demand_545 23 16 466.510911
demand_546 23 17 1378.868431
demand_547 23 18 73.394789
demand_548 23 19 490.516317
demand_549 23 20 3302.662214
demand_550 23 21 961.899308
demand_551 23 22 364.559855
