DEMANDS 552
label src dest bw
demand_0 0 1 34.584731
demand_1 0 2 3.517372
demand_2 0 3 10.058810
demand_3 0 4 0.306700
demand_4 0 5 65.368020
demand_5 0 6 47.655773
demand_6 0 7 41.288450
demand_7 0 8 9.246083
demand_8 0 9 59.698260
demand_9 0 10 62.596406
demand_10 0 11 119.969384
demand_11 0 12 30.519119
demand_12 0 13 65.866865
demand_13 0 14 15.320056
demand_14 0 15 13.704984
demand_15 0 16 32.425327
demand_16 0 17 90.025309
demand_17 0 18 1.342596
demand_18 0 19 32.548694
demand_19 0 20 126.477219
demand_20 0 21 82.266940
demand_21 0 22 15.636388
demand_22 0 23 91.277321
demand_23 1 0 1086.397409
demand_24 1 2 90.046368
demand_25 1 3 257.510248
demand_26 1 4 7.851672
demand_27 1 5 1673.451921
demand_28 1 6 1220.010104
demand_29 1 7 1057.003657
demand_30 1 8 236.704060
demand_31 1 9 1528.303408
demand_32 1 10 1602.497281
demand_33 1 11 3071.272394
demand_34 1 12 781.303737
demand_35 1 13 1686.222568
demand_36 1 14 392.200599
demand_37 1 15 350.854016
demand_38 1 16 830.103541
demand_39 1 17 2304.690046
demand_40 1 18 34.371084
demand_41 1 19 833.261808
demand_42 1 20 3237.876001
demand_43 1 21 2106.072179
demand_44 1 22 400.298863
demand_45 1 23 2336.742136
demand_46 2 0 1044.937898
demand_47 2 1 851.596880
demand_48 2 3 247.683044
demand_49 2 4 7.552034
demand_50 2 5 1609.589012
demand_51 2 6 1173.451615
demand_52 2 7 1016.665882
demand_53 2 8 227.670869
demand_54 2 9 1469.979712
demand_55 2 10 1541.342171
demand_56 2 11 2954.065329
demand_57 2 12 751.487327
demand_58 2 13 1621.872301
demand_59 2 14 377.233291
demand_60 2 15 337.464591
demand_61 2 16 798.424814
demand_62 2 17 2216.737588
demand_63 2 18 33.059401
demand_64 2 19 801.462555
demand_65 2 20 3114.310946
demand_66 2 21 2025.699452
demand_67 2 22 385.022506
demand_68 2 23 2247.566495
demand_69 3 0 707.406601
demand_70 3 1 576.517758
demand_71 3 2 58.633604
demand_72 3 4 5.112608
demand_73 3 5 1089.666568
demand_74 3 6 794.408377
demand_75 3 7 688.266889
demand_76 3 8 154.129615
demand_77 3 9 995.153257
demand_78 3 10 1043.464524
demand_79 3 11 1999.855991
demand_80 3 12 508.745158
demand_81 3 13 1097.982162
demand_82 3 14 255.381033
demand_83 3 15 228.458246
demand_84 3 16 540.521102
demand_85 3 17 1500.696651
demand_86 3 18 22.380697
demand_87 3 19 542.577605
demand_88 3 20 2108.339765
demand_89 3 21 1371.366823
demand_90 3 22 260.654210
demand_91 3 23 1521.567338
demand_92 4 0 1477.356295
demand_93 4 1 1204.006491
demand_94 4 2 122.451110
demand_95 4 3 350.179762
demand_96 4 5 2275.672520
demand_97 4 6 1659.051829
demand_98 4 7 1437.384694
demand_99 4 8 321.886107
demand_100 4 9 2078.289806
demand_101 4 10 2179.183627
demand_102 4 11 4176.522852
demand_103 4 12 1062.469391
demand_104 4 13 2293.038905
demand_105 4 14 533.340764
demand_106 4 15 477.114898
demand_107 4 16 1128.830649
demand_108 4 17 3134.072596
demand_109 4 18 46.740112
demand_110 4 19 1133.125473
demand_111 4 20 4403.081647
demand_112 4 21 2863.978656
demand_113 4 22 544.353328
demand_114 4 23 3177.659185
demand_115 5 0 1152.176791
demand_116 5 1 938.993755
demand_117 5 2 95.498512
demand_118 5 3 273.102024
demand_119 5 4 8.327076
demand_120 5 6 1293.879492
demand_121 5 7 1121.003302
demand_122 5 8 251.036059
demand_123 5 9 1620.839392
demand_124 5 10 1699.525570
demand_125 5 11 3257.232337
demand_126 5 12 828.610253
demand_127 5 13 1788.320270
demand_128 5 14 415.947630
demand_129 5 15 372.097587
demand_130 5 16 880.364797
demand_131 5 17 2444.234826
demand_132 5 18 36.452190
demand_133 5 19 883.714292
demand_134 5 20 3433.923489
demand_135 5 21 2233.591009
demand_136 5 22 424.536230
demand_137 5 23 2478.227612
demand_138 6 0 280.132759
demand_139 6 1 228.300824
demand_140 6 2 23.218886
demand_141 6 3 66.400247
demand_142 6 4 2.024591
demand_143 6 5 431.507567
demand_144 6 7 272.553440
demand_145 6 8 61.035272
demand_146 6 9 394.080330
demand_147 6 10 413.211575
demand_148 6 11 791.942250
demand_149 6 12 201.462899
demand_150 6 13 434.800540
demand_151 6 14 101.130797
demand_152 6 15 90.469383
demand_153 6 16 214.046161
demand_154 6 17 594.275332
demand_155 6 18 8.862748
demand_156 6 19 214.860536
demand_157 6 20 834.901785
demand_158 6 21 543.060766
demand_159 6 22 103.218973
demand_160 6 23 602.540116
demand_161 7 0 740.268392
demand_162 7 1 603.299253
demand_163 7 2 61.357363
demand_164 7 3 175.466819
demand_165 7 4 5.350109
demand_166 7 5 1140.285822
demand_167 7 6 831.311738
demand_168 7 8 161.289536
demand_169 7 9 1041.382000
demand_170 7 10 1091.937514
demand_171 7 11 2092.757087
demand_172 7 12 532.378351
demand_173 7 13 1148.987708
demand_174 7 14 267.244477
demand_175 7 15 239.071021
demand_176 7 16 565.630412
demand_177 7 17 1570.409853
demand_178 7 18 23.420368
demand_179 7 19 567.782447
demand_180 7 20 2206.280355
demand_181 7 21 1435.072150
demand_182 7 22 272.762613
demand_183 7 23 1592.250064
demand_184 8 0 679.381402
demand_185 8 1 553.677958
demand_186 8 2 56.310727
demand_187 8 3 161.034693
demand_188 8 4 4.910063
demand_189 8 5 1046.497444
demand_190 8 6 762.936443
demand_191 8 7 660.999944
demand_192 8 9 955.728450
demand_193 8 10 1002.125778
demand_194 8 11 1920.628056
demand_195 8 12 488.590293
demand_196 8 13 1054.483601
demand_197 8 14 245.263649
demand_198 8 15 219.407457
demand_199 8 16 519.107375
demand_200 8 17 1441.243822
demand_201 8 18 21.494045
demand_202 8 19 521.082406
demand_203 8 20 2024.814049
demand_204 8 21 1317.037630
demand_205 8 22 250.327919
demand_206 8 23 1461.287679
demand_207 9 0 1264.190838
demand_208 9 1 1030.282255
demand_209 9 2 104.782829
demand_210 9 3 299.652866
demand_211 9 4 9.136631
demand_212 9 5 1947.319249
demand_213 9 6 1419.669804
demand_214 9 7 1229.986678
demand_215 9 8 275.441658
demand_216 9 10 1864.752590
demand_217 9 11 3573.898825
demand_218 9 12 909.167325
demand_219 9 13 1962.179866
demand_220 9 14 456.385849
demand_221 9 15 408.272727
demand_222 9 16 965.953419
demand_223 9 17 2681.862105
demand_224 9 18 39.996054
demand_225 9 19 969.628550
demand_226 9 20 3767.767801
demand_227 9 21 2450.739602
demand_228 9 22 465.809428
demand_229 9 23 2719.159652
demand_230 10 0 3.351423
demand_231 10 1 2.731321
demand_232 10 2 0.277784
demand_233 10 3 0.794392
demand_234 10 4 0.024222
demand_235 10 5 5.162424
demand_236 10 6 3.763604
demand_237 10 7 3.260746
demand_238 10 8 0.730207
demand_239 10 9 4.714656
demand_240 10 11 9.474555
demand_241 10 12 2.410240
demand_242 10 13 5.201821
demand_243 10 14 1.209898
demand_244 10 15 1.082348
demand_245 10 16 2.560783
demand_246 10 17 7.109728
demand_247 10 18 0.106031
demand_248 10 19 2.570526
demand_249 10 20 9.988509
demand_250 10 21 6.497013
demand_251 10 22 1.234880
demand_252 10 23 7.208606
demand_253 11 0 518.546166
demand_254 11 1 422.601475
demand_255 11 2 42.979851
demand_256 11 3 122.911700
demand_257 11 4 3.747666
demand_258 11 5 798.751977
demand_259 11 6 582.320574
demand_260 11 7 504.516294
demand_261 11 8 112.980739
demand_262 11 9 729.471431
demand_263 11 10 764.884760
demand_264 11 12 372.922518
demand_265 11 13 804.847508
demand_266 11 14 187.200481
demand_267 11 15 167.465426
demand_268 11 16 396.215055
demand_269 11 17 1100.046979
demand_270 11 18 16.405593
demand_271 11 19 397.722521
demand_272 11 20 1545.464093
demand_273 11 21 1005.245084
demand_274 11 22 191.065847
demand_275 11 23 1115.345698
demand_276 12 0 215.554102
demand_277 12 1 175.670919
demand_278 12 2 17.866265
demand_279 12 3 51.093081
demand_280 12 4 1.557865
demand_281 12 5 332.032664
demand_282 12 6 242.064442
demand_283 12 7 209.722034
demand_284 12 8 46.964887
demand_285 12 9 303.233482
demand_286 12 10 317.954424
demand_287 12 11 609.376788
demand_288 12 13 334.566512
demand_289 12 14 77.817240
demand_290 12 15 69.613589
demand_291 12 16 164.702366
demand_292 12 17 457.277778
demand_293 12 18 6.819630
demand_294 12 19 165.329003
demand_295 12 20 642.432915
demand_296 12 21 417.869643
demand_297 12 22 79.424032
demand_298 12 23 463.637292
demand_299 13 0 446.264187
demand_300 13 1 363.693565
demand_301 13 2 36.988738
demand_302 13 3 105.778604
demand_303 13 4 3.225265
demand_304 13 5 687.411121
demand_305 13 6 501.148855
demand_306 13 7 434.189988
demand_307 13 8 97.231956
demand_308 13 9 627.787835
demand_309 13 10 658.264775
demand_310 13 11 1261.599914
demand_311 13 12 320.939533
demand_312 13 14 161.105945
demand_313 13 15 144.121829
demand_314 13 16 340.985241
demand_315 13 17 946.707550
demand_316 13 18 14.118759
demand_317 13 19 342.282576
demand_318 13 20 1330.036402
demand_319 13 21 865.120426
demand_320 13 22 164.432504
demand_321 13 23 959.873727
demand_322 14 0 860.474644
demand_323 14 1 701.264184
demand_324 14 2 71.320694
demand_325 14 3 203.959470
demand_326 14 4 6.218870
demand_327 14 5 1325.447700
demand_328 14 6 966.301790
demand_329 14 7 837.193497
demand_330 14 8 187.480051
demand_331 14 9 1210.483678
demand_332 14 10 1269.248497
demand_333 14 11 2432.583141
demand_334 14 12 618.827005
demand_335 14 13 1335.562615
demand_336 14 15 277.891849
demand_337 14 16 657.478602
demand_338 14 17 1825.416125
demand_339 14 18 27.223413
demand_340 14 19 659.980089
demand_341 14 20 2564.540543
demand_342 14 21 1668.102017
demand_343 14 22 317.054348
demand_344 14 23 1850.802793
demand_345 15 0 1548.687167
demand_346 15 1 1262.139274
demand_347 15 2 128.363391
demand_348 15 3 367.087416
demand_349 15 4 11.192758
demand_350 15 5 2385.548321
demand_351 15 6 1739.155467
demand_352 15 7 1506.785626
demand_353 15 8 337.427664
demand_354 15 9 2178.635420
demand_355 15 10 2284.400676
demand_356 15 11 4378.176996
demand_357 15 12 1113.768370
demand_358 15 13 2403.753204
demand_359 15 14 559.091940
demand_360 15 16 1183.333733
demand_361 15 17 3285.394341
demand_362 15 18 48.996855
demand_363 15 19 1187.835924
demand_364 15 20 4615.674680
demand_365 15 21 3002.259515
demand_366 15 22 570.636222
demand_367 15 23 3331.085412
demand_368 16 0 2527.372154
demand_369 16 1 2059.741776
demand_370 16 2 209.481983
demand_371 16 3 599.066443
demand_372 16 4 18.265965
demand_373 16 5 3893.083463
demand_374 16 6 2838.205929
demand_375 16 7 2458.991148
demand_376 16 8 550.663361
demand_377 16 9 3555.413005
demand_378 16 10 3728.016077
demand_379 16 11 7144.943705
demand_380 16 12 1817.608633
demand_381 16 13 3922.792829
demand_382 16 14 912.407251
demand_383 16 15 816.219426
demand_384 16 17 5361.582603
demand_385 16 18 79.960168
demand_386 16 19 1938.482801
demand_387 16 20 7532.526844
demand_388 16 21 4899.522162
demand_389 16 22 931.246883
demand_390 16 23 5436.147914
demand_391 17 0 144.935302
demand_392 17 1 118.118456
demand_393 17 2 12.013005
demand_394 17 3 34.354211
demand_395 17 4 1.047485
demand_396 17 5 223.253716
demand_397 17 6 162.760451
demand_398 17 7 141.013908
demand_399 17 8 31.578476
demand_400 17 9 203.889584
demand_401 17 10 213.787722
demand_402 17 11 409.735689
demand_403 17 12 104.233029
demand_404 17 13 224.957437
demand_405 17 14 52.323129
demand_406 17 15 46.807119
demand_407 17 16 110.743367
demand_408 17 18 4.585415
demand_409 17 19 111.164709
demand_410 17 20 431.962126
demand_411 17 21 280.969196
demand_412 17 22 53.403511
demand_413 17 23 311.742668
demand_414 18 0 531.296983
demand_415 18 1 432.993056
demand_416 18 2 44.036707
demand_417 18 3 125.934043
demand_418 18 4 3.839819
demand_419 18 5 818.392929
demand_420 18 6 596.639575
demand_421 18 7 516.922123
demand_422 18 8 115.758885
demand_423 18 9 747.408806
demand_424 18 10 783.692933
demand_425 18 11 1501.989737
demand_426 18 12 382.092515
demand_427 18 13 824.638347
demand_428 18 14 191.803656
demand_429 18 15 171.583325
demand_430 18 16 405.957805
demand_431 18 17 1127.096640
demand_432 18 19 407.502339
demand_433 18 20 1583.466361
demand_434 18 21 1029.963608
demand_435 18 22 195.764070
demand_436 18 23 1142.771547
demand_437 19 0 764.665237
demand_438 19 1 623.182039
demand_439 19 2 63.379503
demand_440 19 3 181.249636
demand_441 19 4 5.526431
demand_442 19 5 1177.865943
demand_443 19 6 858.709076
demand_444 19 7 743.976325
demand_445 19 8 166.605115
demand_446 19 9 1075.702572
demand_447 19 10 1127.924232
demand_448 19 11 2161.727571
demand_449 19 12 549.923814
demand_450 19 13 1186.854615
demand_451 19 14 276.051988
demand_452 19 15 246.950027
demand_453 19 16 584.271755
demand_454 19 17 1622.165466
demand_455 19 18 24.192227
demand_456 19 20 2278.992198
demand_457 19 21 1482.367472
demand_458 19 22 281.751984
demand_459 19 23 1644.725461
demand_460 20 0 148.540737
demand_461 20 1 121.056791
demand_462 20 2 12.311843
demand_463 20 3 35.208812
demand_464 20 4 1.073542
demand_465 20 5 228.807414
demand_466 20 6 166.809308
demand_467 20 7 144.521794
demand_468 20 8 32.364027
demand_469 20 9 208.961576
demand_470 20 10 219.105942
demand_471 20 11 419.928345
demand_472 20 12 106.825948
demand_473 20 13 230.553517
demand_474 20 14 53.624729
demand_475 20 15 47.971501
demand_476 20 16 113.498238
demand_477 20 17 315.115220
demand_478 20 18 4.699483
demand_479 20 19 113.930061
demand_480 20 21 287.958634
demand_481 20 22 54.731986
demand_482 20 23 319.497632
demand_483 21 0 128.267516
demand_484 21 1 104.534649
demand_485 21 2 10.631491
demand_486 21 3 30.403423
demand_487 21 4 0.927022
demand_488 21 5 197.579192
demand_489 21 6 144.042746
demand_490 21 7 124.797089
demand_491 21 8 27.946902
demand_492 21 9 180.441964
demand_493 21 10 189.201801
demand_494 21 11 362.615447
demand_495 21 12 92.246069
demand_496 21 13 199.086982
demand_497 21 14 46.305888
demand_498 21 15 41.424227
demand_499 21 16 98.007708
demand_500 21 17 272.107487
demand_501 21 18 4.058085
demand_502 21 19 98.380594
demand_503 21 20 382.285810
demand_504 21 22 47.262025
demand_505 21 23 275.891776
demand_506 22 0 64.222990
demand_507 22 1 52.340047
demand_508 22 2 5.323141
demand_509 22 3 15.222862
demand_510 22 4 0.464156
demand_511 22 5 98.927046
demand_512 22 6 72.121580
demand_513 22 7 62.485362
demand_514 22 8 13.992893
demand_515 22 9 90.346511
demand_516 22 10 94.732523
demand_517 22 11 181.559985
demand_518 22 12 46.187207
demand_519 22 13 99.681990
demand_520 22 14 23.185158
demand_521 22 15 20.740931
demand_522 22 16 49.072035
demand_523 22 17 136.243041
demand_524 22 18 2.031866
demand_525 22 19 49.258738
demand_526 22 20 191.408851
demand_527 22 21 124.501635
demand_528 22 23 138.137818
demand_529 23 0 750.795224
demand_530 23 1 611.878344
demand_531 23 2 62.229883
demand_532 23 3 177.962008
demand_533 23 4 5.426189
demand_534 23 5 1156.501019
demand_535 23 6 843.133233
demand_536 23 7 730.481582
demand_537 23 8 163.583120
demand_538 23 9 1056.190755
demand_539 23 10 1107.465183
demand_540 23 11 2122.516702
demand_541 23 12 539.948926
demand_542 23 13 1165.326648
demand_543 23 14 271.044771
demand_544 23 15 242.470681
demand_545 23 16 573.673841
demand_546 23 17 1592.741538
demand_547 23 18 23.753412
demand_548 23 19 575.856479
demand_549 23 20 2237.654304
demand_550 23 21 1455.479294
demand_551 23 22 276.641377
