DEMANDS 552
label src dest bw
demand_0 0 1 23.461397
demand_1 0 2 5.036391
demand_2 0 3 9.451949
demand_3 0 4 0.154126
demand_4 0 5 39.083015
demand_5 0 6 29.676676
demand_6 0 7 25.172516
demand_7 0 8 7.392025
demand_8 0 9 32.823995
demand_9 0 10 33.461987
demand_10 0 11 81.221891
demand_11 0 12 14.142598
demand_12 0 13 51.851857
demand_13 0 14 10.536159
demand_14 0 15 9.628272
demand_15 0 16 16.806317
demand_16 0 17 59.260215
demand_17 0 18 1.006162
demand_18 0 19 17.473526
demand_19 0 20 107.981592
demand_20 0 21 52.469539
demand_21 0 22 12.820683
demand_22 0 23 65.618376
demand_23 1 0 881.120761
demand_24 1 2 172.370255
demand_25 1 3 323.492516
demand_26 1 4 5.274967
demand_27 1 5 1337.614427
demand_28 1 6 1015.682918
demand_29 1 7 861.528251
demand_30 1 8 252.991738
demand_31 1 9 1123.399760
demand_32 1 10 1145.235019
demand_33 1 11 2779.815602
demand_34 1 12 484.029787
demand_35 1 13 1774.627477
demand_36 1 14 360.599563
demand_37 1 15 329.527166
demand_38 1 16 575.195458
demand_39 1 17 2028.178204
demand_40 1 18 34.435860
demand_41 1 19 598.030637
demand_42 1 20 3695.665176
demand_43 1 21 1795.767617
demand_44 1 22 438.787315
demand_45 1 23 2245.785982
demand_46 2 0 877.938951
demand_47 2 1 800.065666
demand_48 2 3 322.324355
demand_49 2 4 5.255918
demand_50 2 5 1332.784177
demand_51 2 6 1012.015192
demand_52 2 7 858.417192
demand_53 2 8 252.078161
demand_54 2 9 1119.343059
demand_55 2 10 1141.099469
demand_56 2 11 2769.777428
demand_57 2 12 482.281910
demand_58 2 13 1768.219131
demand_59 2 14 359.297404
demand_60 2 15 328.337213
demand_61 2 16 573.118373
demand_62 2 17 2020.854263
demand_63 2 18 34.311509
demand_64 2 19 595.871093
demand_65 2 20 3682.319784
demand_66 2 21 1789.282933
demand_67 2 22 437.202813
demand_68 2 23 2237.676239
demand_69 3 0 616.052531
demand_70 3 1 561.408601
demand_71 3 2 120.515980
demand_72 3 4 3.688095
demand_73 3 5 935.218861
demand_74 3 6 710.134252
demand_75 3 7 602.354051
demand_76 3 8 176.884041
demand_77 3 9 785.446555
demand_78 3 10 800.713096
demand_79 3 11 1943.561558
demand_80 3 12 338.418738
demand_81 3 13 1240.764942
demand_82 3 14 252.120122
demand_83 3 15 230.395258
demand_84 3 16 402.158970
demand_85 3 17 1418.039810
demand_86 3 18 24.076494
demand_87 3 19 418.124625
demand_88 3 20 2583.895407
demand_89 3 21 1255.545478
demand_90 3 22 306.786593
demand_91 3 23 1570.184475
demand_92 4 0 1275.374016
demand_93 4 1 1162.248195
demand_94 4 2 249.496498
demand_95 4 3 468.237690
demand_96 4 5 1936.123583
demand_97 4 6 1470.145365
demand_98 4 7 1247.014932
demand_99 4 8 366.191676
demand_100 4 9 1626.059592
demand_101 4 10 1657.664932
demand_102 4 11 4023.630751
demand_103 4 12 700.606592
demand_104 4 13 2568.676024
demand_105 4 14 521.948107
demand_106 4 15 476.972516
demand_107 4 16 832.563905
demand_108 4 17 2935.676807
demand_109 4 18 49.844021
demand_110 4 19 865.616576
demand_111 4 20 5349.272822
demand_112 4 21 2599.275219
demand_113 4 22 635.120593
demand_114 4 23 3250.652141
demand_115 5 0 881.517564
demand_116 5 1 803.326855
demand_117 5 2 172.447880
demand_118 5 3 323.638198
demand_119 5 4 5.277342
demand_120 5 6 1016.140320
demand_121 5 7 861.916231
demand_122 5 8 253.105670
demand_123 5 9 1123.905672
demand_124 5 10 1145.750764
demand_125 5 11 2781.067463
demand_126 5 12 484.247765
demand_127 5 13 1775.426662
demand_128 5 14 360.761955
demand_129 5 15 329.675566
demand_130 5 16 575.454491
demand_131 5 17 2029.091573
demand_132 5 18 34.451368
demand_133 5 19 598.299954
demand_134 5 20 3697.329480
demand_135 5 21 1796.576323
demand_136 5 22 438.984918
demand_137 5 23 2246.797348
demand_138 6 0 302.359523
demand_139 6 1 275.540199
demand_140 6 2 59.149427
demand_141 6 3 111.007534
demand_142 6 4 1.810122
demand_143 6 5 459.006845
demand_144 6 7 295.636288
demand_145 6 8 86.814957
demand_146 6 9 385.498369
demand_147 6 10 392.991211
demand_148 6 11 953.902981
demand_149 6 12 166.096433
demand_150 6 13 608.969328
demand_151 6 14 123.740941
demand_152 6 15 113.078345
demand_153 6 16 197.380237
demand_154 6 17 695.976105
demand_155 6 18 11.816780
demand_156 6 19 205.216205
demand_157 6 20 1268.179812
demand_158 6 21 616.223638
demand_159 6 22 150.571328
demand_160 6 23 770.648938
demand_161 7 0 641.126261
demand_162 7 1 584.258288
demand_163 7 2 125.421057
demand_164 7 3 235.381524
demand_165 7 4 3.838202
demand_166 7 5 973.282862
demand_167 7 6 739.037168
demand_168 7 8 184.083333
demand_169 7 9 817.414729
demand_170 7 10 833.302628
demand_171 7 11 2022.665748
demand_172 7 12 352.192595
demand_173 7 13 1291.264863
demand_174 7 14 262.381571
demand_175 7 15 239.772491
demand_176 7 16 418.527096
demand_177 7 17 1475.754932
demand_178 7 18 25.056423
demand_179 7 19 435.142563
demand_180 7 20 2689.061592
demand_181 7 21 1306.646976
demand_182 7 22 319.273002
demand_183 7 23 1634.091981
demand_184 8 0 571.633645
demand_185 8 1 520.929675
demand_186 8 2 111.826484
demand_187 8 3 209.868175
demand_188 8 4 3.422174
demand_189 8 5 867.787306
demand_190 8 6 658.931845
demand_191 8 7 558.922859
demand_192 8 9 728.813948
demand_193 8 10 742.979734
demand_194 8 11 1803.426042
demand_195 8 12 314.017923
demand_196 8 13 1151.302771
demand_197 8 14 233.941648
demand_198 8 15 213.783200
demand_199 8 16 373.162330
demand_200 8 17 1315.795691
demand_201 8 18 22.340521
demand_202 8 19 387.976823
demand_203 8 20 2397.590263
demand_204 8 21 1165.017595
demand_205 8 22 284.666533
demand_206 8 23 1456.970355
demand_207 9 0 1128.426906
demand_208 9 1 1028.335310
demand_209 9 2 220.749802
demand_210 9 3 414.287888
demand_211 9 4 6.755504
demand_212 9 5 1713.045677
demand_213 9 6 1300.756927
demand_214 9 7 1103.335323
demand_215 9 8 323.999498
demand_216 9 10 1466.670708
demand_217 9 11 3560.032699
demand_218 9 12 619.883516
demand_219 9 13 2272.716162
demand_220 9 14 461.809853
demand_221 9 15 422.016297
demand_222 9 16 736.636861
demand_223 9 17 2597.431542
demand_224 9 18 44.101051
demand_225 9 19 765.881242
demand_226 9 20 4732.935833
demand_227 9 21 2299.789754
demand_228 9 22 561.942737
demand_229 9 23 2876.115785
demand_230 10 0 8.667600
demand_231 10 1 7.898783
demand_232 10 2 1.695609
demand_233 10 3 3.182201
demand_234 10 4 0.051890
demand_235 10 5 13.158136
demand_236 10 6 9.991290
demand_237 10 7 8.474868
demand_238 10 8 2.488684
demand_239 10 9 11.050902
demand_240 10 11 27.345093
demand_241 10 12 4.761409
demand_242 10 13 17.457041
demand_243 10 14 3.547224
demand_244 10 15 3.241564
demand_245 10 16 5.658207
demand_246 10 17 19.951223
demand_247 10 18 0.338746
demand_248 10 19 5.882838
demand_249 10 20 36.354321
demand_250 10 21 17.664996
demand_251 10 22 4.316358
demand_252 10 23 22.091835
demand_253 11 0 434.468028
demand_254 11 1 395.930664
demand_255 11 2 84.993304
demand_256 11 3 159.509527
demand_257 11 4 2.601011
demand_258 11 5 659.558517
demand_259 11 6 500.818700
demand_260 11 7 424.807242
demand_261 11 8 124.746603
demand_262 11 9 553.932333
demand_263 11 10 564.698986
demand_264 11 12 238.668156
demand_265 11 13 875.043393
demand_266 11 14 177.806480
demand_267 11 15 162.485126
demand_268 11 16 283.620642
demand_269 11 17 1000.065625
demand_270 11 18 16.979830
demand_271 11 19 294.880343
demand_272 11 20 1822.279570
demand_273 11 21 885.467294
demand_274 11 22 216.359741
demand_275 11 23 1107.364904
demand_276 12 0 237.480298
demand_277 12 1 216.415769
demand_278 12 2 46.457354
demand_279 12 3 87.187935
demand_280 12 4 1.421713
demand_281 12 5 360.514798
demand_282 12 6 273.747587
demand_283 12 7 232.199711
demand_284 12 8 68.186514
demand_285 12 9 302.779508
demand_286 12 10 308.664562
demand_287 12 11 749.217891
demand_288 12 13 478.298868
demand_289 12 14 97.189052
demand_290 12 15 88.814398
demand_291 12 16 155.027092
demand_292 12 17 546.636041
demand_293 12 18 9.281178
demand_294 12 19 161.181646
demand_295 12 20 996.058324
demand_296 12 21 483.996574
demand_297 12 22 118.262271
demand_298 12 23 605.285846
demand_299 13 0 335.712559
demand_300 13 1 305.934816
demand_301 13 2 65.674153
demand_302 13 3 123.252686
demand_303 13 4 2.009796
demand_304 13 5 509.639521
demand_305 13 6 386.981588
demand_306 13 7 328.247689
demand_307 13 8 96.391445
demand_308 13 9 428.022384
demand_309 13 10 436.341755
demand_310 13 11 1059.127251
demand_311 13 12 184.418397
demand_312 13 14 137.390704
demand_313 13 15 125.551926
demand_314 13 16 219.153092
demand_315 13 17 772.748669
demand_316 13 18 13.120280
demand_317 13 19 227.853439
demand_318 13 20 1408.071706
demand_319 13 21 684.198771
demand_320 13 22 167.180730
demand_321 13 23 855.658602
demand_322 14 0 845.382880
demand_323 14 1 770.397322
demand_324 14 2 165.378991
demand_325 14 3 310.371798
demand_326 14 4 5.061016
demand_327 14 5 1283.361360
demand_328 14 6 974.487254
demand_329 14 7 826.585034
demand_330 14 8 242.730501
demand_331 14 9 1077.835148
demand_332 14 10 1098.784778
demand_333 14 11 2667.067473
demand_334 14 12 464.397746
demand_335 14 13 1702.649347
demand_336 14 15 316.161686
demand_337 14 16 551.865777
demand_338 14 17 1945.916166
demand_339 14 18 33.039157
demand_340 14 19 573.774771
demand_341 14 20 3545.770581
demand_342 14 21 1722.932053
demand_343 14 22 420.990289
demand_344 14 23 2154.697865
demand_345 15 0 1734.936549
demand_346 15 1 1581.047478
demand_347 15 2 339.398943
demand_348 15 3 636.960352
demand_349 15 4 10.386468
demand_350 15 5 2633.777641
demand_351 15 6 1999.890929
demand_352 15 7 1696.358680
demand_353 15 8 498.143537
demand_354 15 9 2211.986586
demand_355 15 10 2254.980453
demand_356 15 11 5473.487746
demand_357 15 12 953.060018
demand_358 15 13 3494.261181
demand_359 15 14 710.024538
demand_360 15 16 1132.566235
demand_361 15 17 3993.505375
demand_362 15 18 67.804591
demand_363 15 19 1177.528957
demand_364 15 20 7276.805714
demand_365 15 21 3535.886353
demand_366 15 22 863.977088
demand_367 15 23 4421.977503
demand_368 16 0 2294.095658
demand_369 16 1 2090.609110
demand_370 16 2 448.785082
demand_371 16 3 842.248657
demand_372 16 4 13.733961
demand_373 16 5 3482.627566
demand_374 16 6 2644.443164
demand_375 16 7 2243.084385
demand_376 16 8 658.692058
demand_377 16 9 2924.895914
demand_378 16 10 2981.746433
demand_379 16 11 7237.558331
demand_380 16 12 1260.225252
demand_381 16 13 4620.439525
demand_382 16 14 938.860969
demand_383 16 15 857.960538
demand_384 16 17 5280.586974
demand_385 16 18 89.657583
demand_386 16 19 1557.039114
demand_387 16 20 9622.074308
demand_388 16 21 4675.480227
demand_389 16 22 1142.431456
demand_390 16 23 5847.152967
demand_391 17 0 144.849572
demand_392 17 1 132.001398
demand_393 17 2 28.336363
demand_394 17 3 53.179717
demand_395 17 4 0.867165
demand_396 17 5 219.893669
demand_397 17 6 166.970570
demand_398 17 7 141.628712
demand_399 17 8 41.589923
demand_400 17 9 184.678402
demand_401 17 10 188.267953
demand_402 17 11 456.980606
demand_403 17 12 79.570827
demand_404 17 13 291.735301
demand_405 17 14 59.279834
demand_406 17 15 54.171767
demand_407 17 16 94.557772
demand_408 17 18 5.660994
demand_409 17 19 98.311702
demand_410 17 20 607.539331
demand_411 17 21 295.210579
demand_412 17 22 72.133307
demand_413 17 23 369.190186
demand_414 18 0 435.260743
demand_415 18 1 396.653065
demand_416 18 2 85.148380
demand_417 18 3 159.800562
demand_418 18 4 2.605756
demand_419 18 5 660.761925
demand_420 18 6 501.732477
demand_421 18 7 425.582331
demand_422 18 8 124.974211
demand_423 18 9 554.943019
demand_424 18 10 565.729317
demand_425 18 11 1373.188170
demand_426 18 12 239.103621
demand_427 18 13 876.639967
demand_428 18 14 178.130900
demand_429 18 15 162.781591
demand_430 18 16 284.138127
demand_431 18 17 1001.890311
demand_432 18 19 295.418371
demand_433 18 20 1825.604439
demand_434 18 21 887.082887
demand_435 18 22 216.754503
demand_436 18 23 1109.385364
demand_437 19 0 769.968316
demand_438 19 1 701.672038
demand_439 19 2 150.625931
demand_440 19 3 282.684280
demand_441 19 4 4.609535
demand_442 19 5 1168.875793
demand_443 19 6 887.555600
demand_444 19 7 752.847380
demand_445 19 8 221.077100
demand_446 19 9 981.684078
demand_447 19 10 1000.764842
demand_448 19 11 2429.144825
demand_449 19 12 422.969945
demand_450 19 13 1550.760111
demand_451 19 14 315.110312
demand_452 19 15 287.957666
demand_453 19 16 502.635164
demand_454 19 17 1772.325685
demand_455 19 18 30.091813
demand_456 19 20 3229.460952
demand_457 19 21 1569.233446
demand_458 19 22 383.434762
demand_459 19 23 1962.482473
demand_460 20 0 217.081621
demand_461 20 1 197.826456
demand_462 20 2 42.466840
demand_463 20 3 79.698814
demand_464 20 4 1.299593
demand_465 20 5 329.547913
demand_466 20 6 250.233684
demand_467 20 7 212.254616
demand_468 20 8 62.329545
demand_469 20 9 276.771870
demand_470 20 10 282.151420
demand_471 20 11 684.862850
demand_472 20 12 119.250363
demand_473 20 13 437.214768
demand_474 20 14 88.840873
demand_475 20 15 81.185570
demand_476 20 16 141.710839
demand_477 20 17 499.682031
demand_478 20 18 8.483959
demand_479 20 19 147.336739
demand_480 20 21 442.423062
demand_481 20 22 108.103980
demand_482 20 23 553.294034
demand_483 21 0 128.536260
demand_484 21 1 117.135079
demand_485 21 2 25.145053
demand_486 21 3 47.190487
demand_487 21 4 0.769502
demand_488 21 5 195.128708
demand_489 21 6 148.165937
demand_490 21 7 125.678141
demand_491 21 8 36.905965
demand_492 21 9 163.879470
demand_493 21 10 167.064757
demand_494 21 11 405.514336
demand_495 21 12 70.609366
demand_496 21 13 258.879360
demand_497 21 14 52.603594
demand_498 21 15 48.070811
demand_499 21 16 83.908445
demand_500 21 17 295.866869
demand_501 21 18 5.023439
demand_502 21 19 87.239599
demand_503 21 20 539.116771
demand_504 21 22 64.009478
demand_505 21 23 327.611087
demand_506 22 0 69.292458
demand_507 22 1 63.146209
demand_508 22 2 13.555416
demand_509 22 3 25.439863
demand_510 22 4 0.414830
demand_511 22 5 105.191700
demand_512 22 6 79.874597
demand_513 22 7 67.751678
demand_514 22 8 19.895592
demand_515 22 9 88.345586
demand_516 22 10 90.062739
demand_517 22 11 218.608236
demand_518 22 12 38.064718
demand_519 22 13 139.558963
demand_520 22 14 28.358008
demand_521 22 15 25.914436
demand_522 22 16 45.234103
demand_523 22 17 159.498514
demand_524 22 18 2.708080
demand_525 22 19 47.029890
demand_526 22 20 290.631811
demand_527 22 21 141.221450
demand_528 22 23 176.611467
demand_529 23 0 668.510522
demand_530 23 1 609.213562
demand_531 23 2 130.778134
demand_532 23 3 245.435314
demand_533 23 4 4.002142
demand_534 23 5 1014.854443
demand_535 23 6 770.603472
demand_536 23 7 653.645591
demand_537 23 8 191.946037
demand_538 23 9 852.328754
demand_539 23 10 868.895269
demand_540 23 11 2109.059349
demand_541 23 12 367.235707
demand_542 23 13 1346.418327
demand_543 23 14 273.588607
demand_544 23 15 250.013832
demand_545 23 16 436.403536
demand_546 23 17 1538.788472
demand_547 23 18 26.126652
demand_548 23 19 453.728696
demand_549 23 20 2803.918787
demand_550 23 21 1362.457452
demand_551 23 22 332.910027
