DEMANDS 552
label src dest bw
demand_0 0 1 11.086097
demand_1 0 2 3.708205
demand_2 0 3 3.916437
demand_3 0 4 0.663163
demand_4 0 5 23.020586
demand_5 0 6 18.414488
demand_6 0 7 12.457732
demand_7 0 8 3.808402
demand_8 0 9 21.542022
demand_9 0 10 22.054950
demand_10 0 11 49.308905
demand_11 0 12 7.303983
demand_12 0 13 26.683186
demand_13 0 14 5.209931
demand_14 0 15 4.062930
demand_15 0 16 8.381775
demand_16 0 17 34.100357
demand_17 0 18 1.354802
demand_18 0 19 9.076686
demand_19 0 20 62.233139
demand_20 0 21 28.356217
demand_21 0 22 6.950901
demand_22 0 23 44.541863
demand_23 1 0 1170.809998
demand_24 1 2 283.902948
demand_25 1 3 299.845349
demand_26 1 4 50.772245
demand_27 1 5 1762.473198
demand_28 1 6 1409.826896
demand_29 1 7 953.773253
demand_30 1 8 291.574089
demand_31 1 9 1649.273248
demand_32 1 10 1688.543376
demand_33 1 11 3775.126438
demand_34 1 12 559.198358
demand_35 1 13 2042.884548
demand_36 1 14 398.876163
demand_37 1 15 311.060914
demand_38 1 16 641.714950
demand_39 1 17 2610.748672
demand_40 1 18 103.724683
demand_41 1 19 694.917815
demand_42 1 20 4764.615341
demand_43 1 21 2170.973046
demand_44 1 22 532.166151
demand_45 1 23 3410.158160
demand_46 2 0 1074.470016
demand_47 2 1 778.919742
demand_48 2 3 275.172605
demand_49 2 4 46.594456
demand_50 2 5 1617.448270
demand_51 2 6 1293.819433
demand_52 2 7 875.292118
demand_53 2 8 267.581945
demand_54 2 9 1513.562966
demand_55 2 10 1549.601756
demand_56 2 11 3464.490543
demand_57 2 12 513.184778
demand_58 2 13 1874.786001
demand_59 2 14 366.054679
demand_60 2 15 285.465298
demand_61 2 16 588.911501
demand_62 2 17 2395.923483
demand_63 2 18 95.189708
demand_64 2 19 637.736574
demand_65 2 20 4372.559452
demand_66 2 21 1992.334750
demand_67 2 22 488.376913
demand_68 2 23 3129.553643
demand_69 3 0 346.029028
demand_70 3 1 250.848174
demand_71 3 2 83.906579
demand_72 3 4 15.005569
demand_73 3 5 520.893132
demand_74 3 6 416.669683
demand_75 3 7 281.884535
demand_76 3 8 86.173759
demand_77 3 9 487.437261
demand_78 3 10 499.043418
demand_79 3 11 1115.726150
demand_80 3 12 165.269228
demand_81 3 13 603.767781
demand_82 3 14 117.886533
demand_83 3 15 91.933026
demand_84 3 16 189.656734
demand_85 3 17 771.598147
demand_86 3 18 30.655487
demand_87 3 19 205.380665
demand_88 3 20 1408.166327
demand_89 3 21 641.623913
demand_90 3 22 157.279948
demand_91 3 23 1007.860981
demand_92 4 0 1572.393812
demand_93 4 1 1139.881583
demand_94 4 2 381.280686
demand_95 4 3 402.691276
demand_96 4 5 2366.995461
demand_97 4 6 1893.392687
demand_98 4 7 1280.914209
demand_99 4 8 391.583001
demand_100 4 9 2214.968316
demand_101 4 10 2267.707964
demand_102 4 11 5069.981860
demand_103 4 12 751.001477
demand_104 4 13 2743.586943
demand_105 4 14 535.689320
demand_106 4 15 417.753740
demand_107 4 16 861.820977
demand_108 4 17 3506.226514
demand_109 4 18 139.301893
demand_110 4 19 933.272243
demand_111 4 20 6398.862065
demand_112 4 21 2915.609356
demand_113 4 22 714.697315
demand_114 4 23 4579.830715
demand_115 5 0 1230.134594
demand_116 5 1 891.766272
demand_117 5 2 298.288226
demand_118 5 3 315.038425
demand_119 5 4 53.344860
demand_120 5 6 1481.262408
demand_121 5 7 1002.100662
demand_122 5 8 306.348062
demand_123 5 9 1732.841435
demand_124 5 10 1774.101369
demand_125 5 11 3966.410977
demand_126 5 12 587.532773
demand_127 5 13 2146.396904
demand_128 5 14 419.087101
demand_129 5 15 326.822278
demand_130 5 16 674.230457
demand_131 5 17 2743.034535
demand_132 5 18 108.980382
demand_133 5 19 730.129096
demand_134 5 20 5006.036991
demand_135 5 21 2280.975608
demand_136 5 22 559.130852
demand_137 5 23 3582.949865
demand_138 6 0 170.235212
demand_139 6 1 123.409277
demand_140 6 2 41.279353
demand_141 6 3 43.597370
demand_142 6 4 7.382260
demand_143 6 5 256.262758
demand_144 6 7 138.678174
demand_145 6 8 42.394733
demand_146 6 9 239.803540
demand_147 6 10 245.513397
demand_148 6 11 548.901574
demand_149 6 12 81.307173
demand_150 6 13 297.034434
demand_151 6 14 57.996403
demand_152 6 15 45.228108
demand_153 6 16 93.305046
demand_154 6 17 379.601605
demand_155 6 18 15.081519
demand_156 6 19 101.040717
demand_157 6 20 692.772786
demand_158 6 21 315.658440
demand_159 6 22 77.376703
demand_160 6 23 495.835362
demand_161 7 0 379.296067
demand_162 7 1 274.964578
demand_163 7 2 91.973310
demand_164 7 3 97.138017
demand_165 7 4 16.448197
demand_166 7 5 570.971509
demand_167 7 6 456.728075
demand_168 7 8 94.458456
demand_169 7 9 534.299209
demand_170 7 10 547.021175
demand_171 7 11 1222.991443
demand_172 7 12 181.158120
demand_173 7 13 661.813680
demand_174 7 14 129.220079
demand_175 7 15 100.771416
demand_176 7 16 207.890227
demand_177 7 17 845.779165
demand_178 7 18 33.602689
demand_179 7 19 225.125848
demand_180 7 20 1543.546657
demand_181 7 21 703.309281
demand_182 7 22 172.400755
demand_183 7 23 1104.756177
demand_184 8 0 274.055691
demand_185 8 1 198.672262
demand_186 8 2 66.454180
demand_187 8 3 70.185875
demand_188 8 4 11.884441
demand_189 8 5 412.548416
demand_190 8 6 330.003233
demand_191 8 7 223.253123
demand_192 8 9 386.051298
demand_193 8 10 395.243398
demand_194 8 11 883.657371
demand_195 8 12 130.893563
demand_196 8 13 478.185306
demand_197 8 14 93.366373
demand_198 8 15 72.811143
demand_199 8 16 150.208518
demand_200 8 17 611.107296
demand_201 8 18 24.279208
demand_202 8 19 162.661903
demand_203 8 20 1115.270584
demand_204 8 21 508.167439
demand_205 8 22 124.566038
demand_206 8 23 798.227939
demand_207 9 0 1482.587344
demand_208 9 1 1074.777829
demand_209 9 2 359.504034
demand_210 9 3 379.691770
demand_211 9 4 64.292489
demand_212 9 5 2231.805726
demand_213 9 6 1785.252533
demand_214 9 7 1207.755449
demand_215 9 8 369.217939
demand_216 9 10 2138.188984
demand_217 9 11 4780.412441
demand_218 9 12 708.108412
demand_219 9 13 2586.888379
demand_220 9 14 505.093698
demand_221 9 15 393.893949
demand_222 9 16 812.598513
demand_223 9 17 3305.970181
demand_224 9 18 131.345737
demand_225 9 19 879.968877
demand_226 9 20 6033.394333
demand_227 9 21 2749.085820
demand_228 9 22 673.877744
demand_229 9 23 4318.256028
demand_230 10 0 11.953605
demand_231 10 1 8.665574
demand_232 10 2 2.898561
demand_233 10 3 3.061328
demand_234 10 4 0.518369
demand_235 10 5 17.994302
demand_236 10 6 14.393893
demand_237 10 7 9.737728
demand_238 10 8 2.976881
demand_239 10 9 16.838566
demand_240 10 11 38.542865
demand_241 10 12 5.709241
demand_242 10 13 20.857215
demand_243 10 14 4.072401
demand_244 10 15 3.175835
demand_245 10 16 6.551710
demand_246 10 17 26.654930
demand_247 10 18 1.058997
demand_248 10 19 7.094894
demand_249 10 20 48.645238
demand_250 10 21 22.164958
demand_251 10 22 5.433251
demand_252 10 23 34.816652
demand_253 11 0 206.054450
demand_254 11 1 149.375857
demand_255 11 2 49.964952
demand_256 11 3 52.770705
demand_257 11 4 8.935564
demand_258 11 5 310.183075
demand_259 11 6 248.119768
demand_260 11 7 167.857486
demand_261 11 8 51.315020
demand_262 11 9 290.260668
demand_263 11 10 297.171938
demand_264 11 12 98.415038
demand_265 11 13 359.533530
demand_266 11 14 70.199442
demand_267 11 15 54.744566
demand_268 11 16 112.937386
demand_269 11 17 459.473683
demand_270 11 18 18.254826
demand_271 11 19 122.300722
demand_272 11 20 838.539298
demand_273 11 21 382.076219
demand_274 11 22 93.657556
demand_275 11 23 600.164215
demand_276 12 0 145.239160
demand_277 12 1 105.288791
demand_278 12 2 35.218204
demand_279 12 3 37.195862
demand_280 12 4 6.298305
demand_281 12 5 218.635071
demand_282 12 6 174.889243
demand_283 12 7 118.315719
demand_284 12 8 36.169811
demand_285 12 9 204.592600
demand_286 12 10 209.464065
demand_287 12 11 468.305015
demand_288 12 13 253.420142
demand_289 12 14 49.480649
demand_290 12 15 38.587154
demand_291 12 16 79.604838
demand_292 12 17 323.863774
demand_293 12 18 12.867063
demand_294 12 19 86.204662
demand_295 12 20 591.051265
demand_296 12 21 269.309540
demand_297 12 22 66.015293
demand_298 12 23 423.030644
demand_299 13 0 183.426787
demand_300 13 1 132.972296
demand_301 13 2 44.478101
demand_302 13 3 46.975742
demand_303 13 4 7.954314
demand_304 13 5 276.120631
demand_305 13 6 220.872744
demand_306 13 7 149.424384
demand_307 13 8 45.679912
demand_308 13 9 258.385983
demand_309 13 10 264.538299
demand_310 13 11 591.436111
demand_311 13 12 87.607689
demand_312 13 14 62.490560
demand_313 13 15 48.732846
demand_314 13 16 100.535280
demand_315 13 17 409.017040
demand_316 13 18 16.250190
demand_317 13 19 108.870391
demand_318 13 20 746.455944
demand_319 13 21 340.118901
demand_320 13 22 83.372646
demand_321 13 23 534.257783
demand_322 14 0 669.582333
demand_323 14 1 485.402934
demand_324 14 2 162.363149
demand_325 14 3 171.480555
demand_326 14 4 29.036478
demand_327 14 5 1007.952544
demand_328 14 6 806.275301
demand_329 14 7 545.459743
demand_330 14 8 166.750249
demand_331 14 9 943.213871
demand_332 14 10 965.672326
demand_333 14 11 2158.982221
demand_334 14 12 319.803676
demand_335 14 13 1168.318861
demand_336 14 15 177.894699
demand_337 14 16 366.994640
demand_338 14 17 1493.078459
demand_339 14 18 59.319800
demand_340 14 19 397.421181
demand_341 14 20 2724.867625
demand_342 14 21 1241.572245
demand_343 14 22 304.344047
demand_344 14 23 1950.258080
demand_345 15 0 1862.236796
demand_346 15 1 1349.998588
demand_347 15 2 451.563035
demand_348 15 3 476.920289
demand_349 15 4 80.756010
demand_350 15 5 2803.309202
demand_351 15 6 2242.406135
demand_352 15 7 1517.028084
demand_353 15 8 463.764401
demand_354 15 9 2623.258543
demand_355 15 10 2685.719812
demand_356 15 11 6004.543330
demand_357 15 12 889.435314
demand_358 15 13 3249.318663
demand_359 15 14 634.434169
demand_360 15 16 1020.682429
demand_361 15 17 4152.537348
demand_362 15 18 164.979733
demand_363 15 19 1105.304472
demand_364 15 20 7578.379092
demand_365 15 21 3453.050365
demand_366 15 22 846.439123
demand_367 15 23 5424.041492
demand_368 16 0 3292.431719
demand_369 16 1 2386.795376
demand_370 16 2 798.362734
demand_371 16 3 843.194320
demand_372 16 4 142.776498
demand_373 16 5 4956.246251
demand_374 16 6 3964.570513
demand_375 16 7 2682.103261
demand_376 16 8 819.934729
demand_377 16 9 4637.916969
demand_378 16 10 4748.348393
demand_379 16 11 10616.023142
demand_380 16 12 1572.520233
demand_381 16 13 5744.790274
demand_382 16 14 1121.678612
demand_383 16 15 874.733578
demand_384 16 17 7341.679485
demand_385 16 18 291.683908
demand_386 16 19 1954.176564
demand_387 16 20 13398.562289
demand_388 16 21 6104.987602
demand_389 16 22 1496.503035
demand_390 16 23 9589.696807
demand_391 17 0 108.661787
demand_392 17 1 78.772613
demand_393 17 2 26.348769
demand_394 17 3 27.828368
demand_395 17 4 4.712125
demand_396 17 5 163.573499
demand_397 17 6 130.844723
demand_398 17 7 88.518809
demand_399 17 8 27.060720
demand_400 17 9 153.067517
demand_401 17 10 156.712141
demand_402 17 11 350.365974
demand_403 17 12 51.898680
demand_404 17 13 189.598215
demand_405 17 14 37.019326
demand_406 17 15 28.869274
demand_407 17 16 59.556968
demand_408 17 18 9.626591
demand_409 17 19 64.494676
demand_410 17 20 442.199520
demand_411 17 21 201.485990
demand_412 17 22 49.389846
demand_413 17 23 316.493608
demand_414 18 0 271.959094
demand_415 18 1 197.152367
demand_416 18 2 65.945788
demand_417 18 3 69.648935
demand_418 18 4 11.793522
demand_419 18 5 409.392313
demand_420 18 6 327.478622
demand_421 18 7 221.545178
demand_422 18 8 67.727663
demand_423 18 9 383.097905
demand_424 18 10 392.219683
demand_425 18 11 876.897162
demand_426 18 12 129.892193
demand_427 18 13 474.527064
demand_428 18 14 92.652096
demand_429 18 15 72.254118
demand_430 18 16 149.059383
demand_431 18 17 606.432166
demand_432 18 19 161.417497
demand_433 18 20 1106.738474
demand_434 18 21 504.279826
demand_435 18 22 123.613075
demand_436 18 23 792.121287
demand_437 19 0 660.178291
demand_438 19 1 478.585625
demand_439 19 2 160.082817
demand_440 19 3 169.072173
demand_441 19 4 28.628671
demand_442 19 5 993.796214
demand_443 19 6 794.951454
demand_444 19 7 537.798957
demand_445 19 8 164.408302
demand_446 19 9 929.966772
demand_447 19 10 952.109806
demand_448 19 11 2128.660093
demand_449 19 12 315.312149
demand_450 19 13 1151.910243
demand_451 19 14 224.912141
demand_452 19 15 175.396232
demand_453 19 16 361.840332
demand_454 19 17 1472.108710
demand_455 19 18 58.486675
demand_456 19 20 2686.597841
demand_457 19 21 1224.134811
demand_458 19 22 300.069644
demand_459 19 23 1922.867408
demand_460 20 0 130.221429
demand_461 20 1 94.401929
demand_462 20 2 31.576641
demand_463 20 3 33.349809
demand_464 20 4 5.647060
demand_465 20 5 196.028201
demand_466 20 6 156.805693
demand_467 20 7 106.081872
demand_468 20 8 32.429852
demand_469 20 9 183.437722
demand_470 20 10 187.805478
demand_471 20 11 419.882269
demand_472 20 12 62.195924
demand_473 20 13 227.216496
demand_474 20 14 44.364349
demand_475 20 15 34.597242
demand_476 20 16 71.373697
demand_477 20 17 290.376255
demand_478 20 18 11.536608
demand_479 20 19 77.291098
demand_480 20 21 241.462930
demand_481 20 22 59.189310
demand_482 20 23 379.289269
demand_483 21 0 60.997086
demand_484 21 1 44.218856
demand_485 21 2 14.790831
demand_486 21 3 15.621401
demand_487 21 4 2.645142
demand_488 21 5 91.821670
demand_489 21 6 73.449435
demand_490 21 7 49.689864
demand_491 21 8 15.190483
demand_492 21 9 85.924157
demand_493 21 10 87.970060
demand_494 21 11 196.677269
demand_495 21 12 29.133224
demand_496 21 13 106.430595
demand_497 21 14 20.780728
demand_498 21 15 16.205712
demand_499 21 16 33.432190
demand_500 21 17 136.015290
demand_501 21 18 5.403869
demand_502 21 19 36.203963
demand_503 21 20 248.227853
demand_504 21 22 27.724895
demand_505 21 23 177.663081
demand_506 22 0 46.458518
demand_507 22 1 33.679354
demand_508 22 2 11.265457
demand_509 22 3 11.898062
demand_510 22 4 2.014676
demand_511 22 5 69.936106
demand_512 22 6 55.942867
demand_513 22 7 37.846356
demand_514 22 8 11.569853
demand_515 22 9 65.444257
demand_516 22 10 67.002522
demand_517 22 11 149.799522
demand_518 22 12 22.189362
demand_519 22 13 81.063014
demand_520 22 14 15.827671
demand_521 22 15 12.343103
demand_522 22 16 25.463675
demand_523 22 17 103.596240
demand_524 22 18 4.115864
demand_525 22 19 27.574800
demand_526 22 20 189.063098
demand_527 22 21 86.145651
demand_528 22 23 135.317339
demand_529 23 0 580.343789
demand_530 23 1 420.710888
demand_531 23 2 140.724211
demand_532 23 3 148.626495
demand_533 23 4 25.166643
demand_534 23 5 873.617731
demand_535 23 6 698.819010
demand_536 23 7 472.763629
demand_537 23 8 144.526620
demand_538 23 9 817.507100
demand_539 23 10 836.972406
demand_540 23 11 1871.243999
demand_541 23 12 277.181861
demand_542 23 13 1012.611237
demand_543 23 14 197.713809
demand_544 23 15 154.185794
demand_545 23 16 318.083452
demand_546 23 17 1294.088520
demand_547 23 18 51.413958
demand_548 23 19 344.454898
demand_549 23 20 2361.711061
demand_550 23 21 1076.101781
demand_551 23 22 263.782613
