DEMANDS 552
label src dest bw
demand_0 0 1 38.266235
demand_1 0 2 3.136588
demand_2 0 3 6.454610
demand_3 0 4 0.318218
demand_4 0 5 87.151598
demand_5 0 6 50.866998
demand_6 0 7 39.946626
demand_7 0 8 5.101453
demand_8 0 9 67.816439
demand_9 0 10 81.376029
demand_10 0 11 172.717518
demand_11 0 12 24.085915
demand_12 0 13 88.266154
demand_13 0 14 14.007394
demand_14 0 15 10.718988
demand_15 0 16 32.106918
demand_16 0 17 121.058013
demand_17 0 18 2.112488
demand_18 0 19 35.469740
demand_19 0 20 206.258590
demand_20 0 21 104.544921
demand_21 0 22 20.140794
demand_22 0 23 166.118255
demand_23 1 0 1006.585095
demand_24 1 2 77.086021
demand_25 1 3 158.631053
demand_26 1 4 7.820640
demand_27 1 5 2141.872205
demand_28 1 6 1250.127484
demand_29 1 7 981.744108
demand_30 1 8 125.375335
demand_31 1 9 1666.683677
demand_32 1 10 1999.929522
demand_33 1 11 4244.774130
demand_34 1 12 591.945000
demand_35 1 13 2169.263973
demand_36 1 14 344.251273
demand_37 1 15 263.434086
demand_38 1 16 789.072335
demand_39 1 17 2975.169682
demand_40 1 18 51.917334
demand_41 1 19 871.718387
demand_42 1 20 5069.092821
demand_43 1 21 2569.337379
demand_44 1 22 494.988125
demand_45 1 23 4082.588035
demand_46 2 0 837.057256
demand_47 2 1 782.057347
demand_48 2 3 131.914604
demand_49 2 4 6.503497
demand_50 2 5 1781.140691
demand_51 2 6 1039.582532
demand_52 2 7 816.399958
demand_53 2 8 104.259773
demand_54 2 9 1385.982837
demand_55 2 10 1663.103822
demand_56 2 11 3529.874429
demand_57 2 12 492.250342
demand_58 2 13 1803.919171
demand_59 2 14 286.272892
demand_60 2 15 219.066838
demand_61 2 16 656.177731
demand_62 2 17 2474.095219
demand_63 2 18 43.173480
demand_64 2 19 724.904636
demand_65 2 20 4215.362367
demand_66 2 21 2136.612699
demand_67 2 22 411.622827
demand_68 2 23 3395.003518
demand_69 3 0 283.478060
demand_70 3 1 264.851774
demand_71 3 2 21.709238
demand_72 3 4 2.202476
demand_73 3 5 603.201638
demand_74 3 6 352.065331
demand_75 3 7 276.482254
demand_76 3 8 35.308646
demand_77 3 9 469.377361
demand_78 3 10 563.227237
demand_79 3 11 1195.428328
demand_80 3 12 166.705648
demand_81 3 13 610.915805
demand_82 3 14 96.949263
demand_83 3 15 74.189241
demand_84 3 16 222.221346
demand_85 3 17 837.877825
demand_86 3 18 14.621144
demand_87 3 19 245.496420
demand_88 3 20 1427.575877
demand_89 3 21 723.585894
demand_90 3 22 139.400309
demand_91 3 23 1149.752905
demand_92 4 0 1225.720334
demand_93 4 1 1145.182824
demand_94 4 2 93.867775
demand_95 4 3 193.165296
demand_96 4 5 2608.161326
demand_97 4 6 1522.282304
demand_98 4 7 1195.471424
demand_99 4 8 152.669753
demand_100 4 9 2029.523469
demand_101 4 10 2435.317485
demand_102 4 11 5168.868476
demand_103 4 12 720.812405
demand_104 4 13 2641.516326
demand_105 4 14 419.195344
demand_106 4 15 320.784122
demand_107 4 16 960.854687
demand_108 4 17 3622.869041
demand_109 4 18 63.219823
demand_110 4 19 1061.492921
demand_111 4 20 6172.642709
demand_112 4 21 3128.686374
demand_113 4 22 602.747859
demand_114 4 23 4971.374199
demand_115 5 0 1034.681141
demand_116 5 1 966.696103
demand_117 5 2 79.237664
demand_118 5 3 163.058802
demand_119 5 4 8.038931
demand_120 5 6 1285.021344
demand_121 5 7 1009.146787
demand_122 5 8 128.874841
demand_123 5 9 1713.204554
demand_124 5 10 2055.752037
demand_125 5 11 4363.255290
demand_126 5 12 608.467512
demand_127 5 13 2229.812993
demand_128 5 14 353.860097
demand_129 5 15 270.787122
demand_130 5 16 811.097112
demand_131 5 17 3058.213336
demand_132 5 18 53.366463
demand_133 5 19 896.050001
demand_134 5 20 5210.582563
demand_135 5 21 2641.053344
demand_136 5 22 508.804353
demand_137 5 23 4196.542217
demand_138 6 0 155.572150
demand_139 6 1 145.350085
demand_140 6 2 11.913983
demand_141 6 3 24.517126
demand_142 6 4 1.208714
demand_143 6 5 331.035763
demand_144 6 7 151.732867
demand_145 6 8 19.377309
demand_146 6 9 257.593287
demand_147 6 10 309.097897
demand_148 6 11 656.048497
demand_149 6 12 91.487701
demand_150 6 13 335.269281
demand_151 6 14 53.205547
demand_152 6 15 40.714896
demand_153 6 16 121.954597
demand_154 6 17 459.825550
demand_155 6 18 8.024052
demand_156 6 19 134.727908
demand_157 6 20 783.450573
demand_158 6 21 397.102384
demand_159 6 22 76.502590
demand_160 6 23 630.981923
demand_161 7 0 394.214802
demand_162 7 1 368.312418
demand_163 7 2 30.189649
demand_164 7 3 62.125606
demand_165 7 4 3.062843
demand_166 7 5 838.833926
demand_167 7 6 489.594731
demand_168 7 8 49.101475
demand_169 7 9 652.733066
demand_170 7 10 783.244084
demand_171 7 11 1662.405693
demand_172 7 12 231.826879
demand_173 7 13 849.561524
demand_174 7 14 134.821137
demand_175 7 15 103.170230
demand_176 7 16 309.029009
demand_177 7 17 1165.183085
demand_178 7 18 20.332689
demand_179 7 19 341.396165
demand_180 7 20 1985.238438
demand_181 7 21 1006.244609
demand_182 7 22 193.855092
demand_183 7 23 1598.887805
demand_184 8 0 232.528405
demand_185 8 1 217.249831
demand_186 8 2 17.807426
demand_187 8 3 36.644916
demand_188 8 4 1.806624
demand_189 8 5 494.787902
demand_190 8 6 288.788450
demand_191 8 7 226.789958
demand_192 8 9 385.015930
demand_193 8 10 461.998120
demand_194 8 11 980.573388
demand_195 8 12 136.743557
demand_196 8 13 501.115597
demand_197 8 14 79.524523
demand_198 8 15 60.855171
demand_199 8 16 182.281391
demand_200 8 17 687.285619
demand_201 8 18 11.993278
demand_202 8 19 201.373224
demand_203 8 20 1170.996941
demand_204 8 21 593.535435
demand_205 8 22 114.345821
demand_206 8 23 943.107232
demand_207 9 0 1174.633841
demand_208 9 1 1097.453034
demand_209 9 2 89.955483
demand_210 9 3 185.114408
demand_211 9 4 9.126291
demand_212 9 5 2499.456419
demand_213 9 6 1458.835479
demand_214 9 7 1145.645668
demand_215 9 8 146.306668
demand_216 9 10 2333.816494
demand_217 9 11 4953.436493
demand_218 9 12 690.769845
demand_219 9 13 2531.421225
demand_220 9 14 401.723806
demand_221 9 15 307.414241
demand_222 9 16 920.807463
demand_223 9 17 3471.872384
demand_224 9 18 60.584900
demand_225 9 19 1017.251222
demand_226 9 20 5915.374670
demand_227 9 21 2998.286634
demand_228 9 22 577.626081
demand_229 9 23 4764.173531
demand_230 10 0 22.676591
demand_231 10 1 21.186596
demand_232 10 2 1.736612
demand_233 10 3 3.573678
demand_234 10 4 0.176185
demand_235 10 5 48.252611
demand_236 10 6 28.163172
demand_237 10 7 22.116967
demand_238 10 8 2.824486
demand_239 10 9 37.547450
demand_240 10 11 95.627290
demand_241 10 12 13.335479
demand_242 10 13 48.869699
demand_243 10 14 7.755375
demand_244 10 15 5.934706
demand_245 10 16 17.776411
demand_246 10 17 67.025337
demand_247 10 18 1.169606
demand_248 10 19 19.638281
demand_249 10 20 114.197740
demand_250 10 21 57.882649
demand_251 10 22 11.151211
demand_252 10 23 91.973523
demand_253 11 0 183.916420
demand_254 11 1 171.831959
demand_255 11 2 14.084636
demand_256 11 3 28.983993
demand_257 11 4 1.428934
demand_258 11 5 391.348403
demand_259 11 6 228.414839
demand_260 11 7 179.377643
demand_261 11 8 22.907733
demand_262 11 9 304.525169
demand_263 11 10 365.413596
demand_264 11 12 108.156187
demand_265 11 13 396.353241
demand_266 11 14 62.899264
demand_267 11 15 48.132895
demand_268 11 16 144.173960
demand_269 11 17 543.602882
demand_270 11 18 9.485984
demand_271 11 19 159.274488
demand_272 11 20 926.190356
demand_273 11 21 469.451948
demand_274 11 22 90.440882
demand_275 11 23 745.942873
demand_276 12 0 150.076280
demand_277 12 1 140.215327
demand_278 12 2 11.493100
demand_279 12 3 23.651014
demand_280 12 4 1.166014
demand_281 12 5 319.341320
demand_282 12 6 186.387105
demand_283 12 7 146.372626
demand_284 12 8 18.692770
demand_285 12 9 248.493334
demand_286 12 10 298.178449
demand_287 12 11 632.872386
demand_288 12 13 323.425281
demand_289 12 14 51.325964
demand_290 12 15 39.276568
demand_291 12 16 117.646328
demand_292 12 17 443.581372
demand_293 12 18 7.740588
demand_294 12 19 129.968398
demand_295 12 20 755.773751
demand_296 12 21 383.074017
demand_297 12 22 73.799996
demand_298 12 23 608.691334
demand_299 13 0 178.332668
demand_300 13 1 166.615094
demand_301 13 2 13.657023
demand_302 13 3 28.104031
demand_303 13 4 1.385552
demand_304 13 5 379.466960
demand_305 13 6 221.480103
demand_306 13 7 173.931690
demand_307 13 8 22.212248
demand_308 13 9 295.279703
demand_309 13 10 354.319541
demand_310 13 11 752.029711
demand_311 13 12 104.872536
demand_312 13 14 60.989626
demand_313 13 15 46.671567
demand_314 13 16 139.796800
demand_315 13 17 527.098952
demand_316 13 18 9.197987
demand_317 13 19 154.438872
demand_318 13 20 898.070967
demand_319 13 21 455.199261
demand_320 13 22 87.695073
demand_321 13 23 723.295847
demand_322 14 0 751.931972
demand_323 14 1 702.525328
demand_324 14 2 57.584246
demand_325 14 3 118.499431
demand_326 14 4 5.842118
demand_327 14 5 1600.006000
demand_328 14 6 933.861260
demand_329 14 7 733.375437
demand_330 14 8 93.656983
demand_331 14 9 1245.034077
demand_332 14 10 1493.972996
demand_333 14 11 3170.900701
demand_334 14 12 442.190505
demand_335 14 13 1620.468002
demand_336 14 15 196.788640
demand_337 14 16 589.447152
demand_338 14 17 2222.489900
demand_339 14 18 38.782914
demand_340 14 19 651.184812
demand_341 14 20 3786.677333
demand_342 14 21 1919.327966
demand_343 14 22 369.762476
demand_344 14 23 3049.745608
demand_345 15 0 1357.954828
demand_346 15 1 1268.728683
demand_347 15 2 103.994520
demand_348 15 3 214.004565
demand_349 15 4 10.550599
demand_350 15 5 2889.537822
demand_351 15 6 1686.510819
demand_352 15 7 1324.442572
demand_353 15 8 169.140237
demand_354 15 9 2248.474727
demand_355 15 10 2698.047055
demand_356 15 11 5726.501967
demand_357 15 12 798.575873
demand_358 15 13 2926.491264
demand_359 15 14 464.419432
demand_360 15 16 1064.514657
demand_361 15 17 4013.715339
demand_362 15 18 70.040173
demand_363 15 19 1176.010055
demand_364 15 20 6838.566463
demand_365 15 21 3466.218721
demand_366 15 22 667.774159
demand_367 15 23 5507.701398
demand_368 16 0 1776.656938
demand_369 16 1 1659.919439
demand_370 16 2 136.059449
demand_371 16 3 279.989206
demand_372 16 4 13.803695
demand_373 16 5 3780.477312
demand_374 16 6 2206.517541
demand_375 16 7 1732.811751
demand_376 16 8 221.291731
demand_377 16 9 2941.753393
demand_378 16 10 3529.943647
demand_379 16 11 7492.170753
demand_380 16 12 1044.803064
demand_381 16 13 3828.824714
demand_382 16 14 607.615208
demand_383 16 15 464.970125
demand_384 16 17 5251.275709
demand_385 16 18 91.635861
demand_386 16 19 1538.612611
demand_387 16 20 8947.121288
demand_388 16 21 4534.967887
demand_389 16 22 873.670882
demand_390 16 23 7205.906777
demand_391 17 0 133.037997
demand_392 17 1 124.296566
demand_393 17 2 10.188279
demand_394 17 3 20.965895
demand_395 17 4 1.033636
demand_396 17 5 283.086237
demand_397 17 6 165.226424
demand_398 17 7 129.754822
demand_399 17 8 16.570565
demand_400 17 9 220.281682
demand_401 17 10 264.326005
demand_402 17 11 561.021864
demand_403 17 12 78.235986
demand_404 17 13 286.706543
demand_405 17 14 45.498885
demand_406 17 15 34.817467
demand_407 17 16 104.289844
demand_408 17 18 6.861793
demand_409 17 19 115.212979
demand_410 17 20 669.970137
demand_411 17 21 339.583309
demand_412 17 22 65.421422
demand_413 17 23 539.586107
demand_414 18 0 206.372770
demand_415 18 1 192.812785
demand_416 18 2 15.804382
demand_417 18 3 32.522963
demand_418 18 4 1.603408
demand_419 18 5 439.132372
demand_420 18 6 256.304483
demand_421 18 7 201.279805
demand_422 18 8 25.704787
demand_423 18 9 341.707948
demand_424 18 10 410.030903
demand_425 18 11 870.274953
demand_426 18 12 121.362148
demand_427 18 13 444.748306
demand_428 18 14 70.579317
demand_429 18 15 54.009961
demand_430 18 16 161.777722
demand_431 18 17 609.977251
demand_432 18 19 178.722037
demand_433 18 20 1039.278978
demand_434 18 21 526.772426
demand_435 18 22 101.483790
demand_436 18 23 837.023126
demand_437 19 0 710.986651
demand_438 19 1 664.270371
demand_439 19 2 54.448583
demand_440 19 3 112.046723
demand_441 19 4 5.523994
demand_442 19 5 1512.880088
demand_443 19 6 883.009254
demand_444 19 7 693.440584
demand_445 19 8 88.557033
demand_446 19 9 1177.237625
demand_447 19 10 1412.620951
demand_448 19 11 2998.234089
demand_449 19 12 418.111688
demand_450 19 13 1532.227863
demand_451 19 14 243.156849
demand_452 19 15 186.072812
demand_453 19 16 557.349696
demand_454 19 17 2101.467567
demand_455 19 18 36.671049
demand_456 19 20 3580.479533
demand_457 19 21 1814.813858
demand_458 19 22 349.627619
demand_459 19 23 2883.676314
demand_460 20 0 143.366008
demand_461 20 1 133.945963
demand_462 20 2 10.979216
demand_463 20 3 22.593520
demand_464 20 4 1.113879
demand_465 20 5 305.062801
demand_466 20 6 178.053289
demand_467 20 7 139.827954
demand_468 20 8 17.856971
demand_469 20 9 237.382599
demand_470 20 10 284.846173
demand_471 20 11 604.575138
demand_472 20 12 84.309605
demand_473 20 13 308.964158
demand_474 20 14 49.031057
demand_475 20 15 37.520418
demand_476 20 16 112.386078
demand_477 20 17 423.747782
demand_478 20 18 7.394488
demand_479 20 19 124.157199
demand_480 20 21 365.945856
demand_481 20 22 70.500221
demand_482 20 23 581.475280
demand_483 21 0 124.670260
demand_484 21 1 116.478643
demand_485 21 2 9.547463
demand_486 21 3 19.647196
demand_487 21 4 0.968623
demand_488 21 5 265.280866
demand_489 21 6 154.834121
demand_490 21 7 121.593588
demand_491 21 8 15.528320
demand_492 21 9 206.426549
demand_493 21 10 247.700602
demand_494 21 11 525.735080
demand_495 21 12 73.315150
demand_496 21 13 268.673464
demand_497 21 14 42.637126
demand_498 21 15 32.627541
demand_499 21 16 97.730290
demand_500 21 17 368.488646
demand_501 21 18 6.430204
demand_502 21 19 107.966389
demand_503 21 20 627.830796
demand_504 21 22 61.306589
demand_505 21 23 505.647575
demand_506 22 0 78.172624
demand_507 22 1 73.036193
demand_508 22 2 5.986594
demand_509 22 3 12.319481
demand_510 22 4 0.607360
demand_511 22 5 166.340404
demand_512 22 6 97.086423
demand_513 22 7 76.243443
demand_514 22 8 9.736801
demand_515 22 9 129.436684
demand_516 22 10 155.316962
demand_517 22 11 329.654328
demand_518 22 12 45.971170
demand_519 22 13 168.467682
demand_520 22 14 26.734973
demand_521 22 15 20.458612
demand_522 22 16 61.280318
demand_523 22 17 231.055300
demand_524 22 18 4.031963
demand_525 22 19 67.698711
demand_526 22 20 393.671921
demand_527 22 21 199.537869
demand_528 22 23 317.058758
demand_529 23 0 542.586883
demand_530 23 1 506.935523
demand_531 23 2 41.552238
demand_532 23 3 85.508050
demand_533 23 4 4.215616
demand_534 23 5 1154.548949
demand_535 23 6 673.865308
demand_536 23 7 529.196665
demand_537 23 8 67.581978
demand_538 23 9 898.404621
demand_539 23 10 1078.036552
demand_540 23 11 2288.091465
demand_541 23 12 319.080418
demand_542 23 13 1169.314133
demand_543 23 14 185.564267
demand_544 23 15 142.000791
demand_545 23 16 425.339398
demand_546 23 17 1603.727347
demand_547 23 18 27.985378
demand_548 23 19 469.888701
demand_549 23 20 2732.429963
demand_550 23 21 1384.968610
demand_551 23 22 266.817049
