DEMANDS 552
label src dest bw
demand_0 0 1 41.675940
demand_1 0 2 3.734150
demand_2 0 3 7.965362
demand_3 0 4 2.789743
demand_4 0 5 81.138051
demand_5 0 6 64.120378
demand_6 0 7 51.569703
demand_7 0 8 7.300795
demand_8 0 9 70.077296
demand_9 0 10 78.168178
demand_10 0 11 226.916653
demand_11 0 12 25.071103
demand_12 0 13 81.158724
demand_13 0 14 11.361869
demand_14 0 15 9.349275
demand_15 0 16 25.221334
demand_16 0 17 139.875474
demand_17 0 18 3.379877
demand_18 0 19 31.348676
demand_19 0 20 360.310431
demand_20 0 21 135.142689
demand_21 0 22 24.121545
demand_22 0 23 177.572336
demand_23 1 0 1178.093187
demand_24 1 2 72.244723
demand_25 1 3 154.106109
demand_26 1 4 53.973253
demand_27 1 5 1569.780481
demand_28 1 6 1240.539018
demand_29 1 7 997.720712
demand_30 1 8 141.248708
demand_31 1 9 1355.787702
demand_32 1 10 1512.322268
demand_33 1 11 4390.163796
demand_34 1 12 485.051444
demand_35 1 13 1570.180454
demand_36 1 14 219.818447
demand_37 1 15 180.880720
demand_38 1 16 487.957968
demand_39 1 17 2706.175312
demand_40 1 18 65.390595
demand_41 1 19 606.503850
demand_42 1 20 6970.937527
demand_43 1 21 2614.609954
demand_44 1 22 466.680312
demand_45 1 23 3435.497706
demand_46 2 0 1176.752266
demand_47 2 1 805.388013
demand_48 2 3 153.930703
demand_49 2 4 53.911820
demand_50 2 5 1567.993737
demand_51 2 6 1239.127021
demand_52 2 7 996.585094
demand_53 2 8 141.087937
demand_54 2 9 1354.244527
demand_55 2 10 1510.600924
demand_56 2 11 4385.166856
demand_57 2 12 484.499353
demand_58 2 13 1568.393255
demand_59 2 14 219.568247
demand_60 2 15 180.674839
demand_61 2 16 487.402568
demand_62 2 17 2703.095109
demand_63 2 18 65.316167
demand_64 2 19 605.813520
demand_65 2 20 6963.003118
demand_66 2 21 2611.633971
demand_67 2 22 466.149131
demand_68 2 23 3431.587379
demand_69 3 0 592.992116
demand_70 3 1 405.853259
demand_71 3 2 36.364314
demand_72 3 4 27.167387
demand_73 3 5 790.147554
demand_74 3 6 624.424168
demand_75 3 7 502.201798
demand_76 3 8 71.097407
demand_77 3 9 682.434487
demand_78 3 10 761.226016
demand_79 3 11 2209.784889
demand_80 3 12 244.150196
demand_81 3 13 790.348880
demand_82 3 14 110.645412
demand_83 3 15 91.046143
demand_84 3 16 245.613192
demand_85 3 17 1362.150842
demand_86 3 18 32.914296
demand_87 3 19 305.283152
demand_88 3 20 3508.814961
demand_89 3 21 1316.061503
demand_90 3 22 234.903104
demand_91 3 23 1729.254595
demand_92 4 0 1601.331747
demand_93 4 1 1095.976979
demand_94 4 2 98.199166
demand_95 4 3 209.469851
demand_96 4 5 2133.735556
demand_97 4 6 1686.211699
demand_98 4 7 1356.159147
demand_99 4 8 191.993335
demand_100 4 9 1842.864312
demand_101 4 10 2055.635061
demand_102 4 11 5967.362126
demand_103 4 12 659.309710
demand_104 4 13 2134.279223
demand_105 4 14 298.789826
demand_106 4 15 245.863436
demand_107 4 16 663.260422
demand_108 4 17 3678.388509
demand_109 4 18 88.882643
demand_110 4 19 824.394777
demand_111 4 20 9475.297622
demand_112 4 21 3553.927629
demand_113 4 22 634.338615
demand_114 4 23 4669.725287
demand_115 5 0 1201.607981
demand_116 5 1 822.399661
demand_117 5 2 73.686731
demand_118 5 3 157.182074
demand_119 5 4 55.050562
demand_120 5 6 1265.300235
demand_121 5 7 1017.635264
demand_122 5 8 144.068039
demand_123 5 9 1382.849288
demand_124 5 10 1542.508291
demand_125 5 11 4477.791670
demand_126 5 12 494.733094
demand_127 5 13 1601.521329
demand_128 5 14 224.206034
demand_129 5 15 184.491107
demand_130 5 16 497.697631
demand_131 5 17 2760.190697
demand_132 5 18 66.695795
demand_133 5 19 618.609695
demand_134 5 20 7110.077765
demand_135 5 21 2666.797690
demand_136 5 22 475.995273
demand_137 5 23 3504.070400
demand_138 6 0 174.520573
demand_139 6 1 119.444663
demand_140 6 2 10.702201
demand_141 6 3 22.828997
demand_142 6 4 7.995499
demand_143 6 5 232.544413
demand_144 6 7 147.800524
demand_145 6 8 20.924326
demand_146 6 9 200.843914
demand_147 6 10 224.032658
demand_148 6 11 650.350845
demand_149 6 12 71.854635
demand_150 6 13 232.603664
demand_151 6 14 32.563503
demand_152 6 15 26.795339
demand_153 6 16 72.285202
demand_154 6 17 400.887867
demand_155 6 18 9.686843
demand_156 6 19 89.846373
demand_157 6 20 1032.661952
demand_158 6 21 387.323543
demand_159 6 22 69.133169
demand_160 6 23 508.928355
demand_161 7 0 661.692394
demand_162 7 1 452.872825
demand_163 7 2 40.577252
demand_164 7 3 86.555836
demand_165 7 4 30.314827
demand_166 7 5 881.689001
demand_167 7 6 696.765963
demand_168 7 8 79.334298
demand_169 7 9 761.496986
demand_170 7 10 849.416798
demand_171 7 11 2465.796447
demand_172 7 12 272.435878
demand_173 7 13 881.913652
demand_174 7 14 123.464083
demand_175 7 15 101.594168
demand_176 7 16 274.068367
demand_177 7 17 1519.960935
demand_178 7 18 36.727536
demand_179 7 19 340.651308
demand_180 7 20 3915.323844
demand_181 7 21 1468.531981
demand_182 7 22 262.117477
demand_183 7 23 1929.594984
demand_184 8 0 569.562381
demand_185 8 1 389.817575
demand_186 8 2 34.927523
demand_187 8 3 74.504329
demand_188 8 4 26.093975
demand_189 8 5 758.928003
demand_190 8 6 599.752520
demand_191 8 7 482.359283
demand_192 8 9 655.470791
demand_193 8 10 731.149184
demand_194 8 11 2122.473990
demand_195 8 12 234.503568
demand_196 8 13 759.121374
demand_197 8 14 106.273697
demand_198 8 15 87.448815
demand_199 8 16 235.908759
demand_200 8 17 1308.330846
demand_201 8 18 31.613818
demand_202 8 19 293.221098
demand_203 8 20 3370.178033
demand_204 8 21 1264.062545
demand_205 8 22 225.621838
demand_206 8 23 1660.929948
demand_207 9 0 1308.639471
demand_208 9 1 895.653719
demand_209 9 2 80.250270
demand_210 9 3 171.182840
demand_211 9 4 59.954111
demand_212 9 5 1743.730226
demand_213 9 6 1378.005020
demand_214 9 7 1108.279651
demand_215 9 8 156.900690
demand_216 9 10 1679.904982
demand_217 9 11 4876.644474
demand_218 9 12 538.800727
demand_219 9 13 1744.174521
demand_220 9 14 244.176861
demand_221 9 15 200.924385
demand_222 9 16 542.029327
demand_223 9 17 3006.050684
demand_224 9 18 72.636626
demand_225 9 19 673.711458
demand_226 9 20 7743.397639
demand_227 9 21 2904.338830
demand_228 9 22 518.393862
demand_229 9 23 3816.190393
demand_230 10 0 12.633617
demand_231 10 1 8.646649
demand_232 10 2 0.774737
demand_233 10 3 1.652601
demand_234 10 4 0.578798
demand_235 10 5 16.833987
demand_236 10 6 13.303272
demand_237 10 7 10.699341
demand_238 10 8 1.514721
demand_239 10 9 14.539174
demand_240 10 11 47.079168
demand_241 10 12 5.201587
demand_242 10 13 16.838276
demand_243 10 14 2.357286
demand_244 10 15 1.939726
demand_245 10 16 5.232756
demand_246 10 17 29.020439
demand_247 10 18 0.701235
demand_248 10 19 6.504016
demand_249 10 20 74.754828
demand_250 10 21 28.038512
demand_251 10 22 5.004579
demand_252 10 23 36.841535
demand_253 11 0 299.030816
demand_254 11 1 204.661458
demand_255 11 2 18.337597
demand_256 11 3 39.116155
demand_257 11 4 13.699821
demand_258 11 5 398.451280
demand_259 11 6 314.881199
demand_260 11 7 253.247572
demand_261 11 8 35.852611
demand_262 11 9 344.134325
demand_263 11 10 383.866885
demand_264 11 12 123.118724
demand_265 11 13 398.552804
demand_266 11 14 55.795662
demand_267 11 15 45.912250
demand_268 11 16 123.856475
demand_269 11 17 686.897965
demand_270 11 18 16.597841
demand_271 11 19 153.946516
demand_272 11 20 1769.405988
demand_273 11 21 663.656286
demand_274 11 22 118.455650
demand_275 11 23 872.019035
demand_276 12 0 121.925665
demand_277 12 1 83.447869
demand_278 12 2 7.476901
demand_279 12 3 15.949069
demand_280 12 4 5.585912
demand_281 12 5 162.462979
demand_282 12 6 128.388439
demand_283 12 7 103.258183
demand_284 12 8 14.618404
demand_285 12 9 140.315995
demand_286 12 10 156.516395
demand_287 12 11 454.355943
demand_288 12 13 162.504374
demand_289 12 14 22.749907
demand_290 12 15 18.720083
demand_291 12 16 50.500759
demand_292 12 17 280.073112
demand_293 12 18 6.767539
demand_294 12 19 62.769555
demand_295 12 20 721.450734
demand_296 12 21 270.596640
demand_297 12 22 48.298647
demand_298 12 23 355.553658
demand_299 13 0 225.222895
demand_300 13 1 154.146140
demand_301 13 2 13.811442
demand_302 13 3 29.461357
demand_303 13 4 10.318379
demand_304 13 5 300.104023
demand_305 13 6 237.161026
demand_306 13 7 190.740045
demand_307 13 8 27.003333
demand_308 13 9 259.193784
demand_309 13 10 289.119403
demand_310 13 11 839.293029
demand_311 13 12 92.730093
demand_312 13 14 42.023965
demand_313 13 15 34.580014
demand_314 13 16 93.285750
demand_315 13 17 517.355201
demand_316 13 18 12.501099
demand_317 13 19 115.948852
demand_318 13 20 1332.674485
demand_319 13 21 499.850122
demand_320 13 22 89.217977
demand_321 13 23 656.783986
demand_322 14 0 867.007213
demand_323 14 1 593.393560
demand_324 14 2 53.167862
demand_325 14 3 113.413022
demand_326 14 4 39.721136
demand_327 14 5 1155.265997
demand_328 14 6 912.963668
demand_329 14 7 734.263693
demand_330 14 8 103.950731
demand_331 14 9 997.779913
demand_332 14 10 1112.980136
demand_333 14 11 3230.902039
demand_334 14 12 356.969301
demand_335 14 13 1155.560354
demand_336 14 15 133.117559
demand_337 14 16 359.108331
demand_338 14 17 1991.585676
demand_339 14 18 48.123628
demand_340 14 19 446.351120
demand_341 14 20 5130.199535
demand_342 14 21 1924.198964
demand_343 14 22 343.449229
demand_344 14 23 2528.324012
demand_345 15 0 1649.114408
demand_346 15 1 1128.680194
demand_347 15 2 101.129363
demand_348 15 3 215.720291
demand_349 15 4 75.552656
demand_350 15 5 2197.404788
demand_351 15 6 1736.527120
demand_352 15 7 1396.626023
demand_353 15 8 197.722287
demand_354 15 9 1897.854142
demand_355 15 10 2116.973827
demand_356 15 11 6145.424191
demand_357 15 12 678.983067
demand_358 15 13 2197.964677
demand_359 15 14 307.705513
demand_360 15 16 683.051667
demand_361 15 17 3788.149144
demand_362 15 18 91.534841
demand_363 15 19 848.994162
demand_364 15 20 9758.034120
demand_365 15 21 3659.974435
demand_366 15 22 653.266852
demand_367 15 23 4809.066743
demand_368 16 0 1865.253434
demand_369 16 1 1276.609190
demand_370 16 2 114.383751
demand_371 16 3 243.993389
demand_372 16 4 85.454867
demand_373 16 5 2485.404777
demand_374 16 6 1964.122779
demand_375 16 7 1579.672988
demand_376 16 8 223.636500
demand_377 16 9 2146.593916
demand_378 16 10 2394.432237
demand_379 16 11 6950.866187
demand_380 16 12 767.973096
demand_381 16 13 2486.038047
demand_382 16 14 348.034535
demand_383 16 15 286.385141
demand_384 16 17 4284.637965
demand_385 16 18 103.531736
demand_386 16 19 960.266473
demand_387 16 20 11036.958118
demand_388 16 21 4139.664204
demand_389 16 22 738.886418
demand_390 16 23 5439.360796
demand_391 17 0 106.447617
demand_392 17 1 72.854447
demand_393 17 2 6.527734
demand_394 17 3 13.924389
demand_395 17 4 4.876799
demand_396 17 5 141.838858
demand_397 17 6 112.089964
demand_398 17 7 90.149908
demand_399 17 8 12.762648
demand_400 17 9 122.503357
demand_401 17 10 136.647172
demand_402 17 11 396.677005
demand_403 17 12 43.827238
demand_404 17 13 141.874998
demand_405 17 14 19.861884
demand_406 17 15 16.343632
demand_407 17 16 44.089860
demand_408 17 18 5.908423
demand_409 17 19 54.801174
demand_410 17 20 629.865023
demand_411 17 21 236.245319
demand_412 17 22 42.167299
demand_413 17 23 310.417334
demand_414 18 0 307.779715
demand_415 18 1 210.649344
demand_416 18 2 18.874110
demand_417 18 3 40.260596
demand_418 18 4 14.100644
demand_419 18 5 410.108975
demand_420 18 6 324.093841
demand_421 18 7 260.656967
demand_422 18 8 36.901569
demand_423 18 9 354.202840
demand_424 18 10 395.097877
demand_425 18 11 1146.940987
demand_426 18 12 126.720871
demand_427 18 13 410.213469
demand_428 18 14 57.428105
demand_429 18 15 47.255529
demand_430 18 16 127.480208
demand_431 18 17 706.994893
demand_432 18 19 158.450608
demand_433 18 20 1821.174411
demand_434 18 21 683.073220
demand_435 18 22 121.921369
demand_436 18 23 897.532145
demand_437 19 0 707.467027
demand_438 19 1 484.201713
demand_439 19 2 43.384309
demand_440 19 3 92.543605
demand_441 19 4 32.411950
demand_442 19 5 942.682585
demand_443 19 6 744.966919
demand_444 19 7 599.149978
demand_445 19 8 84.822495
demand_446 19 9 814.175912
demand_447 19 10 908.177852
demand_448 19 11 2636.375598
demand_449 19 12 291.282478
demand_450 19 13 942.922776
demand_451 19 14 132.005095
demand_452 19 15 108.622261
demand_453 19 16 293.027900
demand_454 19 17 1625.108968
demand_455 19 18 39.268277
demand_456 19 20 4186.178568
demand_457 19 21 1570.122255
demand_458 19 22 280.250270
demand_459 19 23 2063.080728
demand_460 20 0 109.152187
demand_461 20 1 74.705497
demand_462 20 2 6.693587
demand_463 20 3 14.278173
demand_464 20 4 5.000707
demand_465 20 5 145.442631
demand_466 20 6 114.937891
demand_467 20 7 92.440393
demand_468 20 8 13.086915
demand_469 20 9 125.615863
demand_470 20 10 140.119037
demand_471 20 11 406.755581
demand_472 20 12 44.940779
demand_473 20 13 145.479689
demand_474 20 14 20.366525
demand_475 20 15 16.758883
demand_476 20 16 45.210073
demand_477 20 17 250.731399
demand_478 20 18 6.058542
demand_479 20 19 56.193536
demand_480 20 21 242.247725
demand_481 20 22 43.238665
demand_482 20 23 318.304266
demand_483 21 0 86.423324
demand_484 21 1 59.149501
demand_485 21 2 5.299775
demand_486 21 3 11.305016
demand_487 21 4 3.959405
demand_488 21 5 115.156975
demand_489 21 6 91.004266
demand_490 21 7 73.191443
demand_491 21 8 10.361814
demand_492 21 9 99.458754
demand_493 21 10 110.941918
demand_494 21 11 322.056484
demand_495 21 12 35.582719
demand_496 21 13 115.186316
demand_497 21 14 16.125584
demand_498 21 15 13.269165
demand_499 21 16 35.795937
demand_500 21 17 198.521364
demand_501 21 18 4.796966
demand_502 21 19 44.492303
demand_503 21 20 511.378557
demand_504 21 22 34.235037
demand_505 21 23 252.023469
demand_506 22 0 83.618645
demand_507 22 1 57.229934
demand_508 22 2 5.127783
demand_509 22 3 10.938136
demand_510 22 4 3.830911
demand_511 22 5 111.419809
demand_512 22 6 88.050923
demand_513 22 7 70.816176
demand_514 22 8 10.025544
demand_515 22 9 96.231039
demand_516 22 10 107.341542
demand_517 22 11 311.604849
demand_518 22 12 34.427960
demand_519 22 13 111.448198
demand_520 22 14 15.602264
demand_521 22 15 12.838544
demand_522 22 16 34.634259
demand_523 22 17 192.078790
demand_524 22 18 4.641291
demand_525 22 19 43.048403
demand_526 22 20 494.782891
demand_527 22 21 185.579668
demand_528 22 23 243.844602
demand_529 23 0 664.303667
demand_530 23 1 454.660022
demand_531 23 2 40.737384
demand_532 23 3 86.897416
demand_533 23 4 30.434460
demand_534 23 5 885.168459
demand_535 23 6 699.515648
demand_536 23 7 562.595163
demand_537 23 8 79.647379
demand_538 23 9 764.502123
demand_539 23 10 852.768898
demand_540 23 11 2475.527354
demand_541 23 12 273.511006
demand_542 23 13 885.393996
demand_543 23 14 123.951316
demand_544 23 15 101.995094
demand_545 23 16 275.149938
demand_546 23 17 1525.959240
demand_547 23 18 36.872476
demand_548 23 19 341.995639
demand_549 23 20 3930.775100
demand_550 23 21 1474.327328
demand_551 23 22 263.151885
