DEMANDS 552
label src dest bw
demand_0 0 1 47.704321
demand_1 0 2 8.572641
demand_2 0 3 17.401438
demand_3 0 4 0.052947
demand_4 0 5 58.707485
demand_5 0 6 54.825636
demand_6 0 7 47.905630
demand_7 0 8 10.401223
demand_8 0 9 55.338695
demand_9 0 10 57.133110
demand_10 0 11 166.964522
demand_11 0 12 26.061107
demand_12 0 13 74.452500
demand_13 0 14 19.130342
demand_14 0 15 19.085644
demand_15 0 16 26.710448
demand_16 0 17 108.057030
demand_17 0 18 1.439773
demand_18 0 19 27.698801
demand_19 0 20 204.167910
demand_20 0 21 95.863304
demand_21 0 22 23.214877
demand_22 0 23 115.823623
demand_23 1 0 1342.277933
demand_24 1 2 214.001143
demand_25 1 3 434.396793
demand_26 1 4 1.321722
demand_27 1 5 1465.530745
demand_28 1 6 1368.627113
demand_29 1 7 1195.881135
demand_30 1 8 259.648528
demand_31 1 9 1381.434747
demand_32 1 10 1426.229214
demand_33 1 11 4167.980329
demand_34 1 12 650.570444
demand_35 1 13 1858.577799
demand_36 1 14 477.555868
demand_37 1 15 476.440072
demand_38 1 16 666.780116
demand_39 1 17 2697.456738
demand_40 1 18 35.941446
demand_41 1 19 691.452639
demand_42 1 20 5096.698528
demand_43 1 21 2393.061472
demand_44 1 22 579.519225
demand_45 1 23 2891.336280
demand_46 2 0 1168.110738
demand_47 2 1 1036.336383
demand_48 2 3 378.031663
demand_49 2 4 1.150222
demand_50 2 5 1275.370888
demand_51 2 6 1191.040981
demand_52 2 7 1040.709648
demand_53 2 8 225.957848
demand_54 2 9 1202.186762
demand_55 2 10 1241.168925
demand_56 2 11 3627.164284
demand_57 2 12 566.155714
demand_58 2 13 1617.418145
demand_59 2 14 415.590634
demand_60 2 15 414.619618
demand_61 2 16 580.262101
demand_62 2 17 2347.448396
demand_63 2 18 31.277866
demand_64 2 19 601.733242
demand_65 2 20 4435.376707
demand_66 2 21 2082.549920
demand_67 2 22 504.323742
demand_68 2 23 2516.171109
demand_69 3 0 566.469709
demand_70 3 1 502.566366
demand_71 3 2 90.313014
demand_72 3 4 0.557794
demand_73 3 5 618.485005
demand_74 3 6 577.589620
demand_75 3 7 504.687160
demand_76 3 8 109.577176
demand_77 3 9 582.994713
demand_78 3 10 601.898927
demand_79 3 11 1758.975950
demand_80 3 12 274.554502
demand_81 3 13 784.359184
demand_82 3 14 201.538688
demand_83 3 15 201.067798
demand_84 3 16 281.395327
demand_85 3 17 1138.383859
demand_86 3 18 15.168051
demand_87 3 19 291.807654
demand_88 3 20 2150.914695
demand_89 3 21 1009.922611
demand_90 3 22 244.569384
demand_91 3 23 1220.205130
demand_92 4 0 1705.099531
demand_93 4 1 1512.747571
demand_94 4 2 271.846270
demand_95 4 3 551.815500
demand_96 4 5 1861.667934
demand_97 4 6 1738.570970
demand_98 4 7 1519.131256
demand_99 4 8 329.832274
demand_100 4 9 1754.840545
demand_101 4 10 1811.743086
demand_102 4 11 5294.597439
demand_103 4 12 826.421513
demand_104 4 13 2360.956741
demand_105 4 14 606.640597
demand_106 4 15 605.223198
demand_107 4 16 847.012705
demand_108 4 17 3426.587078
demand_109 4 18 45.656523
demand_110 4 19 878.354283
demand_111 4 20 6474.350847
demand_112 4 21 3039.912893
demand_113 4 22 736.164944
demand_114 4 23 3672.872819
demand_115 5 0 1358.216833
demand_116 5 1 1204.996645
demand_117 5 2 216.542303
demand_118 5 3 439.555045
demand_119 5 4 1.337416
demand_120 5 6 1384.878896
demand_121 5 7 1210.081644
demand_122 5 8 262.731728
demand_123 5 9 1397.838615
demand_124 5 10 1443.164994
demand_125 5 11 4217.473076
demand_126 5 12 658.295653
demand_127 5 13 1880.647509
demand_128 5 14 483.226612
demand_129 5 15 482.097567
demand_130 5 16 674.697807
demand_131 5 17 2729.487730
demand_132 5 18 36.368233
demand_133 5 19 699.663304
demand_134 5 20 5157.219353
demand_135 5 21 2421.477917
demand_136 5 22 586.400735
demand_137 5 23 2925.669497
demand_138 6 0 235.418788
demand_139 6 1 208.861238
demand_140 6 2 37.533128
demand_141 6 3 76.187773
demand_142 6 4 0.231813
demand_143 6 5 257.035792
demand_144 6 7 209.742617
demand_145 6 8 45.539109
demand_146 6 9 242.286404
demand_147 6 10 250.142794
demand_148 6 11 731.011702
demand_149 6 12 114.101932
demand_150 6 13 325.971337
demand_151 6 14 83.757336
demand_152 6 15 83.561639
demand_153 6 16 116.944906
demand_154 6 17 473.100227
demand_155 6 18 6.303681
demand_156 6 19 121.272158
demand_157 6 20 893.897276
demand_158 6 21 419.713099
demand_159 6 22 101.640435
demand_160 6 23 507.104278
demand_161 7 0 633.860441
demand_162 7 1 562.354763
demand_163 7 2 101.057207
demand_164 7 3 205.134076
demand_165 7 4 0.624153
demand_166 7 5 692.063798
demand_167 7 6 646.303246
demand_168 7 8 122.613154
demand_169 7 9 652.351363
demand_170 7 10 673.504538
demand_171 7 11 1968.234586
demand_172 7 12 307.217201
demand_173 7 13 877.671394
demand_174 7 14 225.514974
demand_175 7 15 224.988064
demand_176 7 16 314.871852
demand_177 7 17 1273.813028
demand_178 7 18 16.972536
demand_179 7 19 326.522894
demand_180 7 20 2406.800782
demand_181 7 21 1130.069238
demand_182 7 22 273.664867
demand_183 7 23 1365.368264
demand_184 8 0 544.275914
demand_185 8 1 482.876249
demand_186 8 2 86.774628
demand_187 8 3 176.142143
demand_188 8 4 0.535941
demand_189 8 5 594.253296
demand_190 8 6 554.960157
demand_191 8 7 484.913952
demand_192 8 9 560.153483
demand_193 8 10 578.317046
demand_194 8 11 1690.060789
demand_195 8 12 263.797694
demand_196 8 13 753.628667
demand_197 8 14 193.642576
demand_198 8 15 193.190135
demand_199 8 16 270.370501
demand_200 8 17 1093.782960
demand_201 8 18 14.573780
demand_202 8 19 280.374882
demand_203 8 20 2066.643711
demand_204 8 21 970.354714
demand_205 8 22 234.987366
demand_206 8 23 1172.398545
demand_207 9 0 1581.510036
demand_208 9 1 1403.100184
demand_209 9 2 252.142234
demand_210 9 3 511.818657
demand_211 9 4 1.557290
demand_212 9 5 1726.730004
demand_213 9 6 1612.555389
demand_214 9 7 1409.021165
demand_215 9 8 305.925280
demand_216 9 10 1680.423823
demand_217 9 11 4910.832965
demand_218 9 12 766.520600
demand_219 9 13 2189.829222
demand_220 9 14 562.669906
demand_221 9 15 561.355243
demand_222 9 16 785.619296
demand_223 9 17 3178.220247
demand_224 9 18 42.347234
demand_225 9 19 814.689165
demand_226 9 20 6005.075160
demand_227 9 21 2819.573087
demand_228 9 22 682.806033
demand_229 9 23 3406.654637
demand_230 10 0 22.696553
demand_231 10 1 20.136159
demand_232 10 2 3.618541
demand_233 10 3 7.345207
demand_234 10 4 0.022349
demand_235 10 5 24.780632
demand_236 10 6 23.142090
demand_237 10 7 20.221132
demand_238 10 8 4.390392
demand_239 10 9 23.358655
demand_240 10 11 70.476302
demand_241 10 12 11.000484
demand_242 10 13 31.426658
demand_243 10 14 8.074983
demand_244 10 15 8.056116
demand_245 10 16 11.274573
demand_246 10 17 45.611246
demand_247 10 18 0.607733
demand_248 10 19 11.691760
demand_249 10 20 86.179981
demand_250 10 21 40.464232
demand_251 10 22 9.799080
demand_252 10 23 48.889552
demand_253 11 0 479.013291
demand_254 11 1 424.975891
demand_255 11 2 76.369722
demand_256 11 3 155.021425
demand_257 11 4 0.471677
demand_258 11 5 522.998023
demand_259 11 6 488.416416
demand_260 11 7 426.769258
demand_261 11 8 92.659719
demand_262 11 9 492.987025
demand_263 11 10 508.972644
demand_264 11 12 232.166440
demand_265 11 13 663.263133
demand_266 11 14 170.423429
demand_267 11 15 170.025239
demand_268 11 16 237.951120
demand_269 11 17 962.630464
demand_270 11 18 12.826278
demand_271 11 19 246.755904
demand_272 11 20 1818.838166
demand_273 11 21 854.002158
demand_274 11 22 206.810679
demand_275 11 23 1031.819471
demand_276 12 0 227.403032
demand_277 12 1 201.749738
demand_278 12 2 36.255166
demand_279 12 3 73.593662
demand_280 12 4 0.223920
demand_281 12 5 248.284000
demand_282 12 6 231.866998
demand_283 12 7 202.601108
demand_284 12 8 43.988552
demand_285 12 9 234.036813
demand_286 12 10 241.625702
demand_287 12 11 706.121542
demand_288 12 13 314.872364
demand_289 12 14 80.905489
demand_290 12 15 80.716455
demand_291 12 16 112.963058
demand_292 12 17 456.991675
demand_293 12 18 6.089047
demand_294 12 19 117.142972
demand_295 12 20 863.461039
demand_296 12 21 405.422320
demand_297 12 22 98.179688
demand_298 12 23 489.837924
demand_299 13 0 389.420976
demand_300 13 1 345.490468
demand_301 13 2 62.085900
demand_302 13 3 126.026972
demand_303 13 4 0.383457
demand_304 13 5 425.179018
demand_305 13 6 397.065386
demand_306 13 7 346.948413
demand_307 13 8 75.329096
demand_308 13 9 400.781131
demand_309 13 10 413.776878
demand_310 13 11 1209.212287
demand_311 13 12 188.743159
demand_312 13 14 138.548260
demand_313 13 15 138.224546
demand_314 13 16 193.445901
demand_315 13 17 782.584747
demand_316 13 18 10.427314
demand_317 13 19 200.603880
demand_318 13 20 1478.651528
demand_319 13 21 694.273750
demand_320 13 22 168.129816
demand_321 13 23 838.832979
demand_322 14 0 1116.617481
demand_323 14 1 990.652071
demand_324 14 2 178.023800
demand_325 14 3 361.367077
demand_326 14 4 1.099517
demand_327 14 5 1219.149334
demand_328 14 6 1138.536901
demand_329 14 7 994.832551
demand_330 14 8 215.997058
demand_331 14 9 1149.191348
demand_332 14 10 1186.455079
demand_333 14 11 3467.269766
demand_334 14 12 541.198147
demand_335 14 13 1546.118288
demand_336 14 15 396.342143
demand_337 14 16 554.682689
demand_338 14 17 2243.966971
demand_339 14 18 29.899059
demand_340 14 19 575.207329
demand_341 14 20 4239.854154
demand_342 14 21 1990.745885
demand_343 14 22 482.091884
demand_344 14 23 2405.251963
demand_345 15 0 1802.824428
demand_346 15 1 1599.448140
demand_347 15 2 287.426679
demand_348 15 3 583.441872
demand_349 15 4 1.775215
demand_350 15 5 1968.366284
demand_351 15 6 1838.214226
demand_352 15 7 1606.197696
demand_353 15 8 348.736053
demand_354 15 9 1855.416264
demand_355 15 10 1915.580077
demand_356 15 11 5598.048340
demand_357 15 12 873.786464
demand_358 15 13 2496.270984
demand_359 15 14 641.409177
demand_360 15 16 895.557806
demand_361 15 17 3622.976123
demand_362 15 18 48.273249
demand_363 15 19 928.695674
demand_364 15 20 6845.417319
demand_365 15 21 3214.140361
demand_366 15 22 778.356993
demand_367 15 23 3883.377315
demand_368 16 0 2047.952111
demand_369 16 1 1816.923015
demand_370 16 2 326.507710
demand_371 16 3 662.771702
demand_372 16 4 2.016589
demand_373 16 5 2236.002477
demand_374 16 6 2088.153814
demand_375 16 7 1824.590299
demand_376 16 8 396.153239
demand_377 16 9 2107.694791
demand_378 16 10 2176.038999
demand_379 16 11 6359.207662
demand_380 16 12 992.594069
demand_381 16 13 2835.685690
demand_382 16 14 728.620745
demand_383 16 15 726.918343
demand_384 16 17 4115.587455
demand_385 16 18 54.836900
demand_386 16 19 1054.969211
demand_387 16 20 7776.179773
demand_388 16 21 3651.162828
demand_389 16 22 884.189177
demand_390 16 23 4411.395058
demand_391 17 0 162.532862
demand_392 17 1 144.197560
demand_393 17 2 25.912829
demand_394 17 3 52.599951
demand_395 17 4 0.160044
demand_396 17 5 177.457217
demand_397 17 6 165.723414
demand_398 17 7 144.806063
demand_399 17 8 31.440149
demand_400 17 9 167.274256
demand_401 17 10 172.698299
demand_402 17 11 504.689643
demand_403 17 12 78.775843
demand_404 17 13 225.050238
demand_405 17 14 57.825969
demand_406 17 15 57.690860
demand_407 17 16 80.738629
demand_408 17 18 4.352054
demand_409 17 19 83.726159
demand_410 17 20 617.145657
demand_411 17 21 289.769443
demand_412 17 22 70.172440
demand_413 17 23 350.104213
demand_414 18 0 519.981350
demand_415 18 1 461.322351
demand_416 18 2 82.901313
demand_417 18 3 168.279777
demand_418 18 4 0.512018
demand_419 18 5 567.727917
demand_420 18 6 530.188686
demand_421 18 7 463.269097
demand_422 18 8 100.584528
demand_423 18 9 535.150200
demand_424 18 10 552.503005
demand_425 18 11 1614.622415
demand_426 18 12 252.022692
demand_427 18 13 719.989332
demand_428 18 14 184.999052
demand_429 18 15 184.566806
demand_430 18 16 258.302112
demand_431 18 17 1044.960333
demand_432 18 19 267.859933
demand_433 18 20 1974.395998
demand_434 18 21 927.041489
demand_435 18 22 224.498356
demand_436 18 23 1120.066794
demand_437 19 0 820.246648
demand_438 19 1 727.714777
demand_439 19 2 130.773006
demand_440 19 3 265.453603
demand_441 19 4 0.807685
demand_442 19 5 895.564661
demand_443 19 6 836.348251
demand_444 19 7 730.785680
demand_445 19 8 158.667463
demand_446 19 9 844.174812
demand_447 19 10 871.548063
demand_448 19 11 2546.992550
demand_449 19 12 397.554198
demand_450 19 13 1135.750036
demand_451 19 14 291.827490
demand_452 19 15 291.145643
demand_453 19 16 407.459694
demand_454 19 17 1648.376833
demand_455 19 18 21.963298
demand_456 19 20 3114.518821
demand_457 19 21 1462.365285
demand_458 19 22 354.135824
demand_459 19 23 1766.853820
demand_460 20 0 177.010627
demand_461 20 1 157.042092
demand_462 20 2 28.221038
demand_463 20 3 57.285341
demand_464 20 4 0.174300
demand_465 20 5 193.264383
demand_466 20 6 180.485381
demand_467 20 7 157.704798
demand_468 20 8 34.240710
demand_469 20 9 182.174366
demand_470 20 10 188.081560
demand_471 20 11 549.645342
demand_472 20 12 85.792875
demand_473 20 13 245.096797
demand_474 20 14 62.976871
demand_475 20 15 62.829727
demand_476 20 16 87.930498
demand_477 20 17 355.722536
demand_478 20 18 4.739717
demand_479 20 19 91.184145
demand_480 20 21 315.580926
demand_481 20 22 76.423116
demand_482 20 23 381.290071
demand_483 21 0 126.634608
demand_484 21 1 112.348982
demand_485 21 2 20.189523
demand_486 21 3 40.982323
demand_487 21 4 0.124695
demand_488 21 5 138.262656
demand_489 21 6 129.120470
demand_490 21 7 112.823086
demand_491 21 8 24.496037
demand_492 21 9 130.328782
demand_493 21 10 134.554829
demand_494 21 11 393.220020
demand_495 21 12 61.376807
demand_496 21 13 175.343918
demand_497 21 14 45.054082
demand_498 21 15 44.948814
demand_499 21 16 62.906077
demand_500 21 17 254.486324
demand_501 21 18 3.390826
demand_502 21 19 65.233758
demand_503 21 20 480.838137
demand_504 21 22 54.673617
demand_505 21 23 272.777513
demand_506 22 0 111.677551
demand_507 22 1 99.079227
demand_508 22 2 17.804899
demand_509 22 3 36.141822
demand_510 22 4 0.109967
demand_511 22 5 121.932187
demand_512 22 6 113.869803
demand_513 22 7 99.497334
demand_514 22 8 21.602763
demand_515 22 9 114.935399
demand_516 22 10 118.662299
demand_517 22 11 346.776047
demand_518 22 12 54.127474
demand_519 22 13 154.633710
demand_520 22 14 39.732658
demand_521 22 15 39.639823
demand_522 22 16 55.476119
demand_523 22 17 224.428454
demand_524 22 18 2.990329
demand_525 22 19 57.528873
demand_526 22 20 424.045419
demand_527 22 21 199.102762
demand_528 22 23 240.559236
demand_529 23 0 788.945510
demand_530 23 1 699.944714
demand_531 23 2 125.782625
demand_532 23 3 255.323723
demand_533 23 4 0.776863
demand_534 23 5 861.389339
demand_535 23 6 804.432666
demand_536 23 7 702.898430
demand_537 23 8 152.612611
demand_538 23 9 811.960560
demand_539 23 10 838.289230
demand_540 23 11 2449.797681
demand_541 23 12 382.383274
demand_542 23 13 1092.409086
demand_543 23 14 280.691166
demand_544 23 15 280.035339
demand_545 23 16 391.910770
demand_546 23 17 1585.473716
demand_547 23 18 21.125165
demand_548 23 19 406.412444
demand_549 23 20 2995.666786
demand_550 23 21 1406.560488
demand_551 23 22 340.621774
