DEMANDS 552
label src dest bw
demand_0 0 1 18.803332
demand_1 0 2 5.721181
demand_2 0 3 6.672973
demand_3 0 4 1.607585
demand_4 0 5 35.856766
demand_5 0 6 24.858290
demand_6 0 7 19.469162
demand_7 0 8 5.902290
demand_8 0 9 31.945229
demand_9 0 10 35.833554
demand_10 0 11 48.709230
demand_11 0 12 13.709924
demand_12 0 13 38.529243
demand_13 0 14 11.209325
demand_14 0 15 7.037085
demand_15 0 16 14.181582
demand_16 0 17 42.561914
demand_17 0 18 2.610141
demand_18 0 19 18.114621
demand_19 0 20 60.398903
demand_20 0 21 39.749127
demand_21 0 22 13.507924
demand_22 0 23 46.989159
demand_23 1 0 943.460832
demand_24 1 2 249.398599
demand_25 1 3 290.889275
demand_26 1 4 70.078071
demand_27 1 5 1563.073667
demand_28 1 6 1083.626416
demand_29 1 7 848.702687
demand_30 1 8 257.293543
demand_31 1 9 1392.561349
demand_32 1 10 1562.061812
demand_33 1 11 2123.340232
demand_34 1 12 597.645126
demand_35 1 13 1679.572705
demand_36 1 14 488.638604
demand_37 1 15 306.761670
demand_38 1 16 618.205683
demand_39 1 17 1855.365489
demand_40 1 18 113.781678
demand_41 1 19 789.655359
demand_42 1 20 2632.918269
demand_43 1 21 1732.750071
demand_44 1 22 588.839484
demand_45 1 23 2048.358662
demand_46 2 0 935.413078
demand_47 2 1 812.685848
demand_48 2 3 288.407979
demand_49 2 4 69.480302
demand_50 2 5 1549.740594
demand_51 2 6 1074.383044
demand_52 2 7 841.463223
demand_53 2 8 255.098820
demand_54 2 9 1380.682752
demand_55 2 10 1548.737369
demand_56 2 11 2105.228064
demand_57 2 12 592.547192
demand_58 2 13 1665.245890
demand_59 2 14 484.470500
demand_60 2 15 304.144982
demand_61 2 16 612.932366
demand_62 2 17 1839.539156
demand_63 2 18 112.811116
demand_64 2 19 782.919571
demand_65 2 20 2610.459383
demand_66 2 21 1717.969652
demand_67 2 22 583.816663
demand_68 2 23 2030.886090
demand_69 3 0 653.619552
demand_70 3 1 567.863944
demand_71 3 2 172.780676
demand_72 3 4 48.549336
demand_73 3 5 1082.880683
demand_74 3 6 750.724766
demand_75 3 7 587.972125
demand_76 3 8 178.250209
demand_77 3 9 964.751577
demand_78 3 10 1082.179680
demand_79 3 11 1471.027354
demand_80 3 12 414.042137
demand_81 3 13 1163.589968
demand_82 3 14 338.523588
demand_83 3 15 212.521197
demand_84 3 16 428.286271
demand_85 3 17 1285.377324
demand_86 3 18 78.826727
demand_87 3 19 547.064769
demand_88 3 20 1824.057556
demand_89 3 21 1200.430677
demand_90 3 22 407.941683
demand_91 3 23 1419.080926
demand_92 4 0 1282.267351
demand_93 4 1 1114.032457
demand_94 4 2 338.960209
demand_95 4 3 395.350615
demand_96 4 5 2124.389548
demand_97 4 6 1472.767842
demand_98 4 7 1153.480578
demand_99 4 8 349.690309
demand_100 4 9 1892.644498
demand_101 4 10 2123.014325
demand_102 4 11 2885.853617
demand_103 4 12 812.265657
demand_104 4 13 2282.724592
demand_105 4 14 664.113769
demand_106 4 15 416.922951
demand_107 4 16 840.209722
demand_108 4 17 2521.646379
demand_109 4 18 154.641852
demand_110 4 19 1073.228746
demand_111 4 20 3578.426385
demand_112 4 21 2354.998500
demand_113 4 22 800.297818
demand_114 4 23 2783.945391
demand_115 5 0 1060.808901
demand_116 5 1 921.629601
demand_117 5 2 280.418905
demand_118 5 3 327.070210
demand_119 5 4 78.794412
demand_120 5 6 1218.408341
demand_121 5 7 954.264696
demand_122 5 8 289.295826
demand_123 5 9 1565.768736
demand_124 5 10 1756.351739
demand_125 5 11 2387.442214
demand_126 5 12 671.980487
demand_127 5 13 1888.478689
demand_128 5 14 549.415687
demand_129 5 15 344.916820
demand_130 5 16 695.098375
demand_131 5 17 2086.136656
demand_132 5 18 127.933892
demand_133 5 19 887.873036
demand_134 5 20 2960.401790
demand_135 5 21 1948.270279
demand_136 5 22 662.079596
demand_137 5 23 2303.134404
demand_138 6 0 466.818993
demand_139 6 1 405.571825
demand_140 6 2 123.400992
demand_141 6 3 143.930340
demand_142 6 4 34.674226
demand_143 6 5 773.399860
demand_144 6 7 419.933208
demand_145 6 8 127.307365
demand_146 6 9 689.031346
demand_147 6 10 772.899199
demand_148 6 11 1050.616533
demand_149 6 12 295.711371
demand_150 6 13 831.042913
demand_151 6 14 241.775571
demand_152 6 15 151.783910
demand_153 6 16 305.884616
demand_154 6 17 918.024172
demand_155 6 18 56.298520
demand_156 6 19 390.716930
demand_157 6 20 1302.752815
demand_158 6 21 857.354768
demand_159 6 22 291.354390
demand_160 6 23 1013.516084
demand_161 7 0 829.500440
demand_162 7 1 720.669065
demand_163 7 2 219.273806
demand_164 7 3 255.752834
demand_165 7 4 61.613359
demand_166 7 5 1374.270399
demand_167 7 6 952.735458
demand_168 7 8 226.215122
demand_169 7 9 1224.354220
demand_170 7 10 1373.380765
demand_171 7 11 1866.862508
demand_172 7 12 525.455724
demand_173 7 13 1476.697547
demand_174 7 14 429.616072
demand_175 7 15 269.708006
demand_176 7 16 543.532776
demand_177 7 17 1631.256366
demand_178 7 18 100.038018
demand_179 7 19 694.273090
demand_180 7 20 2314.888745
demand_181 7 21 1523.451633
demand_182 7 22 517.713714
demand_183 7 23 1800.937943
demand_184 8 0 589.549238
demand_185 8 1 512.199726
demand_186 8 2 155.844047
demand_187 8 3 181.770715
demand_188 8 4 43.790343
demand_189 8 5 976.732534
demand_190 8 6 677.135823
demand_191 8 7 530.336825
demand_192 8 9 870.182899
demand_193 8 10 976.100246
demand_194 8 11 1326.831568
demand_195 8 12 373.456127
demand_196 8 13 1049.530382
demand_197 8 14 305.340197
demand_198 8 15 191.689048
demand_199 8 16 386.303995
demand_200 8 17 1159.379672
demand_201 8 18 71.099826
demand_202 8 19 493.439366
demand_203 8 20 1645.256386
demand_204 8 21 1082.759823
demand_205 8 22 367.953663
demand_206 8 23 1279.977130
demand_207 9 0 1178.092823
demand_208 9 1 1023.525742
demand_209 9 2 311.422254
demand_210 9 3 363.231366
demand_211 9 4 87.505988
demand_212 9 5 1951.798958
demand_213 9 6 1353.116589
demand_214 9 7 1059.769001
demand_215 9 8 321.280615
demand_216 9 10 1950.535460
demand_217 9 11 2651.399827
demand_218 9 12 746.275213
demand_219 9 13 2097.270476
demand_220 9 14 610.159546
demand_221 9 15 383.051113
demand_222 9 16 771.949034
demand_223 9 17 2316.781674
demand_224 9 18 142.078371
demand_225 9 19 986.037024
demand_226 9 20 3287.706294
demand_227 9 21 2163.672675
demand_228 9 22 735.279671
demand_229 9 23 2557.770874
demand_230 10 0 8.390289
demand_231 10 1 7.289474
demand_232 10 2 2.217926
demand_233 10 3 2.586907
demand_234 10 4 0.623211
demand_235 10 5 13.900567
demand_236 10 6 9.636796
demand_237 10 7 7.547596
demand_238 10 8 2.288137
demand_239 10 9 12.384184
demand_240 10 11 18.883072
demand_241 10 12 5.314916
demand_242 10 13 14.936604
demand_243 10 14 4.345511
demand_244 10 15 2.728061
demand_245 10 16 5.497763
demand_246 10 17 16.499946
demand_247 10 18 1.011872
demand_248 10 19 7.022482
demand_249 10 20 23.414799
demand_250 10 21 15.409516
demand_251 10 22 5.236607
demand_252 10 23 18.216254
demand_253 11 0 520.020876
demand_254 11 1 451.793562
demand_255 11 2 137.464613
demand_256 11 3 160.333626
demand_257 11 4 38.625938
demand_258 11 5 861.541794
demand_259 11 6 597.277957
demand_260 11 7 467.791666
demand_261 11 8 141.816183
demand_262 11 9 767.558067
demand_263 11 10 860.984075
demand_264 11 12 329.412660
demand_265 11 13 925.754244
demand_266 11 14 269.329967
demand_267 11 15 169.082242
demand_268 11 16 340.745317
demand_269 11 17 1022.648482
demand_270 11 18 62.714684
demand_271 11 19 435.245702
demand_272 11 20 1451.223431
demand_273 11 21 955.064778
demand_274 11 22 324.559128
demand_275 11 23 1129.023304
demand_276 12 0 335.406077
demand_277 12 1 291.400429
demand_278 12 2 88.662722
demand_279 12 3 103.412911
demand_280 12 4 24.913181
demand_281 12 5 555.682217
demand_282 12 6 385.235797
demand_283 12 7 301.718979
demand_284 12 8 91.469423
demand_285 12 9 495.064049
demand_286 12 10 555.322497
demand_287 12 11 754.860397
demand_288 12 13 597.098335
demand_289 12 14 173.714003
demand_290 12 15 109.055644
demand_291 12 16 219.775889
demand_292 12 17 659.593742
demand_293 12 18 40.450080
demand_294 12 19 280.727294
demand_295 12 20 936.018495
demand_296 12 21 616.003213
demand_297 12 22 209.336026
demand_298 12 23 728.203991
demand_299 13 0 474.141768
demand_300 13 1 411.933844
demand_301 13 2 125.336727
demand_302 13 3 146.188109
demand_303 13 4 35.218145
demand_304 13 5 785.531829
demand_305 13 6 544.582803
demand_306 13 7 426.520507
demand_307 13 8 129.304378
demand_308 13 9 699.839864
demand_309 13 10 785.023314
demand_310 13 11 1067.097073
demand_311 13 12 300.350059
demand_312 13 14 245.568193
demand_313 13 15 154.164874
demand_314 13 16 310.682887
demand_315 13 17 932.424796
demand_316 13 18 57.181649
demand_317 13 19 396.845927
demand_318 13 20 1323.188501
demand_319 13 21 870.803699
demand_320 13 22 295.924732
demand_321 13 23 1029.414645
demand_322 14 0 933.372640
demand_323 14 1 810.913118
demand_324 14 2 246.731842
demand_325 14 3 287.778869
demand_326 14 4 69.328744
demand_327 14 5 1546.360109
demand_328 14 6 1072.039468
demand_329 14 7 839.627720
demand_330 14 8 254.542368
demand_331 14 9 1377.671037
demand_332 14 10 1545.359073
demand_333 14 11 2100.635883
demand_334 14 12 591.254655
demand_335 14 13 1661.613452
demand_336 14 15 303.481544
demand_337 14 16 611.595363
demand_338 14 17 1835.526527
demand_339 14 18 112.565039
demand_340 14 19 781.211771
demand_341 14 20 2604.765129
demand_342 14 21 1714.222206
demand_343 14 22 582.543170
demand_344 14 23 2026.456072
demand_345 15 0 1707.091627
demand_346 15 1 1483.119319
demand_347 15 2 451.260132
demand_348 15 3 526.333080
demand_349 15 4 126.798786
demand_350 15 5 2828.214886
demand_351 15 6 1960.706283
demand_352 15 7 1535.636882
demand_353 15 8 465.545191
demand_354 15 9 2519.691055
demand_355 15 10 2826.384041
demand_356 15 11 3841.957406
demand_357 15 12 1081.375035
demand_358 15 13 3039.007454
demand_359 15 14 884.139375
demand_360 15 16 1118.577167
demand_361 15 17 3357.085725
demand_362 15 18 205.875796
demand_363 15 19 1428.797048
demand_364 15 20 4763.984449
demand_365 15 21 3135.226220
demand_366 15 22 1065.442167
demand_367 15 23 3706.286262
demand_368 16 0 1962.586863
demand_369 16 1 1705.093297
demand_370 16 2 518.798870
demand_371 16 3 605.107759
demand_372 16 4 145.776376
demand_373 16 5 3251.505247
demand_374 16 6 2254.159257
demand_375 16 7 1765.471005
demand_376 16 8 535.221931
demand_377 16 9 2896.805588
demand_378 16 10 3249.400385
demand_379 16 11 4416.971540
demand_380 16 12 1243.221163
demand_381 16 13 3493.846500
demand_382 16 14 1016.465839
demand_383 16 15 638.125509
demand_384 16 17 3859.530583
demand_385 16 18 236.688603
demand_386 16 19 1642.640777
demand_387 16 20 5476.995580
demand_388 16 21 3604.466037
demand_389 16 22 1224.903671
demand_390 16 23 4260.994907
demand_391 17 0 241.056854
demand_392 17 1 209.429929
demand_393 17 2 63.722032
demand_394 17 3 74.323015
demand_395 17 4 17.905141
demand_396 17 5 399.369649
demand_397 17 6 276.869549
demand_398 17 7 216.845886
demand_399 17 8 65.739213
demand_400 17 9 355.803280
demand_401 17 10 399.111117
demand_402 17 11 542.519307
demand_403 17 12 152.699984
demand_404 17 13 429.135476
demand_405 17 14 124.848516
demand_406 17 15 78.378456
demand_407 17 16 157.953263
demand_408 17 18 29.071534
demand_409 17 19 201.759130
demand_410 17 20 672.717907
demand_411 17 21 442.722440
demand_412 17 22 150.450118
demand_413 17 23 523.361309
demand_414 18 0 554.657532
demand_415 18 1 481.885851
demand_416 18 2 146.620619
demand_417 18 3 171.012852
demand_418 18 4 41.198668
demand_419 18 5 918.925887
demand_420 18 6 637.060419
demand_421 18 7 498.949529
demand_422 18 8 151.262031
demand_423 18 9 818.682254
demand_424 18 10 918.331021
demand_425 18 11 1248.304765
demand_426 18 12 351.353611
demand_427 18 13 987.415290
demand_428 18 14 287.269034
demand_429 18 15 180.344181
demand_430 18 16 363.441095
demand_431 18 17 1090.763292
demand_432 18 19 464.235798
demand_433 18 20 1547.884023
demand_434 18 21 1018.678089
demand_435 18 22 346.176803
demand_436 18 23 1204.223346
demand_437 19 0 912.839539
demand_438 19 1 793.073982
demand_439 19 2 241.304031
demand_440 19 3 281.448072
demand_441 19 4 67.803593
demand_442 19 5 1512.342004
demand_443 19 6 1048.455859
demand_444 19 7 821.156897
demand_445 19 8 248.942735
demand_446 19 9 1347.363893
demand_447 19 10 1511.362989
demand_448 19 11 2054.424362
demand_449 19 12 578.247748
demand_450 19 13 1625.059908
demand_451 19 14 472.779180
demand_452 19 15 296.805306
demand_453 19 16 598.140984
demand_454 19 17 1795.147101
demand_455 19 18 110.088740
demand_456 19 20 2547.463357
demand_457 19 21 1676.511331
demand_458 19 22 569.727905
demand_459 19 23 1981.876420
demand_460 20 0 311.946998
demand_461 20 1 271.019207
demand_462 20 2 82.461446
demand_463 20 3 96.179972
demand_464 20 4 23.170696
demand_465 20 5 516.816514
demand_466 20 6 358.291512
demand_467 20 7 280.616054
demand_468 20 8 85.071840
demand_469 20 9 460.438121
demand_470 20 10 516.481953
demand_471 20 11 702.063710
demand_472 20 12 197.606087
demand_473 20 13 555.335893
demand_474 20 14 161.564042
demand_475 20 15 101.428039
demand_476 20 16 204.404253
demand_477 20 17 613.460226
demand_478 20 18 37.620908
demand_479 20 19 261.092576
demand_480 20 21 572.918520
demand_481 20 22 194.694579
demand_482 20 23 677.271715
demand_483 21 0 86.564926
demand_484 21 1 75.207512
demand_485 21 2 22.882955
demand_486 21 3 26.689829
demand_487 21 4 6.429841
demand_488 21 5 143.415977
demand_489 21 6 99.425474
demand_490 21 7 77.870626
demand_491 21 8 23.607336
demand_492 21 9 127.771039
demand_493 21 10 143.323136
demand_494 21 11 194.821856
demand_495 21 12 54.835457
demand_496 21 13 154.105059
demand_497 21 14 44.833832
demand_498 21 15 28.146162
demand_499 21 16 56.721941
demand_500 21 17 170.234493
demand_501 21 18 10.439758
demand_502 21 19 72.452884
demand_503 21 20 241.576935
demand_504 21 22 54.027517
demand_505 21 23 187.942107
demand_506 22 0 23.467931
demand_507 22 1 20.388913
demand_508 22 2 6.203616
demand_509 22 3 7.235668
demand_510 22 4 1.743143
demand_511 22 5 38.880369
demand_512 22 6 26.954452
demand_513 22 7 21.110888
demand_514 22 8 6.399998
demand_515 22 9 34.638994
demand_516 22 10 38.855200
demand_517 22 11 52.816609
demand_518 22 12 14.866006
demand_519 22 13 41.778201
demand_520 22 14 12.154545
demand_521 22 15 7.630483
demand_522 22 16 15.377436
demand_523 22 17 46.150924
demand_524 22 18 2.830240
demand_525 22 19 19.642127
demand_526 22 20 65.492008
demand_527 22 21 43.100951
demand_528 22 23 50.951495
demand_529 23 0 864.637649
demand_530 23 1 751.196234
demand_531 23 2 228.562131
demand_532 23 3 266.586392
demand_533 23 4 64.223269
demand_534 23 5 1432.483782
demand_535 23 6 993.092839
demand_536 23 7 777.796248
demand_537 23 8 235.797478
demand_538 23 9 1276.217231
demand_539 23 10 1431.556463
demand_540 23 11 1945.941838
demand_541 23 12 547.713757
demand_542 23 13 1539.249691
demand_543 23 14 447.814387
demand_544 23 15 281.132698
demand_545 23 16 566.556543
demand_546 23 17 1700.355542
demand_547 23 18 104.275577
demand_548 23 19 723.682139
demand_549 23 20 2412.946234
demand_550 23 21 1587.984256
demand_551 23 22 539.643798
