DEMANDS 552
label src dest bw
demand_0 0 1 158.827237
demand_1 0 2 41.120601
demand_2 0 3 62.469066
demand_3 0 4 0.074697
demand_4 0 5 211.127876
demand_5 0 6 180.684462
demand_6 0 7 160.206387
demand_7 0 8 54.028550
demand_8 0 9 201.897679
demand_9 0 10 206.395896
demand_10 0 11 393.869294
demand_11 0 12 89.433690
demand_12 0 13 257.541921
demand_13 0 14 78.132698
demand_14 0 15 70.348281
demand_15 0 16 95.352467
demand_16 0 17 288.091781
demand_17 0 18 10.294534
demand_18 0 19 139.356106
demand_19 0 20 676.572137
demand_20 0 21 261.341044
demand_21 0 22 87.780791
demand_22 0 23 371.276964
demand_23 1 0 1069.632432
demand_24 1 2 255.099826
demand_25 1 3 387.539271
demand_26 1 4 0.463400
demand_27 1 5 1309.773757
demand_28 1 6 1120.911985
demand_29 1 7 993.872173
demand_30 1 8 335.176854
demand_31 1 9 1252.512390
demand_32 1 10 1280.417975
demand_33 1 11 2443.446475
demand_34 1 12 554.819675
demand_35 1 13 1597.712511
demand_36 1 14 484.711723
demand_37 1 15 436.419548
demand_38 1 16 591.537985
demand_39 1 17 1787.234637
demand_40 1 18 63.864190
demand_41 1 19 864.523308
demand_42 1 20 4197.249762
demand_43 1 21 1621.281124
demand_44 1 22 544.565591
demand_45 1 23 2303.290461
demand_46 2 0 1056.592591
demand_47 2 1 973.304396
demand_48 2 3 382.814797
demand_49 2 4 0.457751
demand_50 2 5 1293.806364
demand_51 2 6 1107.246997
demand_52 2 7 981.755922
demand_53 2 8 331.090728
demand_54 2 9 1237.243068
demand_55 2 10 1264.808457
demand_56 2 11 2413.658529
demand_57 2 12 548.055893
demand_58 2 13 1578.234870
demand_59 2 14 478.802624
demand_60 2 15 431.099177
demand_61 2 16 584.326572
demand_62 2 17 1765.446540
demand_63 2 18 63.085625
demand_64 2 19 853.983943
demand_65 2 20 4146.081279
demand_66 2 21 1601.516159
demand_67 2 22 537.926816
demand_68 2 23 2275.211151
demand_69 3 0 619.940116
demand_70 3 1 571.071996
demand_71 3 2 147.851366
demand_72 3 4 0.268579
demand_73 3 5 759.121797
demand_74 3 6 649.660841
demand_75 3 7 576.030804
demand_76 3 8 194.262600
demand_77 3 9 725.934118
demand_78 3 10 742.107703
demand_79 3 11 1416.178535
demand_80 3 12 321.563710
demand_81 3 13 926.006027
demand_82 3 14 280.930376
demand_83 3 15 252.941082
demand_84 3 16 342.844996
demand_85 3 17 1035.849713
demand_86 3 18 37.014560
demand_87 3 19 501.062480
demand_88 3 20 2432.652026
demand_89 3 21 939.665980
demand_90 3 22 315.620624
demand_91 3 23 1334.946578
demand_92 4 0 1373.016721
demand_93 4 1 1264.785709
demand_94 4 2 327.454850
demand_95 4 3 497.458644
demand_96 4 5 1681.270327
demand_97 4 6 1438.840906
demand_98 4 7 1275.768265
demand_99 4 8 430.244457
demand_100 4 9 1607.767681
demand_101 4 10 1643.588243
demand_102 4 11 3136.491346
demand_103 4 12 712.185483
demand_104 4 13 2050.878346
demand_105 4 14 622.192522
demand_106 4 15 560.203036
demand_107 4 16 759.318360
demand_108 4 17 2294.155419
demand_109 4 18 81.978256
demand_110 4 19 1109.731644
demand_111 4 20 5387.733143
demand_112 4 21 2081.131823
demand_113 4 22 699.022991
demand_114 4 23 2956.582300
demand_115 5 0 1222.756249
demand_116 5 1 1126.369844
demand_117 5 2 291.618782
demand_118 5 3 443.017668
demand_119 5 4 0.529738
demand_120 5 6 1281.376754
demand_121 5 7 1136.150489
demand_122 5 8 383.159280
demand_123 5 9 1431.816488
demand_124 5 10 1463.716912
demand_125 5 11 2793.239394
demand_126 5 12 634.245189
demand_127 5 13 1826.433921
demand_128 5 14 554.100895
demand_129 5 15 498.895427
demand_130 5 16 676.219929
demand_131 5 17 2043.087191
demand_132 5 18 73.006704
demand_133 5 19 988.284616
demand_134 5 20 4798.109352
demand_135 5 21 1853.376512
demand_136 5 22 622.523176
demand_137 5 23 2633.019270
demand_138 6 0 307.922923
demand_139 6 1 283.650233
demand_140 6 2 73.437456
demand_141 6 3 111.563769
demand_142 6 4 0.133402
demand_143 6 5 377.054165
demand_144 6 7 286.113262
demand_145 6 8 96.489816
demand_146 6 9 360.569916
demand_147 6 10 368.603301
demand_148 6 11 703.412834
demand_149 6 12 159.720004
demand_150 6 13 459.945203
demand_151 6 14 139.537514
demand_152 6 15 125.635292
demand_153 6 16 170.290373
demand_154 6 17 514.504326
demand_155 6 18 18.385052
demand_156 6 19 248.876657
demand_157 6 20 1208.293033
demand_158 6 21 466.730073
demand_159 6 22 156.768085
demand_160 6 23 663.065096
demand_161 7 0 655.481905
demand_162 7 1 603.812127
demand_163 7 2 156.327833
demand_164 7 3 237.488105
demand_165 7 4 0.283976
demand_166 7 5 802.643013
demand_167 7 6 686.906550
demand_168 7 8 205.399870
demand_169 7 9 767.552650
demand_170 7 10 784.653484
demand_171 7 11 1497.369473
demand_172 7 12 339.999281
demand_173 7 13 979.094883
demand_174 7 14 297.036397
demand_175 7 15 267.442449
demand_176 7 16 362.500644
demand_177 7 17 1095.236018
demand_178 7 18 39.136642
demand_179 7 19 529.788896
demand_180 7 20 2572.118411
demand_181 7 21 993.537975
demand_182 7 22 333.715471
demand_183 7 23 1411.480407
demand_184 8 0 541.382371
demand_185 8 1 498.706735
demand_186 8 2 129.115895
demand_187 8 3 196.148624
demand_188 8 4 0.234545
demand_189 8 5 662.927189
demand_190 8 6 567.336937
demand_191 8 7 503.037172
demand_192 8 9 633.944996
demand_193 8 10 648.069092
demand_194 8 11 1236.722828
demand_195 8 12 280.815710
demand_196 8 13 808.664137
demand_197 8 14 245.331362
demand_198 8 15 220.888824
demand_199 8 16 299.400268
demand_200 8 17 904.588620
demand_201 8 18 32.324138
demand_202 8 19 437.568705
demand_203 8 20 2124.390548
demand_204 8 21 820.593124
demand_205 8 22 275.625721
demand_206 8 23 1165.784445
demand_207 9 0 1281.803626
demand_208 9 1 1180.762684
demand_209 9 2 305.701167
demand_210 9 3 464.411164
demand_211 9 4 0.555320
demand_212 9 5 1569.579138
demand_213 9 6 1343.254938
demand_214 9 7 1191.015640
demand_215 9 8 401.662192
demand_216 9 10 1534.400373
demand_217 9 11 2928.126015
demand_218 9 12 664.873137
demand_219 9 13 1914.633129
demand_220 9 14 580.858644
demand_221 9 15 522.987282
demand_222 9 16 708.874854
demand_223 9 17 2141.748669
demand_224 9 18 76.532226
demand_225 9 19 1036.009266
demand_226 9 20 5029.811927
demand_227 9 21 1942.876788
demand_228 9 22 652.585063
demand_229 9 23 2760.168799
demand_230 10 0 111.308981
demand_231 10 1 102.534810
demand_232 10 2 26.546411
demand_233 10 3 40.328434
demand_234 10 4 0.048223
demand_235 10 5 136.298768
demand_236 10 6 116.645277
demand_237 10 7 103.425154
demand_238 10 8 34.879453
demand_239 10 9 130.339988
demand_240 10 11 254.271963
demand_241 10 12 57.736107
demand_242 10 13 166.262490
demand_243 10 14 50.440475
demand_244 10 15 45.415055
demand_245 10 16 61.557119
demand_246 10 17 185.984700
demand_247 10 18 6.645889
demand_248 10 19 89.964745
demand_249 10 20 436.777701
demand_250 10 21 168.715107
demand_251 10 22 56.669038
demand_252 10 23 239.686931
demand_253 11 0 483.820124
demand_254 11 1 445.681956
demand_255 11 2 115.387703
demand_256 11 3 175.293206
demand_257 11 4 0.209607
demand_258 11 5 592.441742
demand_259 11 6 507.015082
demand_260 11 7 449.551961
demand_261 11 8 151.608442
demand_262 11 9 566.541067
demand_263 11 10 579.163425
demand_264 11 12 250.958101
demand_265 11 13 722.683271
demand_266 11 14 219.246611
demand_267 11 15 197.402915
demand_268 11 16 267.566663
demand_269 11 17 808.408625
demand_270 11 18 28.887288
demand_271 11 19 391.044401
demand_272 11 20 1898.515638
demand_273 11 21 733.343914
demand_274 11 22 246.319935
demand_275 11 23 1041.832916
demand_276 12 0 304.526553
demand_277 12 1 280.521589
demand_278 12 2 72.627445
demand_279 12 3 110.333227
demand_280 12 4 0.131931
demand_281 12 5 372.895282
demand_282 12 6 319.125947
demand_283 12 7 282.957452
demand_284 12 8 95.425540
demand_285 12 9 356.592853
demand_286 12 10 364.537631
demand_287 12 11 695.654236
demand_288 12 13 454.872038
demand_289 12 14 137.998424
demand_290 12 15 124.249543
demand_291 12 16 168.412081
demand_292 12 17 508.829377
demand_293 12 18 18.182266
demand_294 12 19 246.131564
demand_295 12 20 1194.965639
demand_296 12 21 461.582070
demand_297 12 22 155.038944
demand_298 12 23 655.751531
demand_299 13 0 328.106768
demand_300 13 1 302.243042
demand_301 13 2 78.251161
demand_302 13 3 118.876592
demand_303 13 4 0.142147
demand_304 13 5 401.769450
demand_305 13 6 343.836628
demand_306 13 7 304.867520
demand_307 13 8 102.814566
demand_308 13 9 384.204685
demand_309 13 10 392.764646
demand_310 13 11 749.520397
demand_311 13 12 170.189389
demand_312 13 14 148.683970
demand_313 13 15 133.870480
demand_314 13 16 181.452628
demand_315 13 17 548.229245
demand_316 13 18 19.590162
demand_317 13 19 265.190116
demand_318 13 20 1287.494669
demand_319 13 21 497.323467
demand_320 13 22 167.043977
demand_321 13 23 706.527931
demand_322 14 0 966.207215
demand_323 14 1 890.043842
demand_324 14 2 230.433638
demand_325 14 3 350.067209
demand_326 14 4 0.418593
demand_327 14 5 1183.128723
demand_328 14 6 1012.528430
demand_329 14 7 897.772389
demand_330 14 8 302.767834
demand_331 14 9 1131.404089
demand_332 14 10 1156.611419
demand_333 14 11 2207.184021
demand_334 14 12 501.172886
demand_335 14 13 1443.226018
demand_336 14 15 394.221139
demand_337 14 16 534.340818
demand_338 14 17 1614.422814
demand_339 14 18 57.689015
demand_340 14 19 780.930563
demand_341 14 20 3791.408040
demand_342 14 21 1464.515727
demand_343 14 22 491.910292
demand_344 14 23 2080.580015
demand_345 15 0 1993.165019
demand_346 15 1 1836.049477
demand_347 15 2 475.355866
demand_348 15 3 722.145006
demand_349 15 4 0.863505
demand_350 15 5 2440.647045
demand_351 15 6 2088.719911
demand_352 15 7 1851.992507
demand_353 15 8 624.572293
demand_354 15 9 2333.945576
demand_355 15 10 2385.945154
demand_356 15 11 4553.145449
demand_357 15 12 1033.857178
demand_358 15 13 2977.195336
demand_359 15 14 903.217238
demand_360 15 16 1102.278487
demand_361 15 17 3330.352982
demand_362 15 18 119.005246
demand_363 15 19 1610.962387
demand_364 15 20 7821.202081
demand_365 15 21 3021.113353
demand_366 15 22 1014.749603
demand_367 15 23 4291.977169
demand_368 16 0 2059.109607
demand_369 16 1 1896.795840
demand_370 16 2 491.083187
demand_371 16 3 746.037435
demand_372 16 4 0.892074
demand_373 16 5 2521.396738
demand_374 16 6 2157.825966
demand_375 16 7 1913.266351
demand_376 16 8 645.236494
demand_377 16 9 2411.165011
demand_378 16 10 2464.885014
demand_379 16 11 4703.787917
demand_380 16 12 1068.062718
demand_381 16 13 3075.696923
demand_382 16 14 933.100508
demand_383 16 15 840.135037
demand_384 16 17 3440.538918
demand_385 16 18 122.942577
demand_386 16 19 1664.261662
demand_387 16 20 8079.969388
demand_388 16 21 3121.067984
demand_389 16 22 1048.322962
demand_390 16 23 4433.978789
demand_391 17 0 289.562060
demand_392 17 1 266.736705
demand_393 17 2 69.058519
demand_394 17 3 104.911432
demand_395 17 4 0.125448
demand_396 17 5 354.571137
demand_397 17 6 303.444037
demand_398 17 7 269.052869
demand_399 17 8 90.736310
demand_400 17 9 339.069813
demand_401 17 10 346.624182
demand_402 17 11 661.469655
demand_403 17 12 150.196201
demand_404 17 13 432.519539
demand_405 17 14 131.217156
demand_406 17 15 118.143897
demand_407 17 16 160.136279
demand_408 17 18 17.288786
demand_409 17 19 234.036612
demand_410 17 20 1136.244800
demand_411 17 21 438.899839
demand_412 17 22 147.420300
demand_413 17 23 623.527776
demand_414 18 0 518.263782
demand_415 18 1 477.410518
demand_416 18 2 123.602274
demand_417 18 3 187.772512
demand_418 18 4 0.224529
demand_419 18 5 634.618286
demand_420 18 6 543.110013
demand_421 18 7 481.556033
demand_422 18 8 162.401605
demand_423 18 9 606.873715
demand_424 18 10 620.394672
demand_425 18 11 1183.911194
demand_426 18 12 268.824069
demand_427 18 13 774.131845
demand_428 18 14 234.855005
demand_429 18 15 211.456233
demand_430 18 16 286.615013
demand_431 18 17 865.960076
demand_432 18 19 418.883259
demand_433 18 20 2033.672941
demand_434 18 21 785.551430
demand_435 18 22 263.855708
demand_436 18 23 1116.002085
demand_437 19 0 886.900129
demand_438 19 1 816.988309
demand_439 19 2 211.519455
demand_440 19 3 321.333403
demand_441 19 4 0.384234
demand_442 19 5 1086.016541
demand_443 19 6 929.419261
demand_444 19 7 824.082491
demand_445 19 8 277.916400
demand_446 19 9 1038.537508
demand_447 19 10 1061.675800
demand_448 19 11 2026.016536
demand_449 19 12 460.036202
demand_450 19 13 1324.764836
demand_451 19 14 401.905250
demand_452 19 15 361.863143
demand_453 19 16 490.481683
demand_454 19 17 1481.909657
demand_455 19 18 52.953853
demand_456 19 20 3480.206140
demand_457 19 21 1344.307068
demand_458 19 22 451.533890
demand_459 19 23 1909.804291
demand_460 20 0 298.348564
demand_461 20 1 274.830593
demand_462 20 2 71.154038
demand_463 20 3 108.094876
demand_464 20 4 0.129254
demand_465 20 5 365.330283
demand_466 20 6 312.651777
demand_467 20 7 277.217039
demand_468 20 8 93.489623
demand_469 20 9 349.358585
demand_470 20 10 357.142185
demand_471 20 11 681.541364
demand_472 20 12 154.753772
demand_473 20 13 445.643961
demand_474 20 14 135.198824
demand_475 20 15 121.728868
demand_476 20 16 164.995472
demand_477 20 17 498.506657
demand_478 20 18 17.813399
demand_479 20 19 241.138245
demand_480 20 21 452.217866
demand_481 20 22 151.893639
demand_482 20 23 642.448173
demand_483 21 0 213.261304
demand_484 21 1 196.450520
demand_485 21 2 50.861324
demand_486 21 3 77.266851
demand_487 21 4 0.092392
demand_488 21 5 261.140229
demand_489 21 6 223.485324
demand_490 21 7 198.156366
demand_491 21 8 66.826931
demand_492 21 9 249.723566
demand_493 21 10 255.287329
demand_494 21 11 487.169765
demand_495 21 12 110.618904
demand_496 21 13 318.548917
demand_497 21 14 96.640912
demand_498 21 15 87.012509
demand_499 21 16 117.939731
demand_500 21 17 356.335482
demand_501 21 18 12.733122
demand_502 21 19 172.367032
demand_503 21 20 836.839768
demand_504 21 22 108.574464
demand_505 21 23 459.225722
demand_506 22 0 208.997209
demand_507 22 1 192.522552
demand_508 22 2 49.844367
demand_509 22 3 75.721924
demand_510 22 4 0.090545
demand_511 22 5 255.918810
demand_512 22 6 219.016803
demand_513 22 7 194.194289
demand_514 22 8 65.490747
demand_515 22 9 244.730419
demand_516 22 10 250.182936
demand_517 22 11 477.428953
demand_518 22 12 108.407112
demand_519 22 13 312.179628
demand_520 22 14 94.708606
demand_521 22 15 85.272720
demand_522 22 16 115.581562
demand_523 22 17 349.210662
demand_524 22 18 12.478527
demand_525 22 19 168.920605
demand_526 22 20 820.107410
demand_527 22 21 316.784737
demand_528 22 23 450.043643
demand_529 23 0 874.529054
demand_530 23 1 805.592411
demand_531 23 2 208.569040
demand_532 23 3 316.851230
demand_533 23 4 0.378875
demand_534 23 5 1070.868058
demand_535 23 6 916.455101
demand_536 23 7 812.587638
demand_537 23 8 274.039837
demand_538 23 9 1024.051294
demand_539 23 10 1046.866837
demand_540 23 11 1997.756305
demand_541 23 12 453.619310
demand_542 23 13 1306.286131
demand_543 23 14 396.299207
demand_544 23 15 356.815634
demand_545 23 16 483.640117
demand_546 23 17 1461.238992
demand_547 23 18 52.215217
demand_548 23 19 706.832299
demand_549 23 20 3431.661901
demand_550 23 21 1325.555776
demand_551 23 22 445.235594
