DEMANDS 552
label src dest bw
demand_0 0 1 44.266804
demand_1 0 2 3.203158
demand_2 0 3 14.077481
demand_3 0 4 0.457320
demand_4 0 5 68.323144
demand_5 0 6 54.577901
demand_6 0 7 52.743226
demand_7 0 8 13.049691
demand_8 0 9 58.870233
demand_9 0 10 65.521455
demand_10 0 11 163.509582
demand_11 0 12 29.695817
demand_12 0 13 87.608540
demand_13 0 14 24.563992
demand_14 0 15 22.156624
demand_15 0 16 30.149126
demand_16 0 17 126.070820
demand_17 0 18 1.606055
demand_18 0 19 42.900580
demand_19 0 20 363.556022
demand_20 0 21 99.546108
demand_21 0 22 27.878682
demand_22 0 23 138.986002
demand_23 1 0 991.227782
demand_24 1 2 58.686659
demand_25 1 3 257.920542
demand_26 1 4 8.378794
demand_27 1 5 1251.782334
demand_28 1 6 999.948891
demand_29 1 7 966.334893
demand_30 1 8 239.089879
demand_31 1 9 1078.590851
demand_32 1 10 1200.451199
demand_33 1 11 2995.740440
demand_34 1 12 544.071836
demand_35 1 13 1605.119672
demand_36 1 14 450.049128
demand_37 1 15 405.942542
demand_38 1 16 552.377143
demand_39 1 17 2309.806238
demand_40 1 18 29.425332
demand_41 1 19 786.002877
demand_42 1 20 6660.890837
demand_43 1 21 1823.833800
demand_44 1 22 510.779212
demand_45 1 23 2546.431726
demand_46 2 0 944.247943
demand_47 2 1 772.594692
demand_48 2 3 245.696242
demand_49 2 4 7.981676
demand_50 2 5 1192.453354
demand_51 2 6 952.555709
demand_52 2 7 920.534867
demand_53 2 8 227.758069
demand_54 2 9 1027.470386
demand_55 2 10 1143.555089
demand_56 2 11 2853.755512
demand_57 2 12 518.285223
demand_58 2 13 1529.044055
demand_59 2 14 428.718778
demand_60 2 15 386.702650
demand_61 2 16 526.196895
demand_62 2 17 2200.331576
demand_63 2 18 28.030700
demand_64 2 19 748.749796
demand_65 2 20 6345.193891
demand_66 2 21 1737.392095
demand_67 2 22 486.570523
demand_68 2 23 2425.742056
demand_69 3 0 510.805942
demand_70 3 1 417.947386
demand_71 3 2 30.242790
demand_72 3 4 4.317815
demand_73 3 5 645.076607
demand_74 3 6 515.300160
demand_75 3 7 497.977977
demand_76 3 8 123.209350
demand_77 3 9 555.826446
demand_78 3 10 618.624313
demand_79 3 11 1543.784431
demand_80 3 12 280.374634
demand_81 3 13 827.160700
demand_82 3 14 231.922241
demand_83 3 15 209.192949
demand_84 3 16 284.654579
demand_85 3 17 1190.304360
demand_86 3 18 15.163653
demand_87 3 19 405.048110
demand_88 3 20 3432.533550
demand_89 3 21 939.869885
demand_90 3 22 263.218063
demand_91 3 23 1312.243744
demand_92 4 0 1019.099667
demand_93 4 1 833.839247
demand_94 4 2 60.336842
demand_95 4 3 265.172893
demand_96 4 5 1286.980634
demand_97 4 6 1028.066001
demand_98 4 7 993.506826
demand_99 4 8 245.812739
demand_100 4 9 1108.919258
demand_101 4 10 1234.206142
demand_102 4 11 3079.976308
demand_103 4 12 559.370346
demand_104 4 13 1650.253304
demand_105 4 14 462.703855
demand_106 4 15 417.357056
demand_107 4 16 567.909186
demand_108 4 17 2374.754633
demand_109 4 18 30.252729
demand_110 4 19 808.104136
demand_111 4 20 6848.185407
demand_112 4 21 1875.117356
demand_113 4 22 525.141582
demand_114 4 23 2618.033686
demand_115 5 0 995.848577
demand_116 5 1 814.814934
demand_117 5 2 58.960238
demand_118 5 3 259.122887
demand_119 5 4 8.417854
demand_120 5 6 1004.610341
demand_121 5 7 970.839645
demand_122 5 8 240.204441
demand_123 5 9 1083.618905
demand_124 5 10 1206.047328
demand_125 5 11 3009.705648
demand_126 5 12 546.608129
demand_127 5 13 1612.602239
demand_128 5 14 452.147117
demand_129 5 15 407.834919
demand_130 5 16 554.952154
demand_131 5 17 2320.573835
demand_132 5 18 29.562504
demand_133 5 19 789.666977
demand_134 5 20 6691.941833
demand_135 5 21 1832.335944
demand_136 5 22 513.160306
demand_137 5 23 2558.302397
demand_138 6 0 267.983283
demand_139 6 1 219.267051
demand_140 6 2 15.866225
demand_141 6 3 69.730081
demand_142 6 4 2.265248
demand_143 6 5 338.425482
demand_144 6 7 261.253369
demand_145 6 8 64.639119
demand_146 6 9 291.602316
demand_147 6 10 324.547858
demand_148 6 11 809.913093
demand_149 6 12 147.092484
demand_150 6 13 433.951961
demand_151 6 14 121.672985
demand_152 6 15 109.748553
demand_153 6 16 149.337865
demand_154 6 17 624.467424
demand_155 6 18 7.955283
demand_156 6 19 212.499726
demand_157 6 20 1800.804444
demand_158 6 21 493.082396
demand_159 6 22 138.091660
demand_160 6 23 688.440283
demand_161 7 0 566.198985
demand_162 7 1 463.270620
demand_163 7 2 33.522392
demand_164 7 3 147.326731
demand_165 7 4 4.786049
demand_166 7 5 715.030288
demand_167 7 6 571.180567
demand_168 7 8 136.570472
demand_169 7 9 616.101622
demand_170 7 10 685.709442
demand_171 7 11 1711.196181
demand_172 7 12 310.779143
demand_173 7 13 916.860024
demand_174 7 14 257.072455
demand_175 7 15 231.878342
demand_176 7 16 315.523216
demand_177 7 17 1319.383869
demand_178 7 18 16.808037
demand_179 7 19 448.972516
demand_180 7 20 3804.765863
demand_181 7 21 1041.791669
demand_182 7 22 291.762072
demand_183 7 23 1454.546658
demand_184 8 0 482.487479
demand_185 8 1 394.776889
demand_186 8 2 28.566167
demand_187 8 3 125.544738
demand_188 8 4 4.078440
demand_189 8 5 609.314341
demand_190 8 6 486.732544
demand_191 8 7 470.370681
demand_192 8 9 525.012101
demand_193 8 10 584.328530
demand_194 8 11 1458.198891
demand_195 8 12 264.831004
demand_196 8 13 781.303912
demand_197 8 14 219.064753
demand_198 8 15 197.595545
demand_199 8 16 268.873674
demand_200 8 17 1124.315328
demand_201 8 18 14.322999
demand_202 8 19 382.592734
demand_203 8 20 3242.238047
demand_204 8 21 887.764637
demand_205 8 22 248.625572
demand_206 8 23 1239.494540
demand_207 9 0 998.271639
demand_208 9 1 816.797511
demand_209 9 2 59.103697
demand_210 9 3 259.753375
demand_211 9 4 8.438336
demand_212 9 5 1260.677742
demand_213 9 6 1007.054721
demand_214 9 7 973.201856
demand_215 9 8 240.788898
demand_216 9 10 1208.981838
demand_217 9 11 3017.028751
demand_218 9 12 547.938116
demand_219 9 13 1616.525963
demand_220 9 14 453.247264
demand_221 9 15 408.827248
demand_222 9 16 556.302442
demand_223 9 17 2326.220168
demand_224 9 18 29.634434
demand_225 9 19 791.588366
demand_226 9 20 6708.224416
demand_227 9 21 1836.794316
demand_228 9 22 514.408908
demand_229 9 23 2564.527163
demand_230 10 0 14.259986
demand_231 10 1 11.667687
demand_232 10 2 0.844277
demand_233 10 3 3.710493
demand_234 10 4 0.120539
demand_235 10 5 18.008372
demand_236 10 6 14.385449
demand_237 10 7 13.901872
demand_238 10 8 3.439591
demand_239 10 9 15.516807
demand_240 10 11 43.097275
demand_241 10 12 7.827118
demand_242 10 13 23.091548
demand_243 10 14 6.474490
demand_244 10 15 5.839964
demand_245 10 16 7.946600
demand_246 10 17 33.229299
demand_247 10 18 0.423318
demand_248 10 19 11.307583
demand_249 10 20 95.824805
demand_250 10 21 26.238010
demand_251 10 22 7.348164
demand_252 10 23 36.633437
demand_253 11 0 352.843107
demand_254 11 1 288.700350
demand_255 11 2 20.890438
demand_256 11 3 91.810870
demand_257 11 4 2.982563
demand_258 11 5 445.591594
demand_259 11 6 355.947522
demand_260 11 7 343.982092
demand_261 11 8 85.107800
demand_262 11 9 383.941364
demand_263 11 10 427.319470
demand_264 11 12 193.670920
demand_265 11 13 571.367572
demand_266 11 14 160.202060
demand_267 11 15 144.501627
demand_268 11 16 196.627325
demand_269 11 17 822.211830
demand_270 11 18 10.474409
demand_271 11 19 279.790077
demand_272 11 20 2371.048772
demand_273 11 21 649.222303
demand_274 11 22 181.819888
demand_275 11 23 906.442391
demand_276 12 0 154.439204
demand_277 12 1 126.363960
demand_278 12 2 9.143732
demand_279 12 3 40.185560
demand_280 12 4 1.305466
demand_281 12 5 195.035158
demand_282 12 6 155.798004
demand_283 12 7 150.560743
demand_284 12 8 37.251630
demand_285 12 9 168.050891
demand_286 12 10 187.037460
demand_287 12 11 466.754237
demand_288 12 13 250.087223
demand_289 12 14 70.120340
demand_290 12 15 63.248270
demand_291 12 16 86.063655
demand_292 12 17 359.881596
demand_293 12 18 4.584642
demand_294 12 19 122.463939
demand_295 12 20 1037.806541
demand_296 12 21 284.164190
demand_297 12 22 79.582449
demand_298 12 23 396.749259
demand_299 13 0 352.122153
demand_300 13 1 288.110457
demand_301 13 2 20.847754
demand_302 13 3 91.623276
demand_303 13 4 2.976469
demand_304 13 5 444.681130
demand_305 13 6 355.220225
demand_306 13 7 343.279243
demand_307 13 8 84.933901
demand_308 13 9 383.156868
demand_309 13 10 426.446340
demand_310 13 11 1064.201984
demand_311 13 12 193.275198
demand_312 13 14 159.874724
demand_313 13 15 144.206371
demand_314 13 16 196.225562
demand_315 13 17 820.531829
demand_316 13 18 10.453007
demand_317 13 19 279.218390
demand_318 13 20 2366.204077
demand_319 13 21 647.895766
demand_320 13 22 181.448381
demand_321 13 23 904.590284
demand_322 14 0 894.772174
demand_323 14 1 732.113041
demand_324 14 2 52.975905
demand_325 14 3 232.822494
demand_326 14 4 7.563460
demand_327 14 5 1129.972365
demand_328 14 6 902.644639
demand_329 14 7 872.301593
demand_330 14 8 215.824228
demand_331 14 9 973.634010
demand_332 14 10 1083.636222
demand_333 14 11 2704.227257
demand_334 14 12 491.128627
demand_335 14 13 1448.926719
demand_336 14 15 366.440587
demand_337 14 16 498.625751
demand_338 14 17 2085.040782
demand_339 14 18 26.561976
demand_340 14 19 709.517546
demand_341 14 20 6012.724707
demand_342 14 21 1646.357945
demand_343 14 22 461.075683
demand_344 14 23 2298.640426
demand_345 15 0 1868.326759
demand_346 15 1 1528.686769
demand_347 15 2 110.616204
demand_348 15 3 486.144414
demand_349 15 4 15.792864
demand_350 15 5 2359.435916
demand_351 15 6 1884.764838
demand_352 15 7 1821.407119
demand_353 15 8 450.651228
demand_354 15 9 2032.994014
demand_355 15 10 2262.683852
demand_356 15 11 5646.554833
demand_357 15 12 1025.499878
demand_358 15 13 3025.427744
demand_359 15 14 848.280126
demand_360 15 16 1041.154229
demand_361 15 17 4353.664090
demand_362 15 18 55.462665
demand_363 15 19 1481.506303
demand_364 15 20 12554.854501
demand_365 15 21 3437.673511
demand_366 15 22 962.747904
demand_367 15 23 4799.670284
demand_368 16 0 2392.399976
demand_369 16 1 1957.489595
demand_370 16 2 141.644497
demand_371 16 3 622.509890
demand_372 16 4 20.222826
demand_373 16 5 3021.267240
demand_374 16 6 2413.449003
demand_375 16 7 2332.319187
demand_376 16 8 577.060722
demand_377 16 9 2603.257063
demand_378 16 10 2897.375831
demand_379 16 11 7230.436317
demand_380 16 12 1313.156744
demand_381 16 13 3874.072471
demand_382 16 14 1086.226135
demand_383 16 15 979.771698
demand_384 16 17 5574.884489
demand_385 16 18 71.020168
demand_386 16 19 1897.074817
demand_387 16 20 16076.542003
demand_388 16 21 4401.954844
demand_389 16 22 1232.802588
demand_390 16 23 6145.997225
demand_391 17 0 106.282172
demand_392 17 1 86.961314
demand_393 17 2 6.292545
demand_394 17 3 27.654951
demand_395 17 4 0.898397
demand_396 17 5 134.219549
demand_397 17 6 107.217274
demand_398 17 7 103.613088
demand_399 17 8 25.635875
demand_400 17 9 115.649481
demand_401 17 10 128.715683
demand_402 17 11 321.211539
demand_403 17 12 58.336880
demand_404 17 13 172.105351
demand_405 17 14 48.255507
demand_406 17 15 43.526277
demand_407 17 16 59.227398
demand_408 17 18 3.155065
demand_409 17 19 84.277393
demand_410 17 20 714.199058
demand_411 17 21 195.556482
demand_412 17 22 54.767154
demand_413 17 23 273.035422
demand_414 18 0 406.141568
demand_415 18 1 332.309773
demand_416 18 2 24.046029
demand_417 18 3 105.679295
demand_418 18 4 3.433092
demand_419 18 5 512.900111
demand_420 18 6 409.714918
demand_421 18 7 395.942058
demand_422 18 8 97.963697
demand_423 18 9 441.937349
demand_424 18 10 491.867904
demand_425 18 11 1227.462284
demand_426 18 12 222.925741
demand_427 18 13 657.675089
demand_428 18 14 184.401266
demand_429 18 15 166.329216
demand_430 18 16 226.328724
demand_431 18 17 946.410445
demand_432 18 19 322.053565
demand_433 18 20 2729.205833
demand_434 18 21 747.290110
demand_435 18 22 209.284560
demand_436 18 23 1043.364392
demand_437 19 0 755.391292
demand_438 19 1 618.069975
demand_439 19 2 44.723717
demand_440 19 3 196.555156
demand_441 19 4 6.385281
demand_442 19 5 953.953764
demand_443 19 6 762.037443
demand_444 19 7 736.421009
demand_445 19 8 182.204752
demand_446 19 9 821.968623
demand_447 19 10 914.835518
demand_448 19 11 2282.983065
demand_449 19 12 414.624302
demand_450 19 13 1223.223807
demand_451 19 14 342.971815
demand_452 19 15 309.359228
demand_453 19 16 420.953580
demand_454 19 17 1760.248803
demand_455 19 18 22.424351
demand_456 19 20 5076.107654
demand_457 19 21 1389.900681
demand_458 19 22 389.252779
demand_459 19 23 1940.575501
demand_460 20 0 144.017249
demand_461 20 1 117.836595
demand_462 20 2 8.526689
demand_463 20 3 37.473735
demand_464 20 4 1.217370
demand_465 20 5 181.873684
demand_466 20 6 145.284354
demand_467 20 7 140.400517
demand_468 20 8 34.737794
demand_469 20 9 156.710385
demand_470 20 10 174.415692
demand_471 20 11 435.256461
demand_472 20 12 79.049166
demand_473 20 13 233.210694
demand_474 20 14 65.388439
demand_475 20 15 58.980115
demand_476 20 16 80.255858
demand_477 20 17 335.595860
demand_478 20 18 4.275259
demand_479 20 19 114.199757
demand_480 20 21 264.988059
demand_481 20 22 74.212021
demand_482 20 23 369.975598
demand_483 21 0 93.779460
demand_484 21 1 76.731449
demand_485 21 2 5.552309
demand_486 21 3 24.401706
demand_487 21 4 0.792713
demand_488 21 5 118.430368
demand_489 21 6 94.604559
demand_490 21 7 91.424359
demand_491 21 8 22.620149
demand_492 21 9 102.044827
demand_493 21 10 113.573961
demand_494 21 11 283.425188
demand_495 21 12 51.474307
demand_496 21 13 151.859400
demand_497 21 14 42.578875
demand_498 21 15 38.405978
demand_499 21 16 52.260067
demand_500 21 17 218.529369
demand_501 21 18 2.783913
demand_502 21 19 74.363256
demand_503 21 20 630.182846
demand_504 21 22 48.324512
demand_505 21 23 240.916363
demand_506 22 0 78.667454
demand_507 22 1 64.366629
demand_508 22 2 4.657587
demand_509 22 3 20.469515
demand_510 22 4 0.664972
demand_511 22 5 99.346014
demand_512 22 6 79.359593
demand_513 22 7 76.691863
demand_514 22 8 18.975045
demand_515 22 9 85.600906
demand_516 22 10 95.272187
demand_517 22 11 237.752893
demand_518 22 12 43.179526
demand_519 22 13 127.388154
demand_520 22 14 35.717541
demand_521 22 15 32.217081
demand_522 22 16 43.838666
demand_523 22 17 183.314651
demand_524 22 18 2.335302
demand_525 22 19 62.380056
demand_526 22 20 528.632602
demand_527 22 21 144.746105
demand_528 22 23 202.094113
demand_529 23 0 606.739542
demand_530 23 1 496.441378
demand_531 23 2 35.922638
demand_532 23 3 157.875510
demand_533 23 4 5.128736
demand_534 23 5 766.227354
demand_535 23 6 612.077812
demand_536 23 7 591.502379
demand_537 23 8 146.349090
demand_538 23 9 660.215271
demand_539 23 10 734.807099
demand_540 23 11 1833.719974
demand_541 23 12 333.031320
demand_542 23 13 982.508352
demand_543 23 14 275.479165
demand_544 23 15 248.481123
demand_545 23 16 338.115074
demand_546 23 17 1413.853410
demand_547 23 18 18.011513
demand_548 23 19 481.119511
demand_549 23 20 4077.191872
demand_550 23 21 1116.385259
demand_551 23 22 312.652602
