DEMANDS 552
label src dest bw
demand_0 0 1 42.138584
demand_1 0 2 13.757124
demand_2 0 3 19.681456
demand_3 0 4 12.237417
demand_4 0 5 70.368249
demand_5 0 6 61.553337
demand_6 0 7 56.857410
demand_7 0 8 16.804274
demand_8 0 9 65.945406
demand_9 0 10 66.608246
demand_10 0 11 194.436677
demand_11 0 12 32.889537
demand_12 0 13 91.401201
demand_13 0 14 22.344273
demand_14 0 15 20.860770
demand_15 0 16 33.186209
demand_16 0 17 120.592583
demand_17 0 18 12.985554
demand_18 0 19 37.208108
demand_19 0 20 318.537991
demand_20 0 21 102.220568
demand_21 0 22 23.297014
demand_22 0 23 130.944447
demand_23 1 0 1072.766502
demand_24 1 2 257.246457
demand_25 1 3 368.026391
demand_26 1 4 228.829231
demand_27 1 5 1315.826062
demand_28 1 6 1150.994748
demand_29 1 7 1063.184923
demand_30 1 8 314.225551
demand_31 1 9 1233.122671
demand_32 1 10 1245.517213
demand_33 1 11 3635.799540
demand_34 1 12 615.006211
demand_35 1 13 1709.124273
demand_36 1 14 417.818788
demand_37 1 15 390.078545
demand_38 1 16 620.553728
demand_39 1 17 2254.978151
demand_40 1 18 242.818745
demand_41 1 19 695.759790
demand_42 1 20 5956.387940
demand_43 1 21 1911.437177
demand_44 1 22 435.634237
demand_45 1 23 2448.549138
demand_46 2 0 862.176946
demand_47 2 1 633.275784
demand_48 2 3 295.780926
demand_49 2 4 183.908881
demand_50 2 5 1057.522669
demand_51 2 6 925.048586
demand_52 2 7 854.476280
demand_53 2 8 252.541467
demand_54 2 9 991.054378
demand_55 2 10 1001.015807
demand_56 2 11 2922.073476
demand_57 2 12 494.277343
demand_58 2 13 1373.614428
demand_59 2 14 335.798821
demand_60 2 15 313.504129
demand_61 2 16 498.735854
demand_62 2 17 1812.314395
demand_63 2 18 195.152182
demand_64 2 19 559.178581
demand_65 2 20 4787.118492
demand_66 2 21 1536.212273
demand_67 2 22 350.117006
demand_68 2 23 1967.886406
demand_69 3 0 562.203229
demand_70 3 1 412.942717
demand_71 3 2 134.814788
demand_72 3 4 119.922212
demand_73 3 5 689.583110
demand_74 3 6 603.200195
demand_75 3 7 557.181824
demand_76 3 8 164.675742
demand_77 3 9 646.240860
demand_78 3 10 652.736451
demand_79 3 11 1905.408341
demand_80 3 12 322.305438
demand_81 3 13 895.698349
demand_82 3 14 218.965704
demand_83 3 15 204.427913
demand_84 3 16 325.212718
demand_85 3 17 1181.763222
demand_86 3 18 127.253677
demand_87 3 19 364.625852
demand_88 3 20 3121.555834
demand_89 3 21 1001.724187
demand_90 3 22 228.302221
demand_91 3 23 1283.207696
demand_92 4 0 1549.680482
demand_93 4 1 1138.252568
demand_94 4 2 371.609118
demand_95 4 3 531.637886
demand_96 4 5 1900.795711
demand_97 4 6 1662.686234
demand_98 4 7 1535.839273
demand_99 4 8 453.919098
demand_100 4 9 1781.325322
demand_101 4 10 1799.230038
demand_102 4 11 5252.147203
demand_103 4 12 888.416183
demand_104 4 13 2468.940372
demand_105 4 14 603.566219
demand_106 4 15 563.493646
demand_107 4 16 896.429930
demand_108 4 17 3257.461546
demand_109 4 18 350.767356
demand_110 4 19 1005.069942
demand_111 4 20 8604.386989
demand_112 4 21 2761.194425
demand_113 4 22 629.301785
demand_114 4 23 3537.087335
demand_115 5 0 1130.734567
demand_116 5 1 830.533480
demand_117 5 2 271.147040
demand_118 5 3 387.913084
demand_119 5 4 241.194258
demand_120 5 6 1213.189958
demand_121 5 7 1120.635237
demand_122 5 8 331.205059
demand_123 5 9 1299.755750
demand_124 5 10 1312.820044
demand_125 5 11 3832.263786
demand_126 5 12 648.238717
demand_127 5 13 1801.478598
demand_128 5 14 440.396065
demand_129 5 15 411.156849
demand_130 5 16 654.086000
demand_131 5 17 2376.828264
demand_132 5 18 255.939711
demand_133 5 19 733.355901
demand_134 5 20 6278.247617
demand_135 5 21 2014.723692
demand_136 5 22 459.174191
demand_137 5 23 2580.859062
demand_138 6 0 207.030114
demand_139 6 1 152.065256
demand_140 6 2 49.645252
demand_141 6 3 71.024352
demand_142 6 4 44.161093
demand_143 6 5 253.937477
demand_144 6 7 205.180993
demand_145 6 8 60.641483
demand_146 6 9 237.976788
demand_147 6 10 240.368775
demand_148 6 11 701.662469
demand_149 6 12 118.688275
demand_150 6 13 329.838965
demand_151 6 14 80.633643
demand_152 6 15 75.280134
demand_153 6 16 119.758875
demand_154 6 17 435.181731
demand_155 6 18 46.860889
demand_156 6 19 134.272676
demand_157 6 20 1149.506133
demand_158 6 21 368.882749
demand_159 6 22 84.071795
demand_160 6 23 472.538437
demand_161 7 0 594.932446
demand_162 7 1 436.982586
demand_163 7 2 142.663165
demand_164 7 3 204.099252
demand_165 7 4 126.903603
demand_166 7 5 729.727872
demand_167 7 6 638.316091
demand_168 7 8 174.262503
demand_169 7 9 683.862411
demand_170 7 10 690.736148
demand_171 7 11 2016.333571
demand_172 7 12 341.068768
demand_173 7 13 947.842314
demand_174 7 14 231.713008
demand_175 7 15 216.328886
demand_176 7 16 344.145297
demand_177 7 17 1250.560736
demand_178 7 18 134.661876
demand_179 7 19 385.852907
demand_180 7 20 3303.280292
demand_181 7 21 1060.040551
demand_182 7 22 241.593060
demand_183 7 23 1357.910900
demand_184 8 0 526.576097
demand_185 8 1 386.774307
demand_186 8 2 126.271500
demand_187 8 3 180.648725
demand_188 8 4 112.322675
demand_189 8 5 645.883844
demand_190 8 6 564.975063
demand_191 8 7 521.872902
demand_192 8 9 605.288217
demand_193 8 10 611.372178
demand_194 8 11 1784.661552
demand_195 8 12 301.880763
demand_196 8 13 838.937445
demand_197 8 14 205.089725
demand_198 8 15 191.473202
demand_199 8 16 304.603806
demand_200 8 17 1106.874228
demand_201 8 18 119.189541
demand_202 8 19 341.519309
demand_203 8 20 2923.741100
demand_204 8 21 938.244367
demand_205 8 22 213.834582
demand_206 8 23 1201.890109
demand_207 9 0 1196.594466
demand_208 9 1 878.908097
demand_209 9 2 286.940062
demand_210 9 3 410.507172
demand_211 9 4 255.242674
demand_212 9 5 1467.710056
demand_213 9 6 1283.852490
demand_214 9 7 1185.906898
demand_215 9 8 350.496175
demand_216 9 10 1389.285553
demand_217 9 11 4055.474885
demand_218 9 12 685.995532
demand_219 9 13 1906.406139
demand_220 9 14 466.047037
demand_221 9 15 435.104775
demand_222 9 16 692.183392
demand_223 9 17 2515.267181
demand_224 9 18 270.846979
demand_225 9 19 776.070386
demand_226 9 20 6643.925615
demand_227 9 21 2132.071743
demand_228 9 22 485.918899
demand_229 9 23 2731.181800
demand_230 10 0 18.339218
demand_231 10 1 13.470301
demand_232 10 2 4.397694
demand_233 10 3 6.291505
demand_234 10 4 3.911894
demand_235 10 5 22.494384
demand_236 10 6 19.676550
demand_237 10 7 18.175419
demand_238 10 8 5.371766
demand_239 10 9 21.080548
demand_240 10 11 62.154925
demand_241 10 12 10.513689
demand_242 10 13 29.217917
demand_243 10 14 7.142719
demand_244 10 15 6.668493
demand_245 10 16 10.608525
demand_246 10 17 38.549429
demand_247 10 18 4.151049
demand_248 10 19 11.894192
demand_249 10 20 101.825978
demand_250 10 21 32.676508
demand_251 10 22 7.447279
demand_252 10 23 41.858575
demand_253 11 0 509.013527
demand_254 11 1 373.874461
demand_255 11 2 122.060044
demand_256 11 3 174.623659
demand_257 11 4 108.576446
demand_258 11 5 624.342076
demand_259 11 6 546.131796
demand_260 11 7 504.467195
demand_261 11 8 149.095871
demand_262 11 9 585.100410
demand_263 11 10 590.981456
demand_264 11 12 291.812319
demand_265 11 13 810.956879
demand_266 11 14 198.249493
demand_267 11 15 185.087114
demand_268 11 16 294.444542
demand_269 11 17 1069.957330
demand_270 11 18 115.214285
demand_271 11 19 330.128825
demand_272 11 20 2826.227356
demand_273 11 21 906.951678
demand_274 11 22 206.702688
demand_275 11 23 1161.804205
demand_276 12 0 189.567222
demand_277 12 1 139.238624
demand_278 12 2 45.457699
demand_279 12 3 65.033482
demand_280 12 4 40.436126
demand_281 12 5 232.517972
demand_282 12 6 203.390837
demand_283 12 7 187.874073
demand_284 12 8 55.526403
demand_285 12 9 217.903560
demand_286 12 10 220.093783
demand_287 12 11 642.477573
demand_288 12 13 302.017205
demand_289 12 14 73.832234
demand_290 12 15 68.930290
demand_291 12 16 109.657270
demand_292 12 17 398.474359
demand_293 12 18 42.908196
demand_294 12 19 122.946839
demand_295 12 20 1052.545837
demand_296 12 21 337.767664
demand_297 12 22 76.980379
demand_298 12 23 432.680045
demand_299 13 0 304.002397
demand_300 13 1 223.292165
demand_301 13 2 72.898939
demand_302 13 3 104.291945
demand_303 13 4 64.846017
demand_304 13 5 372.881029
demand_305 13 6 326.170851
demand_306 13 7 301.287153
demand_307 13 8 89.045771
demand_308 13 9 349.444401
demand_309 13 10 352.956788
demand_310 13 11 1030.319062
demand_311 13 12 174.281507
demand_312 13 14 118.402199
demand_313 13 15 110.541122
demand_314 13 16 175.853572
demand_315 13 17 639.019547
demand_316 13 18 68.810389
demand_317 13 19 197.165593
demand_318 13 20 1687.931352
demand_319 13 21 541.666320
demand_320 13 22 123.450772
demand_321 13 23 693.874022
demand_322 14 0 789.607098
demand_323 14 1 579.972657
demand_324 14 2 189.345611
demand_325 14 3 270.884904
demand_326 14 4 168.429182
demand_327 14 5 968.510478
demand_328 14 6 847.186802
demand_329 14 7 782.554600
demand_330 14 8 231.284930
demand_331 14 9 907.636854
demand_332 14 10 916.759826
demand_333 14 11 2676.121147
demand_334 14 12 452.673781
demand_335 14 13 1257.996641
demand_336 14 15 287.116336
demand_337 14 16 456.757017
demand_338 14 17 1659.771021
demand_339 14 18 178.726129
demand_340 14 19 512.112251
demand_341 14 20 4384.184427
demand_342 14 21 1406.908547
demand_343 14 22 320.647490
demand_344 14 23 1802.248461
demand_345 15 0 1688.385785
demand_346 15 1 1240.132709
demand_347 15 2 404.870268
demand_348 15 3 579.222530
demand_349 15 4 360.145492
demand_350 15 5 2070.927842
demand_351 15 6 1811.506200
demand_352 15 7 1673.305707
demand_353 15 8 494.547464
demand_354 15 9 1940.764168
demand_355 15 10 1960.271459
demand_356 15 11 5722.244538
demand_357 15 12 967.934533
demand_358 15 13 2689.924713
demand_359 15 14 657.588861
demand_360 15 16 976.665556
demand_361 15 17 3549.023061
demand_362 15 18 382.163049
demand_363 15 19 1095.029474
demand_364 15 20 9374.529036
demand_365 15 21 3008.337182
demand_366 15 22 685.627909
demand_367 15 23 3853.676963
demand_368 16 0 1952.118521
demand_369 16 1 1433.846489
demand_370 16 2 468.112653
demand_371 16 3 669.699448
demand_372 16 4 416.401685
demand_373 16 5 2394.415206
demand_374 16 6 2094.470847
demand_375 16 7 1934.682874
demand_376 16 8 571.797792
demand_377 16 9 2243.919435
demand_378 16 10 2266.473845
demand_379 16 11 6616.082440
demand_380 16 12 1119.129849
demand_381 16 13 3110.101909
demand_382 16 14 760.306920
demand_383 16 15 709.827861
demand_384 16 17 4103.394917
demand_385 16 18 441.858473
demand_386 16 19 1266.077537
demand_387 16 20 10838.868652
demand_388 16 21 3478.251703
demand_389 16 22 792.725781
demand_390 16 23 4455.637000
demand_391 17 0 95.446310
demand_392 17 1 70.106069
demand_393 17 2 22.887763
demand_394 17 3 32.744088
demand_395 17 4 20.359422
demand_396 17 5 117.071834
demand_397 17 6 102.406443
demand_398 17 7 94.593816
demand_399 17 8 27.957313
demand_400 17 9 109.713538
demand_401 17 10 110.816307
demand_402 17 11 323.484792
demand_403 17 12 54.718406
demand_404 17 13 152.064410
demand_405 17 14 37.174223
demand_406 17 15 34.706115
demand_407 17 16 55.211981
demand_408 17 18 21.604098
demand_409 17 19 61.903223
demand_410 17 20 529.952462
demand_411 17 21 170.064618
demand_412 17 22 38.759302
demand_413 17 23 217.852607
demand_414 18 0 510.793967
demand_415 18 1 375.182208
demand_416 18 2 122.486989
demand_417 18 3 175.234461
demand_418 18 4 108.956227
demand_419 18 5 626.525915
demand_420 18 6 548.042069
demand_421 18 7 506.231732
demand_422 18 8 149.617382
demand_423 18 9 587.146988
demand_424 18 10 593.048606
demand_425 18 11 1731.173062
demand_426 18 12 292.833027
demand_427 18 13 813.793463
demand_428 18 14 198.942935
demand_429 18 15 185.734516
demand_430 18 16 295.474458
demand_431 18 17 1073.699853
demand_432 18 19 331.283557
demand_433 18 20 2836.113002
demand_434 18 21 910.124035
demand_435 18 22 207.425698
demand_436 18 23 1165.867992
demand_437 19 0 778.684663
demand_438 19 1 571.950042
demand_439 19 2 186.726441
demand_440 19 3 267.137821
demand_441 19 4 166.099344
demand_442 19 5 955.113318
demand_443 19 6 835.467882
demand_444 19 7 771.729721
demand_445 19 8 228.085624
demand_446 19 9 895.081744
demand_447 19 10 904.078520
demand_448 19 11 2639.103042
demand_449 19 12 446.412060
demand_450 19 13 1240.595093
demand_451 19 14 303.280427
demand_452 19 15 283.144729
demand_453 19 16 450.438813
demand_454 19 17 1636.811830
demand_455 19 18 176.253856
demand_456 19 20 4323.539116
demand_457 19 21 1387.447138
demand_458 19 22 316.212054
demand_459 19 23 1777.318415
demand_460 20 0 162.753225
demand_461 20 1 119.543531
demand_462 20 2 39.027776
demand_463 20 3 55.834594
demand_464 20 4 34.716497
demand_465 20 5 199.628657
demand_466 20 6 174.621511
demand_467 20 7 161.299570
demand_468 20 8 47.672277
demand_469 20 9 187.081431
demand_470 20 10 188.961851
demand_471 20 11 551.600093
demand_472 20 12 93.304782
demand_473 20 13 259.297328
demand_474 20 14 63.388776
demand_475 20 15 59.180205
demand_476 20 16 94.146415
demand_477 20 17 342.110764
demand_478 20 18 36.838896
demand_479 20 19 105.556195
demand_480 20 21 289.990939
demand_481 20 22 66.091621
demand_482 20 23 371.478107
demand_483 21 0 87.336227
demand_484 21 1 64.149149
demand_485 21 2 20.942987
demand_486 21 3 29.961820
demand_487 21 4 18.629480
demand_488 21 5 107.124228
demand_489 21 6 93.704956
demand_490 21 7 86.556170
demand_491 21 8 25.581778
demand_492 21 9 100.391167
demand_493 21 10 101.400233
demand_494 21 11 295.998255
demand_495 21 12 50.068978
demand_496 21 13 139.143481
demand_497 21 14 34.015526
demand_498 21 15 31.757133
demand_499 21 16 50.520613
demand_500 21 17 183.582618
demand_501 21 18 19.768396
demand_502 21 19 56.643300
demand_503 21 20 484.922345
demand_504 21 22 35.465920
demand_505 21 23 199.341648
demand_506 22 0 67.381029
demand_507 22 1 49.491899
demand_508 22 2 16.157786
demand_509 22 3 23.115932
demand_510 22 4 14.372885
demand_511 22 5 82.647729
demand_512 22 6 72.294587
demand_513 22 7 66.779205
demand_514 22 8 19.736672
demand_515 22 9 77.453085
demand_516 22 10 78.231593
demand_517 22 11 228.366485
demand_518 22 12 38.628864
demand_519 22 13 107.350996
demand_520 22 14 26.243418
demand_521 22 15 24.501039
demand_522 22 16 38.977307
demand_523 22 17 141.636366
demand_524 22 18 15.251573
demand_525 22 19 43.701039
demand_526 22 20 374.123866
demand_527 22 21 120.058377
demand_528 22 23 153.794662
demand_529 23 0 684.401557
demand_530 23 1 502.698355
demand_531 23 2 164.117611
demand_532 23 3 234.792785
demand_533 23 4 145.988042
demand_534 23 5 839.468237
demand_535 23 6 734.309466
demand_536 23 7 678.288719
demand_537 23 8 200.469026
demand_538 23 9 786.705284
demand_539 23 10 794.612730
demand_540 23 11 2319.560556
demand_541 23 12 392.360506
demand_542 23 13 1090.383891
demand_543 23 14 266.559245
demand_544 23 15 248.861577
demand_545 23 16 395.899701
demand_546 23 17 1438.626722
demand_547 23 18 154.913046
demand_548 23 19 443.879523
demand_549 23 20 3800.045181
demand_550 23 21 1219.455097
demand_551 23 22 277.925112
