DEMANDS 552
label src dest bw
demand_0 0 1 145.976044
demand_1 0 2 15.819465
demand_2 0 3 18.120879
demand_3 0 4 0.481450
demand_4 0 5 256.636583
demand_5 0 6 179.702042
demand_6 0 7 148.748938
demand_7 0 8 17.211809
demand_8 0 9 228.673403
demand_9 0 10 248.245138
demand_10 0 11 526.934402
demand_11 0 12 90.185019
demand_12 0 13 274.625730
demand_13 0 14 56.261453
demand_14 0 15 19.978038
demand_15 0 16 95.201546
demand_16 0 17 279.989680
demand_17 0 18 14.832410
demand_18 0 19 126.745320
demand_19 0 20 595.813372
demand_20 0 21 276.542495
demand_21 0 22 71.734944
demand_22 0 23 514.663382
demand_23 1 0 902.468466
demand_24 1 2 84.369813
demand_25 1 3 96.643924
demand_26 1 4 2.567714
demand_27 1 5 1368.717629
demand_28 1 6 958.403321
demand_29 1 7 793.321400
demand_30 1 8 91.795588
demand_31 1 9 1219.581849
demand_32 1 10 1323.963611
demand_33 1 11 2810.294605
demand_34 1 12 480.982966
demand_35 1 13 1464.658991
demand_36 1 14 300.058712
demand_37 1 15 106.548692
demand_38 1 16 507.737566
demand_39 1 17 1493.266494
demand_40 1 18 79.105559
demand_41 1 19 675.969702
demand_42 1 20 3177.646212
demand_43 1 21 1474.881653
demand_44 1 22 382.583347
demand_45 1 23 2744.849685
demand_46 2 0 863.998524
demand_47 2 1 745.345874
demand_48 2 3 92.524238
demand_49 2 4 2.458259
demand_50 2 5 1310.372668
demand_51 2 6 917.549018
demand_52 2 7 759.504121
demand_53 2 8 87.882575
demand_54 2 9 1167.594168
demand_55 2 10 1267.526401
demand_56 2 11 2690.498874
demand_57 2 12 460.479882
demand_58 2 13 1402.224292
demand_59 2 14 287.267971
demand_60 2 15 102.006791
demand_61 2 16 486.094002
demand_62 2 17 1429.612331
demand_63 2 18 75.733490
demand_64 2 19 647.154828
demand_65 2 20 3042.191213
demand_66 2 21 1412.011189
demand_67 2 22 366.274789
demand_68 2 23 2627.843705
demand_69 3 0 472.007312
demand_70 3 1 407.186694
demand_71 3 2 44.126936
demand_72 3 4 1.342961
demand_73 3 5 715.864048
demand_74 3 6 501.262252
demand_75 3 7 414.921425
demand_76 3 8 48.010751
demand_77 3 9 637.863341
demand_78 3 10 692.456888
demand_79 3 11 1469.834851
demand_80 3 12 251.562781
demand_81 3 13 766.043113
demand_82 3 14 156.936128
demand_83 3 15 55.726891
demand_84 3 16 265.555920
demand_85 3 17 781.005355
demand_86 3 18 41.373637
demand_87 3 19 353.544367
demand_88 3 20 1661.966378
demand_89 3 21 771.389751
demand_90 3 22 200.098002
demand_91 3 23 1435.605975
demand_92 4 0 1326.822782
demand_93 4 1 1144.610619
demand_94 4 2 124.041774
demand_95 4 3 142.087358
demand_96 4 5 2012.309350
demand_97 4 6 1409.059051
demand_98 4 7 1166.353115
demand_99 4 8 134.959261
demand_100 4 9 1793.047671
demand_101 4 10 1946.511317
demand_102 4 11 4131.737614
demand_103 4 12 707.148428
demand_104 4 13 2153.363790
demand_105 4 14 441.150855
demand_106 4 15 156.649498
demand_107 4 16 746.483446
demand_108 4 17 2195.422975
demand_109 4 18 116.302189
demand_110 4 19 993.820875
demand_111 4 20 4671.823499
demand_112 4 21 2168.393303
demand_113 4 22 562.479820
demand_114 4 23 4035.519502
demand_115 5 0 1045.038045
demand_116 5 1 901.523293
demand_117 5 2 97.698333
demand_118 5 3 111.911475
demand_119 5 4 2.973354
demand_120 5 6 1109.809340
demand_121 5 7 918.648214
demand_122 5 8 106.297212
demand_123 5 9 1412.248160
demand_124 5 10 1533.119877
demand_125 5 11 3254.257506
demand_126 5 12 556.967381
demand_127 5 13 1696.041940
demand_128 5 14 347.461193
demand_129 5 15 123.380972
demand_130 5 16 587.948603
demand_131 5 17 1729.168782
demand_132 5 18 91.602446
demand_133 5 19 782.757606
demand_134 5 20 3679.642347
demand_135 5 21 1707.879552
demand_136 5 22 443.022851
demand_137 5 23 3178.473771
demand_138 6 0 358.491411
demand_139 6 1 309.259896
demand_140 6 2 33.514582
demand_141 6 3 38.390279
demand_142 6 4 1.019984
demand_143 6 5 543.701561
demand_144 6 7 315.134455
demand_145 6 8 36.464354
demand_146 6 9 484.459717
demand_147 6 10 525.923731
demand_148 6 11 1116.345353
demand_149 6 12 191.062922
demand_150 6 13 581.812759
demand_151 6 14 119.193606
demand_152 6 15 42.324793
demand_153 6 16 201.690766
demand_154 6 17 593.176640
demand_155 6 18 31.423440
demand_156 6 19 268.518338
demand_157 6 20 1262.270004
demand_158 6 21 585.873551
demand_159 6 22 151.975220
demand_160 6 23 1090.348387
demand_161 7 0 488.706268
demand_162 7 1 421.592387
demand_163 7 2 45.688085
demand_164 7 3 52.334783
demand_165 7 4 1.390473
demand_166 7 5 741.190312
demand_167 7 6 518.996206
demand_168 7 8 49.709304
demand_169 7 9 660.430049
demand_170 7 10 716.955040
demand_171 7 11 1521.835543
demand_172 7 12 260.462719
demand_173 7 13 793.144642
demand_174 7 14 162.488307
demand_175 7 15 57.698430
demand_176 7 16 274.950916
demand_177 7 17 808.636227
demand_178 7 18 42.837378
demand_179 7 19 366.052269
demand_180 7 20 1720.764413
demand_181 7 21 798.680436
demand_182 7 22 207.177189
demand_183 7 23 1486.395697
demand_184 8 0 470.724982
demand_185 8 1 406.080466
demand_186 8 2 44.007054
demand_187 8 3 50.409195
demand_188 8 4 1.339312
demand_189 8 5 713.919218
demand_190 8 6 499.900443
demand_191 8 7 413.794184
demand_192 8 9 636.130420
demand_193 8 10 690.575650
demand_194 8 11 1465.841665
demand_195 8 12 250.879346
demand_196 8 13 763.961959
demand_197 8 14 156.509770
demand_198 8 15 55.575494
demand_199 8 16 264.834469
demand_200 8 17 778.883552
demand_201 8 18 41.261235
demand_202 8 19 352.583872
demand_203 8 20 1657.451217
demand_204 8 21 769.294071
demand_205 8 22 199.554384
demand_206 8 23 1431.705781
demand_207 9 0 1156.468700
demand_208 9 1 997.651210
demand_209 9 2 108.115742
demand_210 9 3 123.844408
demand_211 9 4 3.290398
demand_212 9 5 1753.943939
demand_213 9 6 1228.146449
demand_214 9 7 1016.602133
demand_215 9 8 117.631505
demand_216 9 10 1696.593880
demand_217 9 11 3601.253529
demand_218 9 12 616.355880
demand_219 9 13 1876.888049
demand_220 9 14 384.510398
demand_221 9 15 136.536878
demand_222 9 16 650.640577
demand_223 9 17 1913.547150
demand_224 9 18 101.369862
demand_225 9 19 866.221737
demand_226 9 20 4071.996442
demand_227 9 21 1889.987886
demand_228 9 22 490.261635
demand_229 9 23 3517.389101
demand_230 10 0 143.766415
demand_231 10 1 124.023017
demand_232 10 2 13.440409
demand_233 10 3 15.395718
demand_234 10 4 0.409046
demand_235 10 5 218.041553
demand_236 10 6 152.677035
demand_237 10 7 126.378901
demand_238 10 8 14.623361
demand_239 10 9 194.283697
demand_240 10 11 447.689858
demand_241 10 12 76.622286
demand_242 10 13 233.325351
demand_243 10 14 47.800413
demand_244 10 15 16.973583
demand_245 10 16 80.884388
demand_246 10 17 237.882627
demand_247 10 18 12.601795
demand_248 10 19 107.684361
demand_249 10 20 506.210266
demand_250 10 21 234.953857
demand_251 10 22 60.946879
demand_252 10 23 437.264251
demand_253 11 0 460.132742
demand_254 11 1 396.942855
demand_255 11 2 43.016809
demand_256 11 3 49.274889
demand_257 11 4 1.309175
demand_258 11 5 697.854628
demand_259 11 6 488.651698
demand_260 11 7 404.482999
demand_261 11 8 46.802916
demand_262 11 9 621.816231
demand_263 11 10 675.036337
demand_264 11 12 245.234066
demand_265 11 13 746.771309
demand_266 11 14 152.987992
demand_267 11 15 54.324936
demand_268 11 16 258.875171
demand_269 11 17 761.357136
demand_270 11 18 40.332775
demand_271 11 19 344.650040
demand_272 11 20 1620.155297
demand_273 11 21 751.983438
demand_274 11 22 195.064017
demand_275 11 23 1399.489578
demand_276 12 0 322.583742
demand_277 12 1 278.283416
demand_278 12 2 30.157652
demand_279 12 3 34.544984
demand_280 12 4 0.917819
demand_281 12 5 489.242640
demand_282 12 6 342.577432
demand_283 12 7 283.569560
demand_284 12 8 32.811965
demand_285 12 9 435.934652
demand_286 12 10 473.245495
demand_287 12 11 1004.528562
demand_288 12 13 523.536495
demand_289 12 14 107.254786
demand_290 12 15 38.085404
demand_291 12 16 181.488761
demand_292 12 17 533.762133
demand_293 12 18 28.275966
demand_294 12 19 241.622665
demand_295 12 20 1135.836923
demand_296 12 21 527.190545
demand_297 12 22 136.752886
demand_298 12 23 981.135537
demand_299 13 0 429.976929
demand_300 13 1 370.928330
demand_301 13 2 40.197607
demand_302 13 3 46.045551
demand_303 13 4 1.223375
demand_304 13 5 652.119188
demand_305 13 6 456.626832
demand_306 13 7 377.974314
demand_307 13 8 43.735583
demand_308 13 9 581.064135
demand_309 13 10 630.796343
demand_310 13 11 1338.951875
demand_311 13 12 229.162111
demand_312 13 14 142.961587
demand_313 13 15 50.764632
demand_314 13 16 241.909217
demand_315 13 17 711.459919
demand_316 13 18 37.689478
demand_317 13 19 322.062640
demand_318 13 20 1513.974850
demand_319 13 21 702.700546
demand_320 13 22 182.280067
demand_321 13 23 1307.770945
demand_322 14 0 722.728170
demand_323 14 1 623.476133
demand_324 14 2 67.566284
demand_325 14 3 77.395819
demand_326 14 4 2.056315
demand_327 14 5 1096.116733
demand_328 14 6 767.522749
demand_329 14 7 635.319399
demand_330 14 8 73.513103
demand_331 14 9 976.683608
demand_332 14 10 1060.276158
demand_333 14 11 2250.581769
demand_334 14 12 385.187906
demand_335 14 13 1172.949916
demand_336 14 15 85.327902
demand_337 14 16 406.613921
demand_338 14 17 1195.859801
demand_339 14 18 63.350486
demand_340 14 19 541.340073
demand_341 14 20 2544.769726
demand_342 14 21 1181.136581
demand_343 14 22 306.386065
demand_344 14 23 2198.171198
demand_345 15 0 1714.779942
demand_346 15 1 1479.289742
demand_347 15 2 160.311045
demand_348 15 3 183.633078
demand_349 15 4 4.878912
demand_350 15 5 2600.699775
demand_351 15 6 1821.061735
demand_352 15 7 1507.389649
demand_353 15 8 174.420756
demand_354 15 9 2317.326943
demand_355 15 10 2515.662686
demand_356 15 11 5339.839564
demand_357 15 12 913.915526
demand_358 15 13 2782.997914
demand_359 15 14 570.141430
demand_360 15 16 964.751930
demand_361 15 17 2837.355020
demand_362 15 18 150.308439
demand_363 15 19 1284.409738
demand_364 15 20 6037.844193
demand_365 15 21 2802.421992
demand_366 15 22 726.946452
demand_367 15 23 5215.487699
demand_368 16 0 3454.636482
demand_369 16 1 2980.212320
demand_370 16 2 322.966447
demand_371 16 3 369.951568
demand_372 16 4 9.829172
demand_373 16 5 5239.431660
demand_374 16 6 3668.754312
demand_375 16 7 3036.823061
demand_376 16 8 351.392207
demand_377 16 9 4668.542010
demand_378 16 10 5068.113917
demand_379 16 11 10757.767869
demand_380 16 12 1841.195968
demand_381 16 13 5606.693831
demand_382 16 14 1148.620493
demand_383 16 15 407.866881
demand_384 16 17 5716.202950
demand_385 16 18 302.814959
demand_386 16 19 2587.602427
demand_387 16 20 12163.984606
demand_388 16 21 5645.826040
demand_389 16 22 1464.523623
demand_390 16 23 10507.245643
demand_391 17 0 277.933022
demand_392 17 1 239.764566
demand_393 17 2 25.983353
demand_394 17 3 29.763409
demand_395 17 4 0.790778
demand_396 17 5 421.523677
demand_397 17 6 295.159267
demand_398 17 7 244.319023
demand_399 17 8 28.270268
demand_400 17 9 375.594363
demand_401 17 10 407.740792
demand_402 17 11 865.485832
demand_403 17 12 148.128222
demand_404 17 13 451.070718
demand_405 17 14 92.409018
demand_406 17 15 32.813778
demand_407 17 16 156.367830
demand_408 17 18 24.362122
demand_409 17 19 208.178245
demand_410 17 20 978.619028
demand_411 17 21 454.218989
demand_412 17 22 117.824112
demand_413 17 23 845.330774
demand_414 18 0 464.869817
demand_415 18 1 401.029389
demand_416 18 2 43.459668
demand_417 18 3 49.782175
demand_418 18 4 1.322653
demand_419 18 5 705.039054
demand_420 18 6 493.682376
demand_421 18 7 408.647158
demand_422 18 8 47.284752
demand_423 18 9 628.217841
demand_424 18 10 681.985848
demand_425 18 11 1447.608629
demand_426 18 12 247.758755
demand_427 18 13 754.459333
demand_428 18 14 154.563006
demand_429 18 15 54.884212
demand_430 18 16 261.540296
demand_431 18 17 769.195322
demand_432 18 19 348.198218
demand_433 18 20 1636.834824
demand_434 18 21 759.725121
demand_435 18 22 197.072205
demand_436 18 23 1413.897348
demand_437 19 0 645.323221
demand_438 19 1 556.701183
demand_439 19 2 60.329864
demand_440 19 3 69.106645
demand_441 19 4 1.836081
demand_442 19 5 978.721476
demand_443 19 6 685.320254
demand_444 19 7 567.276022
demand_445 19 8 65.639772
demand_446 19 9 872.079764
demand_447 19 10 946.719464
demand_448 19 11 2009.542090
demand_449 19 12 343.933875
demand_450 19 13 1047.325744
demand_451 19 14 214.561353
demand_452 19 15 76.189194
demand_453 19 16 363.065142
demand_454 19 17 1067.781956
demand_455 19 18 56.565582
demand_456 19 20 2272.222207
demand_457 19 21 1054.635608
demand_458 19 22 273.571795
demand_459 19 23 1962.744746
demand_460 20 0 293.452843
demand_461 20 1 253.153055
demand_462 20 2 27.434268
demand_463 20 3 31.425402
demand_464 20 4 0.834935
demand_465 20 5 445.061622
demand_466 20 6 311.641004
demand_467 20 7 257.961834
demand_468 20 8 29.848884
demand_469 20 9 396.567608
demand_470 20 10 430.509099
demand_471 20 11 913.814690
demand_472 20 12 156.399724
demand_473 20 13 476.258574
demand_474 20 14 97.569151
demand_475 20 15 34.646104
demand_476 20 16 165.099433
demand_477 20 17 485.560787
demand_478 20 18 25.722507
demand_479 20 19 219.802950
demand_480 20 21 479.582645
demand_481 20 22 124.403428
demand_482 20 23 892.534170
demand_483 21 0 210.385849
demand_484 21 1 181.493625
demand_485 21 2 19.668515
demand_486 21 3 22.529889
demand_487 21 4 0.598592
demand_488 21 5 319.079094
demand_489 21 6 223.425531
demand_490 21 7 184.941195
demand_491 21 8 21.399632
demand_492 21 9 284.312164
demand_493 21 10 308.645919
demand_494 21 11 655.143353
demand_495 21 12 112.128028
demand_496 21 13 341.445200
demand_497 21 14 69.950485
demand_498 21 15 24.838914
demand_499 21 16 118.365132
demand_500 21 17 348.114257
demand_501 21 18 18.441298
demand_502 21 19 157.583855
demand_503 21 20 740.781337
demand_504 21 22 89.188847
demand_505 21 23 639.886659
demand_506 22 0 169.440022
demand_507 22 1 146.170876
demand_508 22 2 15.840579
demand_509 22 3 18.145065
demand_510 22 4 0.482093
demand_511 22 5 256.979112
demand_512 22 6 179.941888
demand_513 22 7 148.947471
demand_514 22 8 17.234781
demand_515 22 9 228.978610
demand_516 22 10 248.576468
demand_517 22 11 527.637693
demand_518 22 12 90.305387
demand_519 22 13 274.992269
demand_520 22 14 56.336544
demand_521 22 15 20.004702
demand_522 22 16 95.328610
demand_523 22 17 280.363378
demand_524 22 18 14.852206
demand_525 22 19 126.914486
demand_526 22 20 596.608595
demand_527 22 21 276.911592
demand_528 22 23 515.350296
demand_529 23 0 526.445306
demand_530 23 1 454.148734
demand_531 23 2 49.216226
demand_532 23 3 56.376197
demand_533 23 4 1.497848
demand_534 23 5 798.426757
demand_535 23 6 559.074304
demand_536 23 7 462.775535
demand_537 23 8 53.547972
demand_538 23 9 711.429998
demand_539 23 10 772.319981
demand_540 23 11 1639.355233
demand_541 23 12 280.576257
demand_542 23 13 854.393122
demand_543 23 14 175.036033
demand_544 23 15 62.154037
demand_545 23 16 296.183267
demand_546 23 17 871.081002
demand_547 23 18 46.145380
demand_548 23 19 394.319680
demand_549 23 20 1853.645855
demand_550 23 21 860.356403
demand_551 23 22 223.175894
