DEMANDS 552
label src dest bw
demand_0 0 1 20.527946
demand_1 0 2 6.322643
demand_2 0 3 8.673355
demand_3 0 4 2.141764
demand_4 0 5 68.976912
demand_5 0 6 34.196500
demand_6 0 7 22.313038
demand_7 0 8 6.801545
demand_8 0 9 41.931965
demand_9 0 10 48.509975
demand_10 0 11 163.726072
demand_11 0 12 16.873757
demand_12 0 13 71.137307
demand_13 0 14 14.745040
demand_14 0 15 11.946777
demand_15 0 16 17.192821
demand_16 0 17 116.238542
demand_17 0 18 4.996153
demand_18 0 19 17.545907
demand_19 0 20 214.046131
demand_20 0 21 85.646397
demand_21 0 22 16.541760
demand_22 0 23 131.450829
demand_23 1 0 518.371361
demand_24 1 2 130.699455
demand_25 1 3 179.292558
demand_26 1 4 44.273792
demand_27 1 5 1425.866515
demand_28 1 6 706.898040
demand_29 1 7 461.247283
demand_30 1 8 140.599141
demand_31 1 9 866.802861
demand_32 1 10 1002.781165
demand_33 1 11 3384.487884
demand_34 1 12 348.808373
demand_35 1 13 1470.525433
demand_36 1 14 304.804291
demand_37 1 15 246.959579
demand_38 1 16 355.403959
demand_39 1 17 2402.842321
demand_40 1 18 103.278727
demand_41 1 19 362.702824
demand_42 1 20 4424.686461
demand_43 1 21 1770.452258
demand_44 1 22 341.945455
demand_45 1 23 2717.305387
demand_46 2 0 492.049207
demand_47 2 1 402.798794
demand_48 2 3 170.188339
demand_49 2 4 42.025632
demand_50 2 5 1353.463059
demand_51 2 6 671.002772
demand_52 2 7 437.825808
demand_53 2 8 133.459718
demand_54 2 9 822.787855
demand_55 2 10 951.861377
demand_56 2 11 3212.628445
demand_57 2 12 331.096384
demand_58 2 13 1395.854262
demand_59 2 14 289.326767
demand_60 2 15 234.419326
demand_61 2 16 337.357055
demand_62 2 17 2280.829436
demand_63 2 18 98.034382
demand_64 2 19 344.285295
demand_65 2 20 4200.007231
demand_66 2 21 1680.551233
demand_67 2 22 324.581955
demand_68 2 23 2579.324518
demand_69 3 0 391.010902
demand_70 3 1 320.087336
demand_71 3 2 98.587452
demand_72 3 4 33.396010
demand_73 3 5 1075.540421
demand_74 3 6 533.217807
demand_75 3 7 347.921837
demand_76 3 8 106.054850
demand_77 3 9 653.835057
demand_78 3 10 756.404380
demand_79 3 11 2552.941306
demand_80 3 12 263.108433
demand_81 3 13 1109.226935
demand_82 3 14 229.915867
demand_83 3 15 186.283223
demand_84 3 16 268.083526
demand_85 3 17 1812.479650
demand_86 3 18 77.903818
demand_87 3 19 273.589108
demand_88 3 20 3337.569884
demand_89 3 21 1335.463697
demand_90 3 22 257.931689
demand_91 3 23 2049.681194
demand_92 4 0 777.861015
demand_93 4 1 636.768588
demand_94 4 2 196.125824
demand_95 4 3 269.043974
demand_96 4 5 2139.635903
demand_97 4 6 1060.761586
demand_98 4 7 692.141401
demand_99 4 8 210.981158
demand_100 4 9 1300.712586
demand_101 4 10 1504.759781
demand_102 4 11 5078.716494
demand_103 4 12 523.417101
demand_104 4 13 2206.650468
demand_105 4 14 457.385174
demand_106 4 15 370.584186
demand_107 4 16 533.314347
demand_108 4 17 3605.672513
demand_109 4 18 154.978654
demand_110 4 19 544.266926
demand_111 4 20 6639.624334
demand_112 4 21 2656.716584
demand_113 4 22 513.118699
demand_114 4 23 4077.551513
demand_115 5 0 580.815577
demand_116 5 1 475.464264
demand_117 5 2 146.443814
demand_118 5 3 200.890555
demand_119 5 4 49.607115
demand_120 5 6 792.052617
demand_121 5 7 516.810201
demand_122 5 8 157.536039
demand_123 5 9 971.219944
demand_124 5 10 1123.578510
demand_125 5 11 3792.191143
demand_126 5 12 390.826639
demand_127 5 13 1647.668337
demand_128 5 14 341.521723
demand_129 5 15 276.708903
demand_130 5 16 398.216744
demand_131 5 17 2692.294280
demand_132 5 18 115.719922
demand_133 5 19 406.394847
demand_134 5 20 4957.694454
demand_135 5 21 1983.725044
demand_136 5 22 383.136997
demand_137 5 23 3044.638296
demand_138 6 0 135.919853
demand_139 6 1 111.266011
demand_140 6 2 34.270124
demand_141 6 3 47.011505
demand_142 6 4 11.608834
demand_143 6 5 373.870127
demand_144 6 7 120.941602
demand_145 6 8 36.865876
demand_146 6 9 227.280529
demand_147 6 10 262.934796
demand_148 6 11 887.431538
demand_149 6 12 91.459495
demand_150 6 13 385.579944
demand_151 6 14 79.921380
demand_152 6 15 64.754175
demand_153 6 16 93.188894
demand_154 6 17 630.038615
demand_155 6 18 27.080256
demand_156 6 19 95.102697
demand_157 6 20 1160.177388
demand_158 6 21 464.222425
demand_159 6 22 89.659999
demand_160 6 23 712.492579
demand_161 7 0 391.915421
demand_162 7 1 320.827789
demand_163 7 2 98.815513
demand_164 7 3 135.554399
demand_165 7 4 33.473265
demand_166 7 5 1078.028452
demand_167 7 6 534.451291
demand_168 7 8 106.300185
demand_169 7 9 655.347563
demand_170 7 10 758.154158
demand_171 7 11 2558.846985
demand_172 7 12 263.717078
demand_173 7 13 1111.792892
demand_174 7 14 230.447727
demand_175 7 15 186.714149
demand_176 7 16 268.703680
demand_177 7 17 1816.672430
demand_178 7 18 78.084032
demand_179 7 19 274.221997
demand_180 7 20 3345.290631
demand_181 7 21 1338.553004
demand_182 7 22 258.528358
demand_183 7 23 2054.422688
demand_184 8 0 312.672599
demand_185 8 1 255.958436
demand_186 8 2 78.835640
demand_187 8 3 108.146156
demand_188 8 4 26.705182
demand_189 8 5 860.057909
demand_190 8 6 426.388616
demand_191 8 7 278.216347
demand_192 8 9 522.840426
demand_193 8 10 604.860176
demand_194 8 11 2041.464289
demand_195 8 12 210.395150
demand_196 8 13 886.995392
demand_197 8 14 183.852653
demand_198 8 15 148.961727
demand_199 8 16 214.373493
demand_200 8 17 1449.352741
demand_201 8 18 62.295934
demand_202 8 19 218.776042
demand_203 8 20 2668.893998
demand_204 8 21 1067.906042
demand_205 8 22 206.255557
demand_206 8 23 1639.031399
demand_207 9 0 605.547583
demand_208 9 1 495.710252
demand_209 9 2 152.679613
demand_210 9 3 209.444779
demand_211 9 4 51.719462
demand_212 9 5 1665.659192
demand_213 9 6 825.779416
demand_214 9 7 538.816761
demand_215 9 8 164.244162
demand_216 9 10 1171.422183
demand_217 9 11 3953.668378
demand_218 9 12 407.468628
demand_219 9 13 1717.828547
demand_220 9 14 356.064234
demand_221 9 15 288.491587
demand_222 9 16 415.173415
demand_223 9 17 2806.936243
demand_224 9 18 120.647452
demand_225 9 19 423.699755
demand_226 9 20 5168.800582
demand_227 9 21 2068.195056
demand_228 9 22 399.451550
demand_229 9 23 3174.283600
demand_230 10 0 7.612828
demand_231 10 1 6.231974
demand_232 10 2 1.919459
demand_233 10 3 2.633100
demand_234 10 4 0.650207
demand_235 10 5 20.940349
demand_236 10 6 10.381541
demand_237 10 7 6.773901
demand_238 10 8 2.064846
demand_239 10 9 12.729911
demand_240 10 11 49.704763
demand_241 10 12 5.122618
demand_242 10 13 21.596212
demand_243 10 14 4.476371
demand_244 10 15 3.626861
demand_245 10 16 5.219481
demand_246 10 17 35.288266
demand_247 10 18 1.516757
demand_248 10 19 5.326672
demand_249 10 20 64.981172
demand_250 10 21 26.000953
demand_251 10 22 5.021828
demand_252 10 23 39.906486
demand_253 11 0 185.892165
demand_254 11 1 152.174089
demand_255 11 2 46.869882
demand_256 11 3 64.295762
demand_257 11 4 15.876940
demand_258 11 5 511.327272
demand_259 11 6 253.499358
demand_260 11 7 165.407009
demand_261 11 8 50.419990
demand_262 11 9 310.842521
demand_263 11 10 359.605442
demand_264 11 12 125.085506
demand_265 11 13 527.342322
demand_266 11 14 109.305286
demand_267 11 15 88.561704
demand_268 11 16 127.450736
demand_269 11 17 861.678703
demand_270 11 18 37.036587
demand_271 11 19 130.068168
demand_272 11 20 1586.728374
demand_273 11 21 634.898508
demand_274 11 22 122.624407
demand_275 11 23 974.447703
demand_276 12 0 98.237589
demand_277 12 1 80.418750
demand_278 12 2 24.769114
demand_279 12 3 33.978090
demand_280 12 4 8.390414
demand_281 12 5 270.218802
demand_282 12 6 133.965655
demand_283 12 7 87.411891
demand_284 12 8 26.645223
demand_285 12 9 164.269536
demand_286 12 10 190.039055
demand_287 12 11 641.401038
demand_288 12 13 278.682203
demand_289 12 14 57.764068
demand_290 12 15 46.801802
demand_291 12 16 67.353312
demand_292 12 17 455.367433
demand_293 12 18 19.572557
demand_294 12 19 68.736534
demand_295 12 20 838.531142
demand_296 12 21 335.521933
demand_297 12 22 64.802764
demand_298 12 23 514.961955
demand_299 13 0 149.613605
demand_300 13 1 122.475921
demand_301 13 2 37.722795
demand_302 13 3 51.747855
demand_303 13 4 12.778410
demand_304 13 5 411.537067
demand_305 13 6 204.026634
demand_306 13 7 133.126315
demand_307 13 8 40.580066
demand_308 13 9 250.178753
demand_309 13 10 289.425143
demand_310 13 11 976.839138
demand_311 13 12 100.673922
demand_312 13 14 87.973357
demand_313 13 15 71.278075
demand_314 13 16 102.577556
demand_315 13 17 693.514204
demand_316 13 18 29.808558
demand_317 13 19 104.684173
demand_318 13 20 1277.063785
demand_319 13 21 510.992244
demand_320 13 22 98.693130
demand_321 13 23 784.275300
demand_322 14 0 462.752193
demand_323 14 1 378.815823
demand_324 14 2 116.675927
demand_325 14 3 160.055185
demand_326 14 4 39.523392
demand_327 14 5 1272.876757
demand_328 14 6 631.050716
demand_329 14 7 411.757300
demand_330 14 8 125.513417
demand_331 14 9 773.798391
demand_332 14 10 895.186768
demand_333 14 11 3021.345908
demand_334 14 12 311.382634
demand_335 14 13 1312.743952
demand_336 14 15 220.461807
demand_337 14 16 317.270539
demand_338 14 17 2145.026978
demand_339 14 18 92.197334
demand_340 14 19 323.786266
demand_341 14 20 3949.935350
demand_342 14 21 1580.489832
demand_343 14 22 305.256079
demand_344 14 23 2425.749418
demand_345 15 0 1152.153015
demand_346 15 1 943.169582
demand_347 15 2 290.497860
demand_348 15 3 398.502843
demand_349 15 4 98.404709
demand_350 15 5 3169.188208
demand_351 15 6 1571.179987
demand_352 15 7 1025.186745
demand_353 15 8 312.501299
demand_354 15 9 1926.590867
demand_355 15 10 2228.821710
demand_356 15 11 7522.498758
demand_357 15 12 775.275505
demand_358 15 13 3268.448913
demand_359 15 14 677.470264
demand_360 15 16 789.935118
demand_361 15 17 5340.653889
demand_362 15 18 229.551449
demand_363 15 19 806.157870
demand_364 15 20 9834.485910
demand_365 15 21 3935.078326
demand_366 15 22 760.021707
demand_367 15 23 6039.592134
demand_368 16 0 1818.901769
demand_369 16 1 1488.980022
demand_370 16 2 458.608417
demand_371 16 3 629.115678
demand_372 16 4 155.351326
demand_373 16 5 5003.191386
demand_374 16 6 2480.418851
demand_375 16 7 1618.460360
demand_376 16 8 493.345205
demand_377 16 9 3041.505331
demand_378 16 10 3518.636587
demand_379 16 11 11875.754456
demand_380 16 12 1223.925963
demand_381 16 13 5159.894072
demand_382 16 14 1069.521016
demand_383 16 15 866.550989
demand_384 16 17 8431.280119
demand_385 16 18 362.392435
demand_386 16 19 1272.679894
demand_387 16 20 15525.684169
demand_388 16 21 6212.300655
demand_389 16 22 1199.844821
demand_390 16 23 9534.692595
demand_391 17 0 85.910318
demand_392 17 1 70.327463
demand_393 17 2 21.660980
demand_394 17 3 29.714374
demand_395 17 4 7.337550
demand_396 17 5 236.310598
demand_397 17 6 117.155075
demand_398 17 7 76.443075
demand_399 17 8 23.301667
demand_400 17 9 143.656296
demand_401 17 10 166.192147
demand_402 17 11 560.915308
demand_403 17 12 57.808437
demand_404 17 13 243.711975
demand_405 17 14 50.515587
demand_406 17 15 40.928913
demand_407 17 16 58.901532
demand_408 17 18 17.116510
demand_409 17 19 60.111182
demand_410 17 20 733.308688
demand_411 17 21 293.419214
demand_412 17 22 56.671038
demand_413 17 23 450.342339
demand_414 18 0 225.007299
demand_415 18 1 184.194319
demand_416 18 2 56.732168
demand_417 18 3 77.824774
demand_418 18 4 19.217741
demand_419 18 5 618.919943
demand_420 18 6 306.840290
demand_421 18 7 200.211688
demand_422 18 8 61.029284
demand_423 18 9 376.249510
demand_424 18 10 435.273046
demand_425 18 11 1469.090567
demand_426 18 12 151.405799
demand_427 18 13 638.304854
demand_428 18 14 132.305130
demand_429 18 15 107.196717
demand_430 18 16 154.268717
demand_431 18 17 1042.991764
demand_432 18 19 157.436905
demand_433 18 20 1920.605234
demand_434 18 21 768.492842
demand_435 18 22 148.426840
demand_436 18 23 1179.489438
demand_437 19 0 459.685740
demand_438 19 1 376.305579
demand_439 19 2 115.902768
demand_440 19 3 158.994571
demand_441 19 4 39.261488
demand_442 19 5 1264.441969
demand_443 19 6 626.869023
demand_444 19 7 409.028767
demand_445 19 8 124.681695
demand_446 19 9 768.670773
demand_447 19 10 889.254764
demand_448 19 11 3001.324794
demand_449 19 12 309.319239
demand_450 19 13 1304.044982
demand_451 19 14 270.296928
demand_452 19 15 219.000905
demand_453 19 16 315.168129
demand_454 19 17 2130.812839
demand_455 19 18 91.586383
demand_456 19 20 3923.760887
demand_457 19 21 1570.016629
demand_458 19 22 303.233283
demand_459 19 23 2409.675056
demand_460 20 0 86.930285
demand_461 20 1 71.162423
demand_462 20 2 21.918149
demand_463 20 3 30.067157
demand_464 20 4 7.424664
demand_465 20 5 239.116186
demand_466 20 6 118.545994
demand_467 20 7 77.350642
demand_468 20 8 23.578315
demand_469 20 9 145.361850
demand_470 20 10 168.165256
demand_471 20 11 567.574751
demand_472 20 12 58.494766
demand_473 20 13 246.605435
demand_474 20 14 51.115331
demand_475 20 15 41.414839
demand_476 20 16 59.600838
demand_477 20 17 402.953912
demand_478 20 18 17.319725
demand_479 20 19 60.824849
demand_480 20 21 296.902821
demand_481 20 22 57.343862
demand_482 20 23 455.689009
demand_483 21 0 66.117410
demand_484 21 1 54.124694
demand_485 21 2 16.670499
demand_486 21 3 22.868469
demand_487 21 4 5.647049
demand_488 21 5 181.866915
demand_489 21 6 90.163676
demand_490 21 7 58.831328
demand_491 21 8 17.933188
demand_492 21 9 110.559271
demand_493 21 10 127.903079
demand_494 21 11 431.685830
demand_495 21 12 44.489931
demand_496 21 13 187.563086
demand_497 21 14 38.877283
demand_498 21 15 31.499286
demand_499 21 16 45.331187
demand_500 21 17 306.478563
demand_501 21 18 13.173031
demand_502 21 19 46.262145
demand_503 21 20 564.361438
demand_504 21 22 43.614577
demand_505 21 23 346.587807
demand_506 22 0 42.222182
demand_507 22 1 34.563706
demand_508 22 2 10.645681
demand_509 22 3 14.603667
demand_510 22 4 3.606172
demand_511 22 5 116.139123
demand_512 22 6 57.577983
demand_513 22 7 37.569334
demand_514 22 8 11.452026
demand_515 22 9 70.602488
demand_516 22 10 81.678140
demand_517 22 11 275.671987
demand_518 22 12 28.411004
demand_519 22 13 119.776664
demand_520 22 14 24.826800
demand_521 22 15 20.115255
demand_522 22 16 28.948225
demand_523 22 17 195.715375
demand_524 22 18 8.412219
demand_525 22 19 29.542729
demand_526 22 20 360.397835
demand_527 22 21 144.206187
demand_528 22 23 221.328898
demand_529 23 0 412.255381
demand_530 23 1 337.478382
demand_531 23 2 103.943924
demand_532 23 3 142.589516
demand_533 23 4 35.210489
demand_534 23 5 1133.976890
demand_535 23 6 562.188699
demand_536 23 7 366.825193
demand_537 23 8 111.817042
demand_538 23 9 689.359349
demand_539 23 10 797.501487
demand_540 23 11 2691.648203
demand_541 23 12 277.403691
demand_542 23 13 1169.493665
demand_543 23 14 242.407700
demand_544 23 15 196.404399
demand_545 23 16 282.649092
demand_546 23 17 1910.955642
demand_547 23 18 82.136503
demand_548 23 19 288.453804
demand_549 23 20 3518.907370
demand_550 23 21 1408.022366
demand_551 23 22 271.945683
