DEMANDS 552
label src dest bw
demand_0 0 1 21.542254
demand_1 0 2 5.351141
demand_2 0 3 11.832368
demand_3 0 4 3.868373
demand_4 0 5 52.148022
demand_5 0 6 30.157699
demand_6 0 7 21.605511
demand_7 0 8 11.107106
demand_8 0 9 47.750260
demand_9 0 10 51.602768
demand_10 0 11 103.714486
demand_11 0 12 17.737216
demand_12 0 13 60.048058
demand_13 0 14 14.772133
demand_14 0 15 13.958059
demand_15 0 16 17.914684
demand_16 0 17 68.657066
demand_17 0 18 3.878579
demand_18 0 19 18.260111
demand_19 0 20 137.477026
demand_20 0 21 63.848920
demand_21 0 22 16.157335
demand_22 0 23 76.144540
demand_23 1 0 825.439289
demand_24 1 2 149.825168
demand_25 1 3 331.291292
demand_26 1 4 108.309550
demand_27 1 5 1460.078504
demand_28 1 6 844.377330
demand_29 1 7 604.926904
demand_30 1 8 310.984898
demand_31 1 9 1336.946738
demand_32 1 10 1444.812073
demand_33 1 11 2903.874108
demand_34 1 12 496.619571
demand_35 1 13 1681.269489
demand_36 1 14 413.600995
demand_37 1 15 390.807955
demand_38 1 16 501.588434
demand_39 1 17 1922.310784
demand_40 1 18 108.595284
demand_41 1 19 511.259951
demand_42 1 20 3849.182417
demand_43 1 21 1787.688795
demand_44 1 22 452.384903
demand_45 1 23 2131.950584
demand_46 2 0 772.128857
demand_47 2 1 564.201390
demand_48 2 3 309.895070
demand_49 2 4 101.314452
demand_50 2 5 1365.780331
demand_51 2 6 789.843797
demand_52 2 7 565.858113
demand_53 2 8 290.900151
demand_54 2 9 1250.600946
demand_55 2 10 1351.499872
demand_56 2 11 2716.329382
demand_57 2 12 464.545736
demand_58 2 13 1572.685848
demand_59 2 14 386.888858
demand_60 2 15 365.567891
demand_61 2 16 469.193687
demand_62 2 17 1798.159655
demand_63 2 18 101.581732
demand_64 2 19 478.240576
demand_65 2 20 3600.585600
demand_66 2 21 1672.232135
demand_67 2 22 423.167933
demand_68 2 23 1994.260012
demand_69 3 0 508.906615
demand_70 3 1 371.862568
demand_71 3 2 92.371444
demand_72 3 4 66.775894
demand_73 3 5 900.179600
demand_74 3 6 520.582452
demand_75 3 7 372.954507
demand_76 3 8 191.730965
demand_77 3 9 824.265392
demand_78 3 10 890.767414
demand_79 3 11 1790.320332
demand_80 3 12 306.179980
demand_81 3 13 1036.550084
demand_82 3 14 254.996685
demand_83 3 15 240.944133
demand_84 3 16 309.243424
demand_85 3 17 1185.158844
demand_86 3 18 66.952057
demand_87 3 19 315.206187
demand_88 3 20 2373.129581
demand_89 3 21 1102.160589
demand_90 3 22 278.908059
demand_91 3 23 1314.407697
demand_92 4 0 1542.019762
demand_93 4 1 1126.767489
demand_94 4 2 279.891413
demand_95 4 3 618.891935
demand_96 4 5 2727.602060
demand_97 4 6 1577.398297
demand_98 4 7 1130.076133
demand_99 4 8 580.957152
demand_100 4 9 2497.577128
demand_101 4 10 2699.082533
demand_102 4 11 5424.785707
demand_103 4 12 927.745024
demand_104 4 13 3140.813395
demand_105 4 14 772.656350
demand_106 4 15 730.076213
demand_107 4 16 937.027455
demand_108 4 17 3591.107492
demand_109 4 18 202.869038
demand_110 4 19 955.095012
demand_111 4 20 7190.735199
demand_112 4 21 3339.617444
demand_113 4 22 845.109348
demand_114 4 23 3982.739825
demand_115 5 0 947.466399
demand_116 5 1 692.322084
demand_117 5 2 171.974261
demand_118 5 3 380.267055
demand_119 5 4 124.321268
demand_120 5 6 969.204106
demand_121 5 7 694.355021
demand_122 5 8 356.958707
demand_123 5 9 1534.591493
demand_124 5 10 1658.402877
demand_125 5 11 3333.162329
demand_126 5 12 570.036298
demand_127 5 13 1929.816486
demand_128 5 14 474.744843
demand_129 5 15 448.582241
demand_130 5 16 575.739722
demand_131 5 17 2206.491622
demand_132 5 18 124.649243
demand_133 5 19 586.841008
demand_134 5 20 4418.218336
demand_135 5 21 2051.968070
demand_136 5 22 519.262289
demand_137 5 23 2447.123088
demand_138 6 0 161.440237
demand_139 6 1 117.965810
demand_140 6 2 29.302955
demand_141 6 3 64.794280
demand_142 6 4 21.183290
demand_143 6 5 285.563606
demand_144 6 7 118.312206
demand_145 6 8 60.822736
demand_146 6 9 261.481373
demand_147 6 10 282.577783
demand_148 6 11 567.942587
demand_149 6 12 97.129350
demand_150 6 13 328.824359
demand_151 6 14 80.892494
demand_152 6 15 76.434609
demand_153 6 16 98.101165
demand_154 6 17 375.967456
demand_155 6 18 21.239174
demand_156 6 19 99.992730
demand_157 6 20 752.826927
demand_158 6 21 349.637953
demand_159 6 22 88.477889
demand_160 6 23 416.969016
demand_161 7 0 519.641228
demand_162 7 1 379.706445
demand_163 7 2 94.319879
demand_164 7 3 208.558783
demand_165 7 4 68.184430
demand_166 7 5 919.167523
demand_167 7 6 531.563349
demand_168 7 8 195.775239
demand_169 7 9 841.652020
demand_170 7 10 909.556802
demand_171 7 11 1828.084425
demand_172 7 12 312.638382
demand_173 7 13 1058.414536
demand_174 7 14 260.375454
demand_175 7 15 246.026484
demand_176 7 16 315.766445
demand_177 7 17 1210.157973
demand_178 7 18 68.364309
demand_179 7 19 321.854984
demand_180 7 20 2423.187151
demand_181 7 21 1125.408996
demand_182 7 22 284.791201
demand_183 7 23 1342.133134
demand_184 8 0 378.752060
demand_185 8 1 276.757483
demand_186 8 2 68.747141
demand_187 8 3 152.012705
demand_188 8 4 49.697738
demand_189 8 5 669.955681
demand_190 8 6 387.441763
demand_191 8 7 277.570154
demand_192 8 9 613.456783
demand_193 8 10 662.950693
demand_194 8 11 1332.439968
demand_195 8 12 227.873434
demand_196 8 13 771.448961
demand_197 8 14 189.780437
demand_198 8 15 179.321872
demand_199 8 16 230.153392
demand_200 8 17 882.050538
demand_201 8 18 49.828846
demand_202 8 19 234.591159
demand_203 8 20 1766.193818
demand_204 8 21 820.279362
demand_205 8 22 207.576397
demand_206 8 23 978.243568
demand_207 9 0 1401.883891
demand_208 9 1 1024.368968
demand_209 9 2 254.455406
demand_210 9 3 562.648194
demand_211 9 4 183.947403
demand_212 9 5 2479.722689
demand_213 9 6 1434.047291
demand_214 9 7 1027.376928
demand_215 9 8 528.160853
demand_216 9 10 2453.794963
demand_217 9 11 4931.791333
demand_218 9 12 843.433292
demand_219 9 13 2855.382151
demand_220 9 14 702.438786
demand_221 9 15 663.728253
demand_222 9 16 851.872154
demand_223 9 17 3264.754363
demand_224 9 18 184.432679
demand_225 9 19 868.297764
demand_226 9 20 6537.254639
demand_227 9 21 3036.119260
demand_228 9 22 768.307392
demand_229 9 23 3620.795882
demand_230 10 0 5.841571
demand_231 10 1 4.268488
demand_232 10 2 1.060301
demand_233 10 3 2.344523
demand_234 10 4 0.766498
demand_235 10 5 10.332865
demand_236 10 6 5.975594
demand_237 10 7 4.281022
demand_238 10 8 2.200817
demand_239 10 9 9.461471
demand_240 10 11 20.550497
demand_241 10 12 3.514539
demand_242 10 13 11.898217
demand_243 10 14 2.927023
demand_244 10 15 2.765718
demand_245 10 16 3.549703
demand_246 10 17 13.604048
demand_247 10 18 0.768521
demand_248 10 19 3.618148
demand_249 10 20 27.240373
demand_250 10 21 12.651338
demand_251 10 22 3.201494
demand_252 10 23 15.087653
demand_253 11 0 246.515797
demand_254 11 1 180.131275
demand_255 11 2 44.744987
demand_256 11 3 98.939483
demand_257 11 4 32.346431
demand_258 11 5 436.049532
demand_259 11 6 252.171605
demand_260 11 7 180.660213
demand_261 11 8 92.875019
demand_262 11 9 399.276476
demand_263 11 10 431.490243
demand_264 11 12 148.314444
demand_265 11 13 502.107779
demand_266 11 14 123.521112
demand_267 11 15 116.714016
demand_268 11 16 149.798385
demand_269 11 17 574.094281
demand_270 11 18 32.431765
demand_271 11 19 152.686764
demand_272 11 20 1149.550650
demand_273 11 21 533.889692
demand_274 11 22 135.103849
demand_275 11 23 636.702789
demand_276 12 0 157.573892
demand_277 12 1 115.140638
demand_278 12 2 28.601177
demand_279 12 3 63.242517
demand_280 12 4 20.675969
demand_281 12 5 278.724621
demand_282 12 6 161.189108
demand_283 12 7 115.478737
demand_284 12 8 59.366087
demand_285 12 9 255.219135
demand_286 12 10 275.810305
demand_287 12 11 554.340885
demand_288 12 13 320.949319
demand_289 12 14 78.955193
demand_290 12 15 74.604070
demand_291 12 16 95.751732
demand_292 12 17 366.963381
demand_293 12 18 20.730515
demand_294 12 19 97.597996
demand_295 12 20 734.797415
demand_296 12 21 341.264446
demand_297 12 22 86.358925
demand_298 12 23 406.982992
demand_299 13 0 192.622063
demand_300 13 1 140.750646
demand_301 13 2 34.962756
demand_302 13 3 77.309153
demand_303 13 4 25.274795
demand_304 13 5 340.719586
demand_305 13 6 197.041388
demand_306 13 7 141.163947
demand_307 13 8 72.570513
demand_308 13 9 311.985923
demand_309 13 10 337.157057
demand_310 13 11 677.639443
demand_311 13 12 115.889669
demand_312 13 14 96.516701
demand_313 13 15 91.197785
demand_314 13 16 117.049188
demand_315 13 17 448.584739
demand_316 13 18 25.341473
demand_317 13 19 119.306105
demand_318 13 20 898.233784
demand_319 13 21 417.169751
demand_320 13 22 105.567198
demand_321 13 23 497.505660
demand_322 14 0 759.252270
demand_323 14 1 554.792354
demand_324 14 2 137.811587
demand_325 14 3 304.727032
demand_326 14 4 99.624858
demand_327 14 5 1343.003576
demand_328 14 6 776.671782
demand_329 14 7 556.421448
demand_330 14 8 286.048887
demand_331 14 9 1229.745007
demand_332 14 10 1328.961269
demand_333 14 11 2671.029881
demand_334 14 12 456.798630
demand_335 14 13 1546.458585
demand_336 14 15 359.471412
demand_337 14 16 461.369069
demand_338 14 17 1768.172226
demand_339 14 18 99.887681
demand_340 14 19 470.265086
demand_341 14 20 3540.539593
demand_342 14 21 1644.344766
demand_343 14 22 416.110874
demand_344 14 23 1961.002269
demand_345 15 0 1778.243431
demand_346 15 1 1299.378215
demand_347 15 2 322.768281
demand_348 15 3 713.700657
demand_349 15 4 233.331207
demand_350 15 5 3145.446359
demand_351 15 6 1819.041642
demand_352 15 7 1303.193714
demand_353 15 8 669.954604
demand_354 15 9 2880.183660
demand_355 15 10 3112.557895
demand_356 15 11 6255.814476
demand_357 15 12 1069.867284
demand_358 15 13 3621.957984
demand_359 15 14 891.020409
demand_360 15 16 1080.571701
demand_361 15 17 4141.233119
demand_362 15 18 233.946764
demand_363 15 19 1101.407046
demand_364 15 20 8292.291673
demand_365 15 21 3851.217039
demand_366 15 22 974.572560
demand_367 15 23 4592.860031
demand_368 16 0 2162.919811
demand_369 16 1 1580.464651
demand_370 16 2 392.590743
demand_371 16 3 868.091097
demand_372 16 4 283.806301
demand_373 16 5 3825.881276
demand_374 16 6 2212.543646
demand_375 16 7 1585.105533
demand_376 16 8 814.881731
demand_377 16 9 3503.235942
demand_378 16 10 3785.878254
demand_379 16 11 7609.096050
demand_380 16 12 1301.305043
demand_381 16 13 4405.473707
demand_382 16 14 1083.769331
demand_383 16 15 1024.044142
demand_384 16 17 5037.080414
demand_385 16 18 284.555018
demand_386 16 19 1339.667606
demand_387 16 20 10086.111739
demand_388 16 21 4684.326953
demand_389 16 22 1185.395802
demand_390 16 23 5586.404977
demand_391 17 0 101.232151
demand_392 17 1 73.971229
demand_393 17 2 18.374609
demand_394 17 3 40.629675
demand_395 17 4 13.283119
demand_396 17 5 179.064517
demand_397 17 6 103.554719
demand_398 17 7 74.188438
demand_399 17 8 38.139292
demand_400 17 9 163.963596
demand_401 17 10 177.192237
demand_402 17 11 356.132093
demand_403 17 12 60.905591
demand_404 17 13 206.191453
demand_405 17 14 50.724165
demand_406 17 15 47.928819
demand_407 17 16 61.514974
demand_408 17 18 13.318162
demand_409 17 19 62.701092
demand_410 17 20 472.065021
demand_411 17 21 219.242753
demand_412 17 22 55.480636
demand_413 17 23 261.463134
demand_414 18 0 372.617278
demand_415 18 1 272.274743
demand_416 18 2 67.633619
demand_417 18 3 149.550501
demand_418 18 4 48.892766
demand_419 18 5 659.104169
demand_420 18 6 381.166230
demand_421 18 7 273.074251
demand_422 18 8 140.383851
demand_423 18 9 603.520404
demand_424 18 10 652.212644
demand_425 18 11 1310.857962
demand_426 18 12 224.182487
demand_427 18 13 758.953527
demand_428 18 14 186.706495
demand_429 18 15 176.417331
demand_430 18 16 226.425515
demand_431 18 17 867.763650
demand_432 18 19 230.791402
demand_433 18 20 1737.586145
demand_434 18 21 806.993004
demand_435 18 22 204.214208
demand_436 18 23 962.398607
demand_437 19 0 704.259673
demand_438 19 1 514.608777
demand_439 19 2 127.829902
demand_440 19 3 282.655672
demand_441 19 4 92.409035
demand_442 19 5 1245.729907
demand_443 19 6 720.417491
demand_444 19 7 516.119876
demand_445 19 8 265.330383
demand_446 19 9 1140.674650
demand_447 19 10 1232.704683
demand_448 19 11 2477.567346
demand_449 19 12 423.712733
demand_450 19 13 1434.448682
demand_451 19 14 352.881799
demand_452 19 15 333.434919
demand_453 19 16 427.952135
demand_454 19 17 1640.103617
demand_455 19 18 92.652822
demand_456 19 20 3284.098521
demand_457 19 21 1525.244972
demand_458 19 22 385.971988
demand_459 19 23 1818.966992
demand_460 20 0 139.502373
demand_461 20 1 101.935618
demand_462 20 2 25.321022
demand_463 20 3 55.989486
demand_464 20 4 18.304725
demand_465 20 5 246.758808
demand_466 20 6 142.702973
demand_467 20 7 102.234942
demand_468 20 8 52.557628
demand_469 20 9 225.949073
demand_470 20 10 244.178723
demand_471 20 11 490.765745
demand_472 20 12 83.930592
demand_473 20 13 284.140924
demand_474 20 14 69.900138
demand_475 20 15 66.048028
demand_476 20 16 84.770349
demand_477 20 17 324.877818
demand_478 20 18 18.353015
demand_479 20 19 86.404872
demand_480 20 21 302.126191
demand_481 20 22 76.454765
demand_482 20 23 360.307740
demand_483 21 0 96.576302
demand_484 21 1 70.569159
demand_485 21 2 17.529527
demand_486 21 3 38.761043
demand_487 21 4 12.672205
demand_488 21 5 170.829017
demand_489 21 6 98.792050
demand_490 21 7 70.776378
demand_491 21 8 36.385197
demand_492 21 9 156.422615
demand_493 21 10 169.042846
demand_494 21 11 339.752937
demand_495 21 12 58.104433
demand_496 21 13 196.708337
demand_497 21 14 48.391269
demand_498 21 15 45.724486
demand_499 21 16 58.685789
demand_500 21 17 224.910141
demand_501 21 18 12.705636
demand_502 21 19 59.817355
demand_503 21 20 450.353900
demand_504 21 22 52.928982
demand_505 21 23 249.437973
demand_506 22 0 68.328969
demand_507 22 1 49.928582
demand_508 22 2 12.402365
demand_509 22 3 27.423934
demand_510 22 4 8.965747
demand_511 22 5 120.863715
demand_512 22 6 69.896639
demand_513 22 7 50.075193
demand_514 22 8 25.742993
demand_515 22 9 110.671001
demand_516 22 10 119.599976
demand_517 22 11 240.379549
demand_518 22 12 41.109629
demand_519 22 13 139.173665
demand_520 22 14 34.237442
demand_521 22 15 32.350659
demand_522 22 16 41.520946
demand_523 22 17 159.126801
demand_524 22 18 8.989400
demand_525 22 19 42.321544
demand_526 22 20 318.631145
demand_527 22 21 147.982939
demand_528 22 23 176.480557
demand_529 23 0 608.699322
demand_530 23 1 444.781982
demand_531 23 2 110.484780
demand_532 23 3 244.302382
demand_533 23 4 79.870138
demand_534 23 5 1076.697955
demand_535 23 6 622.664701
demand_536 23 7 446.088042
demand_537 23 8 229.327946
demand_538 23 9 985.897550
demand_539 23 10 1065.440112
demand_540 23 11 2141.388498
demand_541 23 12 366.219539
demand_542 23 13 1239.809652
demand_543 23 14 304.999591
demand_544 23 15 288.191440
demand_545 23 16 369.883701
demand_546 23 17 1417.559457
demand_547 23 18 80.080845
demand_548 23 19 377.015717
demand_549 23 20 2838.482196
demand_550 23 21 1318.285877
demand_551 23 22 333.599802
