DEMANDS 552
label src dest bw
demand_0 0 1 159.639996
demand_1 0 2 16.368553
demand_2 0 3 30.619975
demand_3 0 4 0.989113
demand_4 0 5 200.033467
demand_5 0 6 180.552548
demand_6 0 7 163.047015
demand_7 0 8 19.969478
demand_8 0 9 190.934191
demand_9 0 10 195.409306
demand_10 0 11 422.849556
demand_11 0 12 48.390874
demand_12 0 13 202.843546
demand_13 0 14 35.223861
demand_14 0 15 32.572859
demand_15 0 16 126.704927
demand_16 0 17 232.231031
demand_17 0 18 8.141110
demand_18 0 19 146.533075
demand_19 0 20 435.779236
demand_20 0 21 216.701625
demand_21 0 22 42.591761
demand_22 0 23 246.809884
demand_23 1 0 1307.612819
demand_24 1 2 124.391129
demand_25 1 3 232.693337
demand_26 1 4 7.516660
demand_27 1 5 1520.133670
demand_28 1 6 1372.090440
demand_29 1 7 1239.058950
demand_30 1 8 151.755983
demand_31 1 9 1450.984664
demand_32 1 10 1484.992838
demand_33 1 11 3213.401528
demand_34 1 12 367.741452
demand_35 1 13 1541.488576
demand_36 1 14 267.680097
demand_37 1 15 247.534078
demand_38 1 16 962.881009
demand_39 1 17 1764.815733
demand_40 1 18 61.867522
demand_41 1 19 1113.562968
demand_42 1 20 3311.659298
demand_43 1 21 1646.801615
demand_44 1 22 323.671685
demand_45 1 23 1875.606224
demand_46 2 0 1277.999484
demand_47 2 1 1185.693212
demand_48 2 3 227.423562
demand_49 2 4 7.346431
demand_50 2 5 1485.707402
demand_51 2 6 1341.016888
demand_52 2 7 1210.998145
demand_53 2 8 148.319185
demand_54 2 9 1418.124405
demand_55 2 10 1451.362401
demand_56 2 11 3140.628046
demand_57 2 12 359.413260
demand_58 2 13 1506.578687
demand_59 2 14 261.617981
demand_60 2 15 241.928206
demand_61 2 16 941.074769
demand_62 2 17 1724.848184
demand_63 2 18 60.466416
demand_64 2 19 1088.344254
demand_65 2 20 3236.660586
demand_66 2 21 1609.506715
demand_67 2 22 316.341535
demand_68 2 23 1833.129617
demand_69 3 0 758.291841
demand_70 3 1 703.522576
demand_71 3 2 72.135097
demand_72 3 4 4.358952
demand_73 3 5 881.533847
demand_74 3 6 795.682767
demand_75 3 7 718.537077
demand_76 3 8 88.004126
demand_77 3 9 841.433960
demand_78 3 10 861.155486
demand_79 3 11 1863.469160
demand_80 3 12 213.255284
demand_81 3 13 893.917674
demand_82 3 14 155.229155
demand_83 3 15 143.546369
demand_84 3 16 558.379975
demand_85 3 17 1023.426317
demand_86 3 18 35.877315
demand_87 3 19 645.761269
demand_88 3 20 1920.449379
demand_89 3 21 954.989283
demand_90 3 22 187.698984
demand_91 3 23 1087.674330
demand_92 4 0 1565.545051
demand_93 4 1 1452.470180
demand_94 4 2 148.927812
demand_95 4 3 278.593095
demand_96 4 5 1819.986549
demand_97 4 6 1642.741158
demand_98 4 7 1483.468637
demand_99 4 8 181.690501
demand_100 4 9 1737.197606
demand_101 4 10 1777.914038
demand_102 4 11 3847.258748
demand_103 4 12 440.280029
demand_104 4 13 1845.553802
demand_105 4 14 320.481142
demand_106 4 15 296.361235
demand_107 4 16 1152.813413
demand_108 4 17 2112.933199
demand_109 4 18 74.071156
demand_110 4 19 1333.218035
demand_111 4 20 3964.898284
demand_112 4 21 1971.640289
demand_113 4 22 387.517312
demand_114 4 23 2245.577588
demand_115 5 0 1341.425211
demand_116 5 1 1244.537879
demand_117 5 2 127.607648
demand_118 5 3 238.710346
demand_119 5 4 7.711026
demand_120 5 6 1407.570100
demand_121 5 7 1271.098668
demand_122 5 8 155.680105
demand_123 5 9 1488.504380
demand_124 5 10 1523.391940
demand_125 5 11 3296.494006
demand_126 5 12 377.250550
demand_127 5 13 1581.348551
demand_128 5 14 274.601797
demand_129 5 15 253.934840
demand_130 5 16 987.779288
demand_131 5 17 1810.450526
demand_132 5 18 63.467299
demand_133 5 19 1142.357598
demand_134 5 20 3397.292536
demand_135 5 21 1689.384786
demand_136 5 22 332.041222
demand_137 5 23 1924.105849
demand_138 6 0 439.507986
demand_139 6 1 407.763573
demand_140 6 2 41.809696
demand_141 6 3 78.211668
demand_142 6 4 2.526460
demand_143 6 5 510.939384
demand_144 6 7 416.466018
demand_145 6 8 51.007428
demand_146 6 9 487.697381
demand_147 6 10 499.128031
demand_148 6 11 1080.071726
demand_149 6 12 123.603335
demand_150 6 13 518.117083
demand_151 6 14 89.971235
demand_152 6 15 83.199860
demand_153 6 16 323.638532
demand_154 6 17 593.180640
demand_155 6 18 20.794588
demand_156 6 19 374.284964
demand_157 6 20 1113.097614
demand_158 6 21 553.514351
demand_159 6 22 108.790835
demand_160 6 23 630.418961
demand_161 7 0 836.626096
demand_162 7 1 776.198970
demand_163 7 2 79.586911
demand_164 7 3 148.879940
demand_165 7 4 4.809247
demand_166 7 5 972.599441
demand_167 7 6 877.879638
demand_168 7 8 97.095267
demand_169 7 9 928.357092
demand_170 7 10 950.115923
demand_171 7 11 2055.972177
demand_172 7 12 235.285316
demand_173 7 13 986.262562
demand_174 7 14 171.264881
demand_175 7 15 158.375221
demand_176 7 16 616.062620
demand_177 7 17 1129.149910
demand_178 7 18 39.583570
demand_179 7 19 712.470714
demand_180 7 20 2118.838657
demand_181 7 21 1053.643085
demand_182 7 22 207.088960
demand_183 7 23 1200.034972
demand_184 8 0 583.322975
demand_185 8 1 541.191214
demand_186 8 2 55.490587
demand_187 8 3 103.803945
demand_188 8 4 3.353164
demand_189 8 5 678.128022
demand_190 8 6 612.086289
demand_191 8 7 552.741257
demand_192 8 9 647.280815
demand_193 8 10 662.451780
demand_194 8 11 1433.490794
demand_195 8 12 164.048589
demand_196 8 13 687.654395
demand_197 8 14 119.411456
demand_198 8 15 110.424365
demand_199 8 16 429.538933
demand_200 8 17 787.280110
demand_201 8 18 27.598955
demand_202 8 19 496.757797
demand_203 8 20 1477.323352
demand_204 8 21 734.634291
demand_205 8 22 144.389170
demand_206 8 23 836.703485
demand_207 9 0 1381.968697
demand_208 9 1 1282.153024
demand_209 9 2 131.464485
demand_210 9 3 245.925172
demand_211 9 4 7.944086
demand_212 9 5 1606.574297
demand_213 9 6 1450.112762
demand_214 9 7 1309.516592
demand_215 9 8 160.385410
demand_216 9 10 1569.435223
demand_217 9 11 3396.127857
demand_218 9 12 388.652641
demand_219 9 13 1629.143525
demand_220 9 14 282.901413
demand_221 9 15 261.609814
demand_222 9 16 1017.634114
demand_223 9 17 1865.169921
demand_224 9 18 65.385547
demand_225 9 19 1176.884427
demand_226 9 20 3499.972940
demand_227 9 21 1740.445067
demand_228 9 22 342.076898
demand_229 9 23 1982.260384
demand_230 10 0 147.150211
demand_231 10 1 136.521970
demand_232 10 2 13.998166
demand_233 10 3 26.185789
demand_234 10 4 0.845876
demand_235 10 5 171.065921
demand_236 10 6 154.406102
demand_237 10 7 139.435606
demand_238 10 8 17.077628
demand_239 10 9 163.284343
demand_240 10 11 361.615233
demand_241 10 12 41.383223
demand_242 10 13 173.469062
demand_243 10 14 30.122971
demand_244 10 15 27.855869
demand_245 10 16 108.356344
demand_246 10 17 198.600843
demand_247 10 18 6.962167
demand_248 10 19 125.313108
demand_249 10 20 372.672521
demand_250 10 21 185.320304
demand_251 10 22 36.423899
demand_252 10 23 211.068482
demand_253 11 0 468.850503
demand_254 11 1 434.986763
demand_255 11 2 44.601003
demand_256 11 3 83.433251
demand_257 11 4 2.695132
demand_258 11 5 545.050817
demand_259 11 6 491.969246
demand_260 11 7 444.270203
demand_261 11 8 54.412795
demand_262 11 9 520.257128
demand_263 11 10 532.450913
demand_264 11 12 131.855364
demand_265 11 13 552.707715
demand_266 11 14 95.977912
demand_267 11 15 88.754466
demand_268 11 16 345.245350
demand_269 11 17 632.782680
demand_270 11 18 22.182880
demand_271 11 19 399.273049
demand_272 11 20 1187.410451
demand_273 11 21 590.468183
demand_274 11 22 116.053950
demand_275 11 23 672.507113
demand_276 12 0 376.534065
demand_277 12 1 349.338079
demand_278 12 2 35.819087
demand_279 12 3 67.005284
demand_280 12 4 2.164462
demand_281 12 5 437.730574
demand_282 12 6 395.100739
demand_283 12 7 356.793614
demand_284 12 8 43.698942
demand_285 12 9 417.818750
demand_286 12 10 427.611585
demand_287 12 11 925.316058
demand_288 12 13 443.879833
demand_289 12 14 77.079907
demand_290 12 15 71.278754
demand_291 12 16 277.266707
demand_292 12 17 508.188075
demand_293 12 18 17.815082
demand_294 12 19 320.656378
demand_295 12 20 953.609906
demand_296 12 21 474.205282
demand_297 12 22 93.202983
demand_298 12 23 540.090786
demand_299 13 0 457.626983
demand_300 13 1 424.573886
demand_301 13 2 43.533327
demand_302 13 3 81.435994
demand_303 13 4 2.630615
demand_304 13 5 532.003185
demand_305 13 6 480.192301
demand_306 13 7 433.635095
demand_307 13 8 53.110241
demand_308 13 9 507.803017
demand_309 13 10 519.704902
demand_310 13 11 1124.598371
demand_311 13 12 128.698961
demand_312 13 14 93.680356
demand_313 13 15 86.629828
demand_314 13 16 336.980737
demand_315 13 17 617.634890
demand_316 13 18 21.651858
demand_317 13 19 389.715101
demand_318 13 20 1158.985772
demand_319 13 21 576.333333
demand_320 13 22 113.275807
demand_321 13 23 656.408384
demand_322 14 0 1094.034223
demand_323 14 1 1015.015240
demand_324 14 2 104.073737
demand_325 14 3 194.686432
demand_326 14 4 6.288928
demand_327 14 5 1271.843036
demand_328 14 6 1147.980409
demand_329 14 7 1036.677582
demand_330 14 8 126.968959
demand_331 14 9 1213.988465
demand_332 14 10 1242.441923
demand_333 14 11 2688.541434
demand_334 14 12 307.676499
demand_335 14 13 1289.709944
demand_336 14 15 207.103164
demand_337 14 16 805.609092
demand_338 14 17 1476.560019
demand_339 14 18 51.762407
demand_340 14 19 931.679453
demand_341 14 20 2770.750297
demand_342 14 21 1377.821705
demand_343 14 22 270.804855
demand_344 14 23 1569.254574
demand_345 15 0 2147.205686
demand_346 15 1 1992.119120
demand_347 15 2 204.260264
demand_348 15 3 382.101222
demand_349 15 4 12.342961
demand_350 15 5 2496.182058
demand_351 15 6 2253.083138
demand_352 15 7 2034.634705
demand_353 15 8 249.195560
demand_354 15 9 2382.633815
demand_355 15 10 2438.477979
demand_356 15 11 5276.664415
demand_357 15 12 603.861116
demand_358 15 13 2531.248536
demand_359 15 14 439.552302
demand_360 15 16 1581.128256
demand_361 15 17 2897.969736
demand_362 15 18 101.591460
demand_363 15 19 1828.560184
demand_364 15 20 5438.011596
demand_365 15 21 2704.181037
demand_366 15 22 531.495006
demand_367 15 23 3079.896655
demand_368 16 0 3483.069284
demand_369 16 1 3231.497086
demand_370 16 2 331.338844
demand_371 16 3 619.821864
demand_372 16 4 20.022017
demand_373 16 5 4049.157988
demand_374 16 6 3654.817386
demand_375 16 7 3300.463338
demand_376 16 8 404.230208
demand_377 16 9 3864.966785
demand_378 16 10 3955.553865
demand_379 16 11 8559.491001
demand_380 16 12 979.547567
demand_381 16 13 4106.040741
demand_382 16 14 713.015587
demand_383 16 15 659.352930
demand_384 16 17 4700.914049
demand_385 16 18 164.795621
demand_386 16 19 2966.181513
demand_387 16 20 8821.218796
demand_388 16 21 4386.561554
demand_389 16 22 862.159569
demand_390 16 23 4996.025070
demand_391 17 0 321.012348
demand_392 17 1 297.826538
demand_393 17 2 30.537394
demand_394 17 3 57.125040
demand_395 17 4 1.845302
demand_396 17 5 373.185144
demand_397 17 6 336.841278
demand_398 17 7 304.182719
demand_399 17 8 37.255328
demand_400 17 9 356.209412
demand_401 17 10 364.558247
demand_402 17 11 788.873858
demand_403 17 12 90.278671
demand_404 17 13 378.427666
demand_405 17 14 65.714113
demand_406 17 15 60.768367
demand_407 17 16 236.382428
demand_408 17 18 15.188164
demand_409 17 19 273.374089
demand_410 17 20 812.995645
demand_411 17 21 404.281485
demand_412 17 22 79.459765
demand_413 17 23 460.451862
demand_414 18 0 522.910121
demand_415 18 1 485.141809
demand_416 18 2 49.743609
demand_417 18 3 93.053310
demand_418 18 4 3.005888
demand_419 18 5 607.896519
demand_420 18 6 548.694512
demand_421 18 7 495.495651
demand_422 18 8 60.686725
demand_423 18 9 580.244056
demand_424 18 10 593.843815
demand_425 18 11 1285.028838
demand_426 18 12 147.058613
demand_427 18 13 616.436277
demand_428 18 14 107.044402
demand_429 18 15 98.988074
demand_430 18 16 385.052989
demand_431 18 17 705.744082
demand_432 18 19 445.310216
demand_433 18 20 1324.321802
demand_434 18 21 658.550619
demand_435 18 22 129.435256
demand_436 18 23 750.048840
demand_437 19 0 1072.599940
demand_438 19 1 995.129094
demand_439 19 2 102.034727
demand_440 19 3 190.872142
demand_441 19 4 6.165716
demand_442 19 5 1246.925128
demand_443 19 6 1125.489213
demand_444 19 7 1016.367028
demand_445 19 8 124.481388
demand_446 19 9 1190.204042
demand_447 19 10 1218.100041
demand_448 19 11 2635.867616
demand_449 19 12 301.648511
demand_450 19 13 1264.441988
demand_451 19 14 219.570848
demand_452 19 15 203.045606
demand_453 19 16 789.825625
demand_454 19 17 1447.631303
demand_455 19 18 50.748279
demand_456 19 20 2716.465846
demand_457 19 21 1350.827467
demand_458 19 22 265.499255
demand_459 19 23 1538.509789
demand_460 20 0 328.799171
demand_461 20 1 305.050941
demand_462 20 2 31.278142
demand_463 20 3 58.510727
demand_464 20 4 1.890064
demand_465 20 5 382.237527
demand_466 20 6 345.012065
demand_467 20 7 311.561304
demand_468 20 8 38.159033
demand_469 20 9 364.850013
demand_470 20 10 373.401367
demand_471 20 11 808.009636
demand_472 20 12 92.468568
demand_473 20 13 387.607217
demand_474 20 14 67.308145
demand_475 20 15 62.242430
demand_476 20 16 242.116376
demand_477 20 17 443.762818
demand_478 20 18 15.556585
demand_479 20 19 280.005347
demand_480 20 21 414.088175
demand_481 20 22 81.387227
demand_482 20 23 471.621081
demand_483 21 0 314.061133
demand_484 21 1 291.377390
demand_485 21 2 29.876136
demand_486 21 3 55.888052
demand_487 21 4 1.805344
demand_488 21 5 365.104177
demand_489 21 6 329.547303
demand_490 21 7 297.595934
demand_491 21 8 36.448599
demand_492 21 9 348.496039
demand_493 21 10 356.664088
demand_494 21 11 771.791550
demand_495 21 12 88.323772
demand_496 21 13 370.233177
demand_497 21 14 64.291137
demand_498 21 15 59.452486
demand_499 21 16 231.263793
demand_500 21 17 423.871670
demand_501 21 18 14.859279
demand_502 21 19 267.454435
demand_503 21 20 795.391003
demand_504 21 22 77.739140
demand_505 21 23 450.481218
demand_506 22 0 251.018350
demand_507 22 1 232.888007
demand_508 22 2 23.878977
demand_509 22 3 44.669413
demand_510 22 4 1.442950
demand_511 22 5 291.815313
demand_512 22 6 263.395917
demand_513 22 7 237.858277
demand_514 22 8 29.132122
demand_515 22 9 278.540995
demand_516 22 10 285.069438
demand_517 22 11 616.866657
demand_518 22 12 70.594178
demand_519 22 13 295.914748
demand_520 22 14 51.385712
demand_521 22 15 47.518344
demand_522 22 16 184.841260
demand_523 22 17 338.786165
demand_524 22 18 11.876515
demand_525 22 19 213.767206
demand_526 22 20 635.728894
demand_527 22 21 316.131363
demand_528 22 23 360.054270
demand_529 23 0 894.596454
demand_530 23 1 829.982293
demand_531 23 2 85.101539
demand_532 23 3 159.195926
demand_533 23 4 5.142483
demand_534 23 5 1039.991479
demand_535 23 6 938.708480
demand_536 23 7 847.695683
demand_537 23 8 103.823060
demand_538 23 9 992.683549
demand_539 23 10 1015.950063
demand_540 23 11 2198.431805
demand_541 23 12 251.588386
demand_542 23 13 1054.601326
demand_543 23 14 183.131934
demand_544 23 15 169.349141
demand_545 23 16 658.749993
demand_546 23 17 1207.389430
demand_547 23 18 42.326341
demand_548 23 19 761.838265
demand_549 23 20 2265.654343
demand_550 23 21 1126.650689
demand_551 23 22 221.438286
