DEMANDS 552
label src dest bw
demand_0 0 1 8.194246
demand_1 0 2 1.038058
demand_2 0 3 1.371269
demand_3 0 4 0.182569
demand_4 0 5 15.511331
demand_5 0 6 10.488834
demand_6 0 7 8.327065
demand_7 0 8 1.047597
demand_8 0 9 10.725787
demand_9 0 10 11.282539
demand_10 0 11 19.928114
demand_11 0 12 5.033841
demand_12 0 13 15.589565
demand_13 0 14 3.751108
demand_14 0 15 1.897082
demand_15 0 16 5.104601
demand_16 0 17 15.946791
demand_17 0 18 0.839494
demand_18 0 19 6.359263
demand_19 0 20 26.665303
demand_20 0 21 15.838260
demand_21 0 22 4.290804
demand_22 0 23 18.444175
demand_23 1 0 1239.230156
demand_24 1 2 131.125412
demand_25 1 3 173.215826
demand_26 1 4 23.061747
demand_27 1 5 1959.359410
demand_28 1 6 1324.927901
demand_29 1 7 1051.857686
demand_30 1 8 132.330269
demand_31 1 9 1354.859350
demand_32 1 10 1425.187179
demand_33 1 11 2517.278368
demand_34 1 12 635.864421
demand_35 1 13 1969.241857
demand_36 1 14 473.832192
demand_37 1 15 239.635519
demand_38 1 16 644.802761
demand_39 1 17 2014.365845
demand_40 1 18 106.043174
demand_41 1 19 803.289083
demand_42 1 20 3368.306242
demand_43 1 21 2000.656466
demand_44 1 22 542.005579
demand_45 1 23 2329.830207
demand_46 2 0 917.328081
demand_47 2 1 766.208121
demand_48 2 3 128.221332
demand_49 2 4 17.071234
demand_50 2 5 1450.396765
demand_51 2 6 980.765005
demand_52 2 7 778.627431
demand_53 2 8 97.956196
demand_54 2 9 1002.921469
demand_55 2 10 1054.980961
demand_56 2 11 1863.390853
demand_57 2 12 470.692459
demand_58 2 13 1457.712150
demand_59 2 14 350.749676
demand_60 2 15 177.387864
demand_61 2 16 477.308978
demand_62 2 17 1491.114744
demand_63 2 18 78.497429
demand_64 2 19 594.626938
demand_65 2 20 2493.355967
demand_66 2 21 1480.966509
demand_67 2 22 401.214363
demand_68 2 23 1724.634173
demand_69 3 0 482.389763
demand_70 3 1 402.921225
demand_71 3 2 51.042622
demand_72 3 4 8.977147
demand_73 3 5 762.711363
demand_74 3 6 515.748954
demand_75 3 7 409.452092
demand_76 3 8 51.511631
demand_77 3 9 527.400239
demand_78 3 10 554.776449
demand_79 3 11 979.890063
demand_80 3 12 247.520193
demand_81 3 13 766.558260
demand_82 3 14 184.446608
demand_83 3 15 93.281882
demand_84 3 16 250.999582
demand_85 3 17 784.123480
demand_86 3 18 41.278968
demand_87 3 19 312.692867
demand_88 3 20 1311.166002
demand_89 3 21 778.786889
demand_90 3 22 210.984167
demand_91 3 23 906.922928
demand_92 4 0 2220.516433
demand_93 4 1 1854.710173
demand_94 4 2 234.957268
demand_95 4 3 310.377040
demand_96 4 5 3510.881128
demand_97 4 6 2374.074069
demand_98 4 7 1884.772788
demand_99 4 8 237.116193
demand_100 4 9 2427.706780
demand_101 4 10 2553.723807
demand_102 4 11 4510.589060
demand_103 4 12 1139.374626
demand_104 4 13 3528.589006
demand_105 4 14 849.036931
demand_106 4 15 429.391268
demand_107 4 16 1155.390805
demand_108 4 17 3609.444493
demand_109 4 18 190.013621
demand_110 4 19 1439.374760
demand_111 4 20 6035.504645
demand_112 4 21 3584.879321
demand_113 4 22 971.193518
demand_114 4 23 4174.709788
demand_115 5 0 1576.850768
demand_116 5 1 1317.081521
demand_117 5 2 166.849722
demand_118 5 3 220.407409
demand_119 5 4 29.344778
demand_120 5 6 1685.896337
demand_121 5 7 1338.429825
demand_122 5 8 168.382835
demand_123 5 9 1723.982424
demand_124 5 10 1813.470636
demand_125 5 11 3203.095334
demand_126 5 12 809.101760
demand_127 5 13 2505.749655
demand_128 5 14 602.924850
demand_129 5 15 304.922738
demand_130 5 16 820.475296
demand_131 5 17 2563.167396
demand_132 5 18 134.933982
demand_133 5 19 1022.140239
demand_134 5 20 4285.980503
demand_135 5 21 2545.722981
demand_136 5 22 689.671656
demand_137 5 23 2964.578078
demand_138 6 0 289.019238
demand_139 6 1 241.406419
demand_140 6 2 30.581701
demand_141 6 3 40.398231
demand_142 6 4 5.378572
demand_143 6 5 456.971259
demand_144 6 7 245.319326
demand_145 6 8 30.862704
demand_146 6 9 315.986837
demand_147 6 10 332.389033
demand_148 6 11 587.091811
demand_149 6 12 148.299369
demand_150 6 13 459.276091
demand_151 6 14 110.509431
demand_152 6 15 55.888952
demand_153 6 16 150.384012
demand_154 6 17 469.800125
demand_155 6 18 24.731901
demand_156 6 19 187.346957
demand_157 6 20 785.572639
demand_158 6 21 466.602757
demand_159 6 22 126.409157
demand_160 6 23 543.374246
demand_161 7 0 484.779873
demand_162 7 1 404.917590
demand_163 7 2 51.295524
demand_164 7 3 67.761058
demand_165 7 4 9.021626
demand_166 7 5 766.490390
demand_167 7 6 518.304350
demand_168 7 8 51.766858
demand_169 7 9 530.013364
demand_170 7 10 557.525215
demand_171 7 11 984.745152
demand_172 7 12 248.746588
demand_173 7 13 770.356348
demand_174 7 14 185.360491
demand_175 7 15 93.744068
demand_176 7 16 252.243217
demand_177 7 17 788.008599
demand_178 7 18 41.483494
demand_179 7 19 314.242175
demand_180 7 20 1317.662474
demand_181 7 21 782.645567
demand_182 7 22 212.029537
demand_183 7 23 911.416484
demand_184 8 0 429.941701
demand_185 8 1 359.113418
demand_186 8 2 45.492988
demand_187 8 3 60.095945
demand_188 8 4 8.001102
demand_189 8 5 679.785199
demand_190 8 6 459.673898
demand_191 8 7 364.934214
demand_192 8 9 470.058391
demand_193 8 10 494.458109
demand_194 8 11 873.351039
demand_195 8 12 220.608439
demand_196 8 13 683.213840
demand_197 8 14 164.392561
demand_198 8 15 83.139764
demand_199 8 16 223.709530
demand_200 8 17 698.869273
demand_201 8 18 36.790892
demand_202 8 19 278.695183
demand_203 8 20 1168.608840
demand_204 8 21 694.112906
demand_205 8 22 188.044811
demand_206 8 23 808.317291
demand_207 9 0 2087.237575
demand_208 9 1 1743.387577
demand_209 9 2 220.854766
demand_210 9 3 291.747726
demand_211 9 4 38.842942
demand_212 9 5 3300.152570
demand_213 9 6 2231.578442
demand_214 9 7 1771.645787
demand_215 9 8 222.884110
demand_216 9 10 2400.445323
demand_217 9 11 4239.856473
demand_218 9 12 1070.987585
demand_219 9 13 3316.797593
demand_220 9 14 798.076411
demand_221 9 15 403.618535
demand_222 9 16 1086.042447
demand_223 9 17 3392.800008
demand_224 9 18 178.608708
demand_225 9 19 1352.981243
demand_226 9 20 5673.244248
demand_227 9 21 3369.709275
demand_228 9 22 912.900969
demand_229 9 23 3924.137199
demand_230 10 0 2.846147
demand_231 10 1 2.377275
demand_232 10 2 0.301157
demand_233 10 3 0.397826
demand_234 10 4 0.052966
demand_235 10 5 4.500073
demand_236 10 6 3.042970
demand_237 10 7 2.415808
demand_238 10 8 0.303924
demand_239 10 9 3.111714
demand_240 10 11 5.781448
demand_241 10 12 1.460394
demand_242 10 13 4.522770
demand_243 10 14 1.088253
demand_244 10 15 0.550372
demand_245 10 16 1.480922
demand_246 10 17 4.626406
demand_247 10 18 0.243550
demand_248 10 19 1.844919
demand_249 10 20 7.736009
demand_250 10 21 4.594920
demand_251 10 22 1.244827
demand_252 10 23 5.350935
demand_253 11 0 350.212843
demand_254 11 1 292.519035
demand_255 11 2 37.056719
demand_256 11 3 48.951687
demand_257 11 4 6.517369
demand_258 11 5 553.725090
demand_259 11 6 374.431469
demand_260 11 7 297.260415
demand_261 11 8 37.397218
demand_262 11 9 382.890251
demand_263 11 10 402.765259
demand_264 11 12 179.698570
demand_265 11 13 556.517921
demand_266 11 14 133.907425
demand_267 11 15 67.722235
demand_268 11 16 182.224591
demand_269 11 17 569.270193
demand_270 11 18 29.968349
demand_271 11 19 227.013644
demand_272 11 20 951.900743
demand_273 11 21 565.395852
demand_274 11 22 153.173576
demand_275 11 23 658.422051
demand_276 12 0 179.356368
demand_277 12 1 149.809331
demand_278 12 2 18.978055
demand_279 12 3 25.069888
demand_280 12 4 3.337775
demand_281 12 5 283.582179
demand_282 12 6 191.759582
demand_283 12 7 152.237559
demand_284 12 8 19.152436
demand_285 12 9 196.091623
demand_286 12 10 206.270316
demand_287 12 11 364.330955
demand_288 12 13 285.012486
demand_289 12 14 68.578723
demand_290 12 15 34.682949
demand_291 12 16 93.323650
demand_292 12 17 291.543375
demand_293 12 18 15.347850
demand_294 12 19 116.261706
demand_295 12 20 487.501996
demand_296 12 21 289.559188
demand_297 12 22 78.445599
demand_298 12 23 337.201191
demand_299 13 0 292.020612
demand_300 13 1 243.913349
demand_301 13 2 30.899283
demand_302 13 3 40.817754
demand_303 13 4 5.434427
demand_304 13 5 461.716761
demand_305 13 6 312.215011
demand_306 13 7 247.866890
demand_307 13 8 31.183203
demand_308 13 9 319.268260
demand_309 13 10 335.840788
demand_310 13 11 593.188574
demand_311 13 12 149.839411
demand_312 13 14 111.657036
demand_313 13 15 56.469341
demand_314 13 16 151.945703
demand_315 13 17 474.678851
demand_316 13 18 24.988734
demand_317 13 19 189.292496
demand_318 13 20 793.730563
demand_319 13 21 471.448280
demand_320 13 22 127.721876
demand_321 13 23 549.017016
demand_322 14 0 695.172705
demand_323 14 1 580.650460
demand_324 14 2 73.557609
demand_325 14 3 97.169129
demand_326 14 4 12.936981
demand_327 14 5 1099.144638
demand_328 14 6 743.246692
demand_329 14 7 590.062104
demand_330 14 8 74.233499
demand_331 14 9 760.037379
demand_332 14 10 799.489281
demand_333 14 11 1412.121231
demand_334 14 12 356.701770
demand_335 14 13 1104.688409
demand_336 14 15 134.428678
demand_337 14 16 361.715923
demand_338 14 17 1130.001677
demand_339 14 18 59.487190
demand_340 14 19 450.622221
demand_341 14 20 1889.523549
demand_342 14 21 1122.311107
demand_343 14 22 304.049641
demand_344 14 23 1306.968169
demand_345 15 0 2324.302182
demand_346 15 1 1941.398333
demand_347 15 2 245.939045
demand_348 15 3 324.883897
demand_349 15 4 43.254652
demand_350 15 5 3674.977832
demand_351 15 6 2485.037019
demand_352 15 7 1972.866059
demand_353 15 8 248.198877
demand_354 15 9 2541.176495
demand_355 15 10 2673.083490
demand_356 15 11 4721.411577
demand_357 15 12 1192.628386
demand_358 15 13 3693.513366
demand_359 15 14 888.720463
demand_360 15 16 1209.393152
demand_361 15 17 3778.147996
demand_362 15 18 198.894756
demand_363 15 19 1506.650366
demand_364 15 20 6317.600901
demand_365 15 21 3752.434661
demand_366 15 22 1016.586583
demand_367 15 23 4369.833488
demand_368 16 0 4332.234416
demand_369 16 1 3618.545273
demand_370 16 2 458.402355
demand_371 16 3 605.546564
demand_372 16 4 80.621743
demand_373 16 5 6849.739921
demand_374 16 6 4631.825837
demand_375 16 7 3677.197529
demand_376 16 8 462.614425
demand_377 16 9 4736.463423
demand_378 16 10 4982.323031
demand_379 16 11 8800.173182
demand_380 16 12 2222.923413
demand_381 16 13 6884.288044
demand_382 16 14 1656.473674
demand_383 16 15 837.743689
demand_384 16 17 7042.037350
demand_385 16 18 370.717162
demand_386 16 19 2808.224601
demand_387 16 20 11775.288197
demand_388 16 21 6994.110623
demand_389 16 22 1894.801551
demand_390 16 23 8144.871686
demand_391 17 0 126.429949
demand_392 17 1 105.601971
demand_393 17 2 13.377805
demand_394 17 3 17.671994
demand_395 17 4 2.352828
demand_396 17 5 199.899679
demand_397 17 6 135.173088
demand_398 17 7 107.313652
demand_399 17 8 13.500728
demand_400 17 9 138.226783
demand_401 17 10 145.401838
demand_402 17 11 256.820231
demand_403 17 12 64.872781
demand_404 17 13 200.907915
demand_405 17 14 48.341770
demand_406 17 15 24.448329
demand_407 17 16 65.784697
demand_408 17 18 10.818840
demand_409 17 19 81.953943
demand_410 17 20 343.644628
demand_411 17 21 204.112927
demand_412 17 22 55.297022
demand_413 17 23 237.696212
demand_414 18 0 355.527052
demand_415 18 1 296.957784
demand_416 18 2 37.619026
demand_417 18 3 49.694491
demand_418 18 4 6.616265
demand_419 18 5 562.127440
demand_420 18 6 380.113176
demand_421 18 7 301.771112
demand_422 18 8 37.964691
demand_423 18 9 388.700314
demand_424 18 10 408.876909
demand_425 18 11 722.190751
demand_426 18 12 182.425356
demand_427 18 13 564.962649
demand_428 18 14 135.939366
demand_429 18 15 68.749868
demand_430 18 16 184.989708
demand_431 18 17 577.908427
demand_432 18 19 230.458400
demand_433 18 20 966.345100
demand_434 18 21 573.975296
demand_435 18 22 155.497867
demand_436 18 23 668.413096
demand_437 19 0 676.140196
demand_438 19 1 564.753353
demand_439 19 2 71.543741
demand_440 19 3 94.508822
demand_441 19 4 12.582791
demand_442 19 5 1069.052145
demand_443 19 6 722.898008
demand_444 19 7 573.907324
demand_445 19 8 72.201127
demand_446 19 9 739.228999
demand_447 19 10 777.600783
demand_448 19 11 1373.460033
demand_449 19 12 346.935952
demand_450 19 13 1074.444137
demand_451 19 14 258.529047
demand_452 19 15 130.748276
demand_453 19 16 351.812828
demand_454 19 17 1099.064376
demand_455 19 18 57.858544
demand_456 19 20 1837.791982
demand_457 19 21 1091.584359
demand_458 19 22 295.725339
demand_459 19 23 1271.185862
demand_460 20 0 161.638199
demand_461 20 1 135.010040
demand_462 20 2 17.103260
demand_463 20 3 22.593296
demand_464 20 4 3.008044
demand_465 20 5 255.567802
demand_466 20 6 172.816130
demand_467 20 7 137.198390
demand_468 20 8 17.260415
demand_469 20 9 176.720220
demand_470 20 10 185.893386
demand_471 20 11 328.339607
demand_472 20 12 82.938572
demand_473 20 13 256.856813
demand_474 20 14 61.804001
demand_475 20 15 31.256707
demand_476 20 16 84.104439
demand_477 20 17 262.742531
demand_478 20 18 13.831674
demand_479 20 19 104.776502
demand_480 20 21 260.954357
demand_481 20 22 70.696154
demand_482 20 23 303.889925
demand_483 21 0 35.561554
demand_484 21 1 29.703169
demand_485 21 2 3.762839
demand_486 21 3 4.970686
demand_487 21 4 0.661791
demand_488 21 5 56.226735
demand_489 21 6 38.020778
demand_490 21 7 30.184622
demand_491 21 8 3.797414
demand_492 21 9 38.879706
demand_493 21 10 40.897867
demand_494 21 11 72.237050
demand_495 21 12 18.247076
demand_496 21 13 56.510326
demand_497 21 14 13.597320
demand_498 21 15 6.876698
demand_499 21 16 18.503575
demand_500 21 17 57.805226
demand_501 21 18 3.043067
demand_502 21 19 23.051576
demand_503 21 20 96.658561
demand_504 21 22 15.553657
demand_505 21 23 66.857946
demand_506 22 0 29.603545
demand_507 22 1 24.726679
demand_508 22 2 3.132410
demand_509 22 3 4.137894
demand_510 22 4 0.550914
demand_511 22 5 46.806467
demand_512 22 6 31.650750
demand_513 22 7 25.127469
demand_514 22 8 3.161193
demand_515 22 9 32.365772
demand_516 22 10 34.045809
demand_517 22 11 60.134402
demand_518 22 12 15.189948
demand_519 22 13 47.042545
demand_520 22 14 11.319215
demand_521 22 15 5.724571
demand_522 22 16 15.403473
demand_523 22 17 48.120497
demand_524 22 18 2.533229
demand_525 22 19 19.189498
demand_526 22 20 80.464316
demand_527 22 21 47.792998
demand_528 22 23 55.656517
demand_529 23 0 604.972101
demand_530 23 1 505.309437
demand_531 23 2 64.013303
demand_532 23 3 84.561162
demand_533 23 4 11.258372
demand_534 23 5 956.527545
demand_535 23 6 646.808353
demand_536 23 7 513.499894
demand_537 23 8 64.601495
demand_538 23 9 661.420402
demand_539 23 10 695.753309
demand_540 23 11 1228.894549
demand_541 23 12 310.418716
demand_542 23 13 961.351995
demand_543 23 14 231.317205
demand_544 23 15 116.986181
demand_545 23 16 314.782270
demand_546 23 17 983.380796
demand_547 23 18 51.768561
demand_548 23 19 392.152726
demand_549 23 20 1644.352580
demand_550 23 21 976.688099
demand_551 23 22 264.598349
