DEMANDS 552
label src dest bw
demand_0 0 1 684.546000
demand_1 0 2 700.439000
demand_2 0 3 476.632000
demand_3 0 4 450.389000
demand_4 0 5 1165.670000
demand_5 0 6 428.110000
demand_6 0 7 1104.770000
demand_7 0 8 699.809000
demand_8 0 9 1467.130000
demand_9 0 10 416.311000
demand_10 0 11 1229.240000
demand_11 0 12 626.029000
demand_12 0 13 821.241000
demand_13 0 14 1051.660000
demand_14 0 15 156.966000
demand_15 0 16 915.889000
demand_16 0 17 1096.540000
demand_17 0 18 1118.340000
demand_18 0 19 298.282000
demand_19 0 20 157.509000
demand_20 0 21 862.369000
demand_21 0 22 819.140000
demand_22 0 23 498.001000
demand_23 1 0 202.824000
demand_24 1 2 785.461000
demand_25 1 3 457.019000
demand_26 1 4 1443.480000
demand_27 1 5 1008.010000
demand_28 1 6 1023.540000
demand_29 1 7 427.048000
demand_30 1 8 1155.570000
demand_31 1 9 485.319000
demand_32 1 10 579.336000
demand_33 1 11 1362.140000
demand_34 1 12 1293.330000
demand_35 1 13 709.322000
demand_36 1 14 1235.710000
demand_37 1 15 1360.670000
demand_38 1 16 1055.880000
demand_39 1 17 468.007000
demand_40 1 18 521.287000
demand_41 1 19 854.764000
demand_42 1 20 971.527000
demand_43 1 21 902.688000
demand_44 1 22 885.579000
demand_45 1 23 508.369000
demand_46 2 0 165.268000
demand_47 2 1 252.562000
demand_48 2 3 538.202000
demand_49 2 4 1426.430000
demand_50 2 5 835.739000
demand_51 2 6 447.017000
demand_52 2 7 178.480000
demand_53 2 8 304.692000
demand_54 2 9 818.599000
demand_55 2 10 448.443000
demand_56 2 11 1103.350000
demand_57 2 12 781.869000
demand_58 2 13 1133.570000
demand_59 2 14 1118.420000
demand_60 2 15 539.706000
demand_61 2 16 834.881000
demand_62 2 17 571.112000
demand_63 2 18 1297.090000
demand_64 2 19 627.852000
demand_65 2 20 1180.170000
demand_66 2 21 848.727000
demand_67 2 22 1373.810000
demand_68 2 23 882.182000
demand_69 3 0 1117.120000
demand_70 3 1 937.949000
demand_71 3 2 967.492000
demand_72 3 4 1167.110000
demand_73 3 5 1074.970000
demand_74 3 6 513.052000
demand_75 3 7 1003.270000
demand_76 3 8 1271.050000
demand_77 3 9 406.365000
demand_78 3 10 724.073000
demand_79 3 11 465.396000
demand_80 3 12 469.177000
demand_81 3 13 1225.440000
demand_82 3 14 1068.450000
demand_83 3 15 448.367000
demand_84 3 16 163.000000
demand_85 3 17 1007.490000
demand_86 3 18 1050.330000
demand_87 3 19 925.344000
demand_88 3 20 951.340000
demand_89 3 21 751.021000
demand_90 3 22 1431.760000
demand_91 3 23 1400.750000
demand_92 4 0 837.472000
demand_93 4 1 823.463000
demand_94 4 2 1071.620000
demand_95 4 3 518.424000
demand_96 4 5 231.857000
demand_97 4 6 354.795000
demand_98 4 7 1311.170000
demand_99 4 8 747.033000
demand_100 4 9 858.636000
demand_101 4 10 568.597000
demand_102 4 11 371.505000
demand_103 4 12 623.624000
demand_104 4 13 1179.470000
demand_105 4 14 988.824000
demand_106 4 15 734.071000
demand_107 4 16 1375.630000
demand_108 4 17 921.180000
demand_109 4 18 1023.330000
demand_110 4 19 861.842000
demand_111 4 20 604.608000
demand_112 4 21 931.145000
demand_113 4 22 865.334000
demand_114 4 23 897.708000
demand_115 5 0 787.544000
demand_116 5 1 1077.630000
demand_117 5 2 1442.980000
demand_118 5 3 1082.890000
demand_119 5 4 1245.370000
demand_120 5 6 177.861000
demand_121 5 7 204.075000
demand_122 5 8 965.809000
demand_123 5 9 1195.500000
demand_124 5 10 852.165000
demand_125 5 11 187.929000
demand_126 5 12 680.326000
demand_127 5 13 1353.290000
demand_128 5 14 1256.230000
demand_129 5 15 1377.270000
demand_130 5 16 562.892000
demand_131 5 17 1200.540000
demand_132 5 18 671.519000
demand_133 5 19 484.608000
demand_134 5 20 448.743000
demand_135 5 21 1378.870000
demand_136 5 22 995.391000
demand_137 5 23 1358.120000
demand_138 6 0 252.346000
demand_139 6 1 1281.730000
demand_140 6 2 1120.990000
demand_141 6 3 851.533000
demand_142 6 4 528.900000
demand_143 6 5 1097.220000
demand_144 6 7 310.961000
demand_145 6 8 1310.920000
demand_146 6 9 1030.430000
demand_147 6 10 339.046000
demand_148 6 11 1091.570000
demand_149 6 12 1218.570000
demand_150 6 13 918.774000
demand_151 6 14 295.243000
demand_152 6 15 1427.090000
demand_153 6 16 699.591000
demand_154 6 17 1411.660000
demand_155 6 18 885.735000
demand_156 6 19 1143.800000
demand_157 6 20 643.044000
demand_158 6 21 380.756000
demand_159 6 22 609.920000
demand_160 6 23 788.247000
demand_161 7 0 1452.170000
demand_162 7 1 809.385000
demand_163 7 2 395.178000
demand_164 7 3 1425.750000
demand_165 7 4 295.303000
demand_166 7 5 235.896000
demand_167 7 6 682.474000
demand_168 7 8 629.850000
demand_169 7 9 1005.840000
demand_170 7 10 590.132000
demand_171 7 11 308.507000
demand_172 7 12 790.898000
demand_173 7 13 1192.300000
demand_174 7 14 180.834000
demand_175 7 15 1090.790000
demand_176 7 16 814.733000
demand_177 7 17 1381.480000
demand_178 7 18 1153.350000
demand_179 7 19 967.558000
demand_180 7 20 611.571000
demand_181 7 21 1464.470000
demand_182 7 22 1243.830000
demand_183 7 23 587.529000
demand_184 8 0 510.348000
demand_185 8 1 794.093000
demand_186 8 2 1047.160000
demand_187 8 3 259.023000
demand_188 8 4 1163.020000
demand_189 8 5 768.787000
demand_190 8 6 528.042000
demand_191 8 7 1144.570000
demand_192 8 9 1053.930000
demand_193 8 10 649.424000
demand_194 8 11 408.822000
demand_195 8 12 464.910000
demand_196 8 13 1120.420000
demand_197 8 14 366.093000
demand_198 8 15 320.873000
demand_199 8 16 504.091000
demand_200 8 17 219.157000
demand_201 8 18 867.367000
demand_202 8 19 488.192000
demand_203 8 20 627.190000
demand_204 8 21 745.404000
demand_205 8 22 1087.050000
demand_206 8 23 789.856000
demand_207 9 0 377.859000
demand_208 9 1 948.894000
demand_209 9 2 804.334000
demand_210 9 3 618.745000
demand_211 9 4 628.075000
demand_212 9 5 972.863000
demand_213 9 6 420.083000
demand_214 9 7 294.996000
demand_215 9 8 753.916000
demand_216 9 10 1327.050000
demand_217 9 11 832.608000
demand_218 9 12 625.910000
demand_219 9 13 1302.510000
demand_220 9 14 510.702000
demand_221 9 15 1461.280000
demand_222 9 16 1053.210000
demand_223 9 17 1193.380000
demand_224 9 18 1284.590000
demand_225 9 19 694.974000
demand_226 9 20 451.834000
demand_227 9 21 923.863000
demand_228 9 22 1456.690000
demand_229 9 23 1328.350000
demand_230 10 0 196.830000
demand_231 10 1 496.579000
demand_232 10 2 364.363000
demand_233 10 3 399.212000
demand_234 10 4 1360.620000
demand_235 10 5 246.289000
demand_236 10 6 1008.160000
demand_237 10 7 1052.290000
demand_238 10 8 503.266000
demand_239 10 9 1463.550000
demand_240 10 11 1459.610000
demand_241 10 12 820.354000
demand_242 10 13 1252.670000
demand_243 10 14 731.616000
demand_244 10 15 1067.160000
demand_245 10 16 230.356000
demand_246 10 17 401.007000
demand_247 10 18 1458.930000
demand_248 10 19 892.832000
demand_249 10 20 318.871000
demand_250 10 21 229.544000
demand_251 10 22 394.774000
demand_252 10 23 431.577000
demand_253 11 0 626.356000
demand_254 11 1 356.163000
demand_255 11 2 155.727000
demand_256 11 3 1210.720000
demand_257 11 4 1211.240000
demand_258 11 5 460.420000
demand_259 11 6 391.035000
demand_260 11 7 838.132000
demand_261 11 8 758.970000
demand_262 11 9 845.219000
demand_263 11 10 829.807000
demand_264 11 12 1020.570000
demand_265 11 13 1199.580000
demand_266 11 14 825.871000
demand_267 11 15 1031.330000
demand_268 11 16 1304.750000
demand_269 11 17 620.877000
demand_270 11 18 562.535000
demand_271 11 19 590.842000
demand_272 11 20 507.914000
demand_273 11 21 319.817000
demand_274 11 22 1026.430000
demand_275 11 23 1247.880000
demand_276 12 0 749.743000
demand_277 12 1 419.476000
demand_278 12 2 886.474000
demand_279 12 3 928.678000
demand_280 12 4 1376.340000
demand_281 12 5 268.482000
demand_282 12 6 1289.440000
demand_283 12 7 1039.020000
demand_284 12 8 1048.270000
demand_285 12 9 404.787000
demand_286 12 10 1248.460000
demand_287 12 11 1125.710000
demand_288 12 13 159.978000
demand_289 12 14 1156.500000
demand_290 12 15 797.001000
demand_291 12 16 559.075000
demand_292 12 17 616.000000
demand_293 12 18 215.912000
demand_294 12 19 286.414000
demand_295 12 20 865.282000
demand_296 12 21 1086.610000
demand_297 12 22 375.883000
demand_298 12 23 1213.510000
demand_299 13 0 1161.650000
demand_300 13 1 392.982000
demand_301 13 2 157.945000
demand_302 13 3 1214.460000
demand_303 13 4 1260.620000
demand_304 13 5 608.863000
demand_305 13 6 450.007000
demand_306 13 7 518.309000
demand_307 13 8 1128.240000
demand_308 13 9 778.636000
demand_309 13 10 766.103000
demand_310 13 11 307.778000
demand_311 13 12 767.330000
demand_312 13 14 1135.970000
demand_313 13 15 1274.970000
demand_314 13 16 584.247000
demand_315 13 17 1435.180000
demand_316 13 18 1358.260000
demand_317 13 19 196.817000
demand_318 13 20 1136.580000
demand_319 13 21 885.626000
demand_320 13 22 1385.790000
demand_321 13 23 537.463000
demand_322 14 0 788.373000
demand_323 14 1 377.620000
demand_324 14 2 1259.080000
demand_325 14 3 1427.130000
demand_326 14 4 550.231000
demand_327 14 5 547.054000
demand_328 14 6 401.747000
demand_329 14 7 520.313000
demand_330 14 8 1128.730000
demand_331 14 9 440.315000
demand_332 14 10 230.470000
demand_333 14 11 537.297000
demand_334 14 12 868.665000
demand_335 14 13 942.305000
demand_336 14 15 494.875000
demand_337 14 16 807.996000
demand_338 14 17 795.488000
demand_339 14 18 816.768000
demand_340 14 19 362.535000
demand_341 14 20 741.383000
demand_342 14 21 1398.740000
demand_343 14 22 1354.400000
demand_344 14 23 1049.760000
demand_345 15 0 879.988000
demand_346 15 1 504.361000
demand_347 15 2 974.391000
demand_348 15 3 1200.920000
demand_349 15 4 1176.380000
demand_350 15 5 831.795000
demand_351 15 6 773.268000
demand_352 15 7 1009.570000
demand_353 15 8 525.474000
demand_354 15 9 923.418000
demand_355 15 10 1405.450000
demand_356 15 11 953.556000
demand_357 15 12 376.686000
demand_358 15 13 686.070000
demand_359 15 14 326.227000
demand_360 15 16 741.655000
demand_361 15 17 280.861000
demand_362 15 18 1132.030000
demand_363 15 19 1281.750000
demand_364 15 20 1333.960000
demand_365 15 21 1073.040000
demand_366 15 22 1379.560000
demand_367 15 23 670.258000
demand_368 16 0 1274.450000
demand_369 16 1 1030.130000
demand_370 16 2 741.153000
demand_371 16 3 256.865000
demand_372 16 4 835.657000
demand_373 16 5 1048.400000
demand_374 16 6 853.369000
demand_375 16 7 949.618000
demand_376 16 8 555.593000
demand_377 16 9 1101.910000
demand_378 16 10 724.857000
demand_379 16 11 259.474000
demand_380 16 12 328.871000
demand_381 16 13 329.178000
demand_382 16 14 594.408000
demand_383 16 15 1121.610000
demand_384 16 17 1105.870000
demand_385 16 18 185.396000
demand_386 16 19 766.157000
demand_387 16 20 260.000000
demand_388 16 21 701.869000
demand_389 16 22 1427.680000
demand_390 16 23 656.994000
demand_391 17 0 1227.300000
demand_392 17 1 1398.000000
demand_393 17 2 1218.440000
demand_394 17 3 1133.750000
demand_395 17 4 1210.320000
demand_396 17 5 543.250000
demand_397 17 6 825.898000
demand_398 17 7 1164.390000
demand_399 17 8 413.025000
demand_400 17 9 633.599000
demand_401 17 10 639.764000
demand_402 17 11 1243.230000
demand_403 17 12 389.155000
demand_404 17 13 207.350000
demand_405 17 14 334.461000
demand_406 17 15 725.819000
demand_407 17 16 1265.170000
demand_408 17 18 745.959000
demand_409 17 19 826.291000
demand_410 17 20 440.326000
demand_411 17 21 277.373000
demand_412 17 22 458.797000
demand_413 17 23 605.799000
demand_414 18 0 982.241000
demand_415 18 1 969.787000
demand_416 18 2 1229.320000
demand_417 18 3 1185.480000
demand_418 18 4 929.686000
demand_419 18 5 270.603000
demand_420 18 6 1287.460000
demand_421 18 7 913.437000
demand_422 18 8 993.558000
demand_423 18 9 200.266000
demand_424 18 10 798.780000
demand_425 18 11 676.599000
demand_426 18 12 516.603000
demand_427 18 13 1401.010000
demand_428 18 14 890.400000
demand_429 18 15 1098.880000
demand_430 18 16 209.649000
demand_431 18 17 581.391000
demand_432 18 19 1120.260000
demand_433 18 20 1307.840000
demand_434 18 21 926.153000
demand_435 18 22 741.745000
demand_436 18 23 608.737000
demand_437 19 0 189.056000
demand_438 19 1 719.202000
demand_439 19 2 439.850000
demand_440 19 3 1030.960000
demand_441 19 4 273.990000
demand_442 19 5 358.291000
demand_443 19 6 1270.670000
demand_444 19 7 1176.170000
demand_445 19 8 505.389000
demand_446 19 9 670.750000
demand_447 19 10 857.813000
demand_448 19 11 430.957000
demand_449 19 12 791.994000
demand_450 19 13 320.854000
demand_451 19 14 1021.930000
demand_452 19 15 1258.300000
demand_453 19 16 524.834000
demand_454 19 17 1078.750000
demand_455 19 18 726.247000
demand_456 19 20 496.653000
demand_457 19 21 942.250000
demand_458 19 22 651.480000
demand_459 19 23 498.326000
demand_460 20 0 489.075000
demand_461 20 1 173.906000
demand_462 20 2 1239.400000
demand_463 20 3 1221.390000
demand_464 20 4 898.241000
demand_465 20 5 1011.840000
demand_466 20 6 1116.550000
demand_467 20 7 451.464000
demand_468 20 8 584.406000
demand_469 20 9 990.787000
demand_470 20 10 962.910000
demand_471 20 11 997.770000
demand_472 20 12 560.468000
demand_473 20 13 1335.520000
demand_474 20 14 245.663000
demand_475 20 15 1022.080000
demand_476 20 16 789.200000
demand_477 20 17 716.725000
demand_478 20 18 195.871000
demand_479 20 19 1227.020000
demand_480 20 21 974.624000
demand_481 20 22 541.863000
demand_482 20 23 653.906000
demand_483 21 0 777.262000
demand_484 21 1 594.071000
demand_485 21 2 198.468000
demand_486 21 3 1350.430000
demand_487 21 4 959.233000
demand_488 21 5 296.941000
demand_489 21 6 1129.690000
demand_490 21 7 784.412000
demand_491 21 8 603.867000
demand_492 21 9 626.105000
demand_493 21 10 963.926000
demand_494 21 11 483.101000
demand_495 21 12 180.252000
demand_496 21 13 739.145000
demand_497 21 14 848.640000
demand_498 21 15 1465.210000
demand_499 21 16 1075.440000
demand_500 21 17 1026.620000
demand_501 21 18 820.784000
demand_502 21 19 537.867000
demand_503 21 20 875.019000
demand_504 21 22 793.686000
demand_505 21 23 305.142000
demand_506 22 0 1175.200000
demand_507 22 1 844.782000
demand_508 22 2 275.408000
demand_509 22 3 1433.130000
demand_510 22 4 1256.280000
demand_511 22 5 792.196000
demand_512 22 6 176.464000
demand_513 22 7 1358.370000
demand_514 22 8 1403.780000
demand_515 22 9 863.521000
demand_516 22 10 259.828000
demand_517 22 11 1029.900000
demand_518 22 12 362.048000
demand_519 22 13 479.157000
demand_520 22 14 989.743000
demand_521 22 15 547.881000
demand_522 22 16 1096.990000
demand_523 22 17 1357.910000
demand_524 22 18 486.110000
demand_525 22 19 427.262000
demand_526 22 20 739.071000
demand_527 22 21 1026.880000
demand_528 22 23 311.036000
demand_529 23 0 762.933000
demand_530 23 1 1129.500000
demand_531 23 2 1170.080000
demand_532 23 3 708.653000
demand_533 23 4 252.918000
demand_534 23 5 367.097000
demand_535 23 6 679.768000
demand_536 23 7 550.593000
demand_537 23 8 385.007000
demand_538 23 9 1374.810000
demand_539 23 10 390.073000
demand_540 23 11 1314.580000
demand_541 23 12 1253.750000
demand_542 23 13 263.420000
demand_543 23 14 818.408000
demand_544 23 15 447.531000
demand_545 23 16 777.412000
demand_546 23 17 1062.650000
demand_547 23 18 831.344000
demand_548 23 19 252.180000
demand_549 23 20 870.856000
demand_550 23 21 1097.770000
demand_551 23 22 1180.020000
