DEMANDS 552
label src dest bw
demand_0 0 1 593.685000
demand_1 0 2 228.283000
demand_2 0 3 769.685000
demand_3 0 4 479.899000
demand_4 0 5 1275.730000
demand_5 0 6 1006.730000
demand_6 0 7 152.221000
demand_7 0 8 526.394000
demand_8 0 9 154.460000
demand_9 0 10 913.062000
demand_10 0 11 396.972000
demand_11 0 12 1284.910000
demand_12 0 13 823.387000
demand_13 0 14 1174.520000
demand_14 0 15 324.034000
demand_15 0 16 614.716000
demand_16 0 17 557.269000
demand_17 0 18 1008.320000
demand_18 0 19 676.432000
demand_19 0 20 1053.080000
demand_20 0 21 250.771000
demand_21 0 22 209.903000
demand_22 0 23 1480.700000
demand_23 1 0 381.470000
demand_24 1 2 607.079000
demand_25 1 3 411.100000
demand_26 1 4 355.024000
demand_27 1 5 1267.720000
demand_28 1 6 903.204000
demand_29 1 7 867.425000
demand_30 1 8 1173.910000
demand_31 1 9 1120.830000
demand_32 1 10 778.539000
demand_33 1 11 1195.130000
demand_34 1 12 371.442000
demand_35 1 13 1386.900000
demand_36 1 14 1234.550000
demand_37 1 15 550.522000
demand_38 1 16 1100.950000
demand_39 1 17 369.214000
demand_40 1 18 426.726000
demand_41 1 19 1248.700000
demand_42 1 20 1428.940000
demand_43 1 21 1068.540000
demand_44 1 22 382.878000
demand_45 1 23 290.795000
demand_46 2 0 882.667000
demand_47 2 1 348.491000
demand_48 2 3 591.771000
demand_49 2 4 893.370000
demand_50 2 5 163.474000
demand_51 2 6 246.584000
demand_52 2 7 1015.710000
demand_53 2 8 1386.370000
demand_54 2 9 574.906000
demand_55 2 10 813.110000
demand_56 2 11 803.948000
demand_57 2 12 859.910000
demand_58 2 13 611.446000
demand_59 2 14 389.948000
demand_60 2 15 1492.340000
demand_61 2 16 1446.390000
demand_62 2 17 379.411000
demand_63 2 18 1403.070000
demand_64 2 19 1499.390000
demand_65 2 20 893.256000
demand_66 2 21 571.664000
demand_67 2 22 1069.240000
demand_68 2 23 936.179000
demand_69 3 0 233.207000
demand_70 3 1 646.740000
demand_71 3 2 779.525000
demand_72 3 4 152.107000
demand_73 3 5 1106.060000
demand_74 3 6 649.422000
demand_75 3 7 369.698000
demand_76 3 8 535.584000
demand_77 3 9 531.138000
demand_78 3 10 808.453000
demand_79 3 11 569.955000
demand_80 3 12 432.816000
demand_81 3 13 227.290000
demand_82 3 14 1325.330000
demand_83 3 15 771.076000
demand_84 3 16 330.103000
demand_85 3 17 370.747000
demand_86 3 18 777.553000
demand_87 3 19 350.996000
demand_88 3 20 846.273000
demand_89 3 21 1218.240000
demand_90 3 22 1404.200000
demand_91 3 23 1052.500000
demand_92 4 0 1260.540000
demand_93 4 1 1110.500000
demand_94 4 2 1320.390000
demand_95 4 3 290.771000
demand_96 4 5 1115.060000
demand_97 4 6 510.131000
demand_98 4 7 189.574000
demand_99 4 8 704.622000
demand_100 4 9 1197.780000
demand_101 4 10 1354.130000
demand_102 4 11 1054.870000
demand_103 4 12 1096.480000
demand_104 4 13 785.145000
demand_105 4 14 593.484000
demand_106 4 15 539.688000
demand_107 4 16 1373.460000
demand_108 4 17 1449.610000
demand_109 4 18 1444.760000
demand_110 4 19 903.622000
demand_111 4 20 1408.680000
demand_112 4 21 1485.970000
demand_113 4 22 550.470000
demand_114 4 23 1278.100000
demand_115 5 0 440.262000
demand_116 5 1 1039.940000
demand_117 5 2 1459.120000
demand_118 5 3 1057.870000
demand_119 5 4 703.276000
demand_120 5 6 1307.390000
demand_121 5 7 737.186000
demand_122 5 8 609.100000
demand_123 5 9 1123.940000
demand_124 5 10 1268.200000
demand_125 5 11 765.906000
demand_126 5 12 326.923000
demand_127 5 13 699.176000
demand_128 5 14 593.249000
demand_129 5 15 1125.090000
demand_130 5 16 351.868000
demand_131 5 17 878.961000
demand_132 5 18 1141.150000
demand_133 5 19 206.200000
demand_134 5 20 306.961000
demand_135 5 21 1361.760000
demand_136 5 22 250.508000
demand_137 5 23 962.660000
demand_138 6 0 190.802000
demand_139 6 1 585.197000
demand_140 6 2 500.359000
demand_141 6 3 836.750000
demand_142 6 4 1056.370000
demand_143 6 5 465.214000
demand_144 6 7 586.273000
demand_145 6 8 423.096000
demand_146 6 9 691.626000
demand_147 6 10 1373.950000
demand_148 6 11 1429.370000
demand_149 6 12 651.944000
demand_150 6 13 1349.920000
demand_151 6 14 704.674000
demand_152 6 15 774.273000
demand_153 6 16 161.733000
demand_154 6 17 1444.280000
demand_155 6 18 376.546000
demand_156 6 19 828.487000
demand_157 6 20 1361.810000
demand_158 6 21 953.595000
demand_159 6 22 1048.050000
demand_160 6 23 786.083000
demand_161 7 0 735.737000
demand_162 7 1 301.930000
demand_163 7 2 1123.990000
demand_164 7 3 685.941000
demand_165 7 4 725.602000
demand_166 7 5 480.155000
demand_167 7 6 1143.480000
demand_168 7 8 1320.360000
demand_169 7 9 378.913000
demand_170 7 10 1086.690000
demand_171 7 11 514.588000
demand_172 7 12 1270.640000
demand_173 7 13 1360.380000
demand_174 7 14 989.692000
demand_175 7 15 816.861000
demand_176 7 16 165.470000
demand_177 7 17 863.321000
demand_178 7 18 1352.510000
demand_179 7 19 1376.170000
demand_180 7 20 1006.320000
demand_181 7 21 1422.260000
demand_182 7 22 735.114000
demand_183 7 23 903.505000
demand_184 8 0 1061.630000
demand_185 8 1 216.505000
demand_186 8 2 1431.110000
demand_187 8 3 999.221000
demand_188 8 4 682.826000
demand_189 8 5 1007.870000
demand_190 8 6 1065.120000
demand_191 8 7 705.522000
demand_192 8 9 711.217000
demand_193 8 10 336.633000
demand_194 8 11 1316.050000
demand_195 8 12 857.294000
demand_196 8 13 1281.470000
demand_197 8 14 1084.860000
demand_198 8 15 1190.590000
demand_199 8 16 289.352000
demand_200 8 17 1273.660000
demand_201 8 18 1129.990000
demand_202 8 19 1453.070000
demand_203 8 20 248.550000
demand_204 8 21 1373.150000
demand_205 8 22 569.750000
demand_206 8 23 179.709000
demand_207 9 0 845.806000
demand_208 9 1 220.968000
demand_209 9 2 810.761000
demand_210 9 3 1400.710000
demand_211 9 4 822.179000
demand_212 9 5 1512.280000
demand_213 9 6 915.453000
demand_214 9 7 418.318000
demand_215 9 8 1295.540000
demand_216 9 10 339.550000
demand_217 9 11 1311.750000
demand_218 9 12 461.698000
demand_219 9 13 443.290000
demand_220 9 14 600.273000
demand_221 9 15 1174.130000
demand_222 9 16 800.262000
demand_223 9 17 1011.930000
demand_224 9 18 336.290000
demand_225 9 19 1475.810000
demand_226 9 20 473.605000
demand_227 9 21 535.480000
demand_228 9 22 580.332000
demand_229 9 23 551.217000
demand_230 10 0 1006.010000
demand_231 10 1 190.965000
demand_232 10 2 1057.750000
demand_233 10 3 614.352000
demand_234 10 4 922.110000
demand_235 10 5 869.740000
demand_236 10 6 696.560000
demand_237 10 7 1420.460000
demand_238 10 8 507.519000
demand_239 10 9 458.622000
demand_240 10 11 1216.330000
demand_241 10 12 675.868000
demand_242 10 13 784.588000
demand_243 10 14 1196.020000
demand_244 10 15 538.633000
demand_245 10 16 1270.290000
demand_246 10 17 160.321000
demand_247 10 18 634.494000
demand_248 10 19 1419.840000
demand_249 10 20 1023.770000
demand_250 10 21 1260.000000
demand_251 10 22 498.166000
demand_252 10 23 526.913000
demand_253 11 0 934.809000
demand_254 11 1 1467.680000
demand_255 11 2 1257.800000
demand_256 11 3 1333.420000
demand_257 11 4 938.584000
demand_258 11 5 996.166000
demand_259 11 6 594.190000
demand_260 11 7 1496.910000
demand_261 11 8 1216.520000
demand_262 11 9 913.951000
demand_263 11 10 332.446000
demand_264 11 12 889.103000
demand_265 11 13 318.256000
demand_266 11 14 224.335000
demand_267 11 15 741.837000
demand_268 11 16 648.712000
demand_269 11 17 276.311000
demand_270 11 18 1081.970000
demand_271 11 19 257.840000
demand_272 11 20 986.989000
demand_273 11 21 311.166000
demand_274 11 22 1186.430000
demand_275 11 23 944.238000
demand_276 12 0 881.820000
demand_277 12 1 460.352000
demand_278 12 2 457.602000
demand_279 12 3 915.252000
demand_280 12 4 1176.760000
demand_281 12 5 356.062000
demand_282 12 6 1257.040000
demand_283 12 7 666.564000
demand_284 12 8 159.640000
demand_285 12 9 700.352000
demand_286 12 10 965.934000
demand_287 12 11 1150.450000
demand_288 12 13 949.671000
demand_289 12 14 352.404000
demand_290 12 15 598.512000
demand_291 12 16 277.339000
demand_292 12 17 1506.490000
demand_293 12 18 1391.030000
demand_294 12 19 1290.040000
demand_295 12 20 1075.710000
demand_296 12 21 1135.030000
demand_297 12 22 696.813000
demand_298 12 23 1229.350000
demand_299 13 0 336.847000
demand_300 13 1 596.346000
demand_301 13 2 832.965000
demand_302 13 3 1212.270000
demand_303 13 4 576.820000
demand_304 13 5 211.875000
demand_305 13 6 781.923000
demand_306 13 7 408.647000
demand_307 13 8 678.273000
demand_308 13 9 1394.040000
demand_309 13 10 650.802000
demand_310 13 11 1400.570000
demand_311 13 12 631.179000
demand_312 13 14 788.114000
demand_313 13 15 318.055000
demand_314 13 16 841.359000
demand_315 13 17 1423.250000
demand_316 13 18 244.415000
demand_317 13 19 219.595000
demand_318 13 20 426.878000
demand_319 13 21 598.169000
demand_320 13 22 623.695000
demand_321 13 23 681.695000
demand_322 14 0 1350.120000
demand_323 14 1 993.996000
demand_324 14 2 1300.620000
demand_325 14 3 356.716000
demand_326 14 4 1367.370000
demand_327 14 5 1202.570000
demand_328 14 6 877.093000
demand_329 14 7 965.782000
demand_330 14 8 514.512000
demand_331 14 9 511.792000
demand_332 14 10 270.401000
demand_333 14 11 1496.220000
demand_334 14 12 596.910000
demand_335 14 13 1292.300000
demand_336 14 15 1370.580000
demand_337 14 16 626.435000
demand_338 14 17 1177.820000
demand_339 14 18 404.072000
demand_340 14 19 700.539000
demand_341 14 20 1146.240000
demand_342 14 21 1455.420000
demand_343 14 22 1395.340000
demand_344 14 23 810.737000
demand_345 15 0 1072.490000
demand_346 15 1 284.775000
demand_347 15 2 1191.960000
demand_348 15 3 182.480000
demand_349 15 4 426.678000
demand_350 15 5 771.446000
demand_351 15 6 610.681000
demand_352 15 7 227.771000
demand_353 15 8 463.141000
demand_354 15 9 396.543000
demand_355 15 10 1059.840000
demand_356 15 11 273.591000
demand_357 15 12 1232.850000
demand_358 15 13 564.138000
demand_359 15 14 869.892000
demand_360 15 16 1425.980000
demand_361 15 17 386.982000
demand_362 15 18 684.072000
demand_363 15 19 211.647000
demand_364 15 20 441.027000
demand_365 15 21 889.986000
demand_366 15 22 1448.700000
demand_367 15 23 1297.630000
demand_368 16 0 795.000000
demand_369 16 1 478.148000
demand_370 16 2 1019.480000
demand_371 16 3 1520.530000
demand_372 16 4 432.851000
demand_373 16 5 589.633000
demand_374 16 6 517.986000
demand_375 16 7 200.380000
demand_376 16 8 1058.440000
demand_377 16 9 1389.700000
demand_378 16 10 1012.350000
demand_379 16 11 559.775000
demand_380 16 12 814.726000
demand_381 16 13 785.397000
demand_382 16 14 962.747000
demand_383 16 15 742.577000
demand_384 16 17 1281.680000
demand_385 16 18 1447.620000
demand_386 16 19 1221.560000
demand_387 16 20 1418.800000
demand_388 16 21 452.861000
demand_389 16 22 186.069000
demand_390 16 23 1466.550000
demand_391 17 0 485.408000
demand_392 17 1 1005.060000
demand_393 17 2 850.342000
demand_394 17 3 1498.080000
demand_395 17 4 1054.790000
demand_396 17 5 575.854000
demand_397 17 6 1479.580000
demand_398 17 7 1115.180000
demand_399 17 8 1471.570000
demand_400 17 9 774.986000
demand_401 17 10 832.377000
demand_402 17 11 258.968000
demand_403 17 12 739.269000
demand_404 17 13 881.747000
demand_405 17 14 1494.270000
demand_406 17 15 1435.670000
demand_407 17 16 623.577000
demand_408 17 18 1352.790000
demand_409 17 19 1117.650000
demand_410 17 20 1288.730000
demand_411 17 21 1362.620000
demand_412 17 22 222.089000
demand_413 17 23 907.207000
demand_414 18 0 1292.970000
demand_415 18 1 405.802000
demand_416 18 2 1220.330000
demand_417 18 3 291.193000
demand_418 18 4 1023.350000
demand_419 18 5 394.730000
demand_420 18 6 1037.370000
demand_421 18 7 278.906000
demand_422 18 8 841.588000
demand_423 18 9 742.332000
demand_424 18 10 1304.220000
demand_425 18 11 232.325000
demand_426 18 12 935.785000
demand_427 18 13 1121.280000
demand_428 18 14 263.740000
demand_429 18 15 444.041000
demand_430 18 16 347.193000
demand_431 18 17 1213.310000
demand_432 18 19 1056.400000
demand_433 18 20 1084.040000
demand_434 18 21 1143.140000
demand_435 18 22 1274.970000
demand_436 18 23 472.695000
demand_437 19 0 951.771000
demand_438 19 1 1335.880000
demand_439 19 2 1198.370000
demand_440 19 3 730.307000
demand_441 19 4 439.352000
demand_442 19 5 1293.140000
demand_443 19 6 1259.820000
demand_444 19 7 1346.240000
demand_445 19 8 963.944000
demand_446 19 9 1030.090000
demand_447 19 10 1266.800000
demand_448 19 11 1098.110000
demand_449 19 12 268.868000
demand_450 19 13 857.747000
demand_451 19 14 820.114000
demand_452 19 15 913.910000
demand_453 19 16 532.498000
demand_454 19 17 361.837000
demand_455 19 18 412.280000
demand_456 19 20 1010.520000
demand_457 19 21 1425.310000
demand_458 19 22 1020.000000
demand_459 19 23 187.674000
demand_460 20 0 719.871000
demand_461 20 1 1302.130000
demand_462 20 2 326.335000
demand_463 20 3 849.550000
demand_464 20 4 1252.230000
demand_465 20 5 1208.120000
demand_466 20 6 1272.220000
demand_467 20 7 1242.340000
demand_468 20 8 1199.310000
demand_469 20 9 1238.420000
demand_470 20 10 540.505000
demand_471 20 11 1373.700000
demand_472 20 12 790.221000
demand_473 20 13 690.920000
demand_474 20 14 914.934000
demand_475 20 15 770.114000
demand_476 20 16 1077.930000
demand_477 20 17 982.785000
demand_478 20 18 170.840000
demand_479 20 19 470.449000
demand_480 20 21 486.885000
demand_481 20 22 1239.830000
demand_482 20 23 1160.320000
demand_483 21 0 757.764000
demand_484 21 1 1513.690000
demand_485 21 2 569.145000
demand_486 21 3 661.512000
demand_487 21 4 475.024000
demand_488 21 5 819.110000
demand_489 21 6 473.294000
demand_490 21 7 279.034000
demand_491 21 8 1402.550000
demand_492 21 9 569.491000
demand_493 21 10 393.619000
demand_494 21 11 492.775000
demand_495 21 12 1228.040000
demand_496 21 13 199.069000
demand_497 21 14 314.913000
demand_498 21 15 270.128000
demand_499 21 16 167.778000
demand_500 21 17 1233.170000
demand_501 21 18 281.847000
demand_502 21 19 972.816000
demand_503 21 20 871.103000
demand_504 21 22 732.916000
demand_505 21 23 1506.750000
demand_506 22 0 1333.100000
demand_507 22 1 261.771000
demand_508 22 2 731.169000
demand_509 22 3 1289.930000
demand_510 22 4 1366.520000
demand_511 22 5 569.726000
demand_512 22 6 271.771000
demand_513 22 7 1460.690000
demand_514 22 8 181.567000
demand_515 22 9 1478.240000
demand_516 22 10 1141.720000
demand_517 22 11 787.325000
demand_518 22 12 322.276000
demand_519 22 13 1199.960000
demand_520 22 14 899.370000
demand_521 22 15 762.238000
demand_522 22 16 1507.000000
demand_523 22 17 1319.380000
demand_524 22 18 428.394000
demand_525 22 19 1075.250000
demand_526 22 20 1370.980000
demand_527 22 21 1484.430000
demand_528 22 23 567.660000
demand_529 23 0 882.152000
demand_530 23 1 1182.490000
demand_531 23 2 914.249000
demand_532 23 3 404.318000
demand_533 23 4 244.871000
demand_534 23 5 1372.220000
demand_535 23 6 480.297000
demand_536 23 7 589.574000
demand_537 23 8 946.259000
demand_538 23 9 1404.770000
demand_539 23 10 1121.830000
demand_540 23 11 898.404000
demand_541 23 12 176.044000
demand_542 23 13 376.923000
demand_543 23 14 727.041000
demand_544 23 15 1297.560000
demand_545 23 16 1179.060000
demand_546 23 17 1477.510000
demand_547 23 18 511.110000
demand_548 23 19 248.114000
demand_549 23 20 965.733000
demand_550 23 21 741.183000
demand_551 23 22 763.522000
