DEMANDS 552
label src dest bw
demand_0 0 1 990.469000
demand_1 0 2 637.625000
demand_2 0 3 607.408000
demand_3 0 4 689.711000
demand_4 0 5 990.389000
demand_5 0 6 285.854000
demand_6 0 7 198.377000
demand_7 0 8 1195.110000
demand_8 0 9 506.095000
demand_9 0 10 258.968000
demand_10 0 11 1097.920000
demand_11 0 12 1450.210000
demand_12 0 13 832.237000
demand_13 0 14 1301.190000
demand_14 0 15 739.875000
demand_15 0 16 193.316000
demand_16 0 17 1320.180000
demand_17 0 18 1435.590000
demand_18 0 19 915.964000
demand_19 0 20 1472.620000
demand_20 0 21 679.750000
demand_21 0 22 339.560000
demand_22 0 23 1307.970000
demand_23 1 0 232.600000
demand_24 1 2 682.823000
demand_25 1 3 333.372000
demand_26 1 4 1201.000000
demand_27 1 5 691.482000
demand_28 1 6 405.405000
demand_29 1 7 176.751000
demand_30 1 8 1019.420000
demand_31 1 9 728.368000
demand_32 1 10 560.849000
demand_33 1 11 477.004000
demand_34 1 12 609.548000
demand_35 1 13 1090.450000
demand_36 1 14 486.989000
demand_37 1 15 386.722000
demand_38 1 16 1327.580000
demand_39 1 17 829.842000
demand_40 1 18 1394.670000
demand_41 1 19 1327.250000
demand_42 1 20 732.157000
demand_43 1 21 568.098000
demand_44 1 22 658.095000
demand_45 1 23 527.643000
demand_46 2 0 540.894000
demand_47 2 1 235.319000
demand_48 2 3 881.242000
demand_49 2 4 1287.000000
demand_50 2 5 982.638000
demand_51 2 6 152.526000
demand_52 2 7 1003.180000
demand_53 2 8 934.846000
demand_54 2 9 407.441000
demand_55 2 10 924.995000
demand_56 2 11 1441.430000
demand_57 2 12 577.372000
demand_58 2 13 946.728000
demand_59 2 14 1208.030000
demand_60 2 15 195.040000
demand_61 2 16 241.527000
demand_62 2 17 856.335000
demand_63 2 18 1390.320000
demand_64 2 19 1147.800000
demand_65 2 20 692.766000
demand_66 2 21 333.631000
demand_67 2 22 933.307000
demand_68 2 23 547.812000
demand_69 3 0 400.433000
demand_70 3 1 1232.480000
demand_71 3 2 403.090000
demand_72 3 4 1380.690000
demand_73 3 5 671.708000
demand_74 3 6 1406.510000
demand_75 3 7 168.231000
demand_76 3 8 205.661000
demand_77 3 9 1103.490000
demand_78 3 10 1155.960000
demand_79 3 11 465.946000
demand_80 3 12 1214.150000
demand_81 3 13 1147.570000
demand_82 3 14 730.407000
demand_83 3 15 544.463000
demand_84 3 16 1141.790000
demand_85 3 17 689.028000
demand_86 3 18 1296.780000
demand_87 3 19 307.361000
demand_88 3 20 1169.430000
demand_89 3 21 862.047000
demand_90 3 22 893.601000
demand_91 3 23 1337.290000
demand_92 4 0 293.239000
demand_93 4 1 1190.130000
demand_94 4 2 1317.620000
demand_95 4 3 478.962000
demand_96 4 5 1411.630000
demand_97 4 6 948.739000
demand_98 4 7 1049.620000
demand_99 4 8 1007.740000
demand_100 4 9 1274.260000
demand_101 4 10 345.078000
demand_102 4 11 590.537000
demand_103 4 12 498.508000
demand_104 4 13 1434.180000
demand_105 4 14 1361.220000
demand_106 4 15 961.019000
demand_107 4 16 968.228000
demand_108 4 17 811.459000
demand_109 4 18 961.913000
demand_110 4 19 685.714000
demand_111 4 20 660.356000
demand_112 4 21 1256.930000
demand_113 4 22 511.289000
demand_114 4 23 850.190000
demand_115 5 0 1074.380000
demand_116 5 1 1065.010000
demand_117 5 2 1216.040000
demand_118 5 3 1046.600000
demand_119 5 4 270.832000
demand_120 5 6 585.509000
demand_121 5 7 665.426000
demand_122 5 8 854.020000
demand_123 5 9 379.369000
demand_124 5 10 1303.370000
demand_125 5 11 944.820000
demand_126 5 12 842.359000
demand_127 5 13 1226.630000
demand_128 5 14 467.780000
demand_129 5 15 1140.060000
demand_130 5 16 427.182000
demand_131 5 17 876.270000
demand_132 5 18 206.838000
demand_133 5 19 1077.030000
demand_134 5 20 1204.060000
demand_135 5 21 205.319000
demand_136 5 22 943.744000
demand_137 5 23 224.778000
demand_138 6 0 724.282000
demand_139 6 1 1293.730000
demand_140 6 2 715.007000
demand_141 6 3 1441.760000
demand_142 6 4 1270.060000
demand_143 6 5 925.215000
demand_144 6 7 520.615000
demand_145 6 8 778.469000
demand_146 6 9 727.331000
demand_147 6 10 630.956000
demand_148 6 11 1131.660000
demand_149 6 12 693.417000
demand_150 6 13 1449.390000
demand_151 6 14 653.316000
demand_152 6 15 1410.100000
demand_153 6 16 966.534000
demand_154 6 17 787.491000
demand_155 6 18 195.132000
demand_156 6 19 236.329000
demand_157 6 20 1019.760000
demand_158 6 21 1358.640000
demand_159 6 22 943.265000
demand_160 6 23 532.118000
demand_161 7 0 1134.020000
demand_162 7 1 596.656000
demand_163 7 2 1361.600000
demand_164 7 3 678.802000
demand_165 7 4 411.263000
demand_166 7 5 1294.220000
demand_167 7 6 851.907000
demand_168 7 8 1259.340000
demand_169 7 9 1122.280000
demand_170 7 10 1166.390000
demand_171 7 11 815.209000
demand_172 7 12 1191.200000
demand_173 7 13 1106.280000
demand_174 7 14 1050.890000
demand_175 7 15 1044.780000
demand_176 7 16 325.096000
demand_177 7 17 1319.340000
demand_178 7 18 1074.910000
demand_179 7 19 1120.110000
demand_180 7 20 1374.940000
demand_181 7 21 816.787000
demand_182 7 22 753.331000
demand_183 7 23 874.790000
demand_184 8 0 1475.030000
demand_185 8 1 1286.100000
demand_186 8 2 438.739000
demand_187 8 3 987.533000
demand_188 8 4 1447.980000
demand_189 8 5 1320.780000
demand_190 8 6 521.426000
demand_191 8 7 493.444000
demand_192 8 9 966.891000
demand_193 8 10 1399.490000
demand_194 8 11 449.711000
demand_195 8 12 348.320000
demand_196 8 13 1125.400000
demand_197 8 14 576.570000
demand_198 8 15 1392.780000
demand_199 8 16 615.786000
demand_200 8 17 1294.650000
demand_201 8 18 1118.330000
demand_202 8 19 655.863000
demand_203 8 20 763.887000
demand_204 8 21 1421.730000
demand_205 8 22 695.399000
demand_206 8 23 516.029000
demand_207 9 0 1438.440000
demand_208 9 1 619.717000
demand_209 9 2 822.350000
demand_210 9 3 1317.430000
demand_211 9 4 1382.090000
demand_212 9 5 574.032000
demand_213 9 6 1449.830000
demand_214 9 7 914.142000
demand_215 9 8 214.918000
demand_216 9 10 258.267000
demand_217 9 11 801.961000
demand_218 9 12 1382.260000
demand_219 9 13 590.228000
demand_220 9 14 1111.360000
demand_221 9 15 755.310000
demand_222 9 16 602.814000
demand_223 9 17 860.686000
demand_224 9 18 1231.070000
demand_225 9 19 421.952000
demand_226 9 20 1233.500000
demand_227 9 21 447.179000
demand_228 9 22 1320.740000
demand_229 9 23 1323.700000
demand_230 10 0 451.539000
demand_231 10 1 276.145000
demand_232 10 2 1370.510000
demand_233 10 3 145.013000
demand_234 10 4 564.716000
demand_235 10 5 443.747000
demand_236 10 6 640.870000
demand_237 10 7 1337.380000
demand_238 10 8 1334.070000
demand_239 10 9 173.548000
demand_240 10 11 1385.640000
demand_241 10 12 760.641000
demand_242 10 13 826.986000
demand_243 10 14 710.680000
demand_244 10 15 1020.730000
demand_245 10 16 1429.130000
demand_246 10 17 1296.750000
demand_247 10 18 944.026000
demand_248 10 19 1051.180000
demand_249 10 20 692.142000
demand_250 10 21 1017.960000
demand_251 10 22 731.482000
demand_252 10 23 575.875000
demand_253 11 0 839.337000
demand_254 11 1 298.205000
demand_255 11 2 857.857000
demand_256 11 3 356.484000
demand_257 11 4 608.496000
demand_258 11 5 733.337000
demand_259 11 6 516.781000
demand_260 11 7 263.780000
demand_261 11 8 1338.430000
demand_262 11 9 1147.060000
demand_263 11 10 1367.350000
demand_264 11 12 1181.050000
demand_265 11 13 777.381000
demand_266 11 14 514.095000
demand_267 11 15 1060.840000
demand_268 11 16 1077.830000
demand_269 11 17 838.169000
demand_270 11 18 1384.690000
demand_271 11 19 174.635000
demand_272 11 20 373.809000
demand_273 11 21 951.539000
demand_274 11 22 326.424000
demand_275 11 23 812.335000
demand_276 12 0 1035.360000
demand_277 12 1 556.365000
demand_278 12 2 952.169000
demand_279 12 3 344.879000
demand_280 12 4 330.618000
demand_281 12 5 745.060000
demand_282 12 6 501.402000
demand_283 12 7 535.423000
demand_284 12 8 448.921000
demand_285 12 9 1396.750000
demand_286 12 10 256.588000
demand_287 12 11 1046.950000
demand_288 12 13 1458.700000
demand_289 12 14 1273.070000
demand_290 12 15 1233.810000
demand_291 12 16 799.875000
demand_292 12 17 1021.240000
demand_293 12 18 512.787000
demand_294 12 19 750.338000
demand_295 12 20 1408.380000
demand_296 12 21 451.643000
demand_297 12 22 1319.540000
demand_298 12 23 985.991000
demand_299 13 0 317.283000
demand_300 13 1 954.927000
demand_301 13 2 1052.290000
demand_302 13 3 1045.500000
demand_303 13 4 338.124000
demand_304 13 5 1191.290000
demand_305 13 6 730.686000
demand_306 13 7 839.387000
demand_307 13 8 935.640000
demand_308 13 9 814.573000
demand_309 13 10 508.187000
demand_310 13 11 1064.890000
demand_311 13 12 278.219000
demand_312 13 14 1321.500000
demand_313 13 15 1065.430000
demand_314 13 16 200.374000
demand_315 13 17 1250.910000
demand_316 13 18 761.910000
demand_317 13 19 660.796000
demand_318 13 20 304.300000
demand_319 13 21 957.057000
demand_320 13 22 475.970000
demand_321 13 23 737.851000
demand_322 14 0 566.992000
demand_323 14 1 1261.240000
demand_324 14 2 401.292000
demand_325 14 3 437.224000
demand_326 14 4 481.515000
demand_327 14 5 484.323000
demand_328 14 6 158.472000
demand_329 14 7 1083.080000
demand_330 14 8 708.184000
demand_331 14 9 154.540000
demand_332 14 10 369.500000
demand_333 14 11 301.263000
demand_334 14 12 374.668000
demand_335 14 13 914.502000
demand_336 14 15 591.872000
demand_337 14 16 966.178000
demand_338 14 17 296.531000
demand_339 14 18 330.692000
demand_340 14 19 594.692000
demand_341 14 20 187.435000
demand_342 14 21 286.332000
demand_343 14 22 813.872000
demand_344 14 23 801.684000
demand_345 15 0 162.392000
demand_346 15 1 779.744000
demand_347 15 2 710.065000
demand_348 15 3 551.866000
demand_349 15 4 282.947000
demand_350 15 5 1100.900000
demand_351 15 6 1153.160000
demand_352 15 7 351.075000
demand_353 15 8 400.540000
demand_354 15 9 1303.140000
demand_355 15 10 1182.150000
demand_356 15 11 503.524000
demand_357 15 12 1116.940000
demand_358 15 13 1097.390000
demand_359 15 14 180.612000
demand_360 15 16 896.757000
demand_361 15 17 196.279000
demand_362 15 18 1290.150000
demand_363 15 19 1370.780000
demand_364 15 20 688.668000
demand_365 15 21 800.662000
demand_366 15 22 1423.220000
demand_367 15 23 1243.900000
demand_368 16 0 605.619000
demand_369 16 1 165.337000
demand_370 16 2 391.563000
demand_371 16 3 1189.020000
demand_372 16 4 163.964000
demand_373 16 5 1304.410000
demand_374 16 6 1214.470000
demand_375 16 7 764.511000
demand_376 16 8 736.638000
demand_377 16 9 399.441000
demand_378 16 10 443.777000
demand_379 16 11 157.387000
demand_380 16 12 1011.120000
demand_381 16 13 898.517000
demand_382 16 14 178.208000
demand_383 16 15 539.292000
demand_384 16 17 901.955000
demand_385 16 18 884.552000
demand_386 16 19 186.615000
demand_387 16 20 1399.340000
demand_388 16 21 1438.500000
demand_389 16 22 813.723000
demand_390 16 23 1346.590000
demand_391 17 0 1091.240000
demand_392 17 1 476.576000
demand_393 17 2 527.723000
demand_394 17 3 864.059000
demand_395 17 4 1116.050000
demand_396 17 5 559.459000
demand_397 17 6 1430.930000
demand_398 17 7 818.829000
demand_399 17 8 1392.910000
demand_400 17 9 1286.240000
demand_401 17 10 390.139000
demand_402 17 11 1180.220000
demand_403 17 12 380.023000
demand_404 17 13 619.417000
demand_405 17 14 899.230000
demand_406 17 15 601.022000
demand_407 17 16 1251.650000
demand_408 17 18 248.047000
demand_409 17 19 768.942000
demand_410 17 20 1012.080000
demand_411 17 21 605.096000
demand_412 17 22 1402.580000
demand_413 17 23 789.364000
demand_414 18 0 241.898000
demand_415 18 1 274.505000
demand_416 18 2 831.619000
demand_417 18 3 241.634000
demand_418 18 4 197.607000
demand_419 18 5 842.528000
demand_420 18 6 1443.130000
demand_421 18 7 950.787000
demand_422 18 8 367.619000
demand_423 18 9 1053.790000
demand_424 18 10 588.472000
demand_425 18 11 1260.860000
demand_426 18 12 329.328000
demand_427 18 13 711.765000
demand_428 18 14 1031.950000
demand_429 18 15 810.392000
demand_430 18 16 902.264000
demand_431 18 17 722.421000
demand_432 18 19 792.698000
demand_433 18 20 460.249000
demand_434 18 21 905.191000
demand_435 18 22 325.818000
demand_436 18 23 338.517000
demand_437 19 0 888.885000
demand_438 19 1 1315.190000
demand_439 19 2 1360.510000
demand_440 19 3 488.377000
demand_441 19 4 256.921000
demand_442 19 5 1324.850000
demand_443 19 6 971.898000
demand_444 19 7 270.365000
demand_445 19 8 253.358000
demand_446 19 9 738.644000
demand_447 19 10 555.456000
demand_448 19 11 590.282000
demand_449 19 12 608.635000
demand_450 19 13 928.118000
demand_451 19 14 1171.110000
demand_452 19 15 1413.100000
demand_453 19 16 1425.030000
demand_454 19 17 758.971000
demand_455 19 18 1348.960000
demand_456 19 20 288.757000
demand_457 19 21 1218.890000
demand_458 19 22 1126.100000
demand_459 19 23 1397.420000
demand_460 20 0 213.887000
demand_461 20 1 632.303000
demand_462 20 2 1380.420000
demand_463 20 3 387.369000
demand_464 20 4 1074.990000
demand_465 20 5 191.884000
demand_466 20 6 870.719000
demand_467 20 7 963.836000
demand_468 20 8 1320.860000
demand_469 20 9 663.765000
demand_470 20 10 587.741000
demand_471 20 11 806.653000
demand_472 20 12 314.546000
demand_473 20 13 1306.730000
demand_474 20 14 168.362000
demand_475 20 15 1353.760000
demand_476 20 16 383.545000
demand_477 20 17 1213.610000
demand_478 20 18 1106.010000
demand_479 20 19 1411.050000
demand_480 20 21 273.607000
demand_481 20 22 430.618000
demand_482 20 23 286.493000
demand_483 21 0 438.154000
demand_484 21 1 824.650000
demand_485 21 2 1233.490000
demand_486 21 3 1006.040000
demand_487 21 4 700.757000
demand_488 21 5 1030.080000
demand_489 21 6 626.936000
demand_490 21 7 1269.070000
demand_491 21 8 987.842000
demand_492 21 9 1223.590000
demand_493 21 10 213.598000
demand_494 21 11 357.797000
demand_495 21 12 1076.620000
demand_496 21 13 582.561000
demand_497 21 14 169.735000
demand_498 21 15 714.309000
demand_499 21 16 586.181000
demand_500 21 17 217.575000
demand_501 21 18 1404.120000
demand_502 21 19 155.560000
demand_503 21 20 1409.280000
demand_504 21 22 1164.090000
demand_505 21 23 1371.690000
demand_506 22 0 933.295000
demand_507 22 1 247.153000
demand_508 22 2 440.564000
demand_509 22 3 1169.300000
demand_510 22 4 811.735000
demand_511 22 5 944.980000
demand_512 22 6 1306.950000
demand_513 22 7 1150.670000
demand_514 22 8 650.127000
demand_515 22 9 1006.490000
demand_516 22 10 838.731000
demand_517 22 11 1388.290000
demand_518 22 12 479.176000
demand_519 22 13 563.768000
demand_520 22 14 1178.370000
demand_521 22 15 283.230000
demand_522 22 16 1277.190000
demand_523 22 17 477.304000
demand_524 22 18 340.855000
demand_525 22 19 431.206000
demand_526 22 20 477.260000
demand_527 22 21 245.619000
demand_528 22 23 880.600000
demand_529 23 0 578.436000
demand_530 23 1 219.108000
demand_531 23 2 1028.960000
demand_532 23 3 1278.260000
demand_533 23 4 151.141000
demand_534 23 5 1058.790000
demand_535 23 6 826.621000
demand_536 23 7 596.017000
demand_537 23 8 361.289000
demand_538 23 9 1159.940000
demand_539 23 10 373.613000
demand_540 23 11 888.315000
demand_541 23 12 1203.070000
demand_542 23 13 919.500000
demand_543 23 14 1067.220000
demand_544 23 15 931.209000
demand_545 23 16 830.838000
demand_546 23 17 955.836000
demand_547 23 18 386.906000
demand_548 23 19 645.622000
demand_549 23 20 761.423000
demand_550 23 21 1291.700000
demand_551 23 22 622.315000
