DEMANDS 552
label src dest bw
demand_0 0 1 676.326000
demand_1 0 2 449.741000
demand_2 0 3 785.912000
demand_3 0 4 305.347000
demand_4 0 5 1294.860000
demand_5 0 6 869.612000
demand_6 0 7 1271.780000
demand_7 0 8 511.983000
demand_8 0 9 240.969000
demand_9 0 10 427.560000
demand_10 0 11 1058.810000
demand_11 0 12 832.504000
demand_12 0 13 345.547000
demand_13 0 14 752.155000
demand_14 0 15 739.686000
demand_15 0 16 708.610000
demand_16 0 17 365.357000
demand_17 0 18 1002.780000
demand_18 0 19 1020.070000
demand_19 0 20 1371.060000
demand_20 0 21 529.127000
demand_21 0 22 644.972000
demand_22 0 23 311.576000
demand_23 1 0 279.941000
demand_24 1 2 1155.820000
demand_25 1 3 350.487000
demand_26 1 4 938.591000
demand_27 1 5 1196.180000
demand_28 1 6 1338.920000
demand_29 1 7 695.137000
demand_30 1 8 1298.080000
demand_31 1 9 614.378000
demand_32 1 10 1323.630000
demand_33 1 11 914.588000
demand_34 1 12 902.652000
demand_35 1 13 1060.950000
demand_36 1 14 251.806000
demand_37 1 15 1432.440000
demand_38 1 16 1327.340000
demand_39 1 17 1333.500000
demand_40 1 18 522.665000
demand_41 1 19 1264.060000
demand_42 1 20 916.084000
demand_43 1 21 248.885000
demand_44 1 22 196.649000
demand_45 1 23 1123.730000
demand_46 2 0 1378.860000
demand_47 2 1 519.424000
demand_48 2 3 1329.550000
demand_49 2 4 525.050000
demand_50 2 5 1412.680000
demand_51 2 6 254.342000
demand_52 2 7 195.987000
demand_53 2 8 1042.840000
demand_54 2 9 376.413000
demand_55 2 10 1419.450000
demand_56 2 11 931.786000
demand_57 2 12 1088.060000
demand_58 2 13 1223.010000
demand_59 2 14 1124.830000
demand_60 2 15 336.155000
demand_61 2 16 827.479000
demand_62 2 17 218.452000
demand_63 2 18 1437.070000
demand_64 2 19 525.592000
demand_65 2 20 151.050000
demand_66 2 21 1227.530000
demand_67 2 22 356.229000
demand_68 2 23 660.778000
demand_69 3 0 1273.810000
demand_70 3 1 193.567000
demand_71 3 2 509.347000
demand_72 3 4 1145.520000
demand_73 3 5 657.925000
demand_74 3 6 761.379000
demand_75 3 7 1157.210000
demand_76 3 8 509.670000
demand_77 3 9 260.474000
demand_78 3 10 162.752000
demand_79 3 11 1467.220000
demand_80 3 12 597.066000
demand_81 3 13 310.943000
demand_82 3 14 1212.730000
demand_83 3 15 953.670000
demand_84 3 16 1382.600000
demand_85 3 17 418.387000
demand_86 3 18 162.038000
demand_87 3 19 521.117000
demand_88 3 20 285.899000
demand_89 3 21 877.082000
demand_90 3 22 1367.980000
demand_91 3 23 900.765000
demand_92 4 0 257.479000
demand_93 4 1 636.730000
demand_94 4 2 1104.850000
demand_95 4 3 395.127000
demand_96 4 5 883.208000
demand_97 4 6 207.932000
demand_98 4 7 1474.790000
demand_99 4 8 1357.170000
demand_100 4 9 852.655000
demand_101 4 10 856.533000
demand_102 4 11 832.775000
demand_103 4 12 393.108000
demand_104 4 13 626.914000
demand_105 4 14 496.487000
demand_106 4 15 711.050000
demand_107 4 16 876.155000
demand_108 4 17 893.389000
demand_109 4 18 169.479000
demand_110 4 19 1001.990000
demand_111 4 20 954.235000
demand_112 4 21 1171.500000
demand_113 4 22 989.828000
demand_114 4 23 1492.840000
demand_115 5 0 625.366000
demand_116 5 1 763.912000
demand_117 5 2 1135.620000
demand_118 5 3 1103.560000
demand_119 5 4 379.938000
demand_120 5 6 312.100000
demand_121 5 7 244.533000
demand_122 5 8 1131.120000
demand_123 5 9 437.709000
demand_124 5 10 685.256000
demand_125 5 11 380.074000
demand_126 5 12 1274.570000
demand_127 5 13 667.806000
demand_128 5 14 1048.180000
demand_129 5 15 1409.990000
demand_130 5 16 554.374000
demand_131 5 17 1084.400000
demand_132 5 18 209.819000
demand_133 5 19 1423.010000
demand_134 5 20 664.206000
demand_135 5 21 884.668000
demand_136 5 22 1128.200000
demand_137 5 23 1400.560000
demand_138 6 0 918.672000
demand_139 6 1 515.893000
demand_140 6 2 654.284000
demand_141 6 3 700.397000
demand_142 6 4 287.479000
demand_143 6 5 1040.750000
demand_144 6 7 421.696000
demand_145 6 8 970.907000
demand_146 6 9 1459.910000
demand_147 6 10 618.242000
demand_148 6 11 1105.170000
demand_149 6 12 1063.740000
demand_150 6 13 836.500000
demand_151 6 14 1236.470000
demand_152 6 15 649.337000
demand_153 6 16 1483.970000
demand_154 6 17 645.263000
demand_155 6 18 373.357000
demand_156 6 19 1120.270000
demand_157 6 20 1122.710000
demand_158 6 21 854.778000
demand_159 6 22 1408.990000
demand_160 6 23 230.155000
demand_161 7 0 913.919000
demand_162 7 1 768.584000
demand_163 7 2 1441.460000
demand_164 7 3 1262.810000
demand_165 7 4 354.045000
demand_166 7 5 451.867000
demand_167 7 6 1246.540000
demand_168 7 8 1019.050000
demand_169 7 9 1194.270000
demand_170 7 10 632.995000
demand_171 7 11 1373.430000
demand_172 7 12 667.709000
demand_173 7 13 780.659000
demand_174 7 14 171.495000
demand_175 7 15 565.466000
demand_176 7 16 1518.590000
demand_177 7 17 679.318000
demand_178 7 18 746.520000
demand_179 7 19 1023.420000
demand_180 7 20 1218.940000
demand_181 7 21 705.483000
demand_182 7 22 335.932000
demand_183 7 23 762.022000
demand_184 8 0 1121.630000
demand_185 8 1 265.683000
demand_186 8 2 1254.770000
demand_187 8 3 1304.470000
demand_188 8 4 1415.710000
demand_189 8 5 483.124000
demand_190 8 6 845.363000
demand_191 8 7 576.239000
demand_192 8 9 240.368000
demand_193 8 10 1211.270000
demand_194 8 11 1249.140000
demand_195 8 12 551.709000
demand_196 8 13 1200.270000
demand_197 8 14 715.967000
demand_198 8 15 645.819000
demand_199 8 16 1060.690000
demand_200 8 17 600.911000
demand_201 8 18 991.657000
demand_202 8 19 1444.700000
demand_203 8 20 1169.530000
demand_204 8 21 1081.240000
demand_205 8 22 336.966000
demand_206 8 23 731.263000
demand_207 9 0 868.701000
demand_208 9 1 1248.570000
demand_209 9 2 246.840000
demand_210 9 3 931.189000
demand_211 9 4 1309.110000
demand_212 9 5 306.584000
demand_213 9 6 980.168000
demand_214 9 7 1464.500000
demand_215 9 8 1281.550000
demand_216 9 10 232.523000
demand_217 9 11 857.531000
demand_218 9 12 1021.070000
demand_219 9 13 1092.450000
demand_220 9 14 985.315000
demand_221 9 15 960.775000
demand_222 9 16 822.778000
demand_223 9 17 946.058000
demand_224 9 18 424.371000
demand_225 9 19 672.481000
demand_226 9 20 808.255000
demand_227 9 21 695.609000
demand_228 9 22 367.899000
demand_229 9 23 1384.430000
demand_230 10 0 461.764000
demand_231 10 1 920.633000
demand_232 10 2 884.487000
demand_233 10 3 1418.860000
demand_234 10 4 1268.710000
demand_235 10 5 355.844000
demand_236 10 6 717.541000
demand_237 10 7 1343.400000
demand_238 10 8 1378.820000
demand_239 10 9 940.061000
demand_240 10 11 1240.640000
demand_241 10 12 473.835000
demand_242 10 13 800.142000
demand_243 10 14 626.807000
demand_244 10 15 239.008000
demand_245 10 16 1007.150000
demand_246 10 17 1198.950000
demand_247 10 18 1385.340000
demand_248 10 19 1348.060000
demand_249 10 20 1170.410000
demand_250 10 21 823.492000
demand_251 10 22 163.424000
demand_252 10 23 767.163000
demand_253 11 0 1188.240000
demand_254 11 1 277.295000
demand_255 11 2 861.954000
demand_256 11 3 822.668000
demand_257 11 4 303.143000
demand_258 11 5 381.961000
demand_259 11 6 790.775000
demand_260 11 7 1097.880000
demand_261 11 8 541.961000
demand_262 11 9 1352.780000
demand_263 11 10 441.008000
demand_264 11 12 756.943000
demand_265 11 13 1183.700000
demand_266 11 14 851.373000
demand_267 11 15 1209.060000
demand_268 11 16 1293.940000
demand_269 11 17 337.518000
demand_270 11 18 851.198000
demand_271 11 19 670.394000
demand_272 11 20 881.111000
demand_273 11 21 1216.860000
demand_274 11 22 783.376000
demand_275 11 23 1499.650000
demand_276 12 0 1372.070000
demand_277 12 1 1520.860000
demand_278 12 2 837.369000
demand_279 12 3 528.268000
demand_280 12 4 953.508000
demand_281 12 5 259.353000
demand_282 12 6 546.936000
demand_283 12 7 1257.900000
demand_284 12 8 1174.110000
demand_285 12 9 884.051000
demand_286 12 10 988.132000
demand_287 12 11 387.537000
demand_288 12 13 964.659000
demand_289 12 14 871.263000
demand_290 12 15 1527.240000
demand_291 12 16 1451.760000
demand_292 12 17 712.675000
demand_293 12 18 715.567000
demand_294 12 19 575.163000
demand_295 12 20 528.397000
demand_296 12 21 641.156000
demand_297 12 22 668.061000
demand_298 12 23 752.907000
demand_299 13 0 1009.310000
demand_300 13 1 344.381000
demand_301 13 2 401.602000
demand_302 13 3 804.229000
demand_303 13 4 298.523000
demand_304 13 5 404.523000
demand_305 13 6 1246.360000
demand_306 13 7 1433.520000
demand_307 13 8 497.893000
demand_308 13 9 569.654000
demand_309 13 10 577.447000
demand_310 13 11 1005.850000
demand_311 13 12 379.735000
demand_312 13 14 1282.200000
demand_313 13 15 1191.860000
demand_314 13 16 1409.490000
demand_315 13 17 1446.560000
demand_316 13 18 768.449000
demand_317 13 19 1436.650000
demand_318 13 20 1109.850000
demand_319 13 21 322.791000
demand_320 13 22 406.058000
demand_321 13 23 704.707000
demand_322 14 0 1453.600000
demand_323 14 1 1518.070000
demand_324 14 2 895.305000
demand_325 14 3 670.077000
demand_326 14 4 890.956000
demand_327 14 5 1203.070000
demand_328 14 6 479.651000
demand_329 14 7 1181.570000
demand_330 14 8 1025.830000
demand_331 14 9 674.371000
demand_332 14 10 269.466000
demand_333 14 11 1328.070000
demand_334 14 12 1077.540000
demand_335 14 13 1305.610000
demand_336 14 15 328.332000
demand_337 14 16 231.954000
demand_338 14 17 482.009000
demand_339 14 18 616.823000
demand_340 14 19 1399.040000
demand_341 14 20 1362.160000
demand_342 14 21 745.806000
demand_343 14 22 538.119000
demand_344 14 23 1012.890000
demand_345 15 0 1488.800000
demand_346 15 1 1428.210000
demand_347 15 2 708.894000
demand_348 15 3 618.610000
demand_349 15 4 1040.330000
demand_350 15 5 578.749000
demand_351 15 6 1254.300000
demand_352 15 7 1266.020000
demand_353 15 8 1081.830000
demand_354 15 9 1446.650000
demand_355 15 10 921.072000
demand_356 15 11 615.357000
demand_357 15 12 1273.810000
demand_358 15 13 945.030000
demand_359 15 14 486.875000
demand_360 15 16 1207.970000
demand_361 15 17 941.470000
demand_362 15 18 369.373000
demand_363 15 19 163.424000
demand_364 15 20 503.072000
demand_365 15 21 325.376000
demand_366 15 22 799.683000
demand_367 15 23 832.801000
demand_368 16 0 1223.610000
demand_369 16 1 1532.740000
demand_370 16 2 666.084000
demand_371 16 3 418.617000
demand_372 16 4 1171.950000
demand_373 16 5 408.659000
demand_374 16 6 679.243000
demand_375 16 7 571.912000
demand_376 16 8 635.583000
demand_377 16 9 613.657000
demand_378 16 10 1396.810000
demand_379 16 11 501.240000
demand_380 16 12 753.612000
demand_381 16 13 294.109000
demand_382 16 14 892.830000
demand_383 16 15 887.285000
demand_384 16 17 1144.170000
demand_385 16 18 987.799000
demand_386 16 19 740.982000
demand_387 16 20 1361.910000
demand_388 16 21 446.148000
demand_389 16 22 1211.770000
demand_390 16 23 675.586000
demand_391 17 0 929.276000
demand_392 17 1 1459.680000
demand_393 17 2 1275.440000
demand_394 17 3 432.856000
demand_395 17 4 1085.830000
demand_396 17 5 759.657000
demand_397 17 6 1002.420000
demand_398 17 7 920.865000
demand_399 17 8 400.943000
demand_400 17 9 155.315000
demand_401 17 10 491.340000
demand_402 17 11 1260.690000
demand_403 17 12 1313.910000
demand_404 17 13 1514.150000
demand_405 17 14 201.046000
demand_406 17 15 400.962000
demand_407 17 16 847.273000
demand_408 17 18 1520.860000
demand_409 17 19 375.082000
demand_410 17 20 880.888000
demand_411 17 21 224.462000
demand_412 17 22 285.289000
demand_413 17 23 1428.390000
demand_414 18 0 279.586000
demand_415 18 1 1370.990000
demand_416 18 2 304.940000
demand_417 18 3 281.315000
demand_418 18 4 1175.650000
demand_419 18 5 1088.610000
demand_420 18 6 206.546000
demand_421 18 7 1063.630000
demand_422 18 8 257.961000
demand_423 18 9 1091.690000
demand_424 18 10 1045.530000
demand_425 18 11 167.334000
demand_426 18 12 1458.200000
demand_427 18 13 523.221000
demand_428 18 14 1434.640000
demand_429 18 15 347.166000
demand_430 18 16 1261.870000
demand_431 18 17 488.135000
demand_432 18 19 582.746000
demand_433 18 20 532.633000
demand_434 18 21 1112.740000
demand_435 18 22 291.870000
demand_436 18 23 1087.920000
demand_437 19 0 293.870000
demand_438 19 1 1498.160000
demand_439 19 2 766.982000
demand_440 19 3 582.846000
demand_441 19 4 505.831000
demand_442 19 5 1042.490000
demand_443 19 6 1398.360000
demand_444 19 7 780.798000
demand_445 19 8 1106.090000
demand_446 19 9 1503.620000
demand_447 19 10 1310.250000
demand_448 19 11 1371.050000
demand_449 19 12 533.373000
demand_450 19 13 1194.050000
demand_451 19 14 959.712000
demand_452 19 15 431.735000
demand_453 19 16 425.369000
demand_454 19 17 530.607000
demand_455 19 18 1499.370000
demand_456 19 20 351.040000
demand_457 19 21 854.865000
demand_458 19 22 1062.490000
demand_459 19 23 984.765000
demand_460 20 0 887.140000
demand_461 20 1 619.428000
demand_462 20 2 844.371000
demand_463 20 3 543.770000
demand_464 20 4 1231.570000
demand_465 20 5 1063.760000
demand_466 20 6 1277.060000
demand_467 20 7 1366.900000
demand_468 20 8 646.723000
demand_469 20 9 403.075000
demand_470 20 10 667.263000
demand_471 20 11 156.924000
demand_472 20 12 1072.310000
demand_473 20 13 604.106000
demand_474 20 14 1533.300000
demand_475 20 15 892.268000
demand_476 20 16 1324.760000
demand_477 20 17 393.463000
demand_478 20 18 904.836000
demand_479 20 19 1267.240000
demand_480 20 21 213.861000
demand_481 20 22 1379.520000
demand_482 20 23 1017.880000
demand_483 21 0 902.914000
demand_484 21 1 357.172000
demand_485 21 2 1430.110000
demand_486 21 3 647.011000
demand_487 21 4 1280.530000
demand_488 21 5 1170.450000
demand_489 21 6 1016.860000
demand_490 21 7 692.840000
demand_491 21 8 1416.440000
demand_492 21 9 719.709000
demand_493 21 10 375.615000
demand_494 21 11 815.250000
demand_495 21 12 1297.310000
demand_496 21 13 264.277000
demand_497 21 14 839.915000
demand_498 21 15 1046.340000
demand_499 21 16 1153.620000
demand_500 21 17 889.037000
demand_501 21 18 743.964000
demand_502 21 19 765.101000
demand_503 21 20 436.626000
demand_504 21 22 756.487000
demand_505 21 23 1253.270000
demand_506 22 0 167.928000
demand_507 22 1 884.756000
demand_508 22 2 1025.370000
demand_509 22 3 342.042000
demand_510 22 4 1444.710000
demand_511 22 5 1520.440000
demand_512 22 6 1463.320000
demand_513 22 7 689.757000
demand_514 22 8 354.384000
demand_515 22 9 1204.190000
demand_516 22 10 438.000000
demand_517 22 11 568.084000
demand_518 22 12 950.898000
demand_519 22 13 498.219000
demand_520 22 14 600.762000
demand_521 22 15 849.579000
demand_522 22 16 216.904000
demand_523 22 17 1384.310000
demand_524 22 18 253.573000
demand_525 22 19 343.751000
demand_526 22 20 260.219000
demand_527 22 21 1505.760000
demand_528 22 23 1510.070000
demand_529 23 0 178.726000
demand_530 23 1 304.836000
demand_531 23 2 1523.240000
demand_532 23 3 1064.760000
demand_533 23 4 845.537000
demand_534 23 5 735.961000
demand_535 23 6 1149.920000
demand_536 23 7 590.904000
demand_537 23 8 1006.260000
demand_538 23 9 1295.010000
demand_539 23 10 1443.510000
demand_540 23 11 1387.240000
demand_541 23 12 816.045000
demand_542 23 13 264.487000
demand_543 23 14 762.397000
demand_544 23 15 723.198000
demand_545 23 16 909.893000
demand_546 23 17 892.613000
demand_547 23 18 701.651000
demand_548 23 19 165.234000
demand_549 23 20 906.985000
demand_550 23 21 647.072000
demand_551 23 22 1448.130000
