DEMANDS 552
label src dest bw
demand_0 0 1 1481.050000
demand_1 0 2 671.796000
demand_2 0 3 1167.180000
demand_3 0 4 1236.210000
demand_4 0 5 251.064000
demand_5 0 6 263.910000
demand_6 0 7 821.505000
demand_7 0 8 1259.710000
demand_8 0 9 432.802000
demand_9 0 10 1312.610000
demand_10 0 11 236.386000
demand_11 0 12 1156.870000
demand_12 0 13 683.853000
demand_13 0 14 738.125000
demand_14 0 15 1304.050000
demand_15 0 16 1408.920000
demand_16 0 17 1434.020000
demand_17 0 18 383.191000
demand_18 0 19 821.511000
demand_19 0 20 776.632000
demand_20 0 21 685.867000
demand_21 0 22 1114.700000
demand_22 0 23 662.585000
demand_23 1 0 1076.770000
demand_24 1 2 1432.920000
demand_25 1 3 986.177000
demand_26 1 4 1112.640000
demand_27 1 5 811.945000
demand_28 1 6 974.240000
demand_29 1 7 1318.080000
demand_30 1 8 1013.970000
demand_31 1 9 1146.370000
demand_32 1 10 1193.060000
demand_33 1 11 268.169000
demand_34 1 12 1387.950000
demand_35 1 13 1225.840000
demand_36 1 14 974.699000
demand_37 1 15 1377.740000
demand_38 1 16 610.101000
demand_39 1 17 907.611000
demand_40 1 18 203.560000
demand_41 1 19 1301.240000
demand_42 1 20 760.044000
demand_43 1 21 477.830000
demand_44 1 22 1030.860000
demand_45 1 23 705.523000
demand_46 2 0 759.273000
demand_47 2 1 337.347000
demand_48 2 3 1044.600000
demand_49 2 4 819.216000
demand_50 2 5 504.792000
demand_51 2 6 1350.730000
demand_52 2 7 293.810000
demand_53 2 8 284.287000
demand_54 2 9 1173.470000
demand_55 2 10 1226.700000
demand_56 2 11 1214.490000
demand_57 2 12 226.416000
demand_58 2 13 529.105000
demand_59 2 14 421.339000
demand_60 2 15 1109.290000
demand_61 2 16 1274.870000
demand_62 2 17 1082.260000
demand_63 2 18 684.351000
demand_64 2 19 224.003000
demand_65 2 20 1056.200000
demand_66 2 21 1348.230000
demand_67 2 22 839.103000
demand_68 2 23 243.591000
demand_69 3 0 526.031000
demand_70 3 1 1436.240000
demand_71 3 2 1222.450000
demand_72 3 4 867.228000
demand_73 3 5 1468.740000
demand_74 3 6 407.078000
demand_75 3 7 266.107000
demand_76 3 8 1107.150000
demand_77 3 9 1064.620000
demand_78 3 10 749.791000
demand_79 3 11 1245.820000
demand_80 3 12 383.882000
demand_81 3 13 276.390000
demand_82 3 14 716.191000
demand_83 3 15 824.203000
demand_84 3 16 706.464000
demand_85 3 17 1482.630000
demand_86 3 18 455.132000
demand_87 3 19 1256.430000
demand_88 3 20 1023.020000
demand_89 3 21 1117.020000
demand_90 3 22 1239.670000
demand_91 3 23 1497.310000
demand_92 4 0 241.908000
demand_93 4 1 1170.530000
demand_94 4 2 1055.130000
demand_95 4 3 695.195000
demand_96 4 5 848.824000
demand_97 4 6 1403.730000
demand_98 4 7 302.722000
demand_99 4 8 1279.090000
demand_100 4 9 174.640000
demand_101 4 10 1188.240000
demand_102 4 11 540.435000
demand_103 4 12 890.064000
demand_104 4 13 968.798000
demand_105 4 14 614.318000
demand_106 4 15 1503.400000
demand_107 4 16 246.316000
demand_108 4 17 227.876000
demand_109 4 18 529.869000
demand_110 4 19 986.861000
demand_111 4 20 319.671000
demand_112 4 21 1146.370000
demand_113 4 22 1427.600000
demand_114 4 23 569.447000
demand_115 5 0 693.925000
demand_116 5 1 1177.900000
demand_117 5 2 452.869000
demand_118 5 3 1091.970000
demand_119 5 4 160.833000
demand_120 5 6 982.175000
demand_121 5 7 913.666000
demand_122 5 8 1202.390000
demand_123 5 9 1364.960000
demand_124 5 10 405.978000
demand_125 5 11 1090.740000
demand_126 5 12 1443.020000
demand_127 5 13 273.025000
demand_128 5 14 952.513000
demand_129 5 15 1174.300000
demand_130 5 16 1382.790000
demand_131 5 17 1169.310000
demand_132 5 18 764.560000
demand_133 5 19 567.316000
demand_134 5 20 1392.780000
demand_135 5 21 541.642000
demand_136 5 22 521.535000
demand_137 5 23 1063.680000
demand_138 6 0 550.458000
demand_139 6 1 1449.500000
demand_140 6 2 205.279000
demand_141 6 3 1167.940000
demand_142 6 4 630.300000
demand_143 6 5 901.935000
demand_144 6 7 1217.510000
demand_145 6 8 321.318000
demand_146 6 9 1474.670000
demand_147 6 10 225.339000
demand_148 6 11 433.660000
demand_149 6 12 381.685000
demand_150 6 13 280.248000
demand_151 6 14 1249.190000
demand_152 6 15 1228.850000
demand_153 6 16 265.896000
demand_154 6 17 946.826000
demand_155 6 18 1377.250000
demand_156 6 19 1365.110000
demand_157 6 20 1047.010000
demand_158 6 21 1002.210000
demand_159 6 22 185.927000
demand_160 6 23 736.958000
demand_161 7 0 842.281000
demand_162 7 1 626.500000
demand_163 7 2 1361.750000
demand_164 7 3 555.082000
demand_165 7 4 665.207000
demand_166 7 5 280.626000
demand_167 7 6 782.242000
demand_168 7 8 778.933000
demand_169 7 9 606.259000
demand_170 7 10 783.601000
demand_171 7 11 866.937000
demand_172 7 12 594.671000
demand_173 7 13 1026.410000
demand_174 7 14 182.818000
demand_175 7 15 508.519000
demand_176 7 16 689.312000
demand_177 7 17 437.843000
demand_178 7 18 602.164000
demand_179 7 19 500.845000
demand_180 7 20 1254.950000
demand_181 7 21 1472.410000
demand_182 7 22 1157.760000
demand_183 7 23 938.074000
demand_184 8 0 693.775000
demand_185 8 1 1480.440000
demand_186 8 2 1446.360000
demand_187 8 3 520.789000
demand_188 8 4 687.687000
demand_189 8 5 1431.710000
demand_190 8 6 1237.220000
demand_191 8 7 667.330000
demand_192 8 9 177.376000
demand_193 8 10 208.203000
demand_194 8 11 902.347000
demand_195 8 12 720.841000
demand_196 8 13 565.306000
demand_197 8 14 1395.670000
demand_198 8 15 172.970000
demand_199 8 16 308.191000
demand_200 8 17 979.105000
demand_201 8 18 1206.980000
demand_202 8 19 1174.050000
demand_203 8 20 281.089000
demand_204 8 21 688.599000
demand_205 8 22 1088.480000
demand_206 8 23 1463.580000
demand_207 9 0 1062.790000
demand_208 9 1 252.580000
demand_209 9 2 563.833000
demand_210 9 3 1309.630000
demand_211 9 4 1393.460000
demand_212 9 5 1297.210000
demand_213 9 6 562.978000
demand_214 9 7 217.865000
demand_215 9 8 307.919000
demand_216 9 10 547.927000
demand_217 9 11 793.433000
demand_218 9 12 1268.000000
demand_219 9 13 1127.460000
demand_220 9 14 588.091000
demand_221 9 15 674.982000
demand_222 9 16 842.333000
demand_223 9 17 744.855000
demand_224 9 18 742.093000
demand_225 9 19 1067.560000
demand_226 9 20 199.121000
demand_227 9 21 604.214000
demand_228 9 22 369.800000
demand_229 9 23 671.060000
demand_230 10 0 865.171000
demand_231 10 1 1030.970000
demand_232 10 2 370.732000
demand_233 10 3 802.677000
demand_234 10 4 676.099000
demand_235 10 5 193.654000
demand_236 10 6 856.548000
demand_237 10 7 606.640000
demand_238 10 8 163.873000
demand_239 10 9 402.378000
demand_240 10 11 455.546000
demand_241 10 12 940.375000
demand_242 10 13 1021.250000
demand_243 10 14 306.353000
demand_244 10 15 721.742000
demand_245 10 16 929.740000
demand_246 10 17 1088.280000
demand_247 10 18 1052.970000
demand_248 10 19 332.281000
demand_249 10 20 833.826000
demand_250 10 21 307.312000
demand_251 10 22 1319.830000
demand_252 10 23 526.185000
demand_253 11 0 1334.220000
demand_254 11 1 1282.100000
demand_255 11 2 452.251000
demand_256 11 3 925.888000
demand_257 11 4 578.148000
demand_258 11 5 1480.150000
demand_259 11 6 272.435000
demand_260 11 7 606.621000
demand_261 11 8 768.435000
demand_262 11 9 867.986000
demand_263 11 10 965.546000
demand_264 11 12 1234.290000
demand_265 11 13 527.998000
demand_266 11 14 191.759000
demand_267 11 15 1327.020000
demand_268 11 16 1286.440000
demand_269 11 17 192.175000
demand_270 11 18 760.410000
demand_271 11 19 177.724000
demand_272 11 20 612.884000
demand_273 11 21 1201.750000
demand_274 11 22 429.890000
demand_275 11 23 1453.070000
demand_276 12 0 629.603000
demand_277 12 1 653.304000
demand_278 12 2 1134.710000
demand_279 12 3 241.966000
demand_280 12 4 175.167000
demand_281 12 5 704.861000
demand_282 12 6 242.074000
demand_283 12 7 930.435000
demand_284 12 8 766.898000
demand_285 12 9 1341.440000
demand_286 12 10 570.722000
demand_287 12 11 657.138000
demand_288 12 13 816.167000
demand_289 12 14 730.310000
demand_290 12 15 1465.100000
demand_291 12 16 1363.080000
demand_292 12 17 905.583000
demand_293 12 18 1368.090000
demand_294 12 19 666.486000
demand_295 12 20 886.404000
demand_296 12 21 288.449000
demand_297 12 22 514.832000
demand_298 12 23 451.583000
demand_299 13 0 869.949000
demand_300 13 1 200.382000
demand_301 13 2 972.492000
demand_302 13 3 406.277000
demand_303 13 4 1172.940000
demand_304 13 5 248.615000
demand_305 13 6 1173.660000
demand_306 13 7 969.988000
demand_307 13 8 874.349000
demand_308 13 9 413.201000
demand_309 13 10 595.273000
demand_310 13 11 512.904000
demand_311 13 12 219.507000
demand_312 13 14 788.193000
demand_313 13 15 339.671000
demand_314 13 16 1406.650000
demand_315 13 17 965.814000
demand_316 13 18 1318.870000
demand_317 13 19 444.203000
demand_318 13 20 1436.580000
demand_319 13 21 1345.880000
demand_320 13 22 324.101000
demand_321 13 23 193.009000
demand_322 14 0 1303.110000
demand_323 14 1 535.660000
demand_324 14 2 997.078000
demand_325 14 3 1513.540000
demand_326 14 4 638.972000
demand_327 14 5 858.679000
demand_328 14 6 1204.350000
demand_329 14 7 894.544000
demand_330 14 8 881.488000
demand_331 14 9 248.238000
demand_332 14 10 1160.000000
demand_333 14 11 765.992000
demand_334 14 12 237.917000
demand_335 14 13 1250.050000
demand_336 14 15 1474.280000
demand_337 14 16 1213.870000
demand_338 14 17 906.324000
demand_339 14 18 212.275000
demand_340 14 19 548.117000
demand_341 14 20 531.896000
demand_342 14 21 643.281000
demand_343 14 22 573.304000
demand_344 14 23 1354.230000
demand_345 15 0 906.720000
demand_346 15 1 1038.340000
demand_347 15 2 1153.560000
demand_348 15 3 1069.220000
demand_349 15 4 1065.090000
demand_350 15 5 221.228000
demand_351 15 6 570.667000
demand_352 15 7 1295.930000
demand_353 15 8 975.488000
demand_354 15 9 628.353000
demand_355 15 10 1193.300000
demand_356 15 11 285.619000
demand_357 15 12 1078.270000
demand_358 15 13 1132.480000
demand_359 15 14 863.822000
demand_360 15 16 1423.340000
demand_361 15 17 241.320000
demand_362 15 18 585.232000
demand_363 15 19 386.125000
demand_364 15 20 1359.770000
demand_365 15 21 604.654000
demand_366 15 22 478.189000
demand_367 15 23 565.798000
demand_368 16 0 620.701000
demand_369 16 1 1447.630000
demand_370 16 2 909.810000
demand_371 16 3 1459.540000
demand_372 16 4 289.837000
demand_373 16 5 865.683000
demand_374 16 6 937.693000
demand_375 16 7 1009.980000
demand_376 16 8 981.792000
demand_377 16 9 1408.580000
demand_378 16 10 319.904000
demand_379 16 11 881.341000
demand_380 16 12 600.417000
demand_381 16 13 657.455000
demand_382 16 14 690.666000
demand_383 16 15 1022.950000
demand_384 16 17 966.265000
demand_385 16 18 543.509000
demand_386 16 19 520.394000
demand_387 16 20 933.050000
demand_388 16 21 915.177000
demand_389 16 22 513.613000
demand_390 16 23 356.765000
demand_391 17 0 564.773000
demand_392 17 1 358.941000
demand_393 17 2 1459.320000
demand_394 17 3 664.697000
demand_395 17 4 964.849000
demand_396 17 5 333.466000
demand_397 17 6 690.486000
demand_398 17 7 1109.000000
demand_399 17 8 467.111000
demand_400 17 9 778.880000
demand_401 17 10 443.888000
demand_402 17 11 1405.640000
demand_403 17 12 448.988000
demand_404 17 13 503.367000
demand_405 17 14 1248.770000
demand_406 17 15 1022.080000
demand_407 17 16 221.882000
demand_408 17 18 368.638000
demand_409 17 19 510.472000
demand_410 17 20 1216.560000
demand_411 17 21 270.792000
demand_412 17 22 897.910000
demand_413 17 23 1365.170000
demand_414 18 0 855.291000
demand_415 18 1 1293.930000
demand_416 18 2 166.304000
demand_417 18 3 1047.600000
demand_418 18 4 183.445000
demand_419 18 5 1077.240000
demand_420 18 6 1392.300000
demand_421 18 7 1038.280000
demand_422 18 8 811.923000
demand_423 18 9 1236.340000
demand_424 18 10 1378.440000
demand_425 18 11 1186.950000
demand_426 18 12 1159.400000
demand_427 18 13 1185.060000
demand_428 18 14 691.849000
demand_429 18 15 1434.910000
demand_430 18 16 1367.040000
demand_431 18 17 189.183000
demand_432 18 19 1404.800000
demand_433 18 20 567.400000
demand_434 18 21 1231.030000
demand_435 18 22 177.421000
demand_436 18 23 1451.530000
demand_437 19 0 1340.470000
demand_438 19 1 1480.200000
demand_439 19 2 954.576000
demand_440 19 3 1211.670000
demand_441 19 4 273.294000
demand_442 19 5 756.585000
demand_443 19 6 1100.210000
demand_444 19 7 1452.230000
demand_445 19 8 1199.690000
demand_446 19 9 691.285000
demand_447 19 10 1391.610000
demand_448 19 11 957.541000
demand_449 19 12 307.572000
demand_450 19 13 1220.740000
demand_451 19 14 1350.010000
demand_452 19 15 920.410000
demand_453 19 16 1155.870000
demand_454 19 17 1066.920000
demand_455 19 18 1423.770000
demand_456 19 20 1313.860000
demand_457 19 21 1133.460000
demand_458 19 22 980.589000
demand_459 19 23 720.003000
demand_460 20 0 1145.350000
demand_461 20 1 418.029000
demand_462 20 2 1099.000000
demand_463 20 3 699.353000
demand_464 20 4 1182.960000
demand_465 20 5 370.072000
demand_466 20 6 820.515000
demand_467 20 7 1042.930000
demand_468 20 8 928.343000
demand_469 20 9 320.029000
demand_470 20 10 1112.350000
demand_471 20 11 889.154000
demand_472 20 12 587.748000
demand_473 20 13 721.712000
demand_474 20 14 1425.790000
demand_475 20 15 413.617000
demand_476 20 16 840.593000
demand_477 20 17 176.421000
demand_478 20 18 666.884000
demand_479 20 19 981.644000
demand_480 20 21 984.605000
demand_481 20 22 1028.190000
demand_482 20 23 793.623000
demand_483 21 0 681.744000
demand_484 21 1 1232.350000
demand_485 21 2 1472.630000
demand_486 21 3 259.482000
demand_487 21 4 831.806000
demand_488 21 5 459.994000
demand_489 21 6 1070.200000
demand_490 21 7 288.953000
demand_491 21 8 201.162000
demand_492 21 9 612.656000
demand_493 21 10 1363.900000
demand_494 21 11 969.486000
demand_495 21 12 941.734000
demand_496 21 13 1309.100000
demand_497 21 14 359.958000
demand_498 21 15 883.859000
demand_499 21 16 1308.550000
demand_500 21 17 1322.510000
demand_501 21 18 162.359000
demand_502 21 19 1204.800000
demand_503 21 20 831.126000
demand_504 21 22 1330.590000
demand_505 21 23 155.103000
demand_506 22 0 401.324000
demand_507 22 1 952.781000
demand_508 22 2 685.640000
demand_509 22 3 947.667000
demand_510 22 4 519.308000
demand_511 22 5 341.816000
demand_512 22 6 859.462000
demand_513 22 7 450.656000
demand_514 22 8 602.964000
demand_515 22 9 920.173000
demand_516 22 10 1369.010000
demand_517 22 11 1221.710000
demand_518 22 12 1131.010000
demand_519 22 13 1392.270000
demand_520 22 14 1366.290000
demand_521 22 15 276.951000
demand_522 22 16 608.445000
demand_523 22 17 1308.030000
demand_524 22 18 1064.750000
demand_525 22 19 1448.380000
demand_526 22 20 452.160000
demand_527 22 21 1007.950000
demand_528 22 23 1269.390000
demand_529 23 0 1407.520000
demand_530 23 1 1208.740000
demand_531 23 2 388.972000
demand_532 23 3 1266.790000
demand_533 23 4 1217.140000
demand_534 23 5 438.732000
demand_535 23 6 728.662000
demand_536 23 7 642.033000
demand_537 23 8 604.751000
demand_538 23 9 529.681000
demand_539 23 10 1214.030000
demand_540 23 11 174.562000
demand_541 23 12 1350.830000
demand_542 23 13 375.068000
demand_543 23 14 1212.670000
demand_544 23 15 1194.150000
demand_545 23 16 994.726000
demand_546 23 17 243.794000
demand_547 23 18 425.726000
demand_548 23 19 1237.360000
demand_549 23 20 871.306000
demand_550 23 21 642.607000
demand_551 23 22 1163.740000
