DEMANDS 552
label src dest bw
demand_0 0 1 888.804000
demand_1 0 2 1290.170000
demand_2 0 3 674.874000
demand_3 0 4 164.035000
demand_4 0 5 394.021000
demand_5 0 6 403.859000
demand_6 0 7 754.285000
demand_7 0 8 1257.580000
demand_8 0 9 1355.070000
demand_9 0 10 925.459000
demand_10 0 11 980.821000
demand_11 0 12 242.087000
demand_12 0 13 837.345000
demand_13 0 14 1151.940000
demand_14 0 15 822.452000
demand_15 0 16 1321.200000
demand_16 0 17 896.953000
demand_17 0 18 728.184000
demand_18 0 19 1356.060000
demand_19 0 20 1454.320000
demand_20 0 21 625.076000
demand_21 0 22 960.914000
demand_22 0 23 1241.640000
demand_23 1 0 1170.220000
demand_24 1 2 329.749000
demand_25 1 3 934.628000
demand_26 1 4 1033.810000
demand_27 1 5 1165.370000
demand_28 1 6 952.800000
demand_29 1 7 770.391000
demand_30 1 8 913.753000
demand_31 1 9 1298.530000
demand_32 1 10 364.523000
demand_33 1 11 1060.630000
demand_34 1 12 171.041000
demand_35 1 13 149.806000
demand_36 1 14 1403.050000
demand_37 1 15 1322.690000
demand_38 1 16 945.802000
demand_39 1 17 1325.890000
demand_40 1 18 640.945000
demand_41 1 19 1439.390000
demand_42 1 20 1367.880000
demand_43 1 21 540.092000
demand_44 1 22 1009.740000
demand_45 1 23 1156.660000
demand_46 2 0 985.784000
demand_47 2 1 1147.940000
demand_48 2 3 955.195000
demand_49 2 4 334.039000
demand_50 2 5 230.821000
demand_51 2 6 1400.870000
demand_52 2 7 1160.060000
demand_53 2 8 691.643000
demand_54 2 9 1283.220000
demand_55 2 10 275.832000
demand_56 2 11 177.309000
demand_57 2 12 1113.100000
demand_58 2 13 541.582000
demand_59 2 14 515.142000
demand_60 2 15 779.613000
demand_61 2 16 235.116000
demand_62 2 17 1469.210000
demand_63 2 18 1471.250000
demand_64 2 19 1473.300000
demand_65 2 20 160.210000
demand_66 2 21 497.868000
demand_67 2 22 890.281000
demand_68 2 23 281.323000
demand_69 3 0 783.604000
demand_70 3 1 867.868000
demand_71 3 2 347.305000
demand_72 3 4 1178.900000
demand_73 3 5 321.841000
demand_74 3 6 1042.250000
demand_75 3 7 719.859000
demand_76 3 8 517.186000
demand_77 3 9 713.419000
demand_78 3 10 1406.300000
demand_79 3 11 558.949000
demand_80 3 12 1097.270000
demand_81 3 13 199.679000
demand_82 3 14 1447.920000
demand_83 3 15 315.701000
demand_84 3 16 865.331000
demand_85 3 17 1349.030000
demand_86 3 18 1299.970000
demand_87 3 19 1084.550000
demand_88 3 20 1398.160000
demand_89 3 21 679.002000
demand_90 3 22 973.309000
demand_91 3 23 1048.520000
demand_92 4 0 393.859000
demand_93 4 1 608.971000
demand_94 4 2 533.182000
demand_95 4 3 753.498000
demand_96 4 5 989.876000
demand_97 4 6 355.345000
demand_98 4 7 261.459000
demand_99 4 8 1418.460000
demand_100 4 9 148.760000
demand_101 4 10 473.494000
demand_102 4 11 225.542000
demand_103 4 12 1474.760000
demand_104 4 13 986.962000
demand_105 4 14 997.358000
demand_106 4 15 190.035000
demand_107 4 16 522.602000
demand_108 4 17 313.621000
demand_109 4 18 1046.690000
demand_110 4 19 691.147000
demand_111 4 20 1375.820000
demand_112 4 21 225.046000
demand_113 4 22 748.940000
demand_114 4 23 415.204000
demand_115 5 0 1018.650000
demand_116 5 1 972.202000
demand_117 5 2 665.415000
demand_118 5 3 1070.290000
demand_119 5 4 998.118000
demand_120 5 6 1464.680000
demand_121 5 7 497.072000
demand_122 5 8 812.338000
demand_123 5 9 1250.690000
demand_124 5 10 908.312000
demand_125 5 11 1382.880000
demand_126 5 12 1331.820000
demand_127 5 13 647.024000
demand_128 5 14 207.138000
demand_129 5 15 900.439000
demand_130 5 16 201.894000
demand_131 5 17 1086.940000
demand_132 5 18 561.586000
demand_133 5 19 580.694000
demand_134 5 20 1093.020000
demand_135 5 21 1048.970000
demand_136 5 22 1198.500000
demand_137 5 23 1412.890000
demand_138 6 0 1354.080000
demand_139 6 1 1390.710000
demand_140 6 2 478.690000
demand_141 6 3 945.182000
demand_142 6 4 360.659000
demand_143 6 5 456.527000
demand_144 6 7 812.492000
demand_145 6 8 603.129000
demand_146 6 9 1307.620000
demand_147 6 10 861.854000
demand_148 6 11 179.960000
demand_149 6 12 926.145000
demand_150 6 13 772.905000
demand_151 6 14 401.578000
demand_152 6 15 450.307000
demand_153 6 16 821.248000
demand_154 6 17 281.613000
demand_155 6 18 484.465000
demand_156 6 19 1295.900000
demand_157 6 20 642.175000
demand_158 6 21 326.553000
demand_159 6 22 1312.790000
demand_160 6 23 831.617000
demand_161 7 0 879.235000
demand_162 7 1 239.793000
demand_163 7 2 1286.710000
demand_164 7 3 1017.750000
demand_165 7 4 1166.330000
demand_166 7 5 400.870000
demand_167 7 6 669.468000
demand_168 7 8 1019.420000
demand_169 7 9 315.050000
demand_170 7 10 697.239000
demand_171 7 11 1153.160000
demand_172 7 12 794.254000
demand_173 7 13 1311.330000
demand_174 7 14 314.804000
demand_175 7 15 726.272000
demand_176 7 16 539.459000
demand_177 7 17 229.991000
demand_178 7 18 898.347000
demand_179 7 19 346.030000
demand_180 7 20 316.685000
demand_181 7 21 723.221000
demand_182 7 22 752.509000
demand_183 7 23 1409.740000
demand_184 8 0 407.854000
demand_185 8 1 236.540000
demand_186 8 2 1268.150000
demand_187 8 3 446.202000
demand_188 8 4 493.353000
demand_189 8 5 1078.630000
demand_190 8 6 519.336000
demand_191 8 7 577.767000
demand_192 8 9 384.360000
demand_193 8 10 777.661000
demand_194 8 11 1280.750000
demand_195 8 12 578.356000
demand_196 8 13 615.573000
demand_197 8 14 505.736000
demand_198 8 15 752.553000
demand_199 8 16 1108.680000
demand_200 8 17 751.780000
demand_201 8 18 871.503000
demand_202 8 19 1325.470000
demand_203 8 20 680.795000
demand_204 8 21 1344.600000
demand_205 8 22 961.740000
demand_206 8 23 1465.060000
demand_207 9 0 1221.240000
demand_208 9 1 1351.580000
demand_209 9 2 898.927000
demand_210 9 3 880.373000
demand_211 9 4 997.736000
demand_212 9 5 1235.400000
demand_213 9 6 1126.240000
demand_214 9 7 950.927000
demand_215 9 8 1302.240000
demand_216 9 10 1238.730000
demand_217 9 11 329.569000
demand_218 9 12 1352.440000
demand_219 9 13 1239.620000
demand_220 9 14 1034.940000
demand_221 9 15 1283.160000
demand_222 9 16 1125.980000
demand_223 9 17 511.740000
demand_224 9 18 1403.220000
demand_225 9 19 624.945000
demand_226 9 20 215.560000
demand_227 9 21 435.384000
demand_228 9 22 1460.900000
demand_229 9 23 204.628000
demand_230 10 0 1348.040000
demand_231 10 1 1029.700000
demand_232 10 2 1217.420000
demand_233 10 3 919.107000
demand_234 10 4 198.360000
demand_235 10 5 1185.880000
demand_236 10 6 996.285000
demand_237 10 7 582.580000
demand_238 10 8 566.448000
demand_239 10 9 1033.630000
demand_240 10 11 1339.860000
demand_241 10 12 1212.250000
demand_242 10 13 774.281000
demand_243 10 14 1165.110000
demand_244 10 15 1455.370000
demand_245 10 16 183.410000
demand_246 10 17 1462.800000
demand_247 10 18 888.105000
demand_248 10 19 585.230000
demand_249 10 20 294.782000
demand_250 10 21 394.347000
demand_251 10 22 795.595000
demand_252 10 23 522.672000
demand_253 11 0 1451.260000
demand_254 11 1 1321.900000
demand_255 11 2 503.740000
demand_256 11 3 212.958000
demand_257 11 4 537.973000
demand_258 11 5 246.782000
demand_259 11 6 1246.060000
demand_260 11 7 227.081000
demand_261 11 8 524.004000
demand_262 11 9 292.936000
demand_263 11 10 773.560000
demand_264 11 12 314.175000
demand_265 11 13 537.287000
demand_266 11 14 940.751000
demand_267 11 15 1399.450000
demand_268 11 16 548.153000
demand_269 11 17 415.665000
demand_270 11 18 1220.230000
demand_271 11 19 1133.460000
demand_272 11 20 185.292000
demand_273 11 21 653.468000
demand_274 11 22 994.334000
demand_275 11 23 942.641000
demand_276 12 0 846.070000
demand_277 12 1 1261.210000
demand_278 12 2 894.435000
demand_279 12 3 1481.550000
demand_280 12 4 769.252000
demand_281 12 5 588.386000
demand_282 12 6 349.094000
demand_283 12 7 1461.370000
demand_284 12 8 1473.410000
demand_285 12 9 599.591000
demand_286 12 10 1130.950000
demand_287 12 11 946.632000
demand_288 12 13 383.054000
demand_289 12 14 325.745000
demand_290 12 15 407.973000
demand_291 12 16 622.505000
demand_292 12 17 1454.730000
demand_293 12 18 1025.720000
demand_294 12 19 1041.760000
demand_295 12 20 1086.810000
demand_296 12 21 1110.810000
demand_297 12 22 164.334000
demand_298 12 23 912.672000
demand_299 13 0 537.138000
demand_300 13 1 1159.490000
demand_301 13 2 1201.640000
demand_302 13 3 1442.290000
demand_303 13 4 1403.100000
demand_304 13 5 953.002000
demand_305 13 6 1355.240000
demand_306 13 7 932.061000
demand_307 13 8 617.054000
demand_308 13 9 182.180000
demand_309 13 10 1373.910000
demand_310 13 11 884.945000
demand_311 13 12 683.683000
demand_312 13 14 1033.140000
demand_313 13 15 1301.340000
demand_314 13 16 643.367000
demand_315 13 17 175.674000
demand_316 13 18 613.797000
demand_317 13 19 841.432000
demand_318 13 20 593.305000
demand_319 13 21 512.197000
demand_320 13 22 1138.100000
demand_321 13 23 1191.550000
demand_322 14 0 1300.200000
demand_323 14 1 405.305000
demand_324 14 2 566.536000
demand_325 14 3 1118.000000
demand_326 14 4 577.494000
demand_327 14 5 864.202000
demand_328 14 6 486.610000
demand_329 14 7 884.918000
demand_330 14 8 1378.660000
demand_331 14 9 251.591000
demand_332 14 10 1149.870000
demand_333 14 11 509.076000
demand_334 14 12 227.314000
demand_335 14 13 238.092000
demand_336 14 15 1126.250000
demand_337 14 16 445.213000
demand_338 14 17 1108.250000
demand_339 14 18 388.883000
demand_340 14 19 262.167000
demand_341 14 20 1176.930000
demand_342 14 21 819.305000
demand_343 14 22 1107.580000
demand_344 14 23 380.971000
demand_345 15 0 1490.270000
demand_346 15 1 644.426000
demand_347 15 2 810.351000
demand_348 15 3 1343.030000
demand_349 15 4 744.654000
demand_350 15 5 977.371000
demand_351 15 6 474.659000
demand_352 15 7 268.386000
demand_353 15 8 1394.630000
demand_354 15 9 396.936000
demand_355 15 10 1274.380000
demand_356 15 11 352.378000
demand_357 15 12 1415.170000
demand_358 15 13 1430.150000
demand_359 15 14 984.958000
demand_360 15 16 1072.630000
demand_361 15 17 1105.580000
demand_362 15 18 1048.690000
demand_363 15 19 669.665000
demand_364 15 20 803.142000
demand_365 15 21 1123.040000
demand_366 15 22 714.162000
demand_367 15 23 297.692000
demand_368 16 0 981.569000
demand_369 16 1 1296.040000
demand_370 16 2 1341.740000
demand_371 16 3 1051.710000
demand_372 16 4 1373.360000
demand_373 16 5 1400.980000
demand_374 16 6 1385.790000
demand_375 16 7 922.303000
demand_376 16 8 822.914000
demand_377 16 9 547.410000
demand_378 16 10 1188.510000
demand_379 16 11 421.305000
demand_380 16 12 1441.890000
demand_381 16 13 444.835000
demand_382 16 14 1196.270000
demand_383 16 15 173.389000
demand_384 16 17 1406.660000
demand_385 16 18 490.712000
demand_386 16 19 581.824000
demand_387 16 20 565.261000
demand_388 16 21 1460.670000
demand_389 16 22 1327.090000
demand_390 16 23 894.250000
demand_391 17 0 1296.490000
demand_392 17 1 894.395000
demand_393 17 2 545.854000
demand_394 17 3 306.127000
demand_395 17 4 617.740000
demand_396 17 5 1172.700000
demand_397 17 6 1234.870000
demand_398 17 7 838.404000
demand_399 17 8 1188.630000
demand_400 17 9 959.367000
demand_401 17 10 463.481000
demand_402 17 11 1411.350000
demand_403 17 12 844.923000
demand_404 17 13 484.017000
demand_405 17 14 1021.170000
demand_406 17 15 1333.430000
demand_407 17 16 777.191000
demand_408 17 18 528.035000
demand_409 17 19 1236.170000
demand_410 17 20 1018.360000
demand_411 17 21 601.142000
demand_412 17 22 994.580000
demand_413 17 23 694.241000
demand_414 18 0 897.815000
demand_415 18 1 521.727000
demand_416 18 2 1307.480000
demand_417 18 3 751.050000
demand_418 18 4 459.679000
demand_419 18 5 1309.550000
demand_420 18 6 1248.320000
demand_421 18 7 527.112000
demand_422 18 8 337.327000
demand_423 18 9 1424.450000
demand_424 18 10 914.325000
demand_425 18 11 673.560000
demand_426 18 12 1161.140000
demand_427 18 13 1115.460000
demand_428 18 14 427.046000
demand_429 18 15 694.931000
demand_430 18 16 615.652000
demand_431 18 17 850.835000
demand_432 18 19 817.947000
demand_433 18 20 389.112000
demand_434 18 21 1274.580000
demand_435 18 22 843.635000
demand_436 18 23 1258.410000
demand_437 19 0 704.193000
demand_438 19 1 285.076000
demand_439 19 2 291.793000
demand_440 19 3 1251.020000
demand_441 19 4 1093.350000
demand_442 19 5 753.191000
demand_443 19 6 232.756000
demand_444 19 7 648.206000
demand_445 19 8 267.450000
demand_446 19 9 1255.150000
demand_447 19 10 706.870000
demand_448 19 11 1425.260000
demand_449 19 12 742.676000
demand_450 19 13 523.090000
demand_451 19 14 232.654000
demand_452 19 15 900.909000
demand_453 19 16 389.705000
demand_454 19 17 269.714000
demand_455 19 18 1255.320000
demand_456 19 20 271.591000
demand_457 19 21 998.013000
demand_458 19 22 1154.090000
demand_459 19 23 148.663000
demand_460 20 0 599.248000
demand_461 20 1 195.956000
demand_462 20 2 270.589000
demand_463 20 3 1128.910000
demand_464 20 4 321.890000
demand_465 20 5 1437.490000
demand_466 20 6 1487.830000
demand_467 20 7 1032.770000
demand_468 20 8 632.452000
demand_469 20 9 1453.770000
demand_470 20 10 388.109000
demand_471 20 11 1358.480000
demand_472 20 12 1317.640000
demand_473 20 13 630.391000
demand_474 20 14 306.131000
demand_475 20 15 632.597000
demand_476 20 16 480.975000
demand_477 20 17 930.378000
demand_478 20 18 336.382000
demand_479 20 19 276.281000
demand_480 20 21 843.331000
demand_481 20 22 753.103000
demand_482 20 23 281.331000
demand_483 21 0 997.002000
demand_484 21 1 470.021000
demand_485 21 2 1428.520000
demand_486 21 3 559.608000
demand_487 21 4 935.028000
demand_488 21 5 1493.350000
demand_489 21 6 801.450000
demand_490 21 7 728.325000
demand_491 21 8 1004.090000
demand_492 21 9 324.580000
demand_493 21 10 864.298000
demand_494 21 11 531.010000
demand_495 21 12 1240.980000
demand_496 21 13 582.962000
demand_497 21 14 829.037000
demand_498 21 15 243.639000
demand_499 21 16 411.723000
demand_500 21 17 593.551000
demand_501 21 18 1443.050000
demand_502 21 19 1315.290000
demand_503 21 20 244.967000
demand_504 21 22 462.290000
demand_505 21 23 266.492000
demand_506 22 0 406.923000
demand_507 22 1 454.351000
demand_508 22 2 1012.190000
demand_509 22 3 799.345000
demand_510 22 4 1307.980000
demand_511 22 5 1402.400000
demand_512 22 6 231.507000
demand_513 22 7 993.279000
demand_514 22 8 1103.610000
demand_515 22 9 1391.330000
demand_516 22 10 712.487000
demand_517 22 11 1107.200000
demand_518 22 12 1334.740000
demand_519 22 13 1145.930000
demand_520 22 14 171.054000
demand_521 22 15 393.068000
demand_522 22 16 1472.270000
demand_523 22 17 779.217000
demand_524 22 18 396.000000
demand_525 22 19 1056.040000
demand_526 22 20 618.751000
demand_527 22 21 808.927000
demand_528 22 23 227.793000
demand_529 23 0 743.578000
demand_530 23 1 1026.590000
demand_531 23 2 222.356000
demand_532 23 3 410.637000
demand_533 23 4 848.039000
demand_534 23 5 925.419000
demand_535 23 6 289.661000
demand_536 23 7 1018.210000
demand_537 23 8 657.182000
demand_538 23 9 768.351000
demand_539 23 10 468.338000
demand_540 23 11 1488.830000
demand_541 23 12 1268.520000
demand_542 23 13 313.665000
demand_543 23 14 211.749000
demand_544 23 15 977.010000
demand_545 23 16 995.745000
demand_546 23 17 393.547000
demand_547 23 18 951.305000
demand_548 23 19 1345.460000
demand_549 23 20 476.378000
demand_550 23 21 1334.710000
demand_551 23 22 467.854000
