DEMANDS 552
label src dest bw
demand_0 0 1 851.947000
demand_1 0 2 247.802000
demand_2 0 3 1487.610000
demand_3 0 4 1094.290000
demand_4 0 5 689.829000
demand_5 0 6 1373.840000
demand_6 0 7 1215.950000
demand_7 0 8 276.240000
demand_8 0 9 802.480000
demand_9 0 10 791.587000
demand_10 0 11 1295.730000
demand_11 0 12 313.886000
demand_12 0 13 966.957000
demand_13 0 14 1288.370000
demand_14 0 15 545.631000
demand_15 0 16 1087.080000
demand_16 0 17 1309.020000
demand_17 0 18 1140.710000
demand_18 0 19 1489.140000
demand_19 0 20 561.514000
demand_20 0 21 1060.840000
demand_21 0 22 1444.410000
demand_22 0 23 379.484000
demand_23 1 0 1552.420000
demand_24 1 2 868.658000
demand_25 1 3 1494.310000
demand_26 1 4 238.258000
demand_27 1 5 1312.600000
demand_28 1 6 583.637000
demand_29 1 7 527.522000
demand_30 1 8 1570.980000
demand_31 1 9 768.367000
demand_32 1 10 572.193000
demand_33 1 11 429.116000
demand_34 1 12 1207.930000
demand_35 1 13 1148.990000
demand_36 1 14 868.417000
demand_37 1 15 808.746000
demand_38 1 16 1098.290000
demand_39 1 17 1350.970000
demand_40 1 18 1183.860000
demand_41 1 19 1000.760000
demand_42 1 20 636.500000
demand_43 1 21 462.747000
demand_44 1 22 396.057000
demand_45 1 23 350.103000
demand_46 2 0 335.305000
demand_47 2 1 245.385000
demand_48 2 3 454.983000
demand_49 2 4 435.949000
demand_50 2 5 908.722000
demand_51 2 6 1246.710000
demand_52 2 7 1256.020000
demand_53 2 8 541.719000
demand_54 2 9 1386.000000
demand_55 2 10 365.955000
demand_56 2 11 319.148000
demand_57 2 12 1169.900000
demand_58 2 13 610.647000
demand_59 2 14 1101.860000
demand_60 2 15 1396.660000
demand_61 2 16 1491.260000
demand_62 2 17 1514.910000
demand_63 2 18 1515.400000
demand_64 2 19 1295.500000
demand_65 2 20 247.370000
demand_66 2 21 805.361000
demand_67 2 22 1383.140000
demand_68 2 23 1535.510000
demand_69 3 0 962.647000
demand_70 3 1 1307.860000
demand_71 3 2 566.652000
demand_72 3 4 676.641000
demand_73 3 5 1428.110000
demand_74 3 6 426.354000
demand_75 3 7 656.479000
demand_76 3 8 397.319000
demand_77 3 9 1006.950000
demand_78 3 10 1168.780000
demand_79 3 11 913.700000
demand_80 3 12 1110.500000
demand_81 3 13 218.886000
demand_82 3 14 1160.880000
demand_83 3 15 624.276000
demand_84 3 16 1122.100000
demand_85 3 17 325.087000
demand_86 3 18 1148.510000
demand_87 3 19 469.717000
demand_88 3 20 1370.310000
demand_89 3 21 432.386000
demand_90 3 22 1453.670000
demand_91 3 23 212.491000
demand_92 4 0 426.509000
demand_93 4 1 1484.610000
demand_94 4 2 1571.780000
demand_95 4 3 1488.540000
demand_96 4 5 1195.350000
demand_97 4 6 629.090000
demand_98 4 7 1510.840000
demand_99 4 8 420.799000
demand_100 4 9 1030.170000
demand_101 4 10 171.697000
demand_102 4 11 990.554000
demand_103 4 12 1017.040000
demand_104 4 13 1425.440000
demand_105 4 14 404.274000
demand_106 4 15 1021.900000
demand_107 4 16 1200.000000
demand_108 4 17 1030.340000
demand_109 4 18 735.933000
demand_110 4 19 968.894000
demand_111 4 20 1087.890000
demand_112 4 21 802.079000
demand_113 4 22 934.864000
demand_114 4 23 799.699000
demand_115 5 0 660.620000
demand_116 5 1 1383.550000
demand_117 5 2 1548.430000
demand_118 5 3 655.840000
demand_119 5 4 1546.890000
demand_120 5 6 1148.980000
demand_121 5 7 525.483000
demand_122 5 8 875.926000
demand_123 5 9 1055.310000
demand_124 5 10 416.863000
demand_125 5 11 329.528000
demand_126 5 12 1449.600000
demand_127 5 13 381.116000
demand_128 5 14 979.973000
demand_129 5 15 1222.240000
demand_130 5 16 908.376000
demand_131 5 17 1078.580000
demand_132 5 18 1140.950000
demand_133 5 19 1275.890000
demand_134 5 20 537.202000
demand_135 5 21 1007.430000
demand_136 5 22 1285.500000
demand_137 5 23 712.572000
demand_138 6 0 1327.580000
demand_139 6 1 169.140000
demand_140 6 2 495.494000
demand_141 6 3 1445.080000
demand_142 6 4 1481.210000
demand_143 6 5 1530.620000
demand_144 6 7 948.112000
demand_145 6 8 310.230000
demand_146 6 9 1390.430000
demand_147 6 10 925.886000
demand_148 6 11 971.382000
demand_149 6 12 1096.690000
demand_150 6 13 193.299000
demand_151 6 14 1072.700000
demand_152 6 15 311.365000
demand_153 6 16 986.764000
demand_154 6 17 765.395000
demand_155 6 18 274.025000
demand_156 6 19 780.901000
demand_157 6 20 775.253000
demand_158 6 21 502.113000
demand_159 6 22 1164.650000
demand_160 6 23 1301.110000
demand_161 7 0 1512.770000
demand_162 7 1 195.115000
demand_163 7 2 1259.280000
demand_164 7 3 682.902000
demand_165 7 4 438.516000
demand_166 7 5 621.734000
demand_167 7 6 1225.760000
demand_168 7 8 1431.390000
demand_169 7 9 930.587000
demand_170 7 10 813.943000
demand_171 7 11 962.528000
demand_172 7 12 239.064000
demand_173 7 13 266.933000
demand_174 7 14 397.297000
demand_175 7 15 779.086000
demand_176 7 16 228.589000
demand_177 7 17 795.162000
demand_178 7 18 356.660000
demand_179 7 19 301.977000
demand_180 7 20 1079.220000
demand_181 7 21 1342.370000
demand_182 7 22 1034.090000
demand_183 7 23 985.032000
demand_184 8 0 1079.370000
demand_185 8 1 1146.620000
demand_186 8 2 720.660000
demand_187 8 3 396.935000
demand_188 8 4 571.105000
demand_189 8 5 353.922000
demand_190 8 6 291.112000
demand_191 8 7 572.670000
demand_192 8 9 1143.060000
demand_193 8 10 1091.590000
demand_194 8 11 1034.140000
demand_195 8 12 515.100000
demand_196 8 13 727.923000
demand_197 8 14 611.210000
demand_198 8 15 678.385000
demand_199 8 16 1280.790000
demand_200 8 17 220.646000
demand_201 8 18 319.580000
demand_202 8 19 1264.050000
demand_203 8 20 178.022000
demand_204 8 21 423.389000
demand_205 8 22 1108.410000
demand_206 8 23 264.803000
demand_207 9 0 1003.770000
demand_208 9 1 964.360000
demand_209 9 2 1532.050000
demand_210 9 3 798.950000
demand_211 9 4 987.296000
demand_212 9 5 524.581000
demand_213 9 6 838.196000
demand_214 9 7 746.027000
demand_215 9 8 1298.440000
demand_216 9 10 289.304000
demand_217 9 11 592.911000
demand_218 9 12 1010.350000
demand_219 9 13 784.713000
demand_220 9 14 1086.540000
demand_221 9 15 1208.990000
demand_222 9 16 824.243000
demand_223 9 17 1294.370000
demand_224 9 18 877.132000
demand_225 9 19 845.703000
demand_226 9 20 284.703000
demand_227 9 21 890.926000
demand_228 9 22 202.728000
demand_229 9 23 313.402000
demand_230 10 0 249.502000
demand_231 10 1 1302.910000
demand_232 10 2 1246.290000
demand_233 10 3 864.398000
demand_234 10 4 628.331000
demand_235 10 5 281.280000
demand_236 10 6 671.749000
demand_237 10 7 1486.700000
demand_238 10 8 1397.160000
demand_239 10 9 169.624000
demand_240 10 11 1171.090000
demand_241 10 12 1112.230000
demand_242 10 13 1014.410000
demand_243 10 14 340.240000
demand_244 10 15 572.343000
demand_245 10 16 447.561000
demand_246 10 17 837.846000
demand_247 10 18 431.172000
demand_248 10 19 712.453000
demand_249 10 20 377.662000
demand_250 10 21 1449.070000
demand_251 10 22 901.991000
demand_252 10 23 1530.190000
demand_253 11 0 1439.460000
demand_254 11 1 1556.620000
demand_255 11 2 771.790000
demand_256 11 3 1299.930000
demand_257 11 4 682.666000
demand_258 11 5 1202.690000
demand_259 11 6 872.503000
demand_260 11 7 953.877000
demand_261 11 8 1577.650000
demand_262 11 9 1269.670000
demand_263 11 10 251.494000
demand_264 11 12 335.131000
demand_265 11 13 1195.840000
demand_266 11 14 1171.390000
demand_267 11 15 769.008000
demand_268 11 16 486.976000
demand_269 11 17 1327.750000
demand_270 11 18 1424.790000
demand_271 11 19 583.150000
demand_272 11 20 1330.760000
demand_273 11 21 461.011000
demand_274 11 22 941.519000
demand_275 11 23 1127.440000
demand_276 12 0 801.340000
demand_277 12 1 932.739000
demand_278 12 2 1431.760000
demand_279 12 3 1117.710000
demand_280 12 4 271.532000
demand_281 12 5 1016.700000
demand_282 12 6 308.849000
demand_283 12 7 1321.910000
demand_284 12 8 867.849000
demand_285 12 9 1486.310000
demand_286 12 10 254.430000
demand_287 12 11 564.989000
demand_288 12 13 1087.680000
demand_289 12 14 1129.950000
demand_290 12 15 1260.790000
demand_291 12 16 309.388000
demand_292 12 17 357.092000
demand_293 12 18 1365.560000
demand_294 12 19 1236.050000
demand_295 12 20 339.096000
demand_296 12 21 748.467000
demand_297 12 22 580.851000
demand_298 12 23 1011.480000
demand_299 13 0 1236.660000
demand_300 13 1 273.559000
demand_301 13 2 984.474000
demand_302 13 3 687.959000
demand_303 13 4 174.067000
demand_304 13 5 1454.710000
demand_305 13 6 770.826000
demand_306 13 7 448.720000
demand_307 13 8 1413.430000
demand_308 13 9 269.686000
demand_309 13 10 767.937000
demand_310 13 11 779.160000
demand_311 13 12 1317.170000
demand_312 13 14 1480.570000
demand_313 13 15 628.042000
demand_314 13 16 898.225000
demand_315 13 17 378.401000
demand_316 13 18 783.611000
demand_317 13 19 325.485000
demand_318 13 20 231.384000
demand_319 13 21 1205.730000
demand_320 13 22 1328.300000
demand_321 13 23 768.555000
demand_322 14 0 902.623000
demand_323 14 1 1198.480000
demand_324 14 2 186.413000
demand_325 14 3 1418.550000
demand_326 14 4 1201.160000
demand_327 14 5 517.054000
demand_328 14 6 1076.970000
demand_329 14 7 228.560000
demand_330 14 8 642.413000
demand_331 14 9 796.405000
demand_332 14 10 443.532000
demand_333 14 11 1430.310000
demand_334 14 12 484.536000
demand_335 14 13 1394.910000
demand_336 14 15 879.074000
demand_337 14 16 257.476000
demand_338 14 17 336.834000
demand_339 14 18 816.276000
demand_340 14 19 773.884000
demand_341 14 20 1467.020000
demand_342 14 21 833.779000
demand_343 14 22 1103.130000
demand_344 14 23 914.039000
demand_345 15 0 817.345000
demand_346 15 1 1126.320000
demand_347 15 2 754.506000
demand_348 15 3 1120.680000
demand_349 15 4 1388.600000
demand_350 15 5 312.109000
demand_351 15 6 200.689000
demand_352 15 7 1553.290000
demand_353 15 8 638.065000
demand_354 15 9 691.654000
demand_355 15 10 1502.710000
demand_356 15 11 413.531000
demand_357 15 12 1444.360000
demand_358 15 13 174.793000
demand_359 15 14 1509.790000
demand_360 15 16 988.465000
demand_361 15 17 1023.740000
demand_362 15 18 1530.540000
demand_363 15 19 827.198000
demand_364 15 20 578.571000
demand_365 15 21 1266.670000
demand_366 15 22 1150.470000
demand_367 15 23 454.199000
demand_368 16 0 233.008000
demand_369 16 1 539.248000
demand_370 16 2 979.169000
demand_371 16 3 1292.890000
demand_372 16 4 836.102000
demand_373 16 5 180.465000
demand_374 16 6 374.034000
demand_375 16 7 615.067000
demand_376 16 8 1388.410000
demand_377 16 9 1064.550000
demand_378 16 10 1293.470000
demand_379 16 11 549.567000
demand_380 16 12 441.373000
demand_381 16 13 650.389000
demand_382 16 14 1472.990000
demand_383 16 15 1200.970000
demand_384 16 17 803.513000
demand_385 16 18 281.655000
demand_386 16 19 1168.320000
demand_387 16 20 407.491000
demand_388 16 21 200.281000
demand_389 16 22 823.265000
demand_390 16 23 167.508000
demand_391 17 0 421.958000
demand_392 17 1 265.030000
demand_393 17 2 855.940000
demand_394 17 3 924.057000
demand_395 17 4 860.672000
demand_396 17 5 1126.340000
demand_397 17 6 431.565000
demand_398 17 7 156.887000
demand_399 17 8 842.089000
demand_400 17 9 1107.150000
demand_401 17 10 574.060000
demand_402 17 11 819.377000
demand_403 17 12 666.382000
demand_404 17 13 1321.820000
demand_405 17 14 649.354000
demand_406 17 15 420.858000
demand_407 17 16 471.573000
demand_408 17 18 1427.880000
demand_409 17 19 444.651000
demand_410 17 20 763.518000
demand_411 17 21 959.835000
demand_412 17 22 1042.230000
demand_413 17 23 413.753000
demand_414 18 0 975.546000
demand_415 18 1 1237.770000
demand_416 18 2 1349.870000
demand_417 18 3 783.794000
demand_418 18 4 1092.570000
demand_419 18 5 1335.840000
demand_420 18 6 1564.520000
demand_421 18 7 1306.420000
demand_422 18 8 1465.670000
demand_423 18 9 751.601000
demand_424 18 10 409.760000
demand_425 18 11 1419.660000
demand_426 18 12 1495.550000
demand_427 18 13 281.953000
demand_428 18 14 592.353000
demand_429 18 15 1296.140000
demand_430 18 16 644.562000
demand_431 18 17 491.868000
demand_432 18 19 1246.640000
demand_433 18 20 1372.900000
demand_434 18 21 299.143000
demand_435 18 22 882.535000
demand_436 18 23 1562.240000
demand_437 19 0 386.435000
demand_438 19 1 588.054000
demand_439 19 2 525.366000
demand_440 19 3 170.313000
demand_441 19 4 1403.300000
demand_442 19 5 1344.930000
demand_443 19 6 881.912000
demand_444 19 7 188.238000
demand_445 19 8 707.432000
demand_446 19 9 1449.040000
demand_447 19 10 643.961000
demand_448 19 11 812.951000
demand_449 19 12 673.462000
demand_450 19 13 1022.410000
demand_451 19 14 753.228000
demand_452 19 15 1062.330000
demand_453 19 16 1540.510000
demand_454 19 17 809.297000
demand_455 19 18 1005.400000
demand_456 19 20 622.525000
demand_457 19 21 566.366000
demand_458 19 22 1403.230000
demand_459 19 23 1027.490000
demand_460 20 0 1157.990000
demand_461 20 1 1316.950000
demand_462 20 2 540.946000
demand_463 20 3 250.273000
demand_464 20 4 1041.880000
demand_465 20 5 1117.320000
demand_466 20 6 981.908000
demand_467 20 7 1376.240000
demand_468 20 8 1314.340000
demand_469 20 9 940.553000
demand_470 20 10 1139.930000
demand_471 20 11 459.038000
demand_472 20 12 554.876000
demand_473 20 13 1260.100000
demand_474 20 14 371.546000
demand_475 20 15 1000.150000
demand_476 20 16 237.788000
demand_477 20 17 955.198000
demand_478 20 18 1024.820000
demand_479 20 19 966.983000
demand_480 20 21 430.654000
demand_481 20 22 643.355000
demand_482 20 23 397.836000
demand_483 21 0 782.499000
demand_484 21 1 654.602000
demand_485 21 2 1156.570000
demand_486 21 3 955.716000
demand_487 21 4 946.898000
demand_488 21 5 802.330000
demand_489 21 6 269.225000
demand_490 21 7 1421.390000
demand_491 21 8 443.878000
demand_492 21 9 1204.630000
demand_493 21 10 1276.830000
demand_494 21 11 380.217000
demand_495 21 12 803.701000
demand_496 21 13 298.504000
demand_497 21 14 1316.980000
demand_498 21 15 422.690000
demand_499 21 16 405.154000
demand_500 21 17 618.714000
demand_501 21 18 896.822000
demand_502 21 19 933.285000
demand_503 21 20 744.958000
demand_504 21 22 423.379000
demand_505 21 23 1032.950000
demand_506 22 0 961.822000
demand_507 22 1 939.503000
demand_508 22 2 377.724000
demand_509 22 3 929.121000
demand_510 22 4 838.607000
demand_511 22 5 756.796000
demand_512 22 6 290.244000
demand_513 22 7 1270.990000
demand_514 22 8 709.049000
demand_515 22 9 1187.850000
demand_516 22 10 723.346000
demand_517 22 11 443.592000
demand_518 22 12 233.054000
demand_519 22 13 1101.880000
demand_520 22 14 1242.380000
demand_521 22 15 616.853000
demand_522 22 16 238.172000
demand_523 22 17 632.236000
demand_524 22 18 1208.490000
demand_525 22 19 725.679000
demand_526 22 20 378.077000
demand_527 22 21 811.146000
demand_528 22 23 703.370000
demand_529 23 0 1235.530000
demand_530 23 1 876.550000
demand_531 23 2 671.041000
demand_532 23 3 964.031000
demand_533 23 4 738.580000
demand_534 23 5 1567.270000
demand_535 23 6 1250.220000
demand_536 23 7 740.424000
demand_537 23 8 195.933000
demand_538 23 9 1255.310000
demand_539 23 10 641.867000
demand_540 23 11 707.422000
demand_541 23 12 1039.760000
demand_542 23 13 1006.370000
demand_543 23 14 1236.160000
demand_544 23 15 321.345000
demand_545 23 16 1489.960000
demand_546 23 17 1517.510000
demand_547 23 18 717.242000
demand_548 23 19 1501.790000
demand_549 23 20 1211.910000
demand_550 23 21 342.700000
demand_551 23 22 1194.060000
