DEMANDS 552
label src dest bw
demand_0 0 1 1151.060000
demand_1 0 2 192.525000
demand_2 0 3 1249.710000
demand_3 0 4 627.388000
demand_4 0 5 367.577000
demand_5 0 6 773.215000
demand_6 0 7 420.803000
demand_7 0 8 713.342000
demand_8 0 9 336.463000
demand_9 0 10 423.165000
demand_10 0 11 534.375000
demand_11 0 12 265.569000
demand_12 0 13 545.833000
demand_13 0 14 1445.480000
demand_14 0 15 647.399000
demand_15 0 16 717.864000
demand_16 0 17 1139.780000
demand_17 0 18 1001.710000
demand_18 0 19 235.986000
demand_19 0 20 994.650000
demand_20 0 21 722.894000
demand_21 0 22 415.447000
demand_22 0 23 512.250000
demand_23 1 0 673.624000
demand_24 1 2 995.364000
demand_25 1 3 480.679000
demand_26 1 4 423.217000
demand_27 1 5 1290.630000
demand_28 1 6 1353.940000
demand_29 1 7 1304.020000
demand_30 1 8 1353.810000
demand_31 1 9 356.425000
demand_32 1 10 920.181000
demand_33 1 11 1444.770000
demand_34 1 12 1067.170000
demand_35 1 13 647.512000
demand_36 1 14 192.827000
demand_37 1 15 650.369000
demand_38 1 16 276.103000
demand_39 1 17 895.402000
demand_40 1 18 447.210000
demand_41 1 19 393.857000
demand_42 1 20 1487.380000
demand_43 1 21 272.360000
demand_44 1 22 510.915000
demand_45 1 23 1182.920000
demand_46 2 0 1090.130000
demand_47 2 1 935.021000
demand_48 2 3 978.812000
demand_49 2 4 1414.490000
demand_50 2 5 1119.230000
demand_51 2 6 423.790000
demand_52 2 7 1439.860000
demand_53 2 8 1479.750000
demand_54 2 9 538.149000
demand_55 2 10 1525.010000
demand_56 2 11 553.067000
demand_57 2 12 987.021000
demand_58 2 13 739.402000
demand_59 2 14 476.381000
demand_60 2 15 1005.070000
demand_61 2 16 971.715000
demand_62 2 17 1283.770000
demand_63 2 18 1108.880000
demand_64 2 19 207.478000
demand_65 2 20 410.448000
demand_66 2 21 719.141000
demand_67 2 22 813.775000
demand_68 2 23 1289.260000
demand_69 3 0 377.363000
demand_70 3 1 744.868000
demand_71 3 2 950.413000
demand_72 3 4 335.536000
demand_73 3 5 611.117000
demand_74 3 6 894.595000
demand_75 3 7 1233.870000
demand_76 3 8 972.535000
demand_77 3 9 515.752000
demand_78 3 10 326.166000
demand_79 3 11 1116.700000
demand_80 3 12 917.074000
demand_81 3 13 1423.730000
demand_82 3 14 670.139000
demand_83 3 15 1421.740000
demand_84 3 16 649.369000
demand_85 3 17 199.818000
demand_86 3 18 323.440000
demand_87 3 19 1229.740000
demand_88 3 20 1509.270000
demand_89 3 21 1054.610000
demand_90 3 22 155.196000
demand_91 3 23 526.939000
demand_92 4 0 191.172000
demand_93 4 1 1234.990000
demand_94 4 2 886.207000
demand_95 4 3 889.002000
demand_96 4 5 568.628000
demand_97 4 6 920.006000
demand_98 4 7 1336.280000
demand_99 4 8 926.939000
demand_100 4 9 1323.290000
demand_101 4 10 1307.220000
demand_102 4 11 759.804000
demand_103 4 12 1439.060000
demand_104 4 13 1448.480000
demand_105 4 14 1366.290000
demand_106 4 15 1263.190000
demand_107 4 16 1262.450000
demand_108 4 17 1503.100000
demand_109 4 18 463.711000
demand_110 4 19 1115.160000
demand_111 4 20 1184.650000
demand_112 4 21 936.930000
demand_113 4 22 391.883000
demand_114 4 23 1024.870000
demand_115 5 0 1273.210000
demand_116 5 1 1308.540000
demand_117 5 2 201.033000
demand_118 5 3 1228.200000
demand_119 5 4 204.360000
demand_120 5 6 487.869000
demand_121 5 7 413.503000
demand_122 5 8 629.287000
demand_123 5 9 499.035000
demand_124 5 10 661.411000
demand_125 5 11 162.612000
demand_126 5 12 457.428000
demand_127 5 13 1141.600000
demand_128 5 14 314.417000
demand_129 5 15 1425.840000
demand_130 5 16 363.663000
demand_131 5 17 1262.310000
demand_132 5 18 415.299000
demand_133 5 19 1484.890000
demand_134 5 20 619.522000
demand_135 5 21 1065.970000
demand_136 5 22 1351.630000
demand_137 5 23 1123.540000
demand_138 6 0 564.618000
demand_139 6 1 1048.290000
demand_140 6 2 527.292000
demand_141 6 3 1057.780000
demand_142 6 4 312.329000
demand_143 6 5 1461.660000
demand_144 6 7 515.879000
demand_145 6 8 219.783000
demand_146 6 9 640.618000
demand_147 6 10 792.731000
demand_148 6 11 616.353000
demand_149 6 12 360.260000
demand_150 6 13 876.017000
demand_151 6 14 1375.340000
demand_152 6 15 406.688000
demand_153 6 16 1522.860000
demand_154 6 17 1345.670000
demand_155 6 18 431.893000
demand_156 6 19 849.902000
demand_157 6 20 1268.900000
demand_158 6 21 476.178000
demand_159 6 22 1500.650000
demand_160 6 23 440.278000
demand_161 7 0 157.115000
demand_162 7 1 719.278000
demand_163 7 2 1277.060000
demand_164 7 3 855.096000
demand_165 7 4 910.341000
demand_166 7 5 1462.200000
demand_167 7 6 384.078000
demand_168 7 8 717.860000
demand_169 7 9 964.556000
demand_170 7 10 1381.180000
demand_171 7 11 894.056000
demand_172 7 12 271.237000
demand_173 7 13 229.050000
demand_174 7 14 276.504000
demand_175 7 15 489.939000
demand_176 7 16 1234.660000
demand_177 7 17 1066.780000
demand_178 7 18 925.630000
demand_179 7 19 965.527000
demand_180 7 20 509.194000
demand_181 7 21 1150.430000
demand_182 7 22 1072.340000
demand_183 7 23 1426.830000
demand_184 8 0 452.346000
demand_185 8 1 958.252000
demand_186 8 2 941.064000
demand_187 8 3 760.216000
demand_188 8 4 326.341000
demand_189 8 5 777.527000
demand_190 8 6 821.239000
demand_191 8 7 577.740000
demand_192 8 9 327.763000
demand_193 8 10 395.519000
demand_194 8 11 496.113000
demand_195 8 12 1363.080000
demand_196 8 13 336.099000
demand_197 8 14 328.511000
demand_198 8 15 385.967000
demand_199 8 16 1119.560000
demand_200 8 17 1227.450000
demand_201 8 18 497.847000
demand_202 8 19 1175.900000
demand_203 8 20 444.260000
demand_204 8 21 898.465000
demand_205 8 22 956.775000
demand_206 8 23 736.374000
demand_207 9 0 512.329000
demand_208 9 1 584.254000
demand_209 9 2 269.462000
demand_210 9 3 1358.780000
demand_211 9 4 539.419000
demand_212 9 5 1466.460000
demand_213 9 6 331.622000
demand_214 9 7 542.108000
demand_215 9 8 666.012000
demand_216 9 10 794.609000
demand_217 9 11 489.476000
demand_218 9 12 1320.000000
demand_219 9 13 996.003000
demand_220 9 14 915.818000
demand_221 9 15 487.615000
demand_222 9 16 849.139000
demand_223 9 17 792.662000
demand_224 9 18 858.238000
demand_225 9 19 1168.750000
demand_226 9 20 514.602000
demand_227 9 21 242.956000
demand_228 9 22 1103.830000
demand_229 9 23 212.885000
demand_230 10 0 228.690000
demand_231 10 1 698.324000
demand_232 10 2 1302.380000
demand_233 10 3 499.653000
demand_234 10 4 259.203000
demand_235 10 5 523.402000
demand_236 10 6 1533.190000
demand_237 10 7 1240.560000
demand_238 10 8 1111.760000
demand_239 10 9 578.842000
demand_240 10 11 1010.400000
demand_241 10 12 391.828000
demand_242 10 13 653.634000
demand_243 10 14 842.458000
demand_244 10 15 325.998000
demand_245 10 16 501.689000
demand_246 10 17 1495.350000
demand_247 10 18 388.861000
demand_248 10 19 653.764000
demand_249 10 20 882.310000
demand_250 10 21 472.020000
demand_251 10 22 1014.470000
demand_252 10 23 951.265000
demand_253 11 0 739.399000
demand_254 11 1 407.213000
demand_255 11 2 1193.070000
demand_256 11 3 1359.380000
demand_257 11 4 1165.500000
demand_258 11 5 1060.160000
demand_259 11 6 487.512000
demand_260 11 7 832.824000
demand_261 11 8 401.253000
demand_262 11 9 747.862000
demand_263 11 10 1185.320000
demand_264 11 12 254.630000
demand_265 11 13 1127.970000
demand_266 11 14 897.651000
demand_267 11 15 1057.120000
demand_268 11 16 503.910000
demand_269 11 17 975.742000
demand_270 11 18 1434.610000
demand_271 11 19 1281.300000
demand_272 11 20 1087.100000
demand_273 11 21 934.183000
demand_274 11 22 503.773000
demand_275 11 23 1464.120000
demand_276 12 0 520.851000
demand_277 12 1 1318.920000
demand_278 12 2 802.242000
demand_279 12 3 1021.380000
demand_280 12 4 1384.180000
demand_281 12 5 399.519000
demand_282 12 6 706.228000
demand_283 12 7 761.363000
demand_284 12 8 1046.930000
demand_285 12 9 411.193000
demand_286 12 10 672.981000
demand_287 12 11 918.111000
demand_288 12 13 1309.790000
demand_289 12 14 481.102000
demand_290 12 15 580.628000
demand_291 12 16 1036.530000
demand_292 12 17 1374.550000
demand_293 12 18 846.444000
demand_294 12 19 985.301000
demand_295 12 20 816.552000
demand_296 12 21 709.273000
demand_297 12 22 648.456000
demand_298 12 23 162.561000
demand_299 13 0 1423.520000
demand_300 13 1 1483.980000
demand_301 13 2 791.395000
demand_302 13 3 980.508000
demand_303 13 4 748.250000
demand_304 13 5 1119.900000
demand_305 13 6 353.122000
demand_306 13 7 671.522000
demand_307 13 8 441.407000
demand_308 13 9 312.168000
demand_309 13 10 1370.880000
demand_310 13 11 1104.170000
demand_311 13 12 716.309000
demand_312 13 14 1330.060000
demand_313 13 15 1502.190000
demand_314 13 16 532.532000
demand_315 13 17 286.983000
demand_316 13 18 159.601000
demand_317 13 19 551.134000
demand_318 13 20 1213.830000
demand_319 13 21 1117.870000
demand_320 13 22 1046.450000
demand_321 13 23 960.940000
demand_322 14 0 1202.340000
demand_323 14 1 943.412000
demand_324 14 2 960.168000
demand_325 14 3 1398.540000
demand_326 14 4 1079.580000
demand_327 14 5 428.137000
demand_328 14 6 1242.200000
demand_329 14 7 1198.660000
demand_330 14 8 1306.300000
demand_331 14 9 167.182000
demand_332 14 10 322.369000
demand_333 14 11 327.848000
demand_334 14 12 309.390000
demand_335 14 13 937.624000
demand_336 14 15 957.030000
demand_337 14 16 1446.050000
demand_338 14 17 1210.060000
demand_339 14 18 1015.370000
demand_340 14 19 658.341000
demand_341 14 20 1319.570000
demand_342 14 21 928.274000
demand_343 14 22 1210.550000
demand_344 14 23 1044.760000
demand_345 15 0 786.187000
demand_346 15 1 964.061000
demand_347 15 2 398.135000
demand_348 15 3 778.939000
demand_349 15 4 1110.350000
demand_350 15 5 815.103000
demand_351 15 6 1288.480000
demand_352 15 7 1001.410000
demand_353 15 8 1036.310000
demand_354 15 9 717.802000
demand_355 15 10 927.460000
demand_356 15 11 244.916000
demand_357 15 12 394.581000
demand_358 15 13 897.448000
demand_359 15 14 806.101000
demand_360 15 16 424.377000
demand_361 15 17 874.956000
demand_362 15 18 392.236000
demand_363 15 19 1365.600000
demand_364 15 20 1219.600000
demand_365 15 21 872.659000
demand_366 15 22 746.125000
demand_367 15 23 680.494000
demand_368 16 0 1463.160000
demand_369 16 1 842.176000
demand_370 16 2 837.510000
demand_371 16 3 335.066000
demand_372 16 4 621.119000
demand_373 16 5 263.653000
demand_374 16 6 298.557000
demand_375 16 7 552.288000
demand_376 16 8 873.181000
demand_377 16 9 985.878000
demand_378 16 10 1239.950000
demand_379 16 11 556.666000
demand_380 16 12 958.018000
demand_381 16 13 975.495000
demand_382 16 14 1442.180000
demand_383 16 15 1142.910000
demand_384 16 17 373.143000
demand_385 16 18 1416.990000
demand_386 16 19 1035.230000
demand_387 16 20 1200.200000
demand_388 16 21 904.212000
demand_389 16 22 577.905000
demand_390 16 23 927.083000
demand_391 17 0 415.821000
demand_392 17 1 319.059000
demand_393 17 2 1061.900000
demand_394 17 3 494.818000
demand_395 17 4 823.941000
demand_396 17 5 559.096000
demand_397 17 6 163.917000
demand_398 17 7 979.756000
demand_399 17 8 470.739000
demand_400 17 9 1199.140000
demand_401 17 10 1372.040000
demand_402 17 11 716.772000
demand_403 17 12 1344.310000
demand_404 17 13 213.115000
demand_405 17 14 306.149000
demand_406 17 15 1029.860000
demand_407 17 16 999.697000
demand_408 17 18 461.150000
demand_409 17 19 1151.760000
demand_410 17 20 1221.350000
demand_411 17 21 1464.110000
demand_412 17 22 1428.270000
demand_413 17 23 798.139000
demand_414 18 0 1470.500000
demand_415 18 1 279.769000
demand_416 18 2 781.387000
demand_417 18 3 1001.430000
demand_418 18 4 834.544000
demand_419 18 5 185.476000
demand_420 18 6 1131.180000
demand_421 18 7 655.478000
demand_422 18 8 433.709000
demand_423 18 9 585.579000
demand_424 18 10 284.449000
demand_425 18 11 277.356000
demand_426 18 12 1121.120000
demand_427 18 13 362.609000
demand_428 18 14 444.133000
demand_429 18 15 162.626000
demand_430 18 16 1352.360000
demand_431 18 17 616.765000
demand_432 18 19 785.321000
demand_433 18 20 428.655000
demand_434 18 21 1320.310000
demand_435 18 22 754.963000
demand_436 18 23 838.523000
demand_437 19 0 1467.600000
demand_438 19 1 819.704000
demand_439 19 2 783.951000
demand_440 19 3 1254.580000
demand_441 19 4 891.457000
demand_442 19 5 292.377000
demand_443 19 6 1442.530000
demand_444 19 7 1021.440000
demand_445 19 8 1454.980000
demand_446 19 9 370.932000
demand_447 19 10 965.984000
demand_448 19 11 451.739000
demand_449 19 12 909.531000
demand_450 19 13 485.723000
demand_451 19 14 1352.060000
demand_452 19 15 1000.110000
demand_453 19 16 171.313000
demand_454 19 17 1039.560000
demand_455 19 18 1406.130000
demand_456 19 20 1137.790000
demand_457 19 21 632.168000
demand_458 19 22 1273.550000
demand_459 19 23 1154.500000
demand_460 20 0 1357.720000
demand_461 20 1 409.830000
demand_462 20 2 1150.950000
demand_463 20 3 905.641000
demand_464 20 4 1016.980000
demand_465 20 5 1516.840000
demand_466 20 6 1300.630000
demand_467 20 7 574.022000
demand_468 20 8 986.684000
demand_469 20 9 1063.290000
demand_470 20 10 606.873000
demand_471 20 11 300.473000
demand_472 20 12 827.121000
demand_473 20 13 1217.240000
demand_474 20 14 1345.690000
demand_475 20 15 440.937000
demand_476 20 16 390.684000
demand_477 20 17 456.154000
demand_478 20 18 600.854000
demand_479 20 19 1231.560000
demand_480 20 21 565.119000
demand_481 20 22 1092.240000
demand_482 20 23 935.340000
demand_483 21 0 1175.890000
demand_484 21 1 420.573000
demand_485 21 2 1306.870000
demand_486 21 3 1066.080000
demand_487 21 4 286.296000
demand_488 21 5 658.496000
demand_489 21 6 1218.220000
demand_490 21 7 846.966000
demand_491 21 8 475.072000
demand_492 21 9 811.955000
demand_493 21 10 767.155000
demand_494 21 11 996.391000
demand_495 21 12 1322.790000
demand_496 21 13 1380.350000
demand_497 21 14 1024.650000
demand_498 21 15 1171.320000
demand_499 21 16 639.694000
demand_500 21 17 1139.050000
demand_501 21 18 856.772000
demand_502 21 19 1093.620000
demand_503 21 20 1243.750000
demand_504 21 22 198.630000
demand_505 21 23 686.499000
demand_506 22 0 894.763000
demand_507 22 1 671.752000
demand_508 22 2 1465.120000
demand_509 22 3 872.219000
demand_510 22 4 1364.440000
demand_511 22 5 314.362000
demand_512 22 6 1442.750000
demand_513 22 7 954.911000
demand_514 22 8 812.363000
demand_515 22 9 1190.260000
demand_516 22 10 1100.020000
demand_517 22 11 927.450000
demand_518 22 12 934.087000
demand_519 22 13 326.049000
demand_520 22 14 980.144000
demand_521 22 15 395.467000
demand_522 22 16 1273.300000
demand_523 22 17 759.038000
demand_524 22 18 578.877000
demand_525 22 19 1240.390000
demand_526 22 20 229.545000
demand_527 22 21 1381.110000
demand_528 22 23 972.515000
demand_529 23 0 617.685000
demand_530 23 1 259.732000
demand_531 23 2 835.869000
demand_532 23 3 811.763000
demand_533 23 4 1456.920000
demand_534 23 5 1417.460000
demand_535 23 6 513.246000
demand_536 23 7 371.780000
demand_537 23 8 1253.550000
demand_538 23 9 1357.620000
demand_539 23 10 1163.490000
demand_540 23 11 1231.580000
demand_541 23 12 752.089000
demand_542 23 13 1259.930000
demand_543 23 14 1123.230000
demand_544 23 15 1398.310000
demand_545 23 16 922.791000
demand_546 23 17 180.593000
demand_547 23 18 1195.330000
demand_548 23 19 739.804000
demand_549 23 20 575.793000
demand_550 23 21 572.247000
demand_551 23 22 1088.370000
