DEMANDS 552
label src dest bw
demand_0 0 1 991.720000
demand_1 0 2 636.980000
demand_2 0 3 604.455000
demand_3 0 4 687.718000
demand_4 0 5 988.370000
demand_5 0 6 283.780000
demand_6 0 7 196.375000
demand_7 0 8 1195.850000
demand_8 0 9 504.098000
demand_9 0 10 259.337000
demand_10 0 11 1093.040000
demand_11 0 12 1450.200000
demand_12 0 13 835.515000
demand_13 0 14 1305.370000
demand_14 0 15 741.124000
demand_15 0 16 191.918000
demand_16 0 17 1316.880000
demand_17 0 18 1432.950000
demand_18 0 19 913.083000
demand_19 0 20 1469.740000
demand_20 0 21 677.965000
demand_21 0 22 338.205000
demand_22 0 23 1305.540000
demand_23 1 0 233.745000
demand_24 1 2 683.713000
demand_25 1 3 334.704000
demand_26 1 4 1199.770000
demand_27 1 5 692.674000
demand_28 1 6 405.040000
demand_29 1 7 177.541000
demand_30 1 8 1021.730000
demand_31 1 9 731.017000
demand_32 1 10 561.312000
demand_33 1 11 479.761000
demand_34 1 12 607.195000
demand_35 1 13 1094.830000
demand_36 1 14 489.977000
demand_37 1 15 386.152000
demand_38 1 16 1323.000000
demand_39 1 17 830.978000
demand_40 1 18 1399.260000
demand_41 1 19 1326.900000
demand_42 1 20 731.542000
demand_43 1 21 566.593000
demand_44 1 22 656.652000
demand_45 1 23 527.012000
demand_46 2 0 541.456000
demand_47 2 1 234.762000
demand_48 2 3 879.448000
demand_49 2 4 1288.750000
demand_50 2 5 982.762000
demand_51 2 6 152.281000
demand_52 2 7 1003.120000
demand_53 2 8 933.437000
demand_54 2 9 411.436000
demand_55 2 10 923.612000
demand_56 2 11 1439.630000
demand_57 2 12 571.484000
demand_58 2 13 948.647000
demand_59 2 14 1205.740000
demand_60 2 15 193.849000
demand_61 2 16 242.889000
demand_62 2 17 857.257000
demand_63 2 18 1387.880000
demand_64 2 19 1148.740000
demand_65 2 20 691.048000
demand_66 2 21 332.628000
demand_67 2 22 933.040000
demand_68 2 23 553.035000
demand_69 3 0 397.201000
demand_70 3 1 1237.420000
demand_71 3 2 404.199000
demand_72 3 4 1387.270000
demand_73 3 5 668.187000
demand_74 3 6 1407.700000
demand_75 3 7 167.706000
demand_76 3 8 205.671000
demand_77 3 9 1105.680000
demand_78 3 10 1154.190000
demand_79 3 11 469.822000
demand_80 3 12 1209.740000
demand_81 3 13 1151.010000
demand_82 3 14 727.166000
demand_83 3 15 543.898000
demand_84 3 16 1144.210000
demand_85 3 17 686.904000
demand_86 3 18 1297.060000
demand_87 3 19 310.446000
demand_88 3 20 1169.580000
demand_89 3 21 861.500000
demand_90 3 22 897.514000
demand_91 3 23 1336.490000
demand_92 4 0 292.948000
demand_93 4 1 1189.550000
demand_94 4 2 1318.970000
demand_95 4 3 481.974000
demand_96 4 5 1411.730000
demand_97 4 6 944.435000
demand_98 4 7 1047.180000
demand_99 4 8 1007.400000
demand_100 4 9 1275.070000
demand_101 4 10 345.013000
demand_102 4 11 590.870000
demand_103 4 12 498.591000
demand_104 4 13 1439.920000
demand_105 4 14 1364.950000
demand_106 4 15 959.720000
demand_107 4 16 964.551000
demand_108 4 17 812.481000
demand_109 4 18 961.702000
demand_110 4 19 690.379000
demand_111 4 20 662.981000
demand_112 4 21 1257.690000
demand_113 4 22 508.195000
demand_114 4 23 850.995000
demand_115 5 0 1073.740000
demand_116 5 1 1072.230000
demand_117 5 2 1219.360000
demand_118 5 3 1046.860000
demand_119 5 4 271.137000
demand_120 5 6 584.142000
demand_121 5 7 663.568000
demand_122 5 8 855.934000
demand_123 5 9 378.299000
demand_124 5 10 1298.640000
demand_125 5 11 939.426000
demand_126 5 12 843.617000
demand_127 5 13 1226.660000
demand_128 5 14 468.284000
demand_129 5 15 1135.290000
demand_130 5 16 429.134000
demand_131 5 17 878.875000
demand_132 5 18 206.593000
demand_133 5 19 1080.990000
demand_134 5 20 1206.850000
demand_135 5 21 206.685000
demand_136 5 22 947.417000
demand_137 5 23 224.693000
demand_138 6 0 723.043000
demand_139 6 1 1291.200000
demand_140 6 2 714.516000
demand_141 6 3 1446.400000
demand_142 6 4 1268.790000
demand_143 6 5 922.651000
demand_144 6 7 519.954000
demand_145 6 8 778.422000
demand_146 6 9 731.590000
demand_147 6 10 635.506000
demand_148 6 11 1131.780000
demand_149 6 12 696.202000
demand_150 6 13 1443.660000
demand_151 6 14 652.091000
demand_152 6 15 1411.210000
demand_153 6 16 970.617000
demand_154 6 17 788.895000
demand_155 6 18 194.906000
demand_156 6 19 237.119000
demand_157 6 20 1017.610000
demand_158 6 21 1359.610000
demand_159 6 22 944.445000
demand_160 6 23 530.658000
demand_161 7 0 1140.630000
demand_162 7 1 599.039000
demand_163 7 2 1360.760000
demand_164 7 3 679.588000
demand_165 7 4 411.788000
demand_166 7 5 1292.830000
demand_167 7 6 851.783000
demand_168 7 8 1263.100000
demand_169 7 9 1117.400000
demand_170 7 10 1166.310000
demand_171 7 11 817.509000
demand_172 7 12 1193.560000
demand_173 7 13 1104.400000
demand_174 7 14 1052.390000
demand_175 7 15 1043.060000
demand_176 7 16 325.729000
demand_177 7 17 1324.840000
demand_178 7 18 1080.670000
demand_179 7 19 1120.570000
demand_180 7 20 1376.400000
demand_181 7 21 815.990000
demand_182 7 22 755.128000
demand_183 7 23 871.804000
demand_184 8 0 1471.510000
demand_185 8 1 1283.100000
demand_186 8 2 440.609000
demand_187 8 3 983.951000
demand_188 8 4 1448.860000
demand_189 8 5 1317.600000
demand_190 8 6 522.817000
demand_191 8 7 494.971000
demand_192 8 9 968.320000
demand_193 8 10 1402.060000
demand_194 8 11 447.571000
demand_195 8 12 350.268000
demand_196 8 13 1124.560000
demand_197 8 14 572.524000
demand_198 8 15 1392.780000
demand_199 8 16 620.602000
demand_200 8 17 1290.640000
demand_201 8 18 1115.920000
demand_202 8 19 653.423000
demand_203 8 20 759.631000
demand_204 8 21 1423.880000
demand_205 8 22 695.169000
demand_206 8 23 516.746000
demand_207 9 0 1437.770000
demand_208 9 1 616.402000
demand_209 9 2 823.388000
demand_210 9 3 1320.820000
demand_211 9 4 1381.730000
demand_212 9 5 570.771000
demand_213 9 6 1447.040000
demand_214 9 7 911.631000
demand_215 9 8 215.845000
demand_216 9 10 257.647000
demand_217 9 11 803.104000
demand_218 9 12 1381.610000
demand_219 9 13 590.670000
demand_220 9 14 1108.470000
demand_221 9 15 757.049000
demand_222 9 16 604.423000
demand_223 9 17 862.478000
demand_224 9 18 1232.160000
demand_225 9 19 423.438000
demand_226 9 20 1233.920000
demand_227 9 21 444.057000
demand_228 9 22 1320.640000
demand_229 9 23 1328.900000
demand_230 10 0 449.729000
demand_231 10 1 274.600000
demand_232 10 2 1374.230000
demand_233 10 3 145.936000
demand_234 10 4 564.936000
demand_235 10 5 445.582000
demand_236 10 6 641.668000
demand_237 10 7 1341.110000
demand_238 10 8 1329.400000
demand_239 10 9 173.353000
demand_240 10 11 1388.200000
demand_241 10 12 761.647000
demand_242 10 13 827.294000
demand_243 10 14 710.581000
demand_244 10 15 1023.350000
demand_245 10 16 1429.040000
demand_246 10 17 1303.260000
demand_247 10 18 944.496000
demand_248 10 19 1052.730000
demand_249 10 20 692.700000
demand_250 10 21 1019.210000
demand_251 10 22 735.520000
demand_252 10 23 576.426000
demand_253 11 0 836.941000
demand_254 11 1 297.695000
demand_255 11 2 858.726000
demand_256 11 3 357.558000
demand_257 11 4 609.382000
demand_258 11 5 729.379000
demand_259 11 6 516.821000
demand_260 11 7 262.181000
demand_261 11 8 1341.270000
demand_262 11 9 1145.380000
demand_263 11 10 1372.680000
demand_264 11 12 1177.310000
demand_265 11 13 779.316000
demand_266 11 14 511.879000
demand_267 11 15 1061.190000
demand_268 11 16 1078.710000
demand_269 11 17 837.375000
demand_270 11 18 1379.080000
demand_271 11 19 172.021000
demand_272 11 20 373.093000
demand_273 11 21 950.482000
demand_274 11 22 324.081000
demand_275 11 23 812.291000
demand_276 12 0 1039.090000
demand_277 12 1 558.685000
demand_278 12 2 954.273000
demand_279 12 3 344.503000
demand_280 12 4 331.785000
demand_281 12 5 749.570000
demand_282 12 6 504.614000
demand_283 12 7 536.703000
demand_284 12 8 452.387000
demand_285 12 9 1394.260000
demand_286 12 10 259.429000
demand_287 12 11 1050.990000
demand_288 12 13 1451.860000
demand_289 12 14 1276.010000
demand_290 12 15 1237.560000
demand_291 12 16 801.411000
demand_292 12 17 1025.380000
demand_293 12 18 512.633000
demand_294 12 19 753.273000
demand_295 12 20 1408.610000
demand_296 12 21 452.144000
demand_297 12 22 1315.490000
demand_298 12 23 980.079000
demand_299 13 0 317.331000
demand_300 13 1 952.151000
demand_301 13 2 1057.790000
demand_302 13 3 1048.950000
demand_303 13 4 338.429000
demand_304 13 5 1190.400000
demand_305 13 6 727.600000
demand_306 13 7 837.779000
demand_307 13 8 934.155000
demand_308 13 9 810.473000
demand_309 13 10 505.919000
demand_310 13 11 1064.450000
demand_311 13 12 277.791000
demand_312 13 14 1321.900000
demand_313 13 15 1067.100000
demand_314 13 16 199.602000
demand_315 13 17 1250.310000
demand_316 13 18 764.994000
demand_317 13 19 666.998000
demand_318 13 20 304.956000
demand_319 13 21 958.865000
demand_320 13 22 476.329000
demand_321 13 23 738.533000
demand_322 14 0 564.050000
demand_323 14 1 1259.750000
demand_324 14 2 402.653000
demand_325 14 3 435.431000
demand_326 14 4 482.097000
demand_327 14 5 483.877000
demand_328 14 6 157.148000
demand_329 14 7 1081.650000
demand_330 14 8 708.785000
demand_331 14 9 154.730000
demand_332 14 10 368.592000
demand_333 14 11 300.561000
demand_334 14 12 373.594000
demand_335 14 13 910.514000
demand_336 14 15 592.057000
demand_337 14 16 968.659000
demand_338 14 17 295.231000
demand_339 14 18 333.822000
demand_340 14 19 595.395000
demand_341 14 20 189.632000
demand_342 14 21 287.393000
demand_343 14 22 812.467000
demand_344 14 23 806.013000
demand_345 15 0 161.136000
demand_346 15 1 778.887000
demand_347 15 2 709.863000
demand_348 15 3 554.449000
demand_349 15 4 282.242000
demand_350 15 5 1097.430000
demand_351 15 6 1153.150000
demand_352 15 7 350.338000
demand_353 15 8 400.472000
demand_354 15 9 1304.480000
demand_355 15 10 1178.060000
demand_356 15 11 505.478000
demand_357 15 12 1122.920000
demand_358 15 13 1105.310000
demand_359 15 14 181.912000
demand_360 15 16 891.698000
demand_361 15 17 197.830000
demand_362 15 18 1293.530000
demand_363 15 19 1369.960000
demand_364 15 20 694.403000
demand_365 15 21 802.673000
demand_366 15 22 1425.260000
demand_367 15 23 1242.750000
demand_368 16 0 603.438000
demand_369 16 1 166.870000
demand_370 16 2 393.182000
demand_371 16 3 1189.830000
demand_372 16 4 165.440000
demand_373 16 5 1299.150000
demand_374 16 6 1216.170000
demand_375 16 7 761.127000
demand_376 16 8 740.481000
demand_377 16 9 400.546000
demand_378 16 10 439.311000
demand_379 16 11 157.613000
demand_380 16 12 1017.220000
demand_381 16 13 898.314000
demand_382 16 14 177.784000
demand_383 16 15 540.883000
demand_384 16 17 902.010000
demand_385 16 18 884.438000
demand_386 16 19 186.343000
demand_387 16 20 1396.320000
demand_388 16 21 1436.860000
demand_389 16 22 810.889000
demand_390 16 23 1351.560000
demand_391 17 0 1092.070000
demand_392 17 1 471.282000
demand_393 17 2 527.535000
demand_394 17 3 861.743000
demand_395 17 4 1116.370000
demand_396 17 5 559.648000
demand_397 17 6 1432.930000
demand_398 17 7 821.136000
demand_399 17 8 1390.810000
demand_400 17 9 1279.570000
demand_401 17 10 386.675000
demand_402 17 11 1184.200000
demand_403 17 12 379.696000
demand_404 17 13 621.425000
demand_405 17 14 901.100000
demand_406 17 15 603.335000
demand_407 17 16 1250.560000
demand_408 17 18 246.947000
demand_409 17 19 768.301000
demand_410 17 20 1012.950000
demand_411 17 21 605.134000
demand_412 17 22 1407.210000
demand_413 17 23 787.330000
demand_414 18 0 241.326000
demand_415 18 1 275.944000
demand_416 18 2 833.206000
demand_417 18 3 242.485000
demand_418 18 4 200.435000
demand_419 18 5 845.849000
demand_420 18 6 1441.330000
demand_421 18 7 949.986000
demand_422 18 8 366.205000
demand_423 18 9 1051.070000
demand_424 18 10 585.023000
demand_425 18 11 1258.270000
demand_426 18 12 327.966000
demand_427 18 13 714.865000
demand_428 18 14 1034.510000
demand_429 18 15 813.370000
demand_430 18 16 904.797000
demand_431 18 17 724.272000
demand_432 18 19 787.205000
demand_433 18 20 463.133000
demand_434 18 21 906.827000
demand_435 18 22 325.591000
demand_436 18 23 338.653000
demand_437 19 0 885.945000
demand_438 19 1 1316.140000
demand_439 19 2 1361.930000
demand_440 19 3 488.833000
demand_441 19 4 257.464000
demand_442 19 5 1328.860000
demand_443 19 6 973.707000
demand_444 19 7 271.773000
demand_445 19 8 254.415000
demand_446 19 9 738.605000
demand_447 19 10 554.851000
demand_448 19 11 590.730000
demand_449 19 12 612.382000
demand_450 19 13 925.269000
demand_451 19 14 1174.490000
demand_452 19 15 1404.990000
demand_453 19 16 1423.090000
demand_454 19 17 760.551000
demand_455 19 18 1348.620000
demand_456 19 20 288.773000
demand_457 19 21 1219.840000
demand_458 19 22 1120.960000
demand_459 19 23 1397.800000
demand_460 20 0 211.058000
demand_461 20 1 633.589000
demand_462 20 2 1378.180000
demand_463 20 3 387.465000
demand_464 20 4 1078.100000
demand_465 20 5 192.255000
demand_466 20 6 867.845000
demand_467 20 7 961.112000
demand_468 20 8 1313.110000
demand_469 20 9 663.838000
demand_470 20 10 584.951000
demand_471 20 11 806.711000
demand_472 20 12 312.816000
demand_473 20 13 1307.510000
demand_474 20 14 168.378000
demand_475 20 15 1357.080000
demand_476 20 16 385.914000
demand_477 20 17 1215.720000
demand_478 20 18 1106.040000
demand_479 20 19 1404.350000
demand_480 20 21 272.243000
demand_481 20 22 431.809000
demand_482 20 23 288.508000
demand_483 21 0 437.334000
demand_484 21 1 825.182000
demand_485 21 2 1234.960000
demand_486 21 3 1005.880000
demand_487 21 4 700.387000
demand_488 21 5 1027.290000
demand_489 21 6 624.946000
demand_490 21 7 1272.050000
demand_491 21 8 985.574000
demand_492 21 9 1225.860000
demand_493 21 10 213.883000
demand_494 21 11 356.264000
demand_495 21 12 1073.530000
demand_496 21 13 580.146000
demand_497 21 14 167.857000
demand_498 21 15 712.939000
demand_499 21 16 585.023000
demand_500 21 17 216.387000
demand_501 21 18 1399.120000
demand_502 21 19 156.007000
demand_503 21 20 1410.920000
demand_504 21 22 1168.480000
demand_505 21 23 1369.850000
demand_506 22 0 926.844000
demand_507 22 1 247.638000
demand_508 22 2 440.366000
demand_509 22 3 1166.080000
demand_510 22 4 809.745000
demand_511 22 5 944.741000
demand_512 22 6 1305.210000
demand_513 22 7 1150.690000
demand_514 22 8 647.780000
demand_515 22 9 1011.410000
demand_516 22 10 839.609000
demand_517 22 11 1390.690000
demand_518 22 12 478.950000
demand_519 22 13 562.901000
demand_520 22 14 1176.250000
demand_521 22 15 282.333000
demand_522 22 16 1277.120000
demand_523 22 17 475.513000
demand_524 22 18 342.940000
demand_525 22 19 430.978000
demand_526 22 20 479.566000
demand_527 22 21 244.062000
demand_528 22 23 885.936000
demand_529 23 0 575.997000
demand_530 23 1 218.844000
demand_531 23 2 1026.780000
demand_532 23 3 1280.660000
demand_533 23 4 150.639000
demand_534 23 5 1056.300000
demand_535 23 6 830.179000
demand_536 23 7 594.721000
demand_537 23 8 359.824000
demand_538 23 9 1162.610000
demand_539 23 10 375.814000
demand_540 23 11 889.452000
demand_541 23 12 1207.620000
demand_542 23 13 920.498000
demand_543 23 14 1068.590000
demand_544 23 15 928.580000
demand_545 23 16 828.274000
demand_546 23 17 960.406000
demand_547 23 18 387.229000
demand_548 23 19 643.489000
demand_549 23 20 758.001000
demand_550 23 21 1299.300000
demand_551 23 22 619.532000
