DEMANDS 552
label src dest bw
demand_0 0 1 1491.650000
demand_1 0 2 675.624000
demand_2 0 3 1170.710000
demand_3 0 4 1244.820000
demand_4 0 5 249.145000
demand_5 0 6 261.422000
demand_6 0 7 819.680000
demand_7 0 8 1271.720000
demand_8 0 9 432.128000
demand_9 0 10 1312.620000
demand_10 0 11 237.165000
demand_11 0 12 1164.850000
demand_12 0 13 676.385000
demand_13 0 14 741.731000
demand_14 0 15 1307.780000
demand_15 0 16 1402.260000
demand_16 0 17 1442.990000
demand_17 0 18 382.712000
demand_18 0 19 823.170000
demand_19 0 20 772.816000
demand_20 0 21 685.073000
demand_21 0 22 1109.850000
demand_22 0 23 660.717000
demand_23 1 0 1078.610000
demand_24 1 2 1432.750000
demand_25 1 3 973.965000
demand_26 1 4 1113.190000
demand_27 1 5 816.444000
demand_28 1 6 978.623000
demand_29 1 7 1313.610000
demand_30 1 8 1008.850000
demand_31 1 9 1149.600000
demand_32 1 10 1195.460000
demand_33 1 11 268.533000
demand_34 1 12 1379.470000
demand_35 1 13 1236.970000
demand_36 1 14 969.369000
demand_37 1 15 1374.420000
demand_38 1 16 613.965000
demand_39 1 17 911.055000
demand_40 1 18 204.362000
demand_41 1 19 1307.840000
demand_42 1 20 757.553000
demand_43 1 21 475.657000
demand_44 1 22 1027.090000
demand_45 1 23 704.158000
demand_46 2 0 753.053000
demand_47 2 1 336.526000
demand_48 2 3 1040.260000
demand_49 2 4 815.334000
demand_50 2 5 510.439000
demand_51 2 6 1358.640000
demand_52 2 7 288.483000
demand_53 2 8 286.923000
demand_54 2 9 1174.390000
demand_55 2 10 1234.310000
demand_56 2 11 1210.930000
demand_57 2 12 224.958000
demand_58 2 13 531.239000
demand_59 2 14 417.688000
demand_60 2 15 1111.210000
demand_61 2 16 1272.630000
demand_62 2 17 1077.310000
demand_63 2 18 683.209000
demand_64 2 19 222.416000
demand_65 2 20 1051.480000
demand_66 2 21 1356.130000
demand_67 2 22 836.944000
demand_68 2 23 244.121000
demand_69 3 0 522.265000
demand_70 3 1 1428.310000
demand_71 3 2 1225.280000
demand_72 3 4 871.894000
demand_73 3 5 1463.550000
demand_74 3 6 407.578000
demand_75 3 7 268.948000
demand_76 3 8 1119.880000
demand_77 3 9 1055.940000
demand_78 3 10 748.846000
demand_79 3 11 1245.290000
demand_80 3 12 384.085000
demand_81 3 13 276.994000
demand_82 3 14 718.666000
demand_83 3 15 825.069000
demand_84 3 16 696.987000
demand_85 3 17 1481.000000
demand_86 3 18 456.095000
demand_87 3 19 1249.980000
demand_88 3 20 1027.020000
demand_89 3 21 1116.800000
demand_90 3 22 1242.340000
demand_91 3 23 1503.740000
demand_92 4 0 235.980000
demand_93 4 1 1166.060000
demand_94 4 2 1058.910000
demand_95 4 3 690.228000
demand_96 4 5 853.382000
demand_97 4 6 1398.470000
demand_98 4 7 300.085000
demand_99 4 8 1282.000000
demand_100 4 9 174.093000
demand_101 4 10 1185.580000
demand_102 4 11 540.408000
demand_103 4 12 893.981000
demand_104 4 13 971.170000
demand_105 4 14 616.582000
demand_106 4 15 1501.530000
demand_107 4 16 248.553000
demand_108 4 17 228.286000
demand_109 4 18 530.818000
demand_110 4 19 992.632000
demand_111 4 20 320.088000
demand_112 4 21 1145.070000
demand_113 4 22 1421.160000
demand_114 4 23 574.673000
demand_115 5 0 698.403000
demand_116 5 1 1172.330000
demand_117 5 2 450.656000
demand_118 5 3 1083.280000
demand_119 5 4 161.652000
demand_120 5 6 984.493000
demand_121 5 7 919.144000
demand_122 5 8 1202.830000
demand_123 5 9 1358.680000
demand_124 5 10 405.251000
demand_125 5 11 1084.040000
demand_126 5 12 1442.450000
demand_127 5 13 272.148000
demand_128 5 14 951.091000
demand_129 5 15 1178.820000
demand_130 5 16 1382.590000
demand_131 5 17 1164.400000
demand_132 5 18 767.325000
demand_133 5 19 570.106000
demand_134 5 20 1385.890000
demand_135 5 21 543.206000
demand_136 5 22 522.788000
demand_137 5 23 1060.680000
demand_138 6 0 547.591000
demand_139 6 1 1451.170000
demand_140 6 2 204.352000
demand_141 6 3 1172.640000
demand_142 6 4 624.717000
demand_143 6 5 900.944000
demand_144 6 7 1222.900000
demand_145 6 8 321.465000
demand_146 6 9 1472.090000
demand_147 6 10 225.856000
demand_148 6 11 433.389000
demand_149 6 12 378.801000
demand_150 6 13 279.832000
demand_151 6 14 1250.780000
demand_152 6 15 1239.650000
demand_153 6 16 267.664000
demand_154 6 17 951.618000
demand_155 6 18 1369.100000
demand_156 6 19 1368.590000
demand_157 6 20 1044.590000
demand_158 6 21 1004.850000
demand_159 6 22 186.037000
demand_160 6 23 734.110000
demand_161 7 0 839.374000
demand_162 7 1 627.206000
demand_163 7 2 1359.060000
demand_164 7 3 557.244000
demand_165 7 4 665.784000
demand_166 7 5 280.589000
demand_167 7 6 782.291000
demand_168 7 8 776.734000
demand_169 7 9 602.669000
demand_170 7 10 788.944000
demand_171 7 11 866.498000
demand_172 7 12 595.618000
demand_173 7 13 1027.680000
demand_174 7 14 182.630000
demand_175 7 15 503.683000
demand_176 7 16 691.176000
demand_177 7 17 441.428000
demand_178 7 18 602.887000
demand_179 7 19 497.738000
demand_180 7 20 1256.550000
demand_181 7 21 1477.520000
demand_182 7 22 1163.760000
demand_183 7 23 940.204000
demand_184 8 0 694.294000
demand_185 8 1 1488.850000
demand_186 8 2 1445.150000
demand_187 8 3 518.251000
demand_188 8 4 690.153000
demand_189 8 5 1432.770000
demand_190 8 6 1237.290000
demand_191 8 7 672.530000
demand_192 8 9 178.801000
demand_193 8 10 208.701000
demand_194 8 11 902.890000
demand_195 8 12 718.903000
demand_196 8 13 564.451000
demand_197 8 14 1401.230000
demand_198 8 15 172.885000
demand_199 8 16 307.746000
demand_200 8 17 975.647000
demand_201 8 18 1208.370000
demand_202 8 19 1172.440000
demand_203 8 20 279.884000
demand_204 8 21 685.158000
demand_205 8 22 1085.200000
demand_206 8 23 1465.160000
demand_207 9 0 1064.280000
demand_208 9 1 247.894000
demand_209 9 2 562.396000
demand_210 9 3 1314.100000
demand_211 9 4 1395.460000
demand_212 9 5 1301.570000
demand_213 9 6 558.775000
demand_214 9 7 216.615000
demand_215 9 8 304.770000
demand_216 9 10 543.878000
demand_217 9 11 790.311000
demand_218 9 12 1273.890000
demand_219 9 13 1126.180000
demand_220 9 14 590.590000
demand_221 9 15 670.186000
demand_222 9 16 846.037000
demand_223 9 17 743.460000
demand_224 9 18 742.149000
demand_225 9 19 1067.630000
demand_226 9 20 195.901000
demand_227 9 21 602.479000
demand_228 9 22 366.729000
demand_229 9 23 666.623000
demand_230 10 0 863.489000
demand_231 10 1 1034.390000
demand_232 10 2 370.966000
demand_233 10 3 804.250000
demand_234 10 4 672.605000
demand_235 10 5 192.974000
demand_236 10 6 858.304000
demand_237 10 7 602.222000
demand_238 10 8 164.052000
demand_239 10 9 399.275000
demand_240 10 11 454.406000
demand_241 10 12 941.886000
demand_242 10 13 1020.160000
demand_243 10 14 305.567000
demand_244 10 15 728.279000
demand_245 10 16 926.054000
demand_246 10 17 1089.090000
demand_247 10 18 1050.980000
demand_248 10 19 333.343000
demand_249 10 20 833.224000
demand_250 10 21 310.067000
demand_251 10 22 1321.460000
demand_252 10 23 528.803000
demand_253 11 0 1337.890000
demand_254 11 1 1285.190000
demand_255 11 2 446.419000
demand_256 11 3 934.469000
demand_257 11 4 578.396000
demand_258 11 5 1488.610000
demand_259 11 6 274.449000
demand_260 11 7 606.676000
demand_261 11 8 767.318000
demand_262 11 9 869.491000
demand_263 11 10 967.374000
demand_264 11 12 1240.710000
demand_265 11 13 530.153000
demand_266 11 14 192.243000
demand_267 11 15 1329.540000
demand_268 11 16 1280.010000
demand_269 11 17 189.438000
demand_270 11 18 763.167000
demand_271 11 19 181.010000
demand_272 11 20 616.773000
demand_273 11 21 1207.870000
demand_274 11 22 424.711000
demand_275 11 23 1450.230000
demand_276 12 0 634.317000
demand_277 12 1 654.646000
demand_278 12 2 1133.630000
demand_279 12 3 240.859000
demand_280 12 4 173.356000
demand_281 12 5 708.572000
demand_282 12 6 238.923000
demand_283 12 7 928.921000
demand_284 12 8 768.767000
demand_285 12 9 1353.290000
demand_286 12 10 569.399000
demand_287 12 11 652.536000
demand_288 12 13 817.455000
demand_289 12 14 730.126000
demand_290 12 15 1463.160000
demand_291 12 16 1360.370000
demand_292 12 17 902.383000
demand_293 12 18 1366.470000
demand_294 12 19 670.162000
demand_295 12 20 884.088000
demand_296 12 21 289.820000
demand_297 12 22 515.420000
demand_298 12 23 450.245000
demand_299 13 0 866.633000
demand_300 13 1 199.710000
demand_301 13 2 973.573000
demand_302 13 3 408.329000
demand_303 13 4 1177.300000
demand_304 13 5 252.289000
demand_305 13 6 1181.720000
demand_306 13 7 962.709000
demand_307 13 8 872.934000
demand_308 13 9 417.343000
demand_309 13 10 590.413000
demand_310 13 11 509.787000
demand_311 13 12 218.314000
demand_312 13 14 791.440000
demand_313 13 15 339.127000
demand_314 13 16 1408.400000
demand_315 13 17 966.400000
demand_316 13 18 1314.770000
demand_317 13 19 443.726000
demand_318 13 20 1438.450000
demand_319 13 21 1348.830000
demand_320 13 22 322.258000
demand_321 13 23 195.150000
demand_322 14 0 1304.830000
demand_323 14 1 536.309000
demand_324 14 2 994.093000
demand_325 14 3 1511.910000
demand_326 14 4 636.595000
demand_327 14 5 863.621000
demand_328 14 6 1199.030000
demand_329 14 7 890.238000
demand_330 14 8 881.511000
demand_331 14 9 250.903000
demand_332 14 10 1160.750000
demand_333 14 11 760.316000
demand_334 14 12 241.316000
demand_335 14 13 1248.560000
demand_336 14 15 1469.660000
demand_337 14 16 1210.660000
demand_338 14 17 909.889000
demand_339 14 18 211.144000
demand_340 14 19 542.199000
demand_341 14 20 533.356000
demand_342 14 21 641.211000
demand_343 14 22 574.153000
demand_344 14 23 1363.320000
demand_345 15 0 904.493000
demand_346 15 1 1036.040000
demand_347 15 2 1155.160000
demand_348 15 3 1070.740000
demand_349 15 4 1072.230000
demand_350 15 5 222.268000
demand_351 15 6 571.522000
demand_352 15 7 1296.260000
demand_353 15 8 975.035000
demand_354 15 9 628.059000
demand_355 15 10 1194.750000
demand_356 15 11 283.453000
demand_357 15 12 1077.510000
demand_358 15 13 1128.490000
demand_359 15 14 866.027000
demand_360 15 16 1429.520000
demand_361 15 17 240.892000
demand_362 15 18 581.412000
demand_363 15 19 386.064000
demand_364 15 20 1360.360000
demand_365 15 21 610.251000
demand_366 15 22 480.200000
demand_367 15 23 563.917000
demand_368 16 0 626.149000
demand_369 16 1 1449.410000
demand_370 16 2 907.624000
demand_371 16 3 1457.630000
demand_372 16 4 294.772000
demand_373 16 5 861.168000
demand_374 16 6 943.101000
demand_375 16 7 1012.440000
demand_376 16 8 976.987000
demand_377 16 9 1418.460000
demand_378 16 10 319.239000
demand_379 16 11 888.381000
demand_380 16 12 602.097000
demand_381 16 13 660.796000
demand_382 16 14 694.054000
demand_383 16 15 1023.080000
demand_384 16 17 965.306000
demand_385 16 18 545.797000
demand_386 16 19 519.687000
demand_387 16 20 928.938000
demand_388 16 21 919.483000
demand_389 16 22 516.582000
demand_390 16 23 358.334000
demand_391 17 0 566.093000
demand_392 17 1 359.934000
demand_393 17 2 1462.360000
demand_394 17 3 666.327000
demand_395 17 4 961.902000
demand_396 17 5 332.279000
demand_397 17 6 687.509000
demand_398 17 7 1110.660000
demand_399 17 8 463.239000
demand_400 17 9 777.619000
demand_401 17 10 445.053000
demand_402 17 11 1410.800000
demand_403 17 12 448.451000
demand_404 17 13 500.974000
demand_405 17 14 1247.400000
demand_406 17 15 1024.070000
demand_407 17 16 219.512000
demand_408 17 18 367.934000
demand_409 17 19 508.023000
demand_410 17 20 1215.210000
demand_411 17 21 264.944000
demand_412 17 22 900.783000
demand_413 17 23 1356.510000
demand_414 18 0 851.450000
demand_415 18 1 1282.970000
demand_416 18 2 168.411000
demand_417 18 3 1043.830000
demand_418 18 4 182.653000
demand_419 18 5 1085.440000
demand_420 18 6 1394.160000
demand_421 18 7 1036.460000
demand_422 18 8 808.586000
demand_423 18 9 1234.870000
demand_424 18 10 1383.900000
demand_425 18 11 1183.590000
demand_426 18 12 1165.680000
demand_427 18 13 1188.160000
demand_428 18 14 698.890000
demand_429 18 15 1435.060000
demand_430 18 16 1363.950000
demand_431 18 17 186.610000
demand_432 18 19 1410.730000
demand_433 18 20 564.757000
demand_434 18 21 1235.410000
demand_435 18 22 177.553000
demand_436 18 23 1444.950000
demand_437 19 0 1344.000000
demand_438 19 1 1478.670000
demand_439 19 2 952.003000
demand_440 19 3 1213.930000
demand_441 19 4 272.671000
demand_442 19 5 754.643000
demand_443 19 6 1093.250000
demand_444 19 7 1441.740000
demand_445 19 8 1205.860000
demand_446 19 9 689.981000
demand_447 19 10 1392.140000
demand_448 19 11 960.138000
demand_449 19 12 310.083000
demand_450 19 13 1221.590000
demand_451 19 14 1348.160000
demand_452 19 15 919.354000
demand_453 19 16 1154.370000
demand_454 19 17 1062.410000
demand_455 19 18 1427.430000
demand_456 19 20 1315.420000
demand_457 19 21 1138.860000
demand_458 19 22 978.798000
demand_459 19 23 713.807000
demand_460 20 0 1142.480000
demand_461 20 1 414.860000
demand_462 20 2 1094.000000
demand_463 20 3 701.889000
demand_464 20 4 1181.270000
demand_465 20 5 368.131000
demand_466 20 6 813.603000
demand_467 20 7 1039.240000
demand_468 20 8 931.252000
demand_469 20 9 318.633000
demand_470 20 10 1115.350000
demand_471 20 11 889.198000
demand_472 20 12 587.841000
demand_473 20 13 721.386000
demand_474 20 14 1422.470000
demand_475 20 15 414.403000
demand_476 20 16 842.222000
demand_477 20 17 172.681000
demand_478 20 18 670.324000
demand_479 20 19 981.109000
demand_480 20 21 989.649000
demand_481 20 22 1034.710000
demand_482 20 23 799.845000
demand_483 21 0 675.041000
demand_484 21 1 1231.080000
demand_485 21 2 1480.500000
demand_486 21 3 261.112000
demand_487 21 4 830.795000
demand_488 21 5 455.835000
demand_489 21 6 1069.900000
demand_490 21 7 289.339000
demand_491 21 8 199.782000
demand_492 21 9 612.944000
demand_493 21 10 1369.210000
demand_494 21 11 963.252000
demand_495 21 12 946.047000
demand_496 21 13 1311.990000
demand_497 21 14 359.423000
demand_498 21 15 881.553000
demand_499 21 16 1305.440000
demand_500 21 17 1327.800000
demand_501 21 18 164.592000
demand_502 21 19 1206.030000
demand_503 21 20 828.332000
demand_504 21 22 1339.000000
demand_505 21 23 155.232000
demand_506 22 0 402.646000
demand_507 22 1 950.469000
demand_508 22 2 686.186000
demand_509 22 3 948.625000
demand_510 22 4 522.739000
demand_511 22 5 343.473000
demand_512 22 6 860.223000
demand_513 22 7 454.156000
demand_514 22 8 603.479000
demand_515 22 9 921.198000
demand_516 22 10 1379.230000
demand_517 22 11 1219.890000
demand_518 22 12 1139.240000
demand_519 22 13 1389.450000
demand_520 22 14 1358.640000
demand_521 22 15 277.609000
demand_522 22 16 610.449000
demand_523 22 17 1315.390000
demand_524 22 18 1068.020000
demand_525 22 19 1447.610000
demand_526 22 20 453.837000
demand_527 22 21 1012.730000
demand_528 22 23 1277.880000
demand_529 23 0 1404.020000
demand_530 23 1 1204.550000
demand_531 23 2 393.428000
demand_532 23 3 1259.350000
demand_533 23 4 1217.590000
demand_534 23 5 440.200000
demand_535 23 6 719.088000
demand_536 23 7 639.855000
demand_537 23 8 606.110000
demand_538 23 9 525.688000
demand_539 23 10 1213.240000
demand_540 23 11 173.053000
demand_541 23 12 1352.340000
demand_542 23 13 374.913000
demand_543 23 14 1210.540000
demand_544 23 15 1186.900000
demand_545 23 16 1004.480000
demand_546 23 17 241.471000
demand_547 23 18 424.997000
demand_548 23 19 1237.120000
demand_549 23 20 871.818000
demand_550 23 21 642.495000
demand_551 23 22 1157.350000
