DEMANDS 552
label src dest bw
demand_0 0 1 308.653000
demand_1 0 2 471.111000
demand_2 0 3 1328.050000
demand_3 0 4 614.677000
demand_4 0 5 621.005000
demand_5 0 6 1194.530000
demand_6 0 7 982.935000
demand_7 0 8 617.150000
demand_8 0 9 1335.450000
demand_9 0 10 690.164000
demand_10 0 11 1486.480000
demand_11 0 12 737.389000
demand_12 0 13 325.569000
demand_13 0 14 1447.230000
demand_14 0 15 351.929000
demand_15 0 16 861.894000
demand_16 0 17 974.622000
demand_17 0 18 1341.530000
demand_18 0 19 1007.270000
demand_19 0 20 991.761000
demand_20 0 21 996.297000
demand_21 0 22 537.471000
demand_22 0 23 1374.910000
demand_23 1 0 976.422000
demand_24 1 2 586.673000
demand_25 1 3 524.994000
demand_26 1 4 274.168000
demand_27 1 5 846.219000
demand_28 1 6 370.931000
demand_29 1 7 191.604000
demand_30 1 8 391.459000
demand_31 1 9 1347.540000
demand_32 1 10 388.399000
demand_33 1 11 1089.020000
demand_34 1 12 1058.790000
demand_35 1 13 163.158000
demand_36 1 14 654.821000
demand_37 1 15 939.945000
demand_38 1 16 422.195000
demand_39 1 17 1313.510000
demand_40 1 18 182.512000
demand_41 1 19 228.759000
demand_42 1 20 352.324000
demand_43 1 21 1378.170000
demand_44 1 22 952.606000
demand_45 1 23 1547.450000
demand_46 2 0 218.684000
demand_47 2 1 1393.740000
demand_48 2 3 649.499000
demand_49 2 4 970.227000
demand_50 2 5 1255.390000
demand_51 2 6 576.845000
demand_52 2 7 1591.570000
demand_53 2 8 505.369000
demand_54 2 9 1345.120000
demand_55 2 10 621.980000
demand_56 2 11 578.688000
demand_57 2 12 1163.510000
demand_58 2 13 1575.210000
demand_59 2 14 1149.600000
demand_60 2 15 1076.550000
demand_61 2 16 541.166000
demand_62 2 17 285.017000
demand_63 2 18 875.330000
demand_64 2 19 645.424000
demand_65 2 20 179.913000
demand_66 2 21 320.700000
demand_67 2 22 344.352000
demand_68 2 23 422.774000
demand_69 3 0 304.504000
demand_70 3 1 224.379000
demand_71 3 2 1033.310000
demand_72 3 4 1298.770000
demand_73 3 5 1430.040000
demand_74 3 6 365.863000
demand_75 3 7 1106.790000
demand_76 3 8 1253.460000
demand_77 3 9 1124.420000
demand_78 3 10 711.667000
demand_79 3 11 349.432000
demand_80 3 12 930.708000
demand_81 3 13 976.399000
demand_82 3 14 472.982000
demand_83 3 15 1163.250000
demand_84 3 16 1561.070000
demand_85 3 17 1490.230000
demand_86 3 18 423.776000
demand_87 3 19 1499.560000
demand_88 3 20 1257.740000
demand_89 3 21 602.708000
demand_90 3 22 250.602000
demand_91 3 23 1103.850000
demand_92 4 0 1390.270000
demand_93 4 1 1153.800000
demand_94 4 2 741.565000
demand_95 4 3 1288.620000
demand_96 4 5 311.142000
demand_97 4 6 1221.590000
demand_98 4 7 467.346000
demand_99 4 8 820.207000
demand_100 4 9 482.876000
demand_101 4 10 271.636000
demand_102 4 11 905.992000
demand_103 4 12 251.636000
demand_104 4 13 1404.910000
demand_105 4 14 502.837000
demand_106 4 15 548.790000
demand_107 4 16 1265.030000
demand_108 4 17 1024.860000
demand_109 4 18 265.181000
demand_110 4 19 1484.030000
demand_111 4 20 440.473000
demand_112 4 21 796.583000
demand_113 4 22 1436.410000
demand_114 4 23 1523.160000
demand_115 5 0 813.029000
demand_116 5 1 218.160000
demand_117 5 2 838.133000
demand_118 5 3 357.667000
demand_119 5 4 1049.720000
demand_120 5 6 476.849000
demand_121 5 7 599.518000
demand_122 5 8 821.937000
demand_123 5 9 1491.640000
demand_124 5 10 1409.820000
demand_125 5 11 440.062000
demand_126 5 12 798.841000
demand_127 5 13 273.436000
demand_128 5 14 669.984000
demand_129 5 15 768.900000
demand_130 5 16 1185.730000
demand_131 5 17 671.001000
demand_132 5 18 1194.060000
demand_133 5 19 347.663000
demand_134 5 20 1139.360000
demand_135 5 21 751.592000
demand_136 5 22 726.575000
demand_137 5 23 1408.960000
demand_138 6 0 1402.500000
demand_139 6 1 978.544000
demand_140 6 2 1333.630000
demand_141 6 3 271.232000
demand_142 6 4 875.397000
demand_143 6 5 1079.470000
demand_144 6 7 1475.640000
demand_145 6 8 808.880000
demand_146 6 9 275.600000
demand_147 6 10 372.555000
demand_148 6 11 751.119000
demand_149 6 12 769.193000
demand_150 6 13 1205.080000
demand_151 6 14 1066.110000
demand_152 6 15 1085.480000
demand_153 6 16 840.872000
demand_154 6 17 321.436000
demand_155 6 18 418.148000
demand_156 6 19 459.017000
demand_157 6 20 813.960000
demand_158 6 21 1107.340000
demand_159 6 22 944.845000
demand_160 6 23 723.956000
demand_161 7 0 222.199000
demand_162 7 1 1086.360000
demand_163 7 2 1277.640000
demand_164 7 3 778.430000
demand_165 7 4 688.031000
demand_166 7 5 529.228000
demand_167 7 6 312.982000
demand_168 7 8 1125.560000
demand_169 7 9 1318.200000
demand_170 7 10 1563.960000
demand_171 7 11 894.281000
demand_172 7 12 570.281000
demand_173 7 13 888.000000
demand_174 7 14 897.448000
demand_175 7 15 939.166000
demand_176 7 16 825.702000
demand_177 7 17 946.410000
demand_178 7 18 628.481000
demand_179 7 19 691.859000
demand_180 7 20 975.115000
demand_181 7 21 350.434000
demand_182 7 22 331.444000
demand_183 7 23 433.005000
demand_184 8 0 1337.270000
demand_185 8 1 306.469000
demand_186 8 2 1393.420000
demand_187 8 3 1325.290000
demand_188 8 4 776.837000
demand_189 8 5 1499.540000
demand_190 8 6 1478.120000
demand_191 8 7 881.033000
demand_192 8 9 746.947000
demand_193 8 10 1416.710000
demand_194 8 11 1286.510000
demand_195 8 12 1244.640000
demand_196 8 13 220.825000
demand_197 8 14 888.121000
demand_198 8 15 465.624000
demand_199 8 16 971.401000
demand_200 8 17 575.471000
demand_201 8 18 272.140000
demand_202 8 19 157.264000
demand_203 8 20 1201.780000
demand_204 8 21 752.407000
demand_205 8 22 1468.770000
demand_206 8 23 1058.840000
demand_207 9 0 756.148000
demand_208 9 1 1375.630000
demand_209 9 2 730.250000
demand_210 9 3 1209.620000
demand_211 9 4 318.414000
demand_212 9 5 284.403000
demand_213 9 6 667.886000
demand_214 9 7 226.771000
demand_215 9 8 954.457000
demand_216 9 10 394.125000
demand_217 9 11 345.119000
demand_218 9 12 592.450000
demand_219 9 13 707.185000
demand_220 9 14 312.371000
demand_221 9 15 1531.390000
demand_222 9 16 216.387000
demand_223 9 17 203.060000
demand_224 9 18 303.154000
demand_225 9 19 470.293000
demand_226 9 20 746.994000
demand_227 9 21 1574.540000
demand_228 9 22 1074.340000
demand_229 9 23 1392.560000
demand_230 10 0 1380.550000
demand_231 10 1 339.749000
demand_232 10 2 1410.610000
demand_233 10 3 633.228000
demand_234 10 4 813.373000
demand_235 10 5 723.706000
demand_236 10 6 1508.220000
demand_237 10 7 876.614000
demand_238 10 8 1408.410000
demand_239 10 9 629.138000
demand_240 10 11 1093.290000
demand_241 10 12 890.947000
demand_242 10 13 1428.250000
demand_243 10 14 890.320000
demand_244 10 15 1472.360000
demand_245 10 16 1568.920000
demand_246 10 17 1330.360000
demand_247 10 18 1468.460000
demand_248 10 19 1127.140000
demand_249 10 20 1405.210000
demand_250 10 21 1396.350000
demand_251 10 22 796.790000
demand_252 10 23 447.890000
demand_253 11 0 601.127000
demand_254 11 1 1434.460000
demand_255 11 2 1225.010000
demand_256 11 3 1294.630000
demand_257 11 4 479.917000
demand_258 11 5 805.099000
demand_259 11 6 1286.860000
demand_260 11 7 524.626000
demand_261 11 8 1043.450000
demand_262 11 9 1478.910000
demand_263 11 10 236.230000
demand_264 11 12 1051.590000
demand_265 11 13 789.761000
demand_266 11 14 1008.860000
demand_267 11 15 1086.160000
demand_268 11 16 764.195000
demand_269 11 17 332.105000
demand_270 11 18 521.205000
demand_271 11 19 795.248000
demand_272 11 20 1472.320000
demand_273 11 21 481.272000
demand_274 11 22 753.318000
demand_275 11 23 1453.250000
demand_276 12 0 864.833000
demand_277 12 1 937.076000
demand_278 12 2 547.291000
demand_279 12 3 954.367000
demand_280 12 4 254.888000
demand_281 12 5 259.968000
demand_282 12 6 1081.820000
demand_283 12 7 1379.660000
demand_284 12 8 509.291000
demand_285 12 9 692.868000
demand_286 12 10 1493.740000
demand_287 12 11 653.573000
demand_288 12 13 987.843000
demand_289 12 14 635.608000
demand_290 12 15 1026.610000
demand_291 12 16 1207.500000
demand_292 12 17 610.281000
demand_293 12 18 272.774000
demand_294 12 19 1534.660000
demand_295 12 20 563.722000
demand_296 12 21 1452.680000
demand_297 12 22 401.941000
demand_298 12 23 1518.890000
demand_299 13 0 1313.710000
demand_300 13 1 1455.960000
demand_301 13 2 927.440000
demand_302 13 3 778.223000
demand_303 13 4 896.544000
demand_304 13 5 1287.010000
demand_305 13 6 1202.960000
demand_306 13 7 1008.460000
demand_307 13 8 348.868000
demand_308 13 9 391.542000
demand_309 13 10 250.434000
demand_310 13 11 1567.560000
demand_311 13 12 1206.140000
demand_312 13 14 773.925000
demand_313 13 15 1453.910000
demand_314 13 16 1318.930000
demand_315 13 17 1540.560000
demand_316 13 18 914.105000
demand_317 13 19 899.275000
demand_318 13 20 1418.800000
demand_319 13 21 697.702000
demand_320 13 22 1090.270000
demand_321 13 23 884.027000
demand_322 14 0 686.504000
demand_323 14 1 1380.610000
demand_324 14 2 699.358000
demand_325 14 3 1153.310000
demand_326 14 4 1121.450000
demand_327 14 5 229.479000
demand_328 14 6 841.142000
demand_329 14 7 216.301000
demand_330 14 8 843.459000
demand_331 14 9 1140.130000
demand_332 14 10 457.600000
demand_333 14 11 348.794000
demand_334 14 12 861.592000
demand_335 14 13 1184.210000
demand_336 14 15 919.455000
demand_337 14 16 692.410000
demand_338 14 17 847.033000
demand_339 14 18 632.927000
demand_340 14 19 372.297000
demand_341 14 20 453.921000
demand_342 14 21 1488.830000
demand_343 14 22 433.722000
demand_344 14 23 911.045000
demand_345 15 0 1251.040000
demand_346 15 1 932.759000
demand_347 15 2 535.671000
demand_348 15 3 507.377000
demand_349 15 4 1180.600000
demand_350 15 5 971.706000
demand_351 15 6 633.909000
demand_352 15 7 627.056000
demand_353 15 8 409.628000
demand_354 15 9 1056.780000
demand_355 15 10 1439.550000
demand_356 15 11 990.469000
demand_357 15 12 518.262000
demand_358 15 13 519.827000
demand_359 15 14 460.872000
demand_360 15 16 841.405000
demand_361 15 17 1298.730000
demand_362 15 18 608.066000
demand_363 15 19 687.933000
demand_364 15 20 1494.160000
demand_365 15 21 424.622000
demand_366 15 22 375.976000
demand_367 15 23 527.225000
demand_368 16 0 1149.960000
demand_369 16 1 1003.540000
demand_370 16 2 189.322000
demand_371 16 3 1231.680000
demand_372 16 4 198.755000
demand_373 16 5 850.000000
demand_374 16 6 750.806000
demand_375 16 7 617.729000
demand_376 16 8 583.322000
demand_377 16 9 436.990000
demand_378 16 10 1588.130000
demand_379 16 11 505.225000
demand_380 16 12 537.436000
demand_381 16 13 1009.870000
demand_382 16 14 1449.660000
demand_383 16 15 1183.090000
demand_384 16 17 1374.630000
demand_385 16 18 926.931000
demand_386 16 19 1473.160000
demand_387 16 20 298.187000
demand_388 16 21 1247.800000
demand_389 16 22 1012.160000
demand_390 16 23 1145.900000
demand_391 17 0 1268.700000
demand_392 17 1 183.538000
demand_393 17 2 306.000000
demand_394 17 3 1200.900000
demand_395 17 4 764.324000
demand_396 17 5 987.095000
demand_397 17 6 227.033000
demand_398 17 7 1025.510000
demand_399 17 8 1132.420000
demand_400 17 9 321.471000
demand_401 17 10 1184.720000
demand_402 17 11 1487.310000
demand_403 17 12 213.581000
demand_404 17 13 773.690000
demand_405 17 14 676.328000
demand_406 17 15 238.481000
demand_407 17 16 750.074000
demand_408 17 18 991.960000
demand_409 17 19 1163.560000
demand_410 17 20 1278.520000
demand_411 17 21 1342.140000
demand_412 17 22 856.868000
demand_413 17 23 445.330000
demand_414 18 0 488.000000
demand_415 18 1 869.741000
demand_416 18 2 1136.010000
demand_417 18 3 1481.300000
demand_418 18 4 203.463000
demand_419 18 5 1152.410000
demand_420 18 6 874.129000
demand_421 18 7 1570.700000
demand_422 18 8 447.788000
demand_423 18 9 618.058000
demand_424 18 10 425.953000
demand_425 18 11 1124.160000
demand_426 18 12 902.598000
demand_427 18 13 935.409000
demand_428 18 14 893.675000
demand_429 18 15 357.060000
demand_430 18 16 1337.570000
demand_431 18 17 478.273000
demand_432 18 19 723.045000
demand_433 18 20 463.573000
demand_434 18 21 1187.680000
demand_435 18 22 1014.270000
demand_436 18 23 924.857000
demand_437 19 0 758.970000
demand_438 19 1 1111.430000
demand_439 19 2 209.138000
demand_440 19 3 1295.330000
demand_441 19 4 1489.170000
demand_442 19 5 794.786000
demand_443 19 6 982.266000
demand_444 19 7 469.346000
demand_445 19 8 1177.060000
demand_446 19 9 156.168000
demand_447 19 10 1496.710000
demand_448 19 11 1082.490000
demand_449 19 12 456.129000
demand_450 19 13 579.909000
demand_451 19 14 196.442000
demand_452 19 15 1347.800000
demand_453 19 16 692.508000
demand_454 19 17 783.377000
demand_455 19 18 717.444000
demand_456 19 20 1292.180000
demand_457 19 21 506.731000
demand_458 19 22 532.183000
demand_459 19 23 862.567000
demand_460 20 0 505.459000
demand_461 20 1 752.399000
demand_462 20 2 1276.360000
demand_463 20 3 1521.260000
demand_464 20 4 599.358000
demand_465 20 5 1299.510000
demand_466 20 6 749.166000
demand_467 20 7 1065.050000
demand_468 20 8 1316.630000
demand_469 20 9 1432.100000
demand_470 20 10 722.904000
demand_471 20 11 849.949000
demand_472 20 12 927.530000
demand_473 20 13 1498.990000
demand_474 20 14 1146.980000
demand_475 20 15 502.344000
demand_476 20 16 968.727000
demand_477 20 17 1393.900000
demand_478 20 18 1388.980000
demand_479 20 19 981.549000
demand_480 20 21 393.729000
demand_481 20 22 280.144000
demand_482 20 23 1166.590000
demand_483 21 0 410.360000
demand_484 21 1 368.626000
demand_485 21 2 1374.120000
demand_486 21 3 310.798000
demand_487 21 4 1557.790000
demand_488 21 5 287.780000
demand_489 21 6 1489.990000
demand_490 21 7 922.622000
demand_491 21 8 547.745000
demand_492 21 9 1276.000000
demand_493 21 10 323.502000
demand_494 21 11 1222.810000
demand_495 21 12 815.158000
demand_496 21 13 1382.740000
demand_497 21 14 1078.870000
demand_498 21 15 700.810000
demand_499 21 16 1445.110000
demand_500 21 17 866.027000
demand_501 21 18 1074.650000
demand_502 21 19 1473.500000
demand_503 21 20 384.301000
demand_504 21 22 868.148000
demand_505 21 23 344.113000
demand_506 22 0 261.538000
demand_507 22 1 741.647000
demand_508 22 2 1049.010000
demand_509 22 3 1329.630000
demand_510 22 4 666.356000
demand_511 22 5 804.367000
demand_512 22 6 542.297000
demand_513 22 7 1468.630000
demand_514 22 8 1304.920000
demand_515 22 9 869.956000
demand_516 22 10 386.360000
demand_517 22 11 239.060000
demand_518 22 12 201.248000
demand_519 22 13 1268.480000
demand_520 22 14 1267.170000
demand_521 22 15 667.201000
demand_522 22 16 1561.860000
demand_523 22 17 1005.640000
demand_524 22 18 1323.260000
demand_525 22 19 548.371000
demand_526 22 20 1439.750000
demand_527 22 21 1072.080000
demand_528 22 23 816.097000
demand_529 23 0 1203.330000
demand_530 23 1 1266.560000
demand_531 23 2 263.444000
demand_532 23 3 1431.130000
demand_533 23 4 497.870000
demand_534 23 5 1537.080000
demand_535 23 6 1236.050000
demand_536 23 7 1516.040000
demand_537 23 8 995.174000
demand_538 23 9 843.436000
demand_539 23 10 1417.370000
demand_540 23 11 831.287000
demand_541 23 12 453.565000
demand_542 23 13 1038.350000
demand_543 23 14 490.590000
demand_544 23 15 1107.880000
demand_545 23 16 219.342000
demand_546 23 17 460.438000
demand_547 23 18 911.847000
demand_548 23 19 586.579000
demand_549 23 20 527.718000
demand_550 23 21 1024.030000
demand_551 23 22 966.363000
