DEMANDS 552
label src dest bw
demand_0 0 1 966.642000
demand_1 0 2 1407.340000
demand_2 0 3 540.288000
demand_3 0 4 1208.600000
demand_4 0 5 852.448000
demand_5 0 6 354.020000
demand_6 0 7 341.240000
demand_7 0 8 435.085000
demand_8 0 9 618.191000
demand_9 0 10 598.928000
demand_10 0 11 676.434000
demand_11 0 12 653.902000
demand_12 0 13 653.168000
demand_13 0 14 376.905000
demand_14 0 15 1229.850000
demand_15 0 16 1262.800000
demand_16 0 17 311.017000
demand_17 0 18 668.854000
demand_18 0 19 206.791000
demand_19 0 20 852.468000
demand_20 0 21 717.394000
demand_21 0 22 187.260000
demand_22 0 23 526.931000
demand_23 1 0 949.022000
demand_24 1 2 645.800000
demand_25 1 3 1276.450000
demand_26 1 4 1146.000000
demand_27 1 5 670.260000
demand_28 1 6 472.588000
demand_29 1 7 419.597000
demand_30 1 8 1289.370000
demand_31 1 9 1236.130000
demand_32 1 10 427.131000
demand_33 1 11 880.574000
demand_34 1 12 935.168000
demand_35 1 13 1226.670000
demand_36 1 14 505.325000
demand_37 1 15 180.417000
demand_38 1 16 1422.030000
demand_39 1 17 857.914000
demand_40 1 18 816.134000
demand_41 1 19 491.208000
demand_42 1 20 1412.760000
demand_43 1 21 639.717000
demand_44 1 22 1307.600000
demand_45 1 23 508.582000
demand_46 2 0 710.274000
demand_47 2 1 740.968000
demand_48 2 3 1439.640000
demand_49 2 4 754.731000
demand_50 2 5 200.745000
demand_51 2 6 930.065000
demand_52 2 7 525.397000
demand_53 2 8 448.608000
demand_54 2 9 783.817000
demand_55 2 10 523.945000
demand_56 2 11 544.831000
demand_57 2 12 481.502000
demand_58 2 13 524.891000
demand_59 2 14 249.762000
demand_60 2 15 1407.450000
demand_61 2 16 972.591000
demand_62 2 17 202.025000
demand_63 2 18 1265.740000
demand_64 2 19 592.531000
demand_65 2 20 376.597000
demand_66 2 21 1360.530000
demand_67 2 22 1054.510000
demand_68 2 23 345.540000
demand_69 3 0 1180.670000
demand_70 3 1 396.294000
demand_71 3 2 593.322000
demand_72 3 4 899.374000
demand_73 3 5 468.842000
demand_74 3 6 817.494000
demand_75 3 7 1264.490000
demand_76 3 8 379.508000
demand_77 3 9 849.328000
demand_78 3 10 583.722000
demand_79 3 11 236.460000
demand_80 3 12 296.688000
demand_81 3 13 520.602000
demand_82 3 14 1118.960000
demand_83 3 15 1230.560000
demand_84 3 16 375.068000
demand_85 3 17 695.494000
demand_86 3 18 977.642000
demand_87 3 19 528.271000
demand_88 3 20 1117.870000
demand_89 3 21 1151.390000
demand_90 3 22 1131.750000
demand_91 3 23 173.554000
demand_92 4 0 1087.040000
demand_93 4 1 1189.760000
demand_94 4 2 714.437000
demand_95 4 3 313.788000
demand_96 4 5 937.357000
demand_97 4 6 671.614000
demand_98 4 7 953.177000
demand_99 4 8 396.574000
demand_100 4 9 304.211000
demand_101 4 10 222.125000
demand_102 4 11 1286.230000
demand_103 4 12 398.177000
demand_104 4 13 838.662000
demand_105 4 14 1333.360000
demand_106 4 15 364.074000
demand_107 4 16 1346.320000
demand_108 4 17 896.971000
demand_109 4 18 787.911000
demand_110 4 19 893.591000
demand_111 4 20 1135.590000
demand_112 4 21 410.422000
demand_113 4 22 568.791000
demand_114 4 23 1159.350000
demand_115 5 0 904.211000
demand_116 5 1 999.425000
demand_117 5 2 211.560000
demand_118 5 3 473.540000
demand_119 5 4 676.202000
demand_120 5 6 1157.200000
demand_121 5 7 899.020000
demand_122 5 8 437.405000
demand_123 5 9 182.237000
demand_124 5 10 422.331000
demand_125 5 11 1188.110000
demand_126 5 12 1074.730000
demand_127 5 13 1119.360000
demand_128 5 14 935.974000
demand_129 5 15 298.708000
demand_130 5 16 175.771000
demand_131 5 17 585.342000
demand_132 5 18 336.551000
demand_133 5 19 359.280000
demand_134 5 20 278.948000
demand_135 5 21 573.394000
demand_136 5 22 441.562000
demand_137 5 23 476.965000
demand_138 6 0 470.794000
demand_139 6 1 735.560000
demand_140 6 2 847.028000
demand_141 6 3 235.177000
demand_142 6 4 730.854000
demand_143 6 5 920.828000
demand_144 6 7 183.402000
demand_145 6 8 228.880000
demand_146 6 9 1447.800000
demand_147 6 10 168.117000
demand_148 6 11 1409.590000
demand_149 6 12 843.302000
demand_150 6 13 552.982000
demand_151 6 14 1024.060000
demand_152 6 15 373.448000
demand_153 6 16 1106.190000
demand_154 6 17 1437.410000
demand_155 6 18 236.668000
demand_156 6 19 792.785000
demand_157 6 20 768.459000
demand_158 6 21 1273.300000
demand_159 6 22 286.274000
demand_160 6 23 636.271000
demand_161 7 0 680.885000
demand_162 7 1 1246.640000
demand_163 7 2 1445.460000
demand_164 7 3 1219.260000
demand_165 7 4 952.731000
demand_166 7 5 812.080000
demand_167 7 6 205.825000
demand_168 7 8 1336.610000
demand_169 7 9 395.080000
demand_170 7 10 1385.460000
demand_171 7 11 1027.240000
demand_172 7 12 372.888000
demand_173 7 13 1128.070000
demand_174 7 14 519.765000
demand_175 7 15 622.325000
demand_176 7 16 1267.900000
demand_177 7 17 1045.540000
demand_178 7 18 1062.530000
demand_179 7 19 768.657000
demand_180 7 20 224.974000
demand_181 7 21 909.797000
demand_182 7 22 1350.680000
demand_183 7 23 741.685000
demand_184 8 0 526.705000
demand_185 8 1 1277.630000
demand_186 8 2 1268.190000
demand_187 8 3 1144.010000
demand_188 8 4 1288.330000
demand_189 8 5 291.411000
demand_190 8 6 1360.700000
demand_191 8 7 986.282000
demand_192 8 9 919.091000
demand_193 8 10 202.011000
demand_194 8 11 197.488000
demand_195 8 12 1373.930000
demand_196 8 13 1013.990000
demand_197 8 14 468.688000
demand_198 8 15 1283.480000
demand_199 8 16 737.088000
demand_200 8 17 1351.290000
demand_201 8 18 710.391000
demand_202 8 19 260.068000
demand_203 8 20 1428.710000
demand_204 8 21 627.240000
demand_205 8 22 524.168000
demand_206 8 23 520.071000
demand_207 9 0 922.851000
demand_208 9 1 262.671000
demand_209 9 2 545.574000
demand_210 9 3 166.851000
demand_211 9 4 1179.120000
demand_212 9 5 1415.850000
demand_213 9 6 1409.290000
demand_214 9 7 713.440000
demand_215 9 8 474.748000
demand_216 9 10 883.937000
demand_217 9 11 679.042000
demand_218 9 12 1209.130000
demand_219 9 13 927.145000
demand_220 9 14 1350.370000
demand_221 9 15 1102.000000
demand_222 9 16 174.102000
demand_223 9 17 1052.690000
demand_224 9 18 781.062000
demand_225 9 19 1177.730000
demand_226 9 20 394.245000
demand_227 9 21 966.617000
demand_228 9 22 251.134000
demand_229 9 23 763.268000
demand_230 10 0 679.088000
demand_231 10 1 349.868000
demand_232 10 2 518.305000
demand_233 10 3 1354.150000
demand_234 10 4 1410.600000
demand_235 10 5 660.005000
demand_236 10 6 614.597000
demand_237 10 7 549.222000
demand_238 10 8 536.662000
demand_239 10 9 1233.510000
demand_240 10 11 597.702000
demand_241 10 12 1253.950000
demand_242 10 13 1406.430000
demand_243 10 14 306.514000
demand_244 10 15 982.917000
demand_245 10 16 771.657000
demand_246 10 17 1414.030000
demand_247 10 18 588.631000
demand_248 10 19 639.765000
demand_249 10 20 864.174000
demand_250 10 21 1153.700000
demand_251 10 22 593.000000
demand_252 10 23 1043.880000
demand_253 11 0 960.585000
demand_254 11 1 1303.310000
demand_255 11 2 749.620000
demand_256 11 3 823.034000
demand_257 11 4 1354.320000
demand_258 11 5 1414.410000
demand_259 11 6 831.940000
demand_260 11 7 1032.740000
demand_261 11 8 174.951000
demand_262 11 9 1030.350000
demand_263 11 10 189.885000
demand_264 11 12 708.662000
demand_265 11 13 1311.480000
demand_266 11 14 553.288000
demand_267 11 15 265.005000
demand_268 11 16 183.065000
demand_269 11 17 336.662000
demand_270 11 18 926.140000
demand_271 11 19 1240.590000
demand_272 11 20 529.322000
demand_273 11 21 226.065000
demand_274 11 22 906.442000
demand_275 11 23 1228.800000
demand_276 12 0 1223.580000
demand_277 12 1 511.957000
demand_278 12 2 543.957000
demand_279 12 3 1075.510000
demand_280 12 4 880.411000
demand_281 12 5 659.774000
demand_282 12 6 1230.530000
demand_283 12 7 540.602000
demand_284 12 8 611.105000
demand_285 12 9 677.354000
demand_286 12 10 466.714000
demand_287 12 11 779.005000
demand_288 12 13 1297.620000
demand_289 12 14 1230.360000
demand_290 12 15 718.351000
demand_291 12 16 1312.030000
demand_292 12 17 1088.730000
demand_293 12 18 1321.790000
demand_294 12 19 1335.050000
demand_295 12 20 405.362000
demand_296 12 21 1051.310000
demand_297 12 22 268.211000
demand_298 12 23 461.500000
demand_299 13 0 1087.650000
demand_300 13 1 826.700000
demand_301 13 2 780.465000
demand_302 13 3 1125.070000
demand_303 13 4 1220.160000
demand_304 13 5 1155.830000
demand_305 13 6 1236.090000
demand_306 13 7 1419.380000
demand_307 13 8 224.780000
demand_308 13 9 342.454000
demand_309 13 10 1018.260000
demand_310 13 11 1012.860000
demand_311 13 12 1002.880000
demand_312 13 14 1460.350000
demand_313 13 15 553.762000
demand_314 13 16 545.048000
demand_315 13 17 702.617000
demand_316 13 18 1361.150000
demand_317 13 19 275.568000
demand_318 13 20 507.240000
demand_319 13 21 548.577000
demand_320 13 22 624.108000
demand_321 13 23 1318.320000
demand_322 14 0 153.437000
demand_323 14 1 288.588000
demand_324 14 2 406.680000
demand_325 14 3 814.011000
demand_326 14 4 638.754000
demand_327 14 5 753.914000
demand_328 14 6 968.694000
demand_329 14 7 152.220000
demand_330 14 8 1170.780000
demand_331 14 9 1171.370000
demand_332 14 10 996.002000
demand_333 14 11 667.394000
demand_334 14 12 252.160000
demand_335 14 13 958.711000
demand_336 14 15 1025.430000
demand_337 14 16 913.614000
demand_338 14 17 199.025000
demand_339 14 18 254.602000
demand_340 14 19 951.014000
demand_341 14 20 901.697000
demand_342 14 21 500.462000
demand_343 14 22 1169.030000
demand_344 14 23 936.951000
demand_345 15 0 1085.900000
demand_346 15 1 899.162000
demand_347 15 2 1245.040000
demand_348 15 3 733.865000
demand_349 15 4 1424.690000
demand_350 15 5 1463.660000
demand_351 15 6 970.068000
demand_352 15 7 1281.070000
demand_353 15 8 1442.250000
demand_354 15 9 254.020000
demand_355 15 10 1024.420000
demand_356 15 11 378.597000
demand_357 15 12 251.648000
demand_358 15 13 405.111000
demand_359 15 14 734.034000
demand_360 15 16 437.060000
demand_361 15 17 641.048000
demand_362 15 18 355.514000
demand_363 15 19 916.525000
demand_364 15 20 252.962000
demand_365 15 21 1081.400000
demand_366 15 22 578.611000
demand_367 15 23 899.511000
demand_368 16 0 386.317000
demand_369 16 1 235.822000
demand_370 16 2 218.254000
demand_371 16 3 1148.670000
demand_372 16 4 1225.770000
demand_373 16 5 780.360000
demand_374 16 6 200.908000
demand_375 16 7 644.745000
demand_376 16 8 761.894000
demand_377 16 9 368.788000
demand_378 16 10 1071.940000
demand_379 16 11 809.394000
demand_380 16 12 852.822000
demand_381 16 13 1436.530000
demand_382 16 14 443.925000
demand_383 16 15 744.365000
demand_384 16 17 1046.640000
demand_385 16 18 1261.400000
demand_386 16 19 193.345000
demand_387 16 20 627.828000
demand_388 16 21 230.100000
demand_389 16 22 893.540000
demand_390 16 23 741.422000
demand_391 17 0 1322.800000
demand_392 17 1 234.408000
demand_393 17 2 1007.760000
demand_394 17 3 999.088000
demand_395 17 4 485.654000
demand_396 17 5 1149.500000
demand_397 17 6 188.097000
demand_398 17 7 1208.170000
demand_399 17 8 1284.390000
demand_400 17 9 705.877000
demand_401 17 10 728.411000
demand_402 17 11 206.674000
demand_403 17 12 662.020000
demand_404 17 13 231.705000
demand_405 17 14 1416.900000
demand_406 17 15 329.554000
demand_407 17 16 1422.590000
demand_408 17 18 1355.340000
demand_409 17 19 1142.520000
demand_410 17 20 220.157000
demand_411 17 21 548.317000
demand_412 17 22 1084.890000
demand_413 17 23 1079.910000
demand_414 18 0 747.640000
demand_415 18 1 566.705000
demand_416 18 2 1082.710000
demand_417 18 3 1324.780000
demand_418 18 4 729.274000
demand_419 18 5 889.457000
demand_420 18 6 1307.400000
demand_421 18 7 1119.440000
demand_422 18 8 403.071000
demand_423 18 9 707.914000
demand_424 18 10 456.982000
demand_425 18 11 214.745000
demand_426 18 12 1229.320000
demand_427 18 13 847.971000
demand_428 18 14 631.868000
demand_429 18 15 575.471000
demand_430 18 16 1152.280000
demand_431 18 17 925.554000
demand_432 18 19 862.357000
demand_433 18 20 229.657000
demand_434 18 21 1425.770000
demand_435 18 22 229.402000
demand_436 18 23 840.834000
demand_437 19 0 242.237000
demand_438 19 1 1081.690000
demand_439 19 2 1418.150000
demand_440 19 3 469.585000
demand_441 19 4 1357.070000
demand_442 19 5 388.314000
demand_443 19 6 1432.180000
demand_444 19 7 217.560000
demand_445 19 8 875.794000
demand_446 19 9 983.577000
demand_447 19 10 185.240000
demand_448 19 11 223.634000
demand_449 19 12 860.231000
demand_450 19 13 1055.460000
demand_451 19 14 295.137000
demand_452 19 15 787.631000
demand_453 19 16 932.357000
demand_454 19 17 321.894000
demand_455 19 18 391.745000
demand_456 19 20 495.828000
demand_457 19 21 403.128000
demand_458 19 22 794.468000
demand_459 19 23 884.434000
demand_460 20 0 1245.490000
demand_461 20 1 327.568000
demand_462 20 2 900.168000
demand_463 20 3 1074.620000
demand_464 20 4 1359.390000
demand_465 20 5 752.085000
demand_466 20 6 1406.170000
demand_467 20 7 401.497000
demand_468 20 8 1274.650000
demand_469 20 9 334.379000
demand_470 20 10 775.954000
demand_471 20 11 338.222000
demand_472 20 12 673.665000
demand_473 20 13 229.671000
demand_474 20 14 203.160000
demand_475 20 15 521.054000
demand_476 20 16 894.134000
demand_477 20 17 868.645000
demand_478 20 18 1307.780000
demand_479 20 19 242.354000
demand_480 20 21 330.302000
demand_481 20 22 280.542000
demand_482 20 23 957.740000
demand_483 21 0 337.879000
demand_484 21 1 1292.740000
demand_485 21 2 456.968000
demand_486 21 3 1380.780000
demand_487 21 4 982.960000
demand_488 21 5 888.585000
demand_489 21 6 524.862000
demand_490 21 7 1014.670000
demand_491 21 8 948.394000
demand_492 21 9 1374.240000
demand_493 21 10 443.531000
demand_494 21 11 271.131000
demand_495 21 12 1452.190000
demand_496 21 13 1144.360000
demand_497 21 14 1303.590000
demand_498 21 15 355.854000
demand_499 21 16 900.111000
demand_500 21 17 542.871000
demand_501 21 18 379.497000
demand_502 21 19 721.465000
demand_503 21 20 922.082000
demand_504 21 22 842.631000
demand_505 21 23 650.194000
demand_506 22 0 769.334000
demand_507 22 1 551.314000
demand_508 22 2 226.762000
demand_509 22 3 1101.400000
demand_510 22 4 854.311000
demand_511 22 5 1412.160000
demand_512 22 6 505.648000
demand_513 22 7 409.237000
demand_514 22 8 1109.920000
demand_515 22 9 687.588000
demand_516 22 10 405.585000
demand_517 22 11 1278.090000
demand_518 22 12 1302.850000
demand_519 22 13 304.694000
demand_520 22 14 1150.270000
demand_521 22 15 251.305000
demand_522 22 16 1074.040000
demand_523 22 17 240.305000
demand_524 22 18 462.357000
demand_525 22 19 939.688000
demand_526 22 20 948.685000
demand_527 22 21 1266.580000
demand_528 22 23 824.134000
demand_529 23 0 964.425000
demand_530 23 1 251.351000
demand_531 23 2 1358.950000
demand_532 23 3 1400.930000
demand_533 23 4 1271.580000
demand_534 23 5 956.580000
demand_535 23 6 874.828000
demand_536 23 7 242.660000
demand_537 23 8 900.277000
demand_538 23 9 697.088000
demand_539 23 10 349.000000
demand_540 23 11 1305.500000
demand_541 23 12 1200.580000
demand_542 23 13 1118.260000
demand_543 23 14 259.142000
demand_544 23 15 994.440000
demand_545 23 16 1322.510000
demand_546 23 17 432.679000
demand_547 23 18 1084.610000
demand_548 23 19 427.337000
demand_549 23 20 708.302000
demand_550 23 21 351.114000
demand_551 23 22 226.374000
