DEMANDS 552
label src dest bw
demand_0 0 1 481.224000
demand_1 0 2 736.471000
demand_2 0 3 1317.080000
demand_3 0 4 824.477000
demand_4 0 5 805.129000
demand_5 0 6 1383.430000
demand_6 0 7 541.237000
demand_7 0 8 710.821000
demand_8 0 9 242.697000
demand_9 0 10 1408.990000
demand_10 0 11 1334.840000
demand_11 0 12 665.649000
demand_12 0 13 1298.110000
demand_13 0 14 1355.570000
demand_14 0 15 448.163000
demand_15 0 16 783.954000
demand_16 0 17 1452.290000
demand_17 0 18 629.669000
demand_18 0 19 644.314000
demand_19 0 20 860.346000
demand_20 0 21 1406.180000
demand_21 0 22 1043.470000
demand_22 0 23 468.405000
demand_23 1 0 1145.680000
demand_24 1 2 1183.860000
demand_25 1 3 1159.380000
demand_26 1 4 771.466000
demand_27 1 5 660.608000
demand_28 1 6 464.284000
demand_29 1 7 489.639000
demand_30 1 8 947.194000
demand_31 1 9 447.522000
demand_32 1 10 625.198000
demand_33 1 11 930.232000
demand_34 1 12 917.666000
demand_35 1 13 1356.380000
demand_36 1 14 543.885000
demand_37 1 15 877.803000
demand_38 1 16 1226.060000
demand_39 1 17 1069.730000
demand_40 1 18 1281.550000
demand_41 1 19 618.022000
demand_42 1 20 536.608000
demand_43 1 21 1051.310000
demand_44 1 22 460.710000
demand_45 1 23 505.649000
demand_46 2 0 716.009000
demand_47 2 1 1297.280000
demand_48 2 3 1454.060000
demand_49 2 4 519.220000
demand_50 2 5 1372.160000
demand_51 2 6 1245.240000
demand_52 2 7 1163.720000
demand_53 2 8 827.584000
demand_54 2 9 911.810000
demand_55 2 10 1060.290000
demand_56 2 11 1128.890000
demand_57 2 12 417.106000
demand_58 2 13 1260.880000
demand_59 2 14 352.906000
demand_60 2 15 793.659000
demand_61 2 16 670.775000
demand_62 2 17 1453.130000
demand_63 2 18 809.803000
demand_64 2 19 547.358000
demand_65 2 20 960.831000
demand_66 2 21 1259.180000
demand_67 2 22 910.425000
demand_68 2 23 1103.690000
demand_69 3 0 497.047000
demand_70 3 1 1291.300000
demand_71 3 2 788.438000
demand_72 3 4 460.520000
demand_73 3 5 426.464000
demand_74 3 6 1283.930000
demand_75 3 7 716.474000
demand_76 3 8 1143.740000
demand_77 3 9 956.772000
demand_78 3 10 241.234000
demand_79 3 11 1382.800000
demand_80 3 12 698.108000
demand_81 3 13 1218.220000
demand_82 3 14 254.500000
demand_83 3 15 513.067000
demand_84 3 16 1441.850000
demand_85 3 17 977.587000
demand_86 3 18 1423.020000
demand_87 3 19 1020.970000
demand_88 3 20 1142.340000
demand_89 3 21 1094.660000
demand_90 3 22 1337.890000
demand_91 3 23 1179.140000
demand_92 4 0 977.584000
demand_93 4 1 1044.310000
demand_94 4 2 674.631000
demand_95 4 3 682.294000
demand_96 4 5 633.780000
demand_97 4 6 422.029000
demand_98 4 7 982.255000
demand_99 4 8 1188.430000
demand_100 4 9 1374.890000
demand_101 4 10 813.011000
demand_102 4 11 1118.410000
demand_103 4 12 545.797000
demand_104 4 13 751.067000
demand_105 4 14 1182.540000
demand_106 4 15 513.774000
demand_107 4 16 1068.240000
demand_108 4 17 1339.270000
demand_109 4 18 879.204000
demand_110 4 19 894.265000
demand_111 4 20 881.243000
demand_112 4 21 192.772000
demand_113 4 22 1071.630000
demand_114 4 23 294.801000
demand_115 5 0 320.543000
demand_116 5 1 851.986000
demand_117 5 2 968.255000
demand_118 5 3 470.016000
demand_119 5 4 958.991000
demand_120 5 6 214.808000
demand_121 5 7 730.140000
demand_122 5 8 639.800000
demand_123 5 9 520.314000
demand_124 5 10 366.595000
demand_125 5 11 814.877000
demand_126 5 12 475.060000
demand_127 5 13 204.242000
demand_128 5 14 1189.310000
demand_129 5 15 956.710000
demand_130 5 16 1101.900000
demand_131 5 17 1067.940000
demand_132 5 18 994.274000
demand_133 5 19 1143.950000
demand_134 5 20 1204.320000
demand_135 5 21 866.058000
demand_136 5 22 785.708000
demand_137 5 23 341.895000
demand_138 6 0 343.309000
demand_139 6 1 701.466000
demand_140 6 2 1173.650000
demand_141 6 3 885.643000
demand_142 6 4 789.198000
demand_143 6 5 341.934000
demand_144 6 7 219.168000
demand_145 6 8 614.517000
demand_146 6 9 488.490000
demand_147 6 10 1039.840000
demand_148 6 11 905.158000
demand_149 6 12 231.456000
demand_150 6 13 868.713000
demand_151 6 14 677.008000
demand_152 6 15 1165.440000
demand_153 6 16 480.212000
demand_154 6 17 1009.050000
demand_155 6 18 1003.250000
demand_156 6 19 1378.700000
demand_157 6 20 271.073000
demand_158 6 21 1021.030000
demand_159 6 22 1225.250000
demand_160 6 23 895.878000
demand_161 7 0 561.031000
demand_162 7 1 646.062000
demand_163 7 2 1134.230000
demand_164 7 3 1417.920000
demand_165 7 4 1406.190000
demand_166 7 5 180.664000
demand_167 7 6 450.000000
demand_168 7 8 390.657000
demand_169 7 9 636.081000
demand_170 7 10 1089.520000
demand_171 7 11 538.435000
demand_172 7 12 972.530000
demand_173 7 13 328.343000
demand_174 7 14 1313.240000
demand_175 7 15 1410.330000
demand_176 7 16 1155.210000
demand_177 7 17 171.436000
demand_178 7 18 449.410000
demand_179 7 19 286.317000
demand_180 7 20 1031.850000
demand_181 7 21 564.032000
demand_182 7 22 368.674000
demand_183 7 23 401.152000
demand_184 8 0 1132.120000
demand_185 8 1 1243.630000
demand_186 8 2 1331.420000
demand_187 8 3 1239.860000
demand_188 8 4 815.112000
demand_189 8 5 204.301000
demand_190 8 6 668.036000
demand_191 8 7 604.556000
demand_192 8 9 452.448000
demand_193 8 10 488.111000
demand_194 8 11 492.193000
demand_195 8 12 1032.480000
demand_196 8 13 748.831000
demand_197 8 14 252.225000
demand_198 8 15 1359.920000
demand_199 8 16 908.422000
demand_200 8 17 1214.400000
demand_201 8 18 794.144000
demand_202 8 19 987.466000
demand_203 8 20 366.743000
demand_204 8 21 508.962000
demand_205 8 22 836.196000
demand_206 8 23 384.392000
demand_207 9 0 305.289000
demand_208 9 1 928.045000
demand_209 9 2 664.327000
demand_210 9 3 1346.450000
demand_211 9 4 1112.770000
demand_212 9 5 583.689000
demand_213 9 6 238.693000
demand_214 9 7 1100.030000
demand_215 9 8 509.031000
demand_216 9 10 713.993000
demand_217 9 11 1144.590000
demand_218 9 12 983.813000
demand_219 9 13 930.965000
demand_220 9 14 943.764000
demand_221 9 15 962.019000
demand_222 9 16 1410.430000
demand_223 9 17 171.381000
demand_224 9 18 273.325000
demand_225 9 19 699.626000
demand_226 9 20 1103.310000
demand_227 9 21 971.679000
demand_228 9 22 1128.750000
demand_229 9 23 963.787000
demand_230 10 0 245.358000
demand_231 10 1 508.088000
demand_232 10 2 1251.680000
demand_233 10 3 554.363000
demand_234 10 4 1186.680000
demand_235 10 5 1156.140000
demand_236 10 6 623.865000
demand_237 10 7 1445.150000
demand_238 10 8 409.073000
demand_239 10 9 282.860000
demand_240 10 11 1176.870000
demand_241 10 12 157.911000
demand_242 10 13 706.697000
demand_243 10 14 929.617000
demand_244 10 15 1231.360000
demand_245 10 16 1140.260000
demand_246 10 17 452.631000
demand_247 10 18 457.924000
demand_248 10 19 1179.360000
demand_249 10 20 804.962000
demand_250 10 21 227.263000
demand_251 10 22 742.284000
demand_252 10 23 907.152000
demand_253 11 0 971.806000
demand_254 11 1 1180.840000
demand_255 11 2 947.027000
demand_256 11 3 341.178000
demand_257 11 4 1000.220000
demand_258 11 5 266.085000
demand_259 11 6 1252.930000
demand_260 11 7 484.815000
demand_261 11 8 827.502000
demand_262 11 9 1414.810000
demand_263 11 10 533.767000
demand_264 11 12 342.474000
demand_265 11 13 1334.700000
demand_266 11 14 1127.730000
demand_267 11 15 1063.720000
demand_268 11 16 1076.190000
demand_269 11 17 1179.770000
demand_270 11 18 1012.150000
demand_271 11 19 1365.800000
demand_272 11 20 1420.230000
demand_273 11 21 1243.970000
demand_274 11 22 1397.300000
demand_275 11 23 309.450000
demand_276 12 0 490.245000
demand_277 12 1 218.916000
demand_278 12 2 838.556000
demand_279 12 3 756.072000
demand_280 12 4 1037.650000
demand_281 12 5 1228.530000
demand_282 12 6 666.075000
demand_283 12 7 724.605000
demand_284 12 8 1083.900000
demand_285 12 9 416.612000
demand_286 12 10 794.942000
demand_287 12 11 1449.030000
demand_288 12 13 1321.950000
demand_289 12 14 1429.070000
demand_290 12 15 1233.160000
demand_291 12 16 978.409000
demand_292 12 17 179.279000
demand_293 12 18 644.294000
demand_294 12 19 981.158000
demand_295 12 20 757.286000
demand_296 12 21 766.333000
demand_297 12 22 554.648000
demand_298 12 23 847.826000
demand_299 13 0 1115.890000
demand_300 13 1 458.991000
demand_301 13 2 818.684000
demand_302 13 3 649.819000
demand_303 13 4 969.050000
demand_304 13 5 545.155000
demand_305 13 6 188.906000
demand_306 13 7 556.523000
demand_307 13 8 1346.440000
demand_308 13 9 800.333000
demand_309 13 10 224.959000
demand_310 13 11 969.492000
demand_311 13 12 1240.910000
demand_312 13 14 293.489000
demand_313 13 15 550.765000
demand_314 13 16 152.625000
demand_315 13 17 704.661000
demand_316 13 18 211.751000
demand_317 13 19 1394.580000
demand_318 13 20 913.590000
demand_319 13 21 463.780000
demand_320 13 22 1392.230000
demand_321 13 23 296.877000
demand_322 14 0 265.990000
demand_323 14 1 418.065000
demand_324 14 2 437.793000
demand_325 14 3 1297.210000
demand_326 14 4 1033.270000
demand_327 14 5 651.728000
demand_328 14 6 1233.930000
demand_329 14 7 414.422000
demand_330 14 8 676.216000
demand_331 14 9 745.148000
demand_332 14 10 765.427000
demand_333 14 11 578.255000
demand_334 14 12 370.736000
demand_335 14 13 1255.220000
demand_336 14 15 504.481000
demand_337 14 16 369.230000
demand_338 14 17 1095.980000
demand_339 14 18 1014.980000
demand_340 14 19 485.918000
demand_341 14 20 1247.390000
demand_342 14 21 329.063000
demand_343 14 22 470.157000
demand_344 14 23 151.973000
demand_345 15 0 1088.370000
demand_346 15 1 1303.690000
demand_347 15 2 1339.120000
demand_348 15 3 585.983000
demand_349 15 4 1421.470000
demand_350 15 5 1352.040000
demand_351 15 6 1318.050000
demand_352 15 7 1269.020000
demand_353 15 8 830.157000
demand_354 15 9 1048.050000
demand_355 15 10 775.027000
demand_356 15 11 1288.330000
demand_357 15 12 591.126000
demand_358 15 13 689.145000
demand_359 15 14 1203.100000
demand_360 15 16 389.603000
demand_361 15 17 1070.660000
demand_362 15 18 377.810000
demand_363 15 19 1387.470000
demand_364 15 20 733.096000
demand_365 15 21 466.553000
demand_366 15 22 1110.520000
demand_367 15 23 866.432000
demand_368 16 0 643.027000
demand_369 16 1 740.255000
demand_370 16 2 602.045000
demand_371 16 3 846.360000
demand_372 16 4 430.111000
demand_373 16 5 672.759000
demand_374 16 6 1409.360000
demand_375 16 7 937.653000
demand_376 16 8 451.682000
demand_377 16 9 784.566000
demand_378 16 10 592.451000
demand_379 16 11 1442.930000
demand_380 16 12 736.405000
demand_381 16 13 1363.780000
demand_382 16 14 622.108000
demand_383 16 15 470.867000
demand_384 16 17 1213.160000
demand_385 16 18 703.270000
demand_386 16 19 1227.410000
demand_387 16 20 630.569000
demand_388 16 21 637.937000
demand_389 16 22 1155.400000
demand_390 16 23 1230.970000
demand_391 17 0 1038.930000
demand_392 17 1 1169.880000
demand_393 17 2 468.369000
demand_394 17 3 1308.040000
demand_395 17 4 494.559000
demand_396 17 5 1257.850000
demand_397 17 6 224.062000
demand_398 17 7 973.679000
demand_399 17 8 288.363000
demand_400 17 9 246.258000
demand_401 17 10 160.507000
demand_402 17 11 876.563000
demand_403 17 12 871.165000
demand_404 17 13 244.867000
demand_405 17 14 400.775000
demand_406 17 15 1408.130000
demand_407 17 16 404.130000
demand_408 17 18 1168.560000
demand_409 17 19 668.350000
demand_410 17 20 672.664000
demand_411 17 21 220.284000
demand_412 17 22 846.163000
demand_413 17 23 845.054000
demand_414 18 0 899.689000
demand_415 18 1 171.008000
demand_416 18 2 900.389000
demand_417 18 3 630.962000
demand_418 18 4 233.067000
demand_419 18 5 469.865000
demand_420 18 6 457.270000
demand_421 18 7 1099.340000
demand_422 18 8 1210.620000
demand_423 18 9 227.126000
demand_424 18 10 685.482000
demand_425 18 11 834.504000
demand_426 18 12 525.184000
demand_427 18 13 551.440000
demand_428 18 14 1141.890000
demand_429 18 15 152.324000
demand_430 18 16 628.130000
demand_431 18 17 559.423000
demand_432 18 19 884.284000
demand_433 18 20 1097.360000
demand_434 18 21 670.749000
demand_435 18 22 926.625000
demand_436 18 23 1087.620000
demand_437 19 0 753.649000
demand_438 19 1 357.463000
demand_439 19 2 1337.000000
demand_440 19 3 1036.660000
demand_441 19 4 382.356000
demand_442 19 5 523.685000
demand_443 19 6 1304.310000
demand_444 19 7 186.909000
demand_445 19 8 453.286000
demand_446 19 9 500.121000
demand_447 19 10 1254.090000
demand_448 19 11 1239.110000
demand_449 19 12 764.193000
demand_450 19 13 480.919000
demand_451 19 14 597.047000
demand_452 19 15 810.713000
demand_453 19 16 381.770000
demand_454 19 17 866.513000
demand_455 19 18 317.545000
demand_456 19 20 264.883000
demand_457 19 21 1214.840000
demand_458 19 22 648.762000
demand_459 19 23 856.599000
demand_460 20 0 766.209000
demand_461 20 1 1385.840000
demand_462 20 2 1315.150000
demand_463 20 3 932.860000
demand_464 20 4 1377.330000
demand_465 20 5 759.096000
demand_466 20 6 756.553000
demand_467 20 7 963.911000
demand_468 20 8 423.436000
demand_469 20 9 1085.570000
demand_470 20 10 1314.630000
demand_471 20 11 907.636000
demand_472 20 12 1191.940000
demand_473 20 13 1157.390000
demand_474 20 14 284.779000
demand_475 20 15 276.461000
demand_476 20 16 357.054000
demand_477 20 17 1156.110000
demand_478 20 18 278.546000
demand_479 20 19 1433.420000
demand_480 20 21 667.970000
demand_481 20 22 1268.940000
demand_482 20 23 624.595000
demand_483 21 0 383.715000
demand_484 21 1 903.351000
demand_485 21 2 364.801000
demand_486 21 3 430.697000
demand_487 21 4 1055.400000
demand_488 21 5 676.785000
demand_489 21 6 634.716000
demand_490 21 7 1383.420000
demand_491 21 8 927.885000
demand_492 21 9 324.585000
demand_493 21 10 303.453000
demand_494 21 11 418.219000
demand_495 21 12 988.700000
demand_496 21 13 213.263000
demand_497 21 14 895.747000
demand_498 21 15 924.834000
demand_499 21 16 199.099000
demand_500 21 17 192.373000
demand_501 21 18 683.698000
demand_502 21 19 409.054000
demand_503 21 20 207.034000
demand_504 21 22 554.549000
demand_505 21 23 1317.680000
demand_506 22 0 678.497000
demand_507 22 1 987.731000
demand_508 22 2 1404.740000
demand_509 22 3 1085.130000
demand_510 22 4 918.752000
demand_511 22 5 890.939000
demand_512 22 6 1089.740000
demand_513 22 7 1028.790000
demand_514 22 8 204.828000
demand_515 22 9 867.430000
demand_516 22 10 1441.500000
demand_517 22 11 942.641000
demand_518 22 12 1419.860000
demand_519 22 13 392.762000
demand_520 22 14 520.196000
demand_521 22 15 796.330000
demand_522 22 16 1037.480000
demand_523 22 17 1414.760000
demand_524 22 18 1136.290000
demand_525 22 19 1392.130000
demand_526 22 20 1427.360000
demand_527 22 21 449.653000
demand_528 22 23 1387.420000
demand_529 23 0 1276.060000
demand_530 23 1 313.875000
demand_531 23 2 824.690000
demand_532 23 3 713.639000
demand_533 23 4 314.903000
demand_534 23 5 515.564000
demand_535 23 6 545.594000
demand_536 23 7 684.451000
demand_537 23 8 181.492000
demand_538 23 9 1174.940000
demand_539 23 10 913.610000
demand_540 23 11 604.091000
demand_541 23 12 1026.710000
demand_542 23 13 522.821000
demand_543 23 14 459.793000
demand_544 23 15 1140.470000
demand_545 23 16 371.967000
demand_546 23 17 1278.470000
demand_547 23 18 1105.480000
demand_548 23 19 864.693000
demand_549 23 20 995.381000
demand_550 23 21 1333.080000
demand_551 23 22 630.621000
