DEMANDS 552
label src dest bw
demand_0 0 1 514.564000
demand_1 0 2 440.440000
demand_2 0 3 719.247000
demand_3 0 4 1042.510000
demand_4 0 5 885.595000
demand_5 0 6 1269.990000
demand_6 0 7 938.473000
demand_7 0 8 833.658000
demand_8 0 9 298.636000
demand_9 0 10 336.388000
demand_10 0 11 466.950000
demand_11 0 12 357.019000
demand_12 0 13 727.008000
demand_13 0 14 751.449000
demand_14 0 15 612.049000
demand_15 0 16 620.936000
demand_16 0 17 298.754000
demand_17 0 18 664.104000
demand_18 0 19 1341.370000
demand_19 0 20 1115.050000
demand_20 0 21 974.292000
demand_21 0 22 709.371000
demand_22 0 23 507.719000
demand_23 1 0 1360.010000
demand_24 1 2 1080.490000
demand_25 1 3 173.314000
demand_26 1 4 883.991000
demand_27 1 5 939.066000
demand_28 1 6 672.294000
demand_29 1 7 273.413000
demand_30 1 8 988.771000
demand_31 1 9 185.928000
demand_32 1 10 264.614000
demand_33 1 11 1118.520000
demand_34 1 12 772.033000
demand_35 1 13 540.677000
demand_36 1 14 1171.950000
demand_37 1 15 214.280000
demand_38 1 16 1199.780000
demand_39 1 17 564.292000
demand_40 1 18 576.815000
demand_41 1 19 1175.250000
demand_42 1 20 326.159000
demand_43 1 21 511.234000
demand_44 1 22 497.584000
demand_45 1 23 1067.070000
demand_46 2 0 1276.710000
demand_47 2 1 587.876000
demand_48 2 3 593.024000
demand_49 2 4 1031.130000
demand_50 2 5 284.435000
demand_51 2 6 971.077000
demand_52 2 7 743.055000
demand_53 2 8 348.506000
demand_54 2 9 599.385000
demand_55 2 10 390.063000
demand_56 2 11 724.980000
demand_57 2 12 980.515000
demand_58 2 13 1181.590000
demand_59 2 14 594.107000
demand_60 2 15 304.231000
demand_61 2 16 987.479000
demand_62 2 17 1160.640000
demand_63 2 18 1244.060000
demand_64 2 19 1006.350000
demand_65 2 20 405.303000
demand_66 2 21 1392.040000
demand_67 2 22 440.991000
demand_68 2 23 1244.660000
demand_69 3 0 618.988000
demand_70 3 1 977.319000
demand_71 3 2 274.247000
demand_72 3 4 669.856000
demand_73 3 5 1175.940000
demand_74 3 6 1288.590000
demand_75 3 7 1180.000000
demand_76 3 8 249.115000
demand_77 3 9 1332.890000
demand_78 3 10 325.038000
demand_79 3 11 450.721000
demand_80 3 12 210.355000
demand_81 3 13 1155.830000
demand_82 3 14 986.754000
demand_83 3 15 584.046000
demand_84 3 16 761.269000
demand_85 3 17 393.269000
demand_86 3 18 1070.300000
demand_87 3 19 656.707000
demand_88 3 20 982.829000
demand_89 3 21 982.663000
demand_90 3 22 343.578000
demand_91 3 23 1307.700000
demand_92 4 0 1057.830000
demand_93 4 1 826.082000
demand_94 4 2 529.451000
demand_95 4 3 1047.820000
demand_96 4 5 1103.600000
demand_97 4 6 630.311000
demand_98 4 7 166.190000
demand_99 4 8 932.184000
demand_100 4 9 762.603000
demand_101 4 10 866.633000
demand_102 4 11 926.256000
demand_103 4 12 459.269000
demand_104 4 13 476.873000
demand_105 4 14 1134.990000
demand_106 4 15 388.900000
demand_107 4 16 242.446000
demand_108 4 17 257.567000
demand_109 4 18 1122.730000
demand_110 4 19 202.853000
demand_111 4 20 338.013000
demand_112 4 21 887.264000
demand_113 4 22 248.330000
demand_114 4 23 1065.790000
demand_115 5 0 195.920000
demand_116 5 1 1217.000000
demand_117 5 2 342.000000
demand_118 5 3 262.561000
demand_119 5 4 1097.070000
demand_120 5 6 289.146000
demand_121 5 7 1157.080000
demand_122 5 8 343.093000
demand_123 5 9 493.622000
demand_124 5 10 752.650000
demand_125 5 11 1142.290000
demand_126 5 12 1044.830000
demand_127 5 13 333.267000
demand_128 5 14 488.694000
demand_129 5 15 582.330000
demand_130 5 16 1111.790000
demand_131 5 17 768.068000
demand_132 5 18 169.242000
demand_133 5 19 1391.520000
demand_134 5 20 566.360000
demand_135 5 21 1222.050000
demand_136 5 22 984.129000
demand_137 5 23 287.011000
demand_138 6 0 600.730000
demand_139 6 1 254.840000
demand_140 6 2 908.038000
demand_141 6 3 1102.130000
demand_142 6 4 296.506000
demand_143 6 5 972.823000
demand_144 6 7 268.911000
demand_145 6 8 686.553000
demand_146 6 9 463.476000
demand_147 6 10 474.997000
demand_148 6 11 228.611000
demand_149 6 12 477.738000
demand_150 6 13 863.358000
demand_151 6 14 1271.170000
demand_152 6 15 1146.600000
demand_153 6 16 1150.200000
demand_154 6 17 602.005000
demand_155 6 18 895.046000
demand_156 6 19 1234.170000
demand_157 6 20 894.578000
demand_158 6 21 1329.210000
demand_159 6 22 1069.140000
demand_160 6 23 1350.650000
demand_161 7 0 652.815000
demand_162 7 1 558.774000
demand_163 7 2 735.837000
demand_164 7 3 428.512000
demand_165 7 4 1337.870000
demand_166 7 5 950.000000
demand_167 7 6 924.787000
demand_168 7 8 1139.030000
demand_169 7 9 812.826000
demand_170 7 10 961.143000
demand_171 7 11 444.966000
demand_172 7 12 974.002000
demand_173 7 13 225.071000
demand_174 7 14 1082.980000
demand_175 7 15 1201.870000
demand_176 7 16 695.768000
demand_177 7 17 540.380000
demand_178 7 18 950.374000
demand_179 7 19 1099.940000
demand_180 7 20 244.154000
demand_181 7 21 208.311000
demand_182 7 22 1030.800000
demand_183 7 23 1141.730000
demand_184 8 0 249.283000
demand_185 8 1 289.498000
demand_186 8 2 1296.830000
demand_187 8 3 870.991000
demand_188 8 4 174.848000
demand_189 8 5 836.534000
demand_190 8 6 1405.660000
demand_191 8 7 746.793000
demand_192 8 9 370.019000
demand_193 8 10 1305.100000
demand_194 8 11 819.506000
demand_195 8 12 861.077000
demand_196 8 13 161.123000
demand_197 8 14 773.928000
demand_198 8 15 162.586000
demand_199 8 16 1350.700000
demand_200 8 17 1292.010000
demand_201 8 18 1118.280000
demand_202 8 19 1165.800000
demand_203 8 20 1061.130000
demand_204 8 21 810.928000
demand_205 8 22 952.173000
demand_206 8 23 1311.200000
demand_207 9 0 1342.460000
demand_208 9 1 775.556000
demand_209 9 2 1155.720000
demand_210 9 3 895.484000
demand_211 9 4 429.063000
demand_212 9 5 400.192000
demand_213 9 6 380.950000
demand_214 9 7 405.121000
demand_215 9 8 244.652000
demand_216 9 10 973.060000
demand_217 9 11 245.396000
demand_218 9 12 1396.710000
demand_219 9 13 625.955000
demand_220 9 14 385.765000
demand_221 9 15 790.129000
demand_222 9 16 866.707000
demand_223 9 17 256.707000
demand_224 9 18 921.132000
demand_225 9 19 1012.740000
demand_226 9 20 199.955000
demand_227 9 21 1143.560000
demand_228 9 22 1259.300000
demand_229 9 23 682.112000
demand_230 10 0 503.399000
demand_231 10 1 278.396000
demand_232 10 2 462.225000
demand_233 10 3 710.812000
demand_234 10 4 462.404000
demand_235 10 5 668.482000
demand_236 10 6 679.157000
demand_237 10 7 914.754000
demand_238 10 8 658.057000
demand_239 10 9 392.757000
demand_240 10 11 1135.850000
demand_241 10 12 801.887000
demand_242 10 13 261.647000
demand_243 10 14 519.341000
demand_244 10 15 901.093000
demand_245 10 16 783.581000
demand_246 10 17 1328.470000
demand_247 10 18 746.112000
demand_248 10 19 1266.800000
demand_249 10 20 824.305000
demand_250 10 21 1298.010000
demand_251 10 22 886.760000
demand_252 10 23 805.206000
demand_253 11 0 682.933000
demand_254 11 1 1120.230000
demand_255 11 2 958.278000
demand_256 11 3 572.049000
demand_257 11 4 671.107000
demand_258 11 5 179.517000
demand_259 11 6 1257.760000
demand_260 11 7 605.559000
demand_261 11 8 1016.150000
demand_262 11 9 799.498000
demand_263 11 10 1045.440000
demand_264 11 12 459.046000
demand_265 11 13 303.597000
demand_266 11 14 679.112000
demand_267 11 15 951.730000
demand_268 11 16 1249.020000
demand_269 11 17 1018.860000
demand_270 11 18 724.173000
demand_271 11 19 1270.160000
demand_272 11 20 1111.010000
demand_273 11 21 963.531000
demand_274 11 22 903.757000
demand_275 11 23 445.831000
demand_276 12 0 863.939000
demand_277 12 1 630.066000
demand_278 12 2 995.132000
demand_279 12 3 1030.060000
demand_280 12 4 930.000000
demand_281 12 5 1133.730000
demand_282 12 6 875.889000
demand_283 12 7 1288.870000
demand_284 12 8 927.432000
demand_285 12 9 970.355000
demand_286 12 10 788.928000
demand_287 12 11 1315.080000
demand_288 12 13 1020.650000
demand_289 12 14 562.685000
demand_290 12 15 1376.360000
demand_291 12 16 697.363000
demand_292 12 17 184.647000
demand_293 12 18 1280.010000
demand_294 12 19 1028.080000
demand_295 12 20 961.435000
demand_296 12 21 191.016000
demand_297 12 22 1027.700000
demand_298 12 23 461.851000
demand_299 13 0 461.829000
demand_300 13 1 364.672000
demand_301 13 2 279.983000
demand_302 13 3 400.336000
demand_303 13 4 566.947000
demand_304 13 5 583.385000
demand_305 13 6 1234.870000
demand_306 13 7 902.168000
demand_307 13 8 683.702000
demand_308 13 9 498.471000
demand_309 13 10 1204.340000
demand_310 13 11 966.261000
demand_311 13 12 862.068000
demand_312 13 14 1097.540000
demand_313 13 15 831.674000
demand_314 13 16 547.041000
demand_315 13 17 991.264000
demand_316 13 18 571.242000
demand_317 13 19 1176.120000
demand_318 13 20 941.534000
demand_319 13 21 675.473000
demand_320 13 22 1388.340000
demand_321 13 23 1086.830000
demand_322 14 0 1131.930000
demand_323 14 1 1168.460000
demand_324 14 2 754.077000
demand_325 14 3 1308.680000
demand_326 14 4 1024.910000
demand_327 14 5 1046.850000
demand_328 14 6 532.217000
demand_329 14 7 1129.020000
demand_330 14 8 201.041000
demand_331 14 9 247.336000
demand_332 14 10 234.889000
demand_333 14 11 993.887000
demand_334 14 12 801.305000
demand_335 14 13 335.269000
demand_336 14 15 1270.230000
demand_337 14 16 831.724000
demand_338 14 17 448.154000
demand_339 14 18 421.112000
demand_340 14 19 1167.820000
demand_341 14 20 1109.580000
demand_342 14 21 1060.130000
demand_343 14 22 333.121000
demand_344 14 23 798.997000
demand_345 15 0 353.964000
demand_346 15 1 941.457000
demand_347 15 2 402.895000
demand_348 15 3 1075.390000
demand_349 15 4 1376.100000
demand_350 15 5 543.730000
demand_351 15 6 174.887000
demand_352 15 7 420.190000
demand_353 15 8 1156.440000
demand_354 15 9 582.055000
demand_355 15 10 628.046000
demand_356 15 11 487.641000
demand_357 15 12 1308.030000
demand_358 15 13 1399.430000
demand_359 15 14 948.749000
demand_360 15 16 225.146000
demand_361 15 17 1163.430000
demand_362 15 18 1222.070000
demand_363 15 19 722.501000
demand_364 15 20 1183.310000
demand_365 15 21 309.641000
demand_366 15 22 1219.100000
demand_367 15 23 782.526000
demand_368 16 0 875.958000
demand_369 16 1 381.705000
demand_370 16 2 1246.300000
demand_371 16 3 1403.570000
demand_372 16 4 951.611000
demand_373 16 5 827.674000
demand_374 16 6 924.280000
demand_375 16 7 954.443000
demand_376 16 8 839.093000
demand_377 16 9 889.625000
demand_378 16 10 1061.470000
demand_379 16 11 375.137000
demand_380 16 12 398.239000
demand_381 16 13 600.672000
demand_382 16 14 1296.210000
demand_383 16 15 1125.420000
demand_384 16 17 975.030000
demand_385 16 18 1369.820000
demand_386 16 19 1317.000000
demand_387 16 20 1110.890000
demand_388 16 21 1095.860000
demand_389 16 22 1196.060000
demand_390 16 23 571.049000
demand_391 17 0 579.402000
demand_392 17 1 1376.770000
demand_393 17 2 768.878000
demand_394 17 3 1033.290000
demand_395 17 4 412.735000
demand_396 17 5 1027.720000
demand_397 17 6 594.242000
demand_398 17 7 455.520000
demand_399 17 8 608.570000
demand_400 17 9 1291.970000
demand_401 17 10 1148.240000
demand_402 17 11 465.225000
demand_403 17 12 263.931000
demand_404 17 13 457.300000
demand_405 17 14 646.542000
demand_406 17 15 736.691000
demand_407 17 16 806.928000
demand_408 17 18 175.151000
demand_409 17 19 1095.610000
demand_410 17 20 802.278000
demand_411 17 21 344.429000
demand_412 17 22 1242.910000
demand_413 17 23 495.876000
demand_414 18 0 825.823000
demand_415 18 1 205.559000
demand_416 18 2 1252.340000
demand_417 18 3 791.440000
demand_418 18 4 599.793000
demand_419 18 5 183.691000
demand_420 18 6 961.297000
demand_421 18 7 635.721000
demand_422 18 8 1091.540000
demand_423 18 9 560.377000
demand_424 18 10 1389.950000
demand_425 18 11 1286.080000
demand_426 18 12 150.713000
demand_427 18 13 337.746000
demand_428 18 14 968.011000
demand_429 18 15 586.000000
demand_430 18 16 327.512000
demand_431 18 17 557.677000
demand_432 18 19 212.140000
demand_433 18 20 756.977000
demand_434 18 21 502.327000
demand_435 18 22 1075.190000
demand_436 18 23 331.820000
demand_437 19 0 531.730000
demand_438 19 1 830.680000
demand_439 19 2 1151.970000
demand_440 19 3 1044.130000
demand_441 19 4 1147.440000
demand_442 19 5 262.269000
demand_443 19 6 1088.490000
demand_444 19 7 170.151000
demand_445 19 8 1358.180000
demand_446 19 9 1053.950000
demand_447 19 10 1385.980000
demand_448 19 11 1024.010000
demand_449 19 12 954.628000
demand_450 19 13 196.258000
demand_451 19 14 1289.150000
demand_452 19 15 1400.920000
demand_453 19 16 458.468000
demand_454 19 17 643.137000
demand_455 19 18 717.606000
demand_456 19 20 429.110000
demand_457 19 21 151.264000
demand_458 19 22 1301.480000
demand_459 19 23 1123.050000
demand_460 20 0 399.327000
demand_461 20 1 353.506000
demand_462 20 2 389.000000
demand_463 20 3 692.063000
demand_464 20 4 164.449000
demand_465 20 5 784.597000
demand_466 20 6 879.528000
demand_467 20 7 384.661000
demand_468 20 8 381.157000
demand_469 20 9 941.465000
demand_470 20 10 645.168000
demand_471 20 11 259.140000
demand_472 20 12 1150.270000
demand_473 20 13 888.382000
demand_474 20 14 476.619000
demand_475 20 15 799.424000
demand_476 20 16 1059.260000
demand_477 20 17 266.484000
demand_478 20 18 496.473000
demand_479 20 19 1300.480000
demand_480 20 21 528.030000
demand_481 20 22 221.479000
demand_482 20 23 1370.520000
demand_483 21 0 230.617000
demand_484 21 1 552.573000
demand_485 21 2 204.066000
demand_486 21 3 441.192000
demand_487 21 4 555.443000
demand_488 21 5 421.600000
demand_489 21 6 706.531000
demand_490 21 7 1188.740000
demand_491 21 8 987.964000
demand_492 21 9 1255.030000
demand_493 21 10 1151.380000
demand_494 21 11 1363.030000
demand_495 21 12 757.399000
demand_496 21 13 618.143000
demand_497 21 14 376.440000
demand_498 21 15 229.947000
demand_499 21 16 247.311000
demand_500 21 17 1219.800000
demand_501 21 18 203.438000
demand_502 21 19 1161.690000
demand_503 21 20 968.922000
demand_504 21 22 1121.360000
demand_505 21 23 1344.130000
demand_506 22 0 494.159000
demand_507 22 1 1134.710000
demand_508 22 2 225.179000
demand_509 22 3 899.330000
demand_510 22 4 558.000000
demand_511 22 5 1256.600000
demand_512 22 6 773.242000
demand_513 22 7 957.906000
demand_514 22 8 671.011000
demand_515 22 9 351.542000
demand_516 22 10 1361.720000
demand_517 22 11 786.909000
demand_518 22 12 621.917000
demand_519 22 13 706.322000
demand_520 22 14 360.727000
demand_521 22 15 1149.130000
demand_522 22 16 882.146000
demand_523 22 17 1224.530000
demand_524 22 18 387.862000
demand_525 22 19 192.209000
demand_526 22 20 1374.350000
demand_527 22 21 1169.830000
demand_528 22 23 1127.750000
demand_529 23 0 762.090000
demand_530 23 1 1106.920000
demand_531 23 2 238.019000
demand_532 23 3 1114.980000
demand_533 23 4 552.041000
demand_534 23 5 526.876000
demand_535 23 6 1355.640000
demand_536 23 7 776.305000
demand_537 23 8 793.247000
demand_538 23 9 423.049000
demand_539 23 10 1401.890000
demand_540 23 11 429.476000
demand_541 23 12 924.121000
demand_542 23 13 738.264000
demand_543 23 14 1314.180000
demand_544 23 15 1296.090000
demand_545 23 16 317.462000
demand_546 23 17 1185.220000
demand_547 23 18 1131.630000
demand_548 23 19 1077.900000
demand_549 23 20 1018.880000
demand_550 23 21 368.002000
demand_551 23 22 370.641000
