DEMANDS 552
label src dest bw
demand_0 0 1 346.545000
demand_1 0 2 1213.620000
demand_2 0 3 219.137000
demand_3 0 4 635.933000
demand_4 0 5 1341.400000
demand_5 0 6 630.715000
demand_6 0 7 1205.730000
demand_7 0 8 206.775000
demand_8 0 9 1369.730000
demand_9 0 10 276.842000
demand_10 0 11 963.502000
demand_11 0 12 813.506000
demand_12 0 13 777.687000
demand_13 0 14 257.950000
demand_14 0 15 457.719000
demand_15 0 16 915.730000
demand_16 0 17 160.924000
demand_17 0 18 682.943000
demand_18 0 19 928.252000
demand_19 0 20 1203.000000
demand_20 0 21 1014.330000
demand_21 0 22 577.808000
demand_22 0 23 158.034000
demand_23 1 0 315.109000
demand_24 1 2 1395.990000
demand_25 1 3 1153.960000
demand_26 1 4 1296.990000
demand_27 1 5 447.877000
demand_28 1 6 1466.060000
demand_29 1 7 838.821000
demand_30 1 8 560.019000
demand_31 1 9 689.538000
demand_32 1 10 967.793000
demand_33 1 11 1248.880000
demand_34 1 12 1203.940000
demand_35 1 13 1159.780000
demand_36 1 14 556.000000
demand_37 1 15 1390.940000
demand_38 1 16 794.155000
demand_39 1 17 415.323000
demand_40 1 18 1340.570000
demand_41 1 19 562.691000
demand_42 1 20 1066.850000
demand_43 1 21 677.967000
demand_44 1 22 179.681000
demand_45 1 23 1097.000000
demand_46 2 0 250.286000
demand_47 2 1 170.605000
demand_48 2 3 473.433000
demand_49 2 4 928.362000
demand_50 2 5 425.443000
demand_51 2 6 1431.250000
demand_52 2 7 1227.340000
demand_53 2 8 820.394000
demand_54 2 9 1027.350000
demand_55 2 10 244.375000
demand_56 2 11 685.420000
demand_57 2 12 903.790000
demand_58 2 13 1484.930000
demand_59 2 14 1420.480000
demand_60 2 15 493.517000
demand_61 2 16 487.357000
demand_62 2 17 487.851000
demand_63 2 18 1263.410000
demand_64 2 19 1310.590000
demand_65 2 20 1262.600000
demand_66 2 21 790.254000
demand_67 2 22 536.543000
demand_68 2 23 1305.130000
demand_69 3 0 530.418000
demand_70 3 1 1382.730000
demand_71 3 2 184.209000
demand_72 3 4 1432.940000
demand_73 3 5 1481.060000
demand_74 3 6 988.019000
demand_75 3 7 223.316000
demand_76 3 8 877.657000
demand_77 3 9 1349.050000
demand_78 3 10 301.797000
demand_79 3 11 699.407000
demand_80 3 12 252.183000
demand_81 3 13 803.920000
demand_82 3 14 868.224000
demand_83 3 15 864.174000
demand_84 3 16 1441.600000
demand_85 3 17 605.504000
demand_86 3 18 880.193000
demand_87 3 19 336.383000
demand_88 3 20 883.323000
demand_89 3 21 338.232000
demand_90 3 22 800.581000
demand_91 3 23 427.592000
demand_92 4 0 766.193000
demand_93 4 1 697.153000
demand_94 4 2 1440.510000
demand_95 4 3 297.155000
demand_96 4 5 1421.730000
demand_97 4 6 931.273000
demand_98 4 7 990.821000
demand_99 4 8 549.954000
demand_100 4 9 1064.900000
demand_101 4 10 1354.680000
demand_102 4 11 910.454000
demand_103 4 12 196.155000
demand_104 4 13 1184.920000
demand_105 4 14 810.530000
demand_106 4 15 562.963000
demand_107 4 16 1032.090000
demand_108 4 17 1322.550000
demand_109 4 18 1506.410000
demand_110 4 19 257.260000
demand_111 4 20 1513.290000
demand_112 4 21 683.553000
demand_113 4 22 477.558000
demand_114 4 23 1311.300000
demand_115 5 0 990.586000
demand_116 5 1 980.646000
demand_117 5 2 1282.500000
demand_118 5 3 307.381000
demand_119 5 4 653.047000
demand_120 5 6 760.892000
demand_121 5 7 762.124000
demand_122 5 8 884.840000
demand_123 5 9 1435.190000
demand_124 5 10 1241.690000
demand_125 5 11 223.946000
demand_126 5 12 1017.250000
demand_127 5 13 667.336000
demand_128 5 14 827.351000
demand_129 5 15 260.469000
demand_130 5 16 787.969000
demand_131 5 17 288.030000
demand_132 5 18 1378.640000
demand_133 5 19 286.239000
demand_134 5 20 1460.650000
demand_135 5 21 1091.210000
demand_136 5 22 344.530000
demand_137 5 23 1435.320000
demand_138 6 0 601.937000
demand_139 6 1 418.581000
demand_140 6 2 653.816000
demand_141 6 3 413.948000
demand_142 6 4 1072.580000
demand_143 6 5 554.387000
demand_144 6 7 624.821000
demand_145 6 8 365.870000
demand_146 6 9 731.872000
demand_147 6 10 467.829000
demand_148 6 11 1412.630000
demand_149 6 12 1382.460000
demand_150 6 13 450.696000
demand_151 6 14 153.950000
demand_152 6 15 215.948000
demand_153 6 16 1204.860000
demand_154 6 17 546.827000
demand_155 6 18 394.838000
demand_156 6 19 158.265000
demand_157 6 20 1007.770000
demand_158 6 21 842.405000
demand_159 6 22 1545.370000
demand_160 6 23 162.357000
demand_161 7 0 840.801000
demand_162 7 1 1046.760000
demand_163 7 2 316.196000
demand_164 7 3 1463.900000
demand_165 7 4 984.105000
demand_166 7 5 1225.560000
demand_167 7 6 754.913000
demand_168 7 8 1171.600000
demand_169 7 9 965.161000
demand_170 7 10 1295.020000
demand_171 7 11 1253.400000
demand_172 7 12 1436.640000
demand_173 7 13 688.765000
demand_174 7 14 1154.050000
demand_175 7 15 489.823000
demand_176 7 16 620.448000
demand_177 7 17 1203.890000
demand_178 7 18 264.049000
demand_179 7 19 411.607000
demand_180 7 20 978.810000
demand_181 7 21 1225.630000
demand_182 7 22 1537.000000
demand_183 7 23 604.209000
demand_184 8 0 452.109000
demand_185 8 1 586.073000
demand_186 8 2 1231.970000
demand_187 8 3 1081.170000
demand_188 8 4 681.008000
demand_189 8 5 1481.970000
demand_190 8 6 574.760000
demand_191 8 7 261.607000
demand_192 8 9 968.681000
demand_193 8 10 250.252000
demand_194 8 11 374.495000
demand_195 8 12 849.159000
demand_196 8 13 1266.130000
demand_197 8 14 903.465000
demand_198 8 15 668.454000
demand_199 8 16 608.575000
demand_200 8 17 298.036000
demand_201 8 18 1419.060000
demand_202 8 19 1362.380000
demand_203 8 20 553.859000
demand_204 8 21 871.280000
demand_205 8 22 1343.730000
demand_206 8 23 968.793000
demand_207 9 0 229.575000
demand_208 9 1 426.278000
demand_209 9 2 157.271000
demand_210 9 3 155.933000
demand_211 9 4 667.952000
demand_212 9 5 991.308000
demand_213 9 6 1165.440000
demand_214 9 7 865.071000
demand_215 9 8 1303.470000
demand_216 9 10 1431.470000
demand_217 9 11 1439.390000
demand_218 9 12 1143.610000
demand_219 9 13 391.698000
demand_220 9 14 447.547000
demand_221 9 15 821.318000
demand_222 9 16 201.202000
demand_223 9 17 680.019000
demand_224 9 18 1384.370000
demand_225 9 19 1078.250000
demand_226 9 20 339.489000
demand_227 9 21 788.612000
demand_228 9 22 984.437000
demand_229 9 23 1479.980000
demand_230 10 0 765.459000
demand_231 10 1 1170.380000
demand_232 10 2 1353.040000
demand_233 10 3 1358.390000
demand_234 10 4 1524.800000
demand_235 10 5 961.446000
demand_236 10 6 585.765000
demand_237 10 7 993.831000
demand_238 10 8 1220.100000
demand_239 10 9 1146.970000
demand_240 10 11 1036.270000
demand_241 10 12 1245.930000
demand_242 10 13 1142.080000
demand_243 10 14 1296.770000
demand_244 10 15 942.008000
demand_245 10 16 1408.130000
demand_246 10 17 885.346000
demand_247 10 18 874.672000
demand_248 10 19 1269.620000
demand_249 10 20 323.299000
demand_250 10 21 524.743000
demand_251 10 22 688.982000
demand_252 10 23 586.586000
demand_253 11 0 940.687000
demand_254 11 1 330.924000
demand_255 11 2 233.012000
demand_256 11 3 1169.090000
demand_257 11 4 898.398000
demand_258 11 5 536.823000
demand_259 11 6 484.265000
demand_260 11 7 310.189000
demand_261 11 8 431.336000
demand_262 11 9 739.243000
demand_263 11 10 676.286000
demand_264 11 12 907.258000
demand_265 11 13 281.398000
demand_266 11 14 182.961000
demand_267 11 15 956.741000
demand_268 11 16 1427.180000
demand_269 11 17 1274.880000
demand_270 11 18 271.987000
demand_271 11 19 1178.690000
demand_272 11 20 1181.200000
demand_273 11 21 926.127000
demand_274 11 22 438.293000
demand_275 11 23 662.756000
demand_276 12 0 970.476000
demand_277 12 1 639.211000
demand_278 12 2 288.435000
demand_279 12 3 728.301000
demand_280 12 4 1537.160000
demand_281 12 5 1032.960000
demand_282 12 6 1394.960000
demand_283 12 7 1085.590000
demand_284 12 8 794.148000
demand_285 12 9 216.702000
demand_286 12 10 188.122000
demand_287 12 11 640.403000
demand_288 12 13 822.133000
demand_289 12 14 1362.830000
demand_290 12 15 1314.020000
demand_291 12 16 1102.040000
demand_292 12 17 896.377000
demand_293 12 18 1333.740000
demand_294 12 19 1033.960000
demand_295 12 20 1059.330000
demand_296 12 21 267.114000
demand_297 12 22 1163.350000
demand_298 12 23 919.368000
demand_299 13 0 770.631000
demand_300 13 1 156.377000
demand_301 13 2 812.519000
demand_302 13 3 852.607000
demand_303 13 4 769.474000
demand_304 13 5 570.642000
demand_305 13 6 755.937000
demand_306 13 7 1061.350000
demand_307 13 8 1352.280000
demand_308 13 9 475.387000
demand_309 13 10 1008.120000
demand_310 13 11 420.674000
demand_311 13 12 488.471000
demand_312 13 14 1441.170000
demand_313 13 15 712.040000
demand_314 13 16 798.075000
demand_315 13 17 1419.400000
demand_316 13 18 1322.730000
demand_317 13 19 268.855000
demand_318 13 20 651.043000
demand_319 13 21 185.814000
demand_320 13 22 1459.690000
demand_321 13 23 791.633000
demand_322 14 0 973.032000
demand_323 14 1 1336.040000
demand_324 14 2 914.103000
demand_325 14 3 1128.350000
demand_326 14 4 514.821000
demand_327 14 5 264.015000
demand_328 14 6 1405.550000
demand_329 14 7 1505.190000
demand_330 14 8 760.112000
demand_331 14 9 835.823000
demand_332 14 10 274.105000
demand_333 14 11 1170.350000
demand_334 14 12 1389.510000
demand_335 14 13 1469.960000
demand_336 14 15 1285.110000
demand_337 14 16 1394.560000
demand_338 14 17 1409.670000
demand_339 14 18 1270.240000
demand_340 14 19 480.209000
demand_341 14 20 922.866000
demand_342 14 21 1309.600000
demand_343 14 22 337.405000
demand_344 14 23 531.329000
demand_345 15 0 380.719000
demand_346 15 1 1061.180000
demand_347 15 2 308.713000
demand_348 15 3 1359.720000
demand_349 15 4 1307.150000
demand_350 15 5 459.821000
demand_351 15 6 951.230000
demand_352 15 7 352.079000
demand_353 15 8 218.521000
demand_354 15 9 983.739000
demand_355 15 10 1390.660000
demand_356 15 11 554.286000
demand_357 15 12 1063.920000
demand_358 15 13 1231.010000
demand_359 15 14 1175.120000
demand_360 15 16 1216.570000
demand_361 15 17 878.836000
demand_362 15 18 606.642000
demand_363 15 19 994.564000
demand_364 15 20 353.704000
demand_365 15 21 866.079000
demand_366 15 22 357.232000
demand_367 15 23 534.838000
demand_368 16 0 1431.020000
demand_369 16 1 191.338000
demand_370 16 2 327.482000
demand_371 16 3 165.058000
demand_372 16 4 1442.730000
demand_373 16 5 589.198000
demand_374 16 6 774.713000
demand_375 16 7 1085.980000
demand_376 16 8 901.310000
demand_377 16 9 266.497000
demand_378 16 10 510.377000
demand_379 16 11 1217.000000
demand_380 16 12 681.081000
demand_381 16 13 200.670000
demand_382 16 14 1223.680000
demand_383 16 15 380.965000
demand_384 16 17 1400.460000
demand_385 16 18 806.084000
demand_386 16 19 1475.040000
demand_387 16 20 1403.610000
demand_388 16 21 1313.140000
demand_389 16 22 1532.170000
demand_390 16 23 871.924000
demand_391 17 0 1140.490000
demand_392 17 1 513.202000
demand_393 17 2 1452.970000
demand_394 17 3 1535.910000
demand_395 17 4 493.726000
demand_396 17 5 871.713000
demand_397 17 6 673.808000
demand_398 17 7 1467.200000
demand_399 17 8 227.506000
demand_400 17 9 928.103000
demand_401 17 10 770.967000
demand_402 17 11 784.790000
demand_403 17 12 1276.980000
demand_404 17 13 917.616000
demand_405 17 14 488.965000
demand_406 17 15 462.015000
demand_407 17 16 995.433000
demand_408 17 18 597.737000
demand_409 17 19 1285.300000
demand_410 17 20 340.159000
demand_411 17 21 1057.640000
demand_412 17 22 1460.790000
demand_413 17 23 911.743000
demand_414 18 0 1244.490000
demand_415 18 1 356.896000
demand_416 18 2 1306.940000
demand_417 18 3 450.489000
demand_418 18 4 1459.780000
demand_419 18 5 1420.220000
demand_420 18 6 254.562000
demand_421 18 7 683.071000
demand_422 18 8 1325.650000
demand_423 18 9 627.629000
demand_424 18 10 1096.830000
demand_425 18 11 537.818000
demand_426 18 12 810.823000
demand_427 18 13 1493.010000
demand_428 18 14 198.926000
demand_429 18 15 1232.930000
demand_430 18 16 1388.470000
demand_431 18 17 571.732000
demand_432 18 19 589.536000
demand_433 18 20 450.909000
demand_434 18 21 1071.730000
demand_435 18 22 1045.030000
demand_436 18 23 1297.410000
demand_437 19 0 822.183000
demand_438 19 1 339.028000
demand_439 19 2 1093.230000
demand_440 19 3 1480.830000
demand_441 19 4 392.540000
demand_442 19 5 1527.030000
demand_443 19 6 380.163000
demand_444 19 7 1388.070000
demand_445 19 8 1380.570000
demand_446 19 9 265.336000
demand_447 19 10 477.422000
demand_448 19 11 1320.020000
demand_449 19 12 648.278000
demand_450 19 13 1231.720000
demand_451 19 14 784.849000
demand_452 19 15 1506.510000
demand_453 19 16 265.101000
demand_454 19 17 1232.080000
demand_455 19 18 387.525000
demand_456 19 20 1162.300000
demand_457 19 21 284.155000
demand_458 19 22 291.174000
demand_459 19 23 285.107000
demand_460 20 0 892.489000
demand_461 20 1 1347.070000
demand_462 20 2 485.704000
demand_463 20 3 479.101000
demand_464 20 4 1052.420000
demand_465 20 5 1094.500000
demand_466 20 6 599.407000
demand_467 20 7 1029.580000
demand_468 20 8 627.855000
demand_469 20 9 401.051000
demand_470 20 10 368.334000
demand_471 20 11 928.640000
demand_472 20 12 366.918000
demand_473 20 13 1458.370000
demand_474 20 14 890.734000
demand_475 20 15 730.390000
demand_476 20 16 589.653000
demand_477 20 17 678.599000
demand_478 20 18 668.571000
demand_479 20 19 468.407000
demand_480 20 21 286.314000
demand_481 20 22 1183.050000
demand_482 20 23 1516.570000
demand_483 21 0 362.146000
demand_484 21 1 493.351000
demand_485 21 2 1001.700000
demand_486 21 3 621.114000
demand_487 21 4 935.693000
demand_488 21 5 813.256000
demand_489 21 6 220.200000
demand_490 21 7 652.325000
demand_491 21 8 379.586000
demand_492 21 9 313.161000
demand_493 21 10 730.584000
demand_494 21 11 233.017000
demand_495 21 12 1242.520000
demand_496 21 13 1417.030000
demand_497 21 14 833.314000
demand_498 21 15 469.624000
demand_499 21 16 261.829000
demand_500 21 17 307.780000
demand_501 21 18 174.844000
demand_502 21 19 1317.600000
demand_503 21 20 614.090000
demand_504 21 22 1530.950000
demand_505 21 23 626.038000
demand_506 22 0 1057.680000
demand_507 22 1 1270.110000
demand_508 22 2 480.512000
demand_509 22 3 686.140000
demand_510 22 4 1202.990000
demand_511 22 5 673.687000
demand_512 22 6 1059.070000
demand_513 22 7 593.885000
demand_514 22 8 1500.590000
demand_515 22 9 678.329000
demand_516 22 10 1138.960000
demand_517 22 11 736.015000
demand_518 22 12 330.096000
demand_519 22 13 599.058000
demand_520 22 14 413.782000
demand_521 22 15 948.579000
demand_522 22 16 405.314000
demand_523 22 17 860.803000
demand_524 22 18 560.431000
demand_525 22 19 563.243000
demand_526 22 20 1400.450000
demand_527 22 21 313.853000
demand_528 22 23 399.163000
demand_529 23 0 305.644000
demand_530 23 1 1476.040000
demand_531 23 2 340.573000
demand_532 23 3 834.170000
demand_533 23 4 171.357000
demand_534 23 5 444.971000
demand_535 23 6 256.588000
demand_536 23 7 330.383000
demand_537 23 8 303.769000
demand_538 23 9 1505.780000
demand_539 23 10 1372.090000
demand_540 23 11 374.204000
demand_541 23 12 1454.500000
demand_542 23 13 526.202000
demand_543 23 14 1380.340000
demand_544 23 15 1074.750000
demand_545 23 16 993.519000
demand_546 23 17 629.881000
demand_547 23 18 358.545000
demand_548 23 19 1419.220000
demand_549 23 20 439.021000
demand_550 23 21 1544.540000
demand_551 23 22 318.234000
