DEMANDS 552
label src dest bw
demand_0 0 1 913.764000
demand_1 0 2 776.406000
demand_2 0 3 1278.310000
demand_3 0 4 1292.320000
demand_4 0 5 319.182000
demand_5 0 6 1228.550000
demand_6 0 7 681.082000
demand_7 0 8 1066.570000
demand_8 0 9 705.036000
demand_9 0 10 659.197000
demand_10 0 11 1107.630000
demand_11 0 12 1371.170000
demand_12 0 13 500.809000
demand_13 0 14 599.609000
demand_14 0 15 1320.230000
demand_15 0 16 949.407000
demand_16 0 17 956.288000
demand_17 0 18 462.621000
demand_18 0 19 224.956000
demand_19 0 20 982.594000
demand_20 0 21 482.814000
demand_21 0 22 384.012000
demand_22 0 23 248.107000
demand_23 1 0 1108.010000
demand_24 1 2 1218.250000
demand_25 1 3 253.922000
demand_26 1 4 585.677000
demand_27 1 5 191.021000
demand_28 1 6 422.985000
demand_29 1 7 1361.440000
demand_30 1 8 367.925000
demand_31 1 9 647.611000
demand_32 1 10 1263.070000
demand_33 1 11 213.270000
demand_34 1 12 1135.380000
demand_35 1 13 536.604000
demand_36 1 14 877.737000
demand_37 1 15 739.239000
demand_38 1 16 1263.270000
demand_39 1 17 303.224000
demand_40 1 18 1304.310000
demand_41 1 19 1330.530000
demand_42 1 20 271.386000
demand_43 1 21 999.862000
demand_44 1 22 1215.450000
demand_45 1 23 842.137000
demand_46 2 0 954.919000
demand_47 2 1 233.045000
demand_48 2 3 383.767000
demand_49 2 4 1396.070000
demand_50 2 5 298.371000
demand_51 2 6 544.608000
demand_52 2 7 1334.460000
demand_53 2 8 623.912000
demand_54 2 9 634.456000
demand_55 2 10 381.841000
demand_56 2 11 1191.400000
demand_57 2 12 822.516000
demand_58 2 13 500.573000
demand_59 2 14 923.482000
demand_60 2 15 220.374000
demand_61 2 16 1285.490000
demand_62 2 17 877.737000
demand_63 2 18 311.604000
demand_64 2 19 905.643000
demand_65 2 20 1321.440000
demand_66 2 21 560.372000
demand_67 2 22 354.236000
demand_68 2 23 1273.320000
demand_69 3 0 1287.140000
demand_70 3 1 1011.720000
demand_71 3 2 574.080000
demand_72 3 4 225.632000
demand_73 3 5 942.827000
demand_74 3 6 767.920000
demand_75 3 7 156.016000
demand_76 3 8 561.227000
demand_77 3 9 1188.290000
demand_78 3 10 1089.930000
demand_79 3 11 606.433000
demand_80 3 12 381.369000
demand_81 3 13 898.487000
demand_82 3 14 1028.280000
demand_83 3 15 1034.960000
demand_84 3 16 686.451000
demand_85 3 17 1280.860000
demand_86 3 18 1201.030000
demand_87 3 19 406.723000
demand_88 3 20 267.558000
demand_89 3 21 719.132000
demand_90 3 22 1066.500000
demand_91 3 23 504.475000
demand_92 4 0 1179.540000
demand_93 4 1 490.712000
demand_94 4 2 393.367000
demand_95 4 3 749.950000
demand_96 4 5 628.177000
demand_97 4 6 194.620000
demand_98 4 7 1342.630000
demand_99 4 8 1162.290000
demand_100 4 9 329.744000
demand_101 4 10 759.753000
demand_102 4 11 1365.380000
demand_103 4 12 867.840000
demand_104 4 13 318.707000
demand_105 4 14 279.457000
demand_106 4 15 555.417000
demand_107 4 16 459.083000
demand_108 4 17 853.258000
demand_109 4 18 991.389000
demand_110 4 19 1168.330000
demand_111 4 20 547.449000
demand_112 4 21 220.379000
demand_113 4 22 1103.130000
demand_114 4 23 147.257000
demand_115 5 0 1265.330000
demand_116 5 1 1398.800000
demand_117 5 2 1282.850000
demand_118 5 3 917.038000
demand_119 5 4 279.756000
demand_120 5 6 1131.060000
demand_121 5 7 1369.160000
demand_122 5 8 982.779000
demand_123 5 9 1047.550000
demand_124 5 10 1346.260000
demand_125 5 11 523.771000
demand_126 5 12 356.689000
demand_127 5 13 1398.060000
demand_128 5 14 581.254000
demand_129 5 15 1015.880000
demand_130 5 16 1171.750000
demand_131 5 17 401.835000
demand_132 5 18 1060.590000
demand_133 5 19 724.731000
demand_134 5 20 609.596000
demand_135 5 21 1386.530000
demand_136 5 22 345.358000
demand_137 5 23 1390.000000
demand_138 6 0 1303.810000
demand_139 6 1 573.953000
demand_140 6 2 897.579000
demand_141 6 3 426.264000
demand_142 6 4 893.715000
demand_143 6 5 1064.650000
demand_144 6 7 1228.670000
demand_145 6 8 995.736000
demand_146 6 9 243.284000
demand_147 6 10 159.596000
demand_148 6 11 872.181000
demand_149 6 12 458.080000
demand_150 6 13 378.371000
demand_151 6 14 468.464000
demand_152 6 15 843.644000
demand_153 6 16 158.963000
demand_154 6 17 1253.370000
demand_155 6 18 630.540000
demand_156 6 19 408.922000
demand_157 6 20 542.738000
demand_158 6 21 1384.960000
demand_159 6 22 946.131000
demand_160 6 23 312.032000
demand_161 7 0 480.208000
demand_162 7 1 1137.890000
demand_163 7 2 828.693000
demand_164 7 3 168.849000
demand_165 7 4 407.794000
demand_166 7 5 472.301000
demand_167 7 6 289.626000
demand_168 7 8 228.236000
demand_169 7 9 352.499000
demand_170 7 10 1088.280000
demand_171 7 11 1067.860000
demand_172 7 12 1014.800000
demand_173 7 13 979.720000
demand_174 7 14 846.075000
demand_175 7 15 1107.540000
demand_176 7 16 881.964000
demand_177 7 17 1296.590000
demand_178 7 18 382.741000
demand_179 7 19 887.709000
demand_180 7 20 744.722000
demand_181 7 21 720.996000
demand_182 7 22 343.669000
demand_183 7 23 949.608000
demand_184 8 0 582.745000
demand_185 8 1 725.635000
demand_186 8 2 472.724000
demand_187 8 3 770.723000
demand_188 8 4 191.291000
demand_189 8 5 893.585000
demand_190 8 6 1257.760000
demand_191 8 7 485.910000
demand_192 8 9 1132.440000
demand_193 8 10 455.885000
demand_194 8 11 1010.840000
demand_195 8 12 497.886000
demand_196 8 13 784.103000
demand_197 8 14 403.740000
demand_198 8 15 505.205000
demand_199 8 16 184.225000
demand_200 8 17 690.779000
demand_201 8 18 830.710000
demand_202 8 19 353.241000
demand_203 8 20 383.573000
demand_204 8 21 234.298000
demand_205 8 22 673.648000
demand_206 8 23 634.669000
demand_207 9 0 1273.170000
demand_208 9 1 336.646000
demand_209 9 2 1084.880000
demand_210 9 3 560.157000
demand_211 9 4 358.197000
demand_212 9 5 180.679000
demand_213 9 6 953.608000
demand_214 9 7 222.770000
demand_215 9 8 1153.850000
demand_216 9 10 972.797000
demand_217 9 11 1204.680000
demand_218 9 12 159.961000
demand_219 9 13 1326.620000
demand_220 9 14 1068.450000
demand_221 9 15 813.741000
demand_222 9 16 1250.680000
demand_223 9 17 1404.840000
demand_224 9 18 1090.550000
demand_225 9 19 670.229000
demand_226 9 20 1401.490000
demand_227 9 21 759.593000
demand_228 9 22 559.028000
demand_229 9 23 264.481000
demand_230 10 0 1001.430000
demand_231 10 1 1241.540000
demand_232 10 2 144.975000
demand_233 10 3 751.527000
demand_234 10 4 763.077000
demand_235 10 5 1275.230000
demand_236 10 6 367.901000
demand_237 10 7 826.727000
demand_238 10 8 211.963000
demand_239 10 9 663.591000
demand_240 10 11 416.337000
demand_241 10 12 1317.280000
demand_242 10 13 902.068000
demand_243 10 14 581.886000
demand_244 10 15 356.662000
demand_245 10 16 397.472000
demand_246 10 17 1195.000000
demand_247 10 18 750.086000
demand_248 10 19 336.915000
demand_249 10 20 244.049000
demand_250 10 21 482.178000
demand_251 10 22 1040.730000
demand_252 10 23 167.161000
demand_253 11 0 1129.500000
demand_254 11 1 1199.980000
demand_255 11 2 834.177000
demand_256 11 3 788.090000
demand_257 11 4 1040.430000
demand_258 11 5 859.622000
demand_259 11 6 461.768000
demand_260 11 7 821.018000
demand_261 11 8 472.815000
demand_262 11 9 1253.920000
demand_263 11 10 188.147000
demand_264 11 12 1143.350000
demand_265 11 13 239.918000
demand_266 11 14 655.823000
demand_267 11 15 1233.230000
demand_268 11 16 314.652000
demand_269 11 17 532.898000
demand_270 11 18 264.996000
demand_271 11 19 361.906000
demand_272 11 20 669.594000
demand_273 11 21 995.308000
demand_274 11 22 1196.780000
demand_275 11 23 964.766000
demand_276 12 0 171.322000
demand_277 12 1 1141.240000
demand_278 12 2 183.931000
demand_279 12 3 989.434000
demand_280 12 4 1139.370000
demand_281 12 5 1177.110000
demand_282 12 6 1220.060000
demand_283 12 7 1218.320000
demand_284 12 8 560.174000
demand_285 12 9 939.486000
demand_286 12 10 858.603000
demand_287 12 11 831.556000
demand_288 12 13 433.893000
demand_289 12 14 1377.740000
demand_290 12 15 234.122000
demand_291 12 16 643.477000
demand_292 12 17 557.412000
demand_293 12 18 247.894000
demand_294 12 19 650.004000
demand_295 12 20 982.995000
demand_296 12 21 700.599000
demand_297 12 22 802.814000
demand_298 12 23 801.643000
demand_299 13 0 534.129000
demand_300 13 1 1229.600000
demand_301 13 2 833.320000
demand_302 13 3 857.971000
demand_303 13 4 838.091000
demand_304 13 5 446.863000
demand_305 13 6 329.603000
demand_306 13 7 405.741000
demand_307 13 8 523.063000
demand_308 13 9 294.518000
demand_309 13 10 582.055000
demand_310 13 11 355.264000
demand_311 13 12 971.115000
demand_312 13 14 1309.940000
demand_313 13 15 825.817000
demand_314 13 16 551.602000
demand_315 13 17 933.158000
demand_316 13 18 1215.760000
demand_317 13 19 1119.410000
demand_318 13 20 656.101000
demand_319 13 21 287.415000
demand_320 13 22 750.491000
demand_321 13 23 312.758000
demand_322 14 0 1052.000000
demand_323 14 1 1341.720000
demand_324 14 2 1329.750000
demand_325 14 3 916.700000
demand_326 14 4 920.039000
demand_327 14 5 615.840000
demand_328 14 6 818.442000
demand_329 14 7 820.617000
demand_330 14 8 386.206000
demand_331 14 9 1008.720000
demand_332 14 10 1321.290000
demand_333 14 11 181.964000
demand_334 14 12 719.843000
demand_335 14 13 1271.080000
demand_336 14 15 189.167000
demand_337 14 16 215.279000
demand_338 14 17 488.181000
demand_339 14 18 785.165000
demand_340 14 19 1403.150000
demand_341 14 20 376.693000
demand_342 14 21 1059.330000
demand_343 14 22 827.001000
demand_344 14 23 900.021000
demand_345 15 0 675.226000
demand_346 15 1 1033.030000
demand_347 15 2 583.807000
demand_348 15 3 572.733000
demand_349 15 4 1234.430000
demand_350 15 5 1305.670000
demand_351 15 6 1326.360000
demand_352 15 7 638.983000
demand_353 15 8 653.505000
demand_354 15 9 1095.170000
demand_355 15 10 480.105000
demand_356 15 11 518.661000
demand_357 15 12 1340.780000
demand_358 15 13 965.519000
demand_359 15 14 186.914000
demand_360 15 16 613.891000
demand_361 15 17 660.762000
demand_362 15 18 363.072000
demand_363 15 19 300.452000
demand_364 15 20 645.668000
demand_365 15 21 877.864000
demand_366 15 22 316.148000
demand_367 15 23 671.849000
demand_368 16 0 243.460000
demand_369 16 1 701.706000
demand_370 16 2 264.030000
demand_371 16 3 666.460000
demand_372 16 4 598.066000
demand_373 16 5 1137.850000
demand_374 16 6 867.898000
demand_375 16 7 479.727000
demand_376 16 8 393.563000
demand_377 16 9 1111.670000
demand_378 16 10 1092.040000
demand_379 16 11 520.343000
demand_380 16 12 1040.270000
demand_381 16 13 871.308000
demand_382 16 14 1048.970000
demand_383 16 15 1108.860000
demand_384 16 17 1300.320000
demand_385 16 18 408.018000
demand_386 16 19 917.094000
demand_387 16 20 1339.760000
demand_388 16 21 310.778000
demand_389 16 22 528.566000
demand_390 16 23 991.901000
demand_391 17 0 1342.450000
demand_392 17 1 763.003000
demand_393 17 2 166.607000
demand_394 17 3 918.730000
demand_395 17 4 377.857000
demand_396 17 5 1187.980000
demand_397 17 6 1263.360000
demand_398 17 7 653.746000
demand_399 17 8 913.808000
demand_400 17 9 158.945000
demand_401 17 10 152.401000
demand_402 17 11 459.161000
demand_403 17 12 609.419000
demand_404 17 13 1217.960000
demand_405 17 14 607.753000
demand_406 17 15 769.301000
demand_407 17 16 328.989000
demand_408 17 18 1230.660000
demand_409 17 19 1072.580000
demand_410 17 20 1360.500000
demand_411 17 21 1033.970000
demand_412 17 22 1268.770000
demand_413 17 23 283.653000
demand_414 18 0 903.242000
demand_415 18 1 567.210000
demand_416 18 2 272.704000
demand_417 18 3 692.486000
demand_418 18 4 1375.740000
demand_419 18 5 709.289000
demand_420 18 6 1334.300000
demand_421 18 7 330.863000
demand_422 18 8 1130.210000
demand_423 18 9 1033.300000
demand_424 18 10 469.839000
demand_425 18 11 1200.380000
demand_426 18 12 841.060000
demand_427 18 13 1276.490000
demand_428 18 14 1119.960000
demand_429 18 15 730.861000
demand_430 18 16 779.956000
demand_431 18 17 540.715000
demand_432 18 19 586.843000
demand_433 18 20 441.270000
demand_434 18 21 847.713000
demand_435 18 22 473.269000
demand_436 18 23 763.900000
demand_437 19 0 516.539000
demand_438 19 1 1279.620000
demand_439 19 2 1154.280000
demand_440 19 3 1337.300000
demand_441 19 4 171.522000
demand_442 19 5 610.687000
demand_443 19 6 702.816000
demand_444 19 7 969.064000
demand_445 19 8 155.961000
demand_446 19 9 590.798000
demand_447 19 10 208.581000
demand_448 19 11 536.737000
demand_449 19 12 392.689000
demand_450 19 13 1135.640000
demand_451 19 14 713.468000
demand_452 19 15 145.548000
demand_453 19 16 854.645000
demand_454 19 17 1092.180000
demand_455 19 18 524.470000
demand_456 19 20 217.877000
demand_457 19 21 770.525000
demand_458 19 22 362.354000
demand_459 19 23 956.056000
demand_460 20 0 441.570000
demand_461 20 1 1027.290000
demand_462 20 2 358.865000
demand_463 20 3 1278.900000
demand_464 20 4 374.191000
demand_465 20 5 448.980000
demand_466 20 6 253.221000
demand_467 20 7 657.781000
demand_468 20 8 653.100000
demand_469 20 9 888.833000
demand_470 20 10 599.161000
demand_471 20 11 487.386000
demand_472 20 12 487.941000
demand_473 20 13 1399.560000
demand_474 20 14 341.768000
demand_475 20 15 330.494000
demand_476 20 16 1276.730000
demand_477 20 17 772.584000
demand_478 20 18 728.230000
demand_479 20 19 1352.060000
demand_480 20 21 940.308000
demand_481 20 22 1282.010000
demand_482 20 23 1247.770000
demand_483 21 0 1301.210000
demand_484 21 1 1022.180000
demand_485 21 2 1384.810000
demand_486 21 3 675.649000
demand_487 21 4 329.950000
demand_488 21 5 1302.020000
demand_489 21 6 1063.590000
demand_490 21 7 984.965000
demand_491 21 8 787.980000
demand_492 21 9 1116.090000
demand_493 21 10 490.478000
demand_494 21 11 1398.620000
demand_495 21 12 894.572000
demand_496 21 13 953.692000
demand_497 21 14 234.224000
demand_498 21 15 1327.570000
demand_499 21 16 1155.780000
demand_500 21 17 252.326000
demand_501 21 18 1134.610000
demand_502 21 19 1310.560000
demand_503 21 20 807.898000
demand_504 21 22 325.227000
demand_505 21 23 574.440000
demand_506 22 0 1173.200000
demand_507 22 1 876.726000
demand_508 22 2 716.606000
demand_509 22 3 702.963000
demand_510 22 4 187.264000
demand_511 22 5 878.634000
demand_512 22 6 803.030000
demand_513 22 7 569.962000
demand_514 22 8 831.193000
demand_515 22 9 917.910000
demand_516 22 10 1298.980000
demand_517 22 11 153.169000
demand_518 22 12 1128.920000
demand_519 22 13 812.479000
demand_520 22 14 1156.200000
demand_521 22 15 673.901000
demand_522 22 16 590.832000
demand_523 22 17 843.992000
demand_524 22 18 652.735000
demand_525 22 19 477.596000
demand_526 22 20 832.392000
demand_527 22 21 986.536000
demand_528 22 23 764.630000
demand_529 23 0 863.337000
demand_530 23 1 1379.800000
demand_531 23 2 1140.800000
demand_532 23 3 1092.670000
demand_533 23 4 1360.660000
demand_534 23 5 1279.000000
demand_535 23 6 294.293000
demand_536 23 7 1174.390000
demand_537 23 8 806.160000
demand_538 23 9 273.694000
demand_539 23 10 1191.890000
demand_540 23 11 168.875000
demand_541 23 12 1026.730000
demand_542 23 13 977.948000
demand_543 23 14 195.162000
demand_544 23 15 1264.530000
demand_545 23 16 1103.190000
demand_546 23 17 207.379000
demand_547 23 18 631.892000
demand_548 23 19 1383.900000
demand_549 23 20 833.483000
demand_550 23 21 1073.300000
demand_551 23 22 853.049000
