DEMANDS 552
label src dest bw
demand_0 0 1 361.786000
demand_1 0 2 1314.430000
demand_2 0 3 370.976000
demand_3 0 4 1149.630000
demand_4 0 5 204.789000
demand_5 0 6 345.197000
demand_6 0 7 409.019000
demand_7 0 8 888.285000
demand_8 0 9 645.414000
demand_9 0 10 1331.130000
demand_10 0 11 1515.880000
demand_11 0 12 1157.460000
demand_12 0 13 1352.570000
demand_13 0 14 1145.950000
demand_14 0 15 1249.060000
demand_15 0 16 391.074000
demand_16 0 17 677.374000
demand_17 0 18 1178.470000
demand_18 0 19 175.495000
demand_19 0 20 392.325000
demand_20 0 21 578.645000
demand_21 0 22 1496.680000
demand_22 0 23 1256.700000
demand_23 1 0 1009.170000
demand_24 1 2 1523.500000
demand_25 1 3 367.547000
demand_26 1 4 732.945000
demand_27 1 5 571.663000
demand_28 1 6 1225.210000
demand_29 1 7 338.114000
demand_30 1 8 1382.050000
demand_31 1 9 269.617000
demand_32 1 10 331.821000
demand_33 1 11 1289.300000
demand_34 1 12 1367.180000
demand_35 1 13 1252.770000
demand_36 1 14 845.853000
demand_37 1 15 827.556000
demand_38 1 16 214.460000
demand_39 1 17 324.035000
demand_40 1 18 432.361000
demand_41 1 19 589.251000
demand_42 1 20 1123.740000
demand_43 1 21 340.066000
demand_44 1 22 1308.150000
demand_45 1 23 931.386000
demand_46 2 0 553.769000
demand_47 2 1 1113.400000
demand_48 2 3 968.736000
demand_49 2 4 1401.500000
demand_50 2 5 640.455000
demand_51 2 6 324.484000
demand_52 2 7 1189.680000
demand_53 2 8 1136.880000
demand_54 2 9 414.056000
demand_55 2 10 1119.100000
demand_56 2 11 246.639000
demand_57 2 12 1150.200000
demand_58 2 13 1015.620000
demand_59 2 14 821.882000
demand_60 2 15 704.658000
demand_61 2 16 1262.900000
demand_62 2 17 1028.590000
demand_63 2 18 424.959000
demand_64 2 19 665.749000
demand_65 2 20 1151.890000
demand_66 2 21 1072.950000
demand_67 2 22 593.869000
demand_68 2 23 1047.440000
demand_69 3 0 1513.600000
demand_70 3 1 1166.540000
demand_71 3 2 437.383000
demand_72 3 4 1496.290000
demand_73 3 5 761.633000
demand_74 3 6 405.501000
demand_75 3 7 177.811000
demand_76 3 8 473.409000
demand_77 3 9 536.441000
demand_78 3 10 1091.970000
demand_79 3 11 1456.050000
demand_80 3 12 1100.870000
demand_81 3 13 933.291000
demand_82 3 14 1214.350000
demand_83 3 15 600.319000
demand_84 3 16 1440.050000
demand_85 3 17 1518.640000
demand_86 3 18 1463.530000
demand_87 3 19 784.546000
demand_88 3 20 797.731000
demand_89 3 21 1460.900000
demand_90 3 22 1339.450000
demand_91 3 23 1158.900000
demand_92 4 0 439.306000
demand_93 4 1 499.431000
demand_94 4 2 1381.820000
demand_95 4 3 873.815000
demand_96 4 5 1485.300000
demand_97 4 6 511.154000
demand_98 4 7 529.907000
demand_99 4 8 1061.710000
demand_100 4 9 370.935000
demand_101 4 10 1445.410000
demand_102 4 11 707.085000
demand_103 4 12 586.833000
demand_104 4 13 367.143000
demand_105 4 14 1305.700000
demand_106 4 15 406.915000
demand_107 4 16 493.530000
demand_108 4 17 1187.460000
demand_109 4 18 332.276000
demand_110 4 19 1307.290000
demand_111 4 20 1147.630000
demand_112 4 21 1378.200000
demand_113 4 22 1202.320000
demand_114 4 23 691.094000
demand_115 5 0 470.291000
demand_116 5 1 1135.530000
demand_117 5 2 1279.660000
demand_118 5 3 429.099000
demand_119 5 4 1077.850000
demand_120 5 6 1143.710000
demand_121 5 7 749.510000
demand_122 5 8 1068.520000
demand_123 5 9 1104.990000
demand_124 5 10 191.868000
demand_125 5 11 878.991000
demand_126 5 12 403.221000
demand_127 5 13 1340.000000
demand_128 5 14 249.621000
demand_129 5 15 637.064000
demand_130 5 16 667.999000
demand_131 5 17 977.657000
demand_132 5 18 474.511000
demand_133 5 19 976.783000
demand_134 5 20 713.508000
demand_135 5 21 1110.470000
demand_136 5 22 830.181000
demand_137 5 23 495.839000
demand_138 6 0 684.546000
demand_139 6 1 377.657000
demand_140 6 2 575.000000
demand_141 6 3 327.397000
demand_142 6 4 542.413000
demand_143 6 5 1508.030000
demand_144 6 7 774.293000
demand_145 6 8 707.013000
demand_146 6 9 822.208000
demand_147 6 10 747.783000
demand_148 6 11 483.417000
demand_149 6 12 228.758000
demand_150 6 13 730.041000
demand_151 6 14 1065.660000
demand_152 6 15 1487.240000
demand_153 6 16 862.293000
demand_154 6 17 1366.870000
demand_155 6 18 360.916000
demand_156 6 19 531.161000
demand_157 6 20 393.175000
demand_158 6 21 755.979000
demand_159 6 22 1069.490000
demand_160 6 23 528.635000
demand_161 7 0 803.370000
demand_162 7 1 980.825000
demand_163 7 2 555.337000
demand_164 7 3 1282.380000
demand_165 7 4 560.765000
demand_166 7 5 1185.450000
demand_167 7 6 1284.760000
demand_168 7 8 1152.990000
demand_169 7 9 725.046000
demand_170 7 10 1193.690000
demand_171 7 11 310.215000
demand_172 7 12 1208.020000
demand_173 7 13 888.100000
demand_174 7 14 553.947000
demand_175 7 15 358.681000
demand_176 7 16 1320.800000
demand_177 7 17 1024.290000
demand_178 7 18 480.546000
demand_179 7 19 1001.420000
demand_180 7 20 780.682000
demand_181 7 21 514.860000
demand_182 7 22 1092.370000
demand_183 7 23 785.432000
demand_184 8 0 188.673000
demand_185 8 1 1454.870000
demand_186 8 2 168.713000
demand_187 8 3 1519.870000
demand_188 8 4 669.073000
demand_189 8 5 626.016000
demand_190 8 6 691.266000
demand_191 8 7 761.334000
demand_192 8 9 158.851000
demand_193 8 10 806.068000
demand_194 8 11 1205.040000
demand_195 8 12 1187.250000
demand_196 8 13 1258.630000
demand_197 8 14 656.580000
demand_198 8 15 594.230000
demand_199 8 16 1454.420000
demand_200 8 17 604.800000
demand_201 8 18 669.994000
demand_202 8 19 458.614000
demand_203 8 20 1509.600000
demand_204 8 21 1264.830000
demand_205 8 22 196.261000
demand_206 8 23 545.956000
demand_207 9 0 911.580000
demand_208 9 1 1441.680000
demand_209 9 2 893.963000
demand_210 9 3 176.713000
demand_211 9 4 1175.090000
demand_212 9 5 913.786000
demand_213 9 6 1124.010000
demand_214 9 7 844.278000
demand_215 9 8 658.750000
demand_216 9 10 260.341000
demand_217 9 11 1099.570000
demand_218 9 12 1319.060000
demand_219 9 13 1221.780000
demand_220 9 14 1437.940000
demand_221 9 15 1277.980000
demand_222 9 16 1293.820000
demand_223 9 17 1131.890000
demand_224 9 18 586.630000
demand_225 9 19 554.025000
demand_226 9 20 850.349000
demand_227 9 21 1149.400000
demand_228 9 22 526.286000
demand_229 9 23 537.369000
demand_230 10 0 1028.210000
demand_231 10 1 1129.800000
demand_232 10 2 617.488000
demand_233 10 3 826.090000
demand_234 10 4 913.425000
demand_235 10 5 165.737000
demand_236 10 6 1399.670000
demand_237 10 7 1112.140000
demand_238 10 8 828.905000
demand_239 10 9 1345.040000
demand_240 10 11 630.998000
demand_241 10 12 601.380000
demand_242 10 13 693.102000
demand_243 10 14 1163.290000
demand_244 10 15 1297.390000
demand_245 10 16 548.950000
demand_246 10 17 450.442000
demand_247 10 18 545.492000
demand_248 10 19 162.317000
demand_249 10 20 1367.920000
demand_250 10 21 879.339000
demand_251 10 22 933.726000
demand_252 10 23 390.268000
demand_253 11 0 568.711000
demand_254 11 1 630.308000
demand_255 11 2 1152.520000
demand_256 11 3 978.726000
demand_257 11 4 1273.990000
demand_258 11 5 1356.990000
demand_259 11 6 274.503000
demand_260 11 7 898.255000
demand_261 11 8 679.868000
demand_262 11 9 319.326000
demand_263 11 10 946.208000
demand_264 11 12 702.288000
demand_265 11 13 432.629000
demand_266 11 14 966.161000
demand_267 11 15 1270.650000
demand_268 11 16 446.482000
demand_269 11 17 817.046000
demand_270 11 18 361.530000
demand_271 11 19 349.992000
demand_272 11 20 1313.110000
demand_273 11 21 631.060000
demand_274 11 22 852.622000
demand_275 11 23 447.607000
demand_276 12 0 187.007000
demand_277 12 1 1270.660000
demand_278 12 2 185.392000
demand_279 12 3 422.128000
demand_280 12 4 268.709000
demand_281 12 5 372.651000
demand_282 12 6 308.073000
demand_283 12 7 1116.500000
demand_284 12 8 1192.090000
demand_285 12 9 975.890000
demand_286 12 10 1445.090000
demand_287 12 11 770.480000
demand_288 12 13 482.317000
demand_289 12 14 520.660000
demand_290 12 15 418.770000
demand_291 12 16 962.828000
demand_292 12 17 1016.320000
demand_293 12 18 461.146000
demand_294 12 19 458.935000
demand_295 12 20 1366.490000
demand_296 12 21 508.722000
demand_297 12 22 549.209000
demand_298 12 23 1483.450000
demand_299 13 0 453.831000
demand_300 13 1 332.129000
demand_301 13 2 1503.530000
demand_302 13 3 1145.730000
demand_303 13 4 474.668000
demand_304 13 5 680.377000
demand_305 13 6 1139.580000
demand_306 13 7 623.341000
demand_307 13 8 741.093000
demand_308 13 9 172.876000
demand_309 13 10 985.615000
demand_310 13 11 627.785000
demand_311 13 12 1365.300000
demand_312 13 14 873.793000
demand_313 13 15 1262.310000
demand_314 13 16 719.495000
demand_315 13 17 297.010000
demand_316 13 18 1313.300000
demand_317 13 19 1191.410000
demand_318 13 20 1279.110000
demand_319 13 21 181.804000
demand_320 13 22 298.431000
demand_321 13 23 240.970000
demand_322 14 0 790.681000
demand_323 14 1 195.738000
demand_324 14 2 1095.690000
demand_325 14 3 1418.280000
demand_326 14 4 857.492000
demand_327 14 5 448.354000
demand_328 14 6 1054.440000
demand_329 14 7 989.459000
demand_330 14 8 1471.090000
demand_331 14 9 1501.470000
demand_332 14 10 1049.380000
demand_333 14 11 504.472000
demand_334 14 12 623.955000
demand_335 14 13 429.110000
demand_336 14 15 1071.160000
demand_337 14 16 1219.550000
demand_338 14 17 1476.930000
demand_339 14 18 1520.130000
demand_340 14 19 982.143000
demand_341 14 20 1497.080000
demand_342 14 21 1018.460000
demand_343 14 22 754.661000
demand_344 14 23 1346.320000
demand_345 15 0 946.083000
demand_346 15 1 604.631000
demand_347 15 2 372.151000
demand_348 15 3 917.987000
demand_349 15 4 638.942000
demand_350 15 5 1496.040000
demand_351 15 6 917.282000
demand_352 15 7 918.056000
demand_353 15 8 623.676000
demand_354 15 9 1097.660000
demand_355 15 10 191.783000
demand_356 15 11 1089.970000
demand_357 15 12 463.506000
demand_358 15 13 730.445000
demand_359 15 14 1083.860000
demand_360 15 16 459.147000
demand_361 15 17 1219.040000
demand_362 15 18 277.378000
demand_363 15 19 701.347000
demand_364 15 20 1086.280000
demand_365 15 21 1480.360000
demand_366 15 22 702.456000
demand_367 15 23 202.076000
demand_368 16 0 1167.000000
demand_369 16 1 666.108000
demand_370 16 2 1444.950000
demand_371 16 3 223.957000
demand_372 16 4 1107.790000
demand_373 16 5 1432.060000
demand_374 16 6 1267.680000
demand_375 16 7 1527.360000
demand_376 16 8 276.936000
demand_377 16 9 949.807000
demand_378 16 10 1127.100000
demand_379 16 11 997.514000
demand_380 16 12 578.514000
demand_381 16 13 1254.270000
demand_382 16 14 308.722000
demand_383 16 15 799.495000
demand_384 16 17 210.190000
demand_385 16 18 696.655000
demand_386 16 19 829.133000
demand_387 16 20 752.044000
demand_388 16 21 711.736000
demand_389 16 22 879.950000
demand_390 16 23 1266.850000
demand_391 17 0 1015.040000
demand_392 17 1 271.377000
demand_393 17 2 432.783000
demand_394 17 3 1344.110000
demand_395 17 4 626.204000
demand_396 17 5 1458.180000
demand_397 17 6 687.341000
demand_398 17 7 643.953000
demand_399 17 8 622.748000
demand_400 17 9 1081.550000
demand_401 17 10 1119.660000
demand_402 17 11 310.728000
demand_403 17 12 555.714000
demand_404 17 13 658.875000
demand_405 17 14 505.963000
demand_406 17 15 1019.300000
demand_407 17 16 481.773000
demand_408 17 18 538.806000
demand_409 17 19 1207.450000
demand_410 17 20 564.087000
demand_411 17 21 610.371000
demand_412 17 22 632.240000
demand_413 17 23 1532.680000
demand_414 18 0 1160.070000
demand_415 18 1 412.397000
demand_416 18 2 958.556000
demand_417 18 3 1094.360000
demand_418 18 4 569.902000
demand_419 18 5 399.625000
demand_420 18 6 443.792000
demand_421 18 7 1219.490000
demand_422 18 8 1222.330000
demand_423 18 9 1087.160000
demand_424 18 10 1330.230000
demand_425 18 11 710.534000
demand_426 18 12 1048.750000
demand_427 18 13 353.238000
demand_428 18 14 1347.670000
demand_429 18 15 183.279000
demand_430 18 16 927.301000
demand_431 18 17 983.935000
demand_432 18 19 300.528000
demand_433 18 20 807.692000
demand_434 18 21 1011.250000
demand_435 18 22 420.912000
demand_436 18 23 1478.790000
demand_437 19 0 1519.240000
demand_438 19 1 1410.520000
demand_439 19 2 1350.580000
demand_440 19 3 1420.820000
demand_441 19 4 1232.250000
demand_442 19 5 926.998000
demand_443 19 6 1439.350000
demand_444 19 7 464.825000
demand_445 19 8 581.862000
demand_446 19 9 270.572000
demand_447 19 10 1283.490000
demand_448 19 11 480.919000
demand_449 19 12 534.864000
demand_450 19 13 665.213000
demand_451 19 14 1110.470000
demand_452 19 15 1014.880000
demand_453 19 16 392.836000
demand_454 19 17 1266.270000
demand_455 19 18 287.393000
demand_456 19 20 1099.850000
demand_457 19 21 1091.760000
demand_458 19 22 1446.420000
demand_459 19 23 481.517000
demand_460 20 0 548.693000
demand_461 20 1 483.268000
demand_462 20 2 1352.650000
demand_463 20 3 1292.090000
demand_464 20 4 618.909000
demand_465 20 5 1434.480000
demand_466 20 6 802.880000
demand_467 20 7 492.468000
demand_468 20 8 1009.390000
demand_469 20 9 880.713000
demand_470 20 10 1006.540000
demand_471 20 11 1294.400000
demand_472 20 12 554.146000
demand_473 20 13 840.535000
demand_474 20 14 822.170000
demand_475 20 15 911.627000
demand_476 20 16 1008.570000
demand_477 20 17 242.268000
demand_478 20 18 518.855000
demand_479 20 19 359.732000
demand_480 20 21 974.371000
demand_481 20 22 936.276000
demand_482 20 23 1062.230000
demand_483 21 0 559.018000
demand_484 21 1 429.224000
demand_485 21 2 470.293000
demand_486 21 3 1235.930000
demand_487 21 4 269.590000
demand_488 21 5 383.736000
demand_489 21 6 754.971000
demand_490 21 7 654.819000
demand_491 21 8 761.992000
demand_492 21 9 280.934000
demand_493 21 10 1180.530000
demand_494 21 11 1248.980000
demand_495 21 12 1158.030000
demand_496 21 13 1172.350000
demand_497 21 14 1493.800000
demand_498 21 15 813.186000
demand_499 21 16 814.532000
demand_500 21 17 439.145000
demand_501 21 18 769.048000
demand_502 21 19 950.039000
demand_503 21 20 1422.660000
demand_504 21 22 630.337000
demand_505 21 23 1041.220000
demand_506 22 0 728.334000
demand_507 22 1 1280.370000
demand_508 22 2 1145.880000
demand_509 22 3 937.713000
demand_510 22 4 1103.600000
demand_511 22 5 1345.730000
demand_512 22 6 487.872000
demand_513 22 7 368.669000
demand_514 22 8 1526.760000
demand_515 22 9 636.265000
demand_516 22 10 1145.310000
demand_517 22 11 519.170000
demand_518 22 12 481.820000
demand_519 22 13 1224.860000
demand_520 22 14 435.495000
demand_521 22 15 240.829000
demand_522 22 16 1016.820000
demand_523 22 17 537.992000
demand_524 22 18 825.811000
demand_525 22 19 477.742000
demand_526 22 20 939.074000
demand_527 22 21 793.907000
demand_528 22 23 572.406000
demand_529 23 0 375.241000
demand_530 23 1 323.665000
demand_531 23 2 1222.910000
demand_532 23 3 764.997000
demand_533 23 4 1015.480000
demand_534 23 5 235.912000
demand_535 23 6 202.688000
demand_536 23 7 832.330000
demand_537 23 8 1409.730000
demand_538 23 9 1500.570000
demand_539 23 10 247.426000
demand_540 23 11 1457.880000
demand_541 23 12 961.291000
demand_542 23 13 806.922000
demand_543 23 14 790.527000
demand_544 23 15 1385.910000
demand_545 23 16 1364.980000
demand_546 23 17 499.303000
demand_547 23 18 732.696000
demand_548 23 19 1372.580000
demand_549 23 20 306.233000
demand_550 23 21 1223.580000
demand_551 23 22 651.859000
