DEMANDS 552
label src dest bw
demand_0 0 1 199.354000
demand_1 0 2 265.748000
demand_2 0 3 972.570000
demand_3 0 4 1415.010000
demand_4 0 5 808.700000
demand_5 0 6 1002.890000
demand_6 0 7 798.448000
demand_7 0 8 1012.130000
demand_8 0 9 407.582000
demand_9 0 10 202.342000
demand_10 0 11 1104.200000
demand_11 0 12 703.303000
demand_12 0 13 675.787000
demand_13 0 14 792.649000
demand_14 0 15 938.925000
demand_15 0 16 380.830000
demand_16 0 17 534.535000
demand_17 0 18 665.318000
demand_18 0 19 454.736000
demand_19 0 20 1005.710000
demand_20 0 21 582.086000
demand_21 0 22 538.192000
demand_22 0 23 283.917000
demand_23 1 0 283.866000
demand_24 1 2 351.129000
demand_25 1 3 1469.530000
demand_26 1 4 928.929000
demand_27 1 5 1416.130000
demand_28 1 6 1462.870000
demand_29 1 7 238.606000
demand_30 1 8 879.610000
demand_31 1 9 222.637000
demand_32 1 10 962.720000
demand_33 1 11 929.027000
demand_34 1 12 1234.510000
demand_35 1 13 1069.720000
demand_36 1 14 1002.870000
demand_37 1 15 537.035000
demand_38 1 16 917.925000
demand_39 1 17 852.165000
demand_40 1 18 710.984000
demand_41 1 19 426.700000
demand_42 1 20 648.318000
demand_43 1 21 1071.750000
demand_44 1 22 510.582000
demand_45 1 23 1333.480000
demand_46 2 0 1468.750000
demand_47 2 1 930.814000
demand_48 2 3 272.751000
demand_49 2 4 581.149000
demand_50 2 5 609.870000
demand_51 2 6 361.811000
demand_52 2 7 396.933000
demand_53 2 8 924.385000
demand_54 2 9 1458.460000
demand_55 2 10 1120.400000
demand_56 2 11 655.255000
demand_57 2 12 1483.500000
demand_58 2 13 1237.790000
demand_59 2 14 1490.650000
demand_60 2 15 952.464000
demand_61 2 16 881.779000
demand_62 2 17 155.854000
demand_63 2 18 1009.160000
demand_64 2 19 1088.810000
demand_65 2 20 1324.580000
demand_66 2 21 552.275000
demand_67 2 22 523.814000
demand_68 2 23 938.649000
demand_69 3 0 595.082000
demand_70 3 1 155.330000
demand_71 3 2 793.523000
demand_72 3 4 1137.320000
demand_73 3 5 199.649000
demand_74 3 6 700.488000
demand_75 3 7 514.799000
demand_76 3 8 1380.480000
demand_77 3 9 167.897000
demand_78 3 10 1008.090000
demand_79 3 11 982.389000
demand_80 3 12 586.913000
demand_81 3 13 960.854000
demand_82 3 14 636.858000
demand_83 3 15 1167.150000
demand_84 3 16 1256.610000
demand_85 3 17 664.826000
demand_86 3 18 457.326000
demand_87 3 19 649.972000
demand_88 3 20 206.153000
demand_89 3 21 509.862000
demand_90 3 22 280.708000
demand_91 3 23 1430.310000
demand_92 4 0 1093.630000
demand_93 4 1 742.783000
demand_94 4 2 190.362000
demand_95 4 3 954.956000
demand_96 4 5 214.940000
demand_97 4 6 968.385000
demand_98 4 7 434.047000
demand_99 4 8 731.854000
demand_100 4 9 794.724000
demand_101 4 10 195.988000
demand_102 4 11 413.460000
demand_103 4 12 879.724000
demand_104 4 13 158.917000
demand_105 4 14 650.555000
demand_106 4 15 1125.300000
demand_107 4 16 1352.640000
demand_108 4 17 456.047000
demand_109 4 18 502.992000
demand_110 4 19 1388.520000
demand_111 4 20 255.582000
demand_112 4 21 1417.360000
demand_113 4 22 1410.560000
demand_114 4 23 1178.390000
demand_115 5 0 876.814000
demand_116 5 1 982.582000
demand_117 5 2 331.881000
demand_118 5 3 933.192000
demand_119 5 4 829.547000
demand_120 5 6 1253.760000
demand_121 5 7 410.165000
demand_122 5 8 1376.500000
demand_123 5 9 638.476000
demand_124 5 10 1298.870000
demand_125 5 11 1145.030000
demand_126 5 12 1108.140000
demand_127 5 13 843.649000
demand_128 5 14 574.913000
demand_129 5 15 527.779000
demand_130 5 16 1083.460000
demand_131 5 17 515.232000
demand_132 5 18 1127.390000
demand_133 5 19 1188.710000
demand_134 5 20 282.759000
demand_135 5 21 765.185000
demand_136 5 22 1179.690000
demand_137 5 23 219.720000
demand_138 6 0 657.405000
demand_139 6 1 920.011000
demand_140 6 2 695.692000
demand_141 6 3 429.842000
demand_142 6 4 1091.110000
demand_143 6 5 645.862000
demand_144 6 7 452.232000
demand_145 6 8 549.712000
demand_146 6 9 1379.850000
demand_147 6 10 359.421000
demand_148 6 11 601.661000
demand_149 6 12 1468.420000
demand_150 6 13 1306.550000
demand_151 6 14 1123.550000
demand_152 6 15 671.748000
demand_153 6 16 496.708000
demand_154 6 17 690.157000
demand_155 6 18 980.996000
demand_156 6 19 1304.890000
demand_157 6 20 1078.680000
demand_158 6 21 967.551000
demand_159 6 22 496.519000
demand_160 6 23 730.649000
demand_161 7 0 614.893000
demand_162 7 1 1398.970000
demand_163 7 2 1296.610000
demand_164 7 3 611.393000
demand_165 7 4 1441.420000
demand_166 7 5 502.653000
demand_167 7 6 1318.960000
demand_168 7 8 1224.200000
demand_169 7 9 764.905000
demand_170 7 10 1172.570000
demand_171 7 11 943.307000
demand_172 7 12 496.535000
demand_173 7 13 653.783000
demand_174 7 14 1288.460000
demand_175 7 15 791.665000
demand_176 7 16 701.094000
demand_177 7 17 581.885000
demand_178 7 18 416.637000
demand_179 7 19 991.700000
demand_180 7 20 1190.560000
demand_181 7 21 419.610000
demand_182 7 22 438.594000
demand_183 7 23 153.570000
demand_184 8 0 1141.830000
demand_185 8 1 893.838000
demand_186 8 2 1403.740000
demand_187 8 3 435.437000
demand_188 8 4 1386.840000
demand_189 8 5 621.409000
demand_190 8 6 437.740000
demand_191 8 7 552.417000
demand_192 8 9 1318.810000
demand_193 8 10 271.814000
demand_194 8 11 1306.970000
demand_195 8 12 878.417000
demand_196 8 13 1293.880000
demand_197 8 14 1052.710000
demand_198 8 15 640.311000
demand_199 8 16 888.547000
demand_200 8 17 409.468000
demand_201 8 18 581.035000
demand_202 8 19 490.342000
demand_203 8 20 679.759000
demand_204 8 21 1260.470000
demand_205 8 22 422.511000
demand_206 8 23 381.767000
demand_207 9 0 724.559000
demand_208 9 1 1285.090000
demand_209 9 2 412.181000
demand_210 9 3 724.539000
demand_211 9 4 938.196000
demand_212 9 5 1240.010000
demand_213 9 6 1299.910000
demand_214 9 7 1441.660000
demand_215 9 8 562.129000
demand_216 9 10 682.153000
demand_217 9 11 444.307000
demand_218 9 12 632.708000
demand_219 9 13 794.381000
demand_220 9 14 1467.300000
demand_221 9 15 1095.030000
demand_222 9 16 1430.590000
demand_223 9 17 1331.520000
demand_224 9 18 1332.370000
demand_225 9 19 1351.010000
demand_226 9 20 966.905000
demand_227 9 21 1015.610000
demand_228 9 22 682.358000
demand_229 9 23 266.807000
demand_230 10 0 432.527000
demand_231 10 1 1203.330000
demand_232 10 2 442.342000
demand_233 10 3 263.303000
demand_234 10 4 623.429000
demand_235 10 5 441.728000
demand_236 10 6 1213.040000
demand_237 10 7 507.421000
demand_238 10 8 1071.800000
demand_239 10 9 717.645000
demand_240 10 11 1419.480000
demand_241 10 12 1366.520000
demand_242 10 13 1079.820000
demand_243 10 14 618.964000
demand_244 10 15 1169.850000
demand_245 10 16 956.248000
demand_246 10 17 228.472000
demand_247 10 18 1491.090000
demand_248 10 19 678.744000
demand_249 10 20 645.236000
demand_250 10 21 572.125000
demand_251 10 22 334.960000
demand_252 10 23 977.023000
demand_253 11 0 675.397000
demand_254 11 1 392.381000
demand_255 11 2 746.192000
demand_256 11 3 684.909000
demand_257 11 4 661.960000
demand_258 11 5 1285.850000
demand_259 11 6 1223.540000
demand_260 11 7 1315.330000
demand_261 11 8 1090.580000
demand_262 11 9 942.976000
demand_263 11 10 387.618000
demand_264 11 12 762.744000
demand_265 11 13 765.161000
demand_266 11 14 1477.490000
demand_267 11 15 154.885000
demand_268 11 16 901.637000
demand_269 11 17 233.106000
demand_270 11 18 1259.690000
demand_271 11 19 1352.570000
demand_272 11 20 1192.530000
demand_273 11 21 1456.770000
demand_274 11 22 464.200000
demand_275 11 23 405.952000
demand_276 12 0 1336.830000
demand_277 12 1 696.980000
demand_278 12 2 1428.660000
demand_279 12 3 327.389000
demand_280 12 4 1290.420000
demand_281 12 5 557.842000
demand_282 12 6 524.988000
demand_283 12 7 740.870000
demand_284 12 8 357.830000
demand_285 12 9 1399.390000
demand_286 12 10 593.952000
demand_287 12 11 951.326000
demand_288 12 13 429.874000
demand_289 12 14 1446.970000
demand_290 12 15 986.909000
demand_291 12 16 498.539000
demand_292 12 17 930.874000
demand_293 12 18 610.917000
demand_294 12 19 403.216000
demand_295 12 20 465.204000
demand_296 12 21 1031.390000
demand_297 12 22 1441.680000
demand_298 12 23 809.783000
demand_299 13 0 418.586000
demand_300 13 1 378.933000
demand_301 13 2 1233.900000
demand_302 13 3 641.007000
demand_303 13 4 813.322000
demand_304 13 5 585.515000
demand_305 13 6 1214.900000
demand_306 13 7 1114.440000
demand_307 13 8 987.826000
demand_308 13 9 582.295000
demand_309 13 10 791.094000
demand_310 13 11 724.944000
demand_311 13 12 934.444000
demand_312 13 14 903.602000
demand_313 13 15 1274.450000
demand_314 13 16 986.133000
demand_315 13 17 1285.430000
demand_316 13 18 324.503000
demand_317 13 19 929.586000
demand_318 13 20 890.055000
demand_319 13 21 1034.080000
demand_320 13 22 304.437000
demand_321 13 23 1053.430000
demand_322 14 0 945.011000
demand_323 14 1 854.314000
demand_324 14 2 416.984000
demand_325 14 3 337.169000
demand_326 14 4 1469.410000
demand_327 14 5 467.795000
demand_328 14 6 305.051000
demand_329 14 7 275.090000
demand_330 14 8 478.885000
demand_331 14 9 284.429000
demand_332 14 10 973.614000
demand_333 14 11 966.618000
demand_334 14 12 240.488000
demand_335 14 13 195.661000
demand_336 14 15 148.740000
demand_337 14 16 681.444000
demand_338 14 17 1354.590000
demand_339 14 18 459.228000
demand_340 14 19 775.673000
demand_341 14 20 439.232000
demand_342 14 21 705.425000
demand_343 14 22 812.759000
demand_344 14 23 1183.140000
demand_345 15 0 1255.480000
demand_346 15 1 774.940000
demand_347 15 2 1467.540000
demand_348 15 3 662.106000
demand_349 15 4 1050.310000
demand_350 15 5 1078.310000
demand_351 15 6 1485.850000
demand_352 15 7 1043.070000
demand_353 15 8 251.625000
demand_354 15 9 178.460000
demand_355 15 10 1362.810000
demand_356 15 11 849.641000
demand_357 15 12 916.271000
demand_358 15 13 689.968000
demand_359 15 14 295.275000
demand_360 15 16 508.614000
demand_361 15 17 708.929000
demand_362 15 18 322.787000
demand_363 15 19 826.070000
demand_364 15 20 264.574000
demand_365 15 21 1349.900000
demand_366 15 22 359.586000
demand_367 15 23 1136.550000
demand_368 16 0 1319.510000
demand_369 16 1 835.311000
demand_370 16 2 922.913000
demand_371 16 3 1344.470000
demand_372 16 4 1291.080000
demand_373 16 5 675.562000
demand_374 16 6 1307.360000
demand_375 16 7 766.606000
demand_376 16 8 909.834000
demand_377 16 9 1280.680000
demand_378 16 10 608.015000
demand_379 16 11 748.204000
demand_380 16 12 648.999000
demand_381 16 13 1294.930000
demand_382 16 14 807.822000
demand_383 16 15 773.145000
demand_384 16 17 1329.380000
demand_385 16 18 1447.430000
demand_386 16 19 600.555000
demand_387 16 20 433.421000
demand_388 16 21 805.905000
demand_389 16 22 773.744000
demand_390 16 23 1237.340000
demand_391 17 0 243.594000
demand_392 17 1 578.531000
demand_393 17 2 541.200000
demand_394 17 3 1071.530000
demand_395 17 4 356.346000
demand_396 17 5 1355.850000
demand_397 17 6 1402.570000
demand_398 17 7 1000.490000
demand_399 17 8 1015.390000
demand_400 17 9 1181.920000
demand_401 17 10 1121.050000
demand_402 17 11 349.547000
demand_403 17 12 1265.080000
demand_404 17 13 881.740000
demand_405 17 14 1158.170000
demand_406 17 15 974.559000
demand_407 17 16 424.133000
demand_408 17 18 398.992000
demand_409 17 19 1476.890000
demand_410 17 20 861.850000
demand_411 17 21 1012.520000
demand_412 17 22 1030.930000
demand_413 17 23 444.283000
demand_414 18 0 444.807000
demand_415 18 1 1240.870000
demand_416 18 2 985.763000
demand_417 18 3 927.003000
demand_418 18 4 1055.350000
demand_419 18 5 1411.170000
demand_420 18 6 1398.750000
demand_421 18 7 495.807000
demand_422 18 8 1461.020000
demand_423 18 9 377.562000
demand_424 18 10 1029.790000
demand_425 18 11 1065.150000
demand_426 18 12 588.240000
demand_427 18 13 704.177000
demand_428 18 14 1156.630000
demand_429 18 15 285.098000
demand_430 18 16 276.948000
demand_431 18 17 324.240000
demand_432 18 19 958.484000
demand_433 18 20 682.555000
demand_434 18 21 1264.280000
demand_435 18 22 904.614000
demand_436 18 23 711.405000
demand_437 19 0 579.374000
demand_438 19 1 1312.260000
demand_439 19 2 612.433000
demand_440 19 3 1134.420000
demand_441 19 4 861.681000
demand_442 19 5 1291.190000
demand_443 19 6 798.874000
demand_444 19 7 234.547000
demand_445 19 8 965.255000
demand_446 19 9 1372.900000
demand_447 19 10 688.251000
demand_448 19 11 825.003000
demand_449 19 12 835.381000
demand_450 19 13 538.653000
demand_451 19 14 642.921000
demand_452 19 15 1209.940000
demand_453 19 16 1430.640000
demand_454 19 17 1438.460000
demand_455 19 18 895.299000
demand_456 19 20 1015.520000
demand_457 19 21 1119.280000
demand_458 19 22 300.511000
demand_459 19 23 439.366000
demand_460 20 0 965.881000
demand_461 20 1 1419.480000
demand_462 20 2 574.444000
demand_463 20 3 255.909000
demand_464 20 4 335.003000
demand_465 20 5 802.003000
demand_466 20 6 305.326000
demand_467 20 7 635.716000
demand_468 20 8 761.133000
demand_469 20 9 454.925000
demand_470 20 10 1381.360000
demand_471 20 11 402.834000
demand_472 20 12 269.303000
demand_473 20 13 666.622000
demand_474 20 14 266.700000
demand_475 20 15 998.000000
demand_476 20 16 473.763000
demand_477 20 17 337.708000
demand_478 20 18 446.586000
demand_479 20 19 1255.750000
demand_480 20 21 1371.350000
demand_481 20 22 1138.680000
demand_482 20 23 1289.210000
demand_483 21 0 766.051000
demand_484 21 1 193.212000
demand_485 21 2 1131.580000
demand_486 21 3 203.590000
demand_487 21 4 253.960000
demand_488 21 5 524.098000
demand_489 21 6 1353.170000
demand_490 21 7 276.507000
demand_491 21 8 1189.820000
demand_492 21 9 487.956000
demand_493 21 10 1328.660000
demand_494 21 11 1352.970000
demand_495 21 12 1460.440000
demand_496 21 13 292.102000
demand_497 21 14 208.456000
demand_498 21 15 343.818000
demand_499 21 16 317.846000
demand_500 21 17 1256.630000
demand_501 21 18 706.574000
demand_502 21 19 268.822000
demand_503 21 20 790.720000
demand_504 21 22 198.354000
demand_505 21 23 1234.460000
demand_506 22 0 1329.830000
demand_507 22 1 893.200000
demand_508 22 2 284.232000
demand_509 22 3 290.118000
demand_510 22 4 276.074000
demand_511 22 5 1005.790000
demand_512 22 6 1162.160000
demand_513 22 7 737.007000
demand_514 22 8 605.429000
demand_515 22 9 253.645000
demand_516 22 10 962.114000
demand_517 22 11 1403.760000
demand_518 22 12 391.437000
demand_519 22 13 909.948000
demand_520 22 14 962.562000
demand_521 22 15 1366.330000
demand_522 22 16 719.814000
demand_523 22 17 159.122000
demand_524 22 18 1190.530000
demand_525 22 19 875.885000
demand_526 22 20 863.618000
demand_527 22 21 1476.220000
demand_528 22 23 1130.000000
demand_529 23 0 819.988000
demand_530 23 1 172.133000
demand_531 23 2 359.992000
demand_532 23 3 1151.810000
demand_533 23 4 1396.930000
demand_534 23 5 1313.760000
demand_535 23 6 498.007000
demand_536 23 7 1414.880000
demand_537 23 8 543.460000
demand_538 23 9 869.704000
demand_539 23 10 807.330000
demand_540 23 11 1187.080000
demand_541 23 12 845.015000
demand_542 23 13 1400.130000
demand_543 23 14 1434.440000
demand_544 23 15 976.515000
demand_545 23 16 1267.910000
demand_546 23 17 410.551000
demand_547 23 18 358.913000
demand_548 23 19 465.299000
demand_549 23 20 1466.790000
demand_550 23 21 1138.970000
demand_551 23 22 941.362000
