DEMANDS 552
label src dest bw
demand_0 0 1 1113.710000
demand_1 0 2 1239.400000
demand_2 0 3 402.911000
demand_3 0 4 621.383000
demand_4 0 5 697.156000
demand_5 0 6 1467.720000
demand_6 0 7 1240.810000
demand_7 0 8 691.279000
demand_8 0 9 671.355000
demand_9 0 10 868.997000
demand_10 0 11 1027.200000
demand_11 0 12 1401.740000
demand_12 0 13 1339.700000
demand_13 0 14 1442.880000
demand_14 0 15 549.454000
demand_15 0 16 921.864000
demand_16 0 17 1442.230000
demand_17 0 18 592.618000
demand_18 0 19 459.963000
demand_19 0 20 1089.480000
demand_20 0 21 887.099000
demand_21 0 22 466.806000
demand_22 0 23 1442.710000
demand_23 1 0 698.020000
demand_24 1 2 1046.960000
demand_25 1 3 832.078000
demand_26 1 4 282.984000
demand_27 1 5 191.315000
demand_28 1 6 1260.830000
demand_29 1 7 343.610000
demand_30 1 8 700.224000
demand_31 1 9 1284.590000
demand_32 1 10 1539.570000
demand_33 1 11 454.668000
demand_34 1 12 470.268000
demand_35 1 13 1340.780000
demand_36 1 14 1016.230000
demand_37 1 15 309.997000
demand_38 1 16 195.997000
demand_39 1 17 942.373000
demand_40 1 18 1241.120000
demand_41 1 19 561.185000
demand_42 1 20 525.133000
demand_43 1 21 1491.970000
demand_44 1 22 768.443000
demand_45 1 23 1552.480000
demand_46 2 0 1490.450000
demand_47 2 1 1321.580000
demand_48 2 3 377.041000
demand_49 2 4 1087.090000
demand_50 2 5 1244.410000
demand_51 2 6 1235.110000
demand_52 2 7 967.349000
demand_53 2 8 550.937000
demand_54 2 9 756.582000
demand_55 2 10 1451.760000
demand_56 2 11 320.906000
demand_57 2 12 349.046000
demand_58 2 13 924.428000
demand_59 2 14 670.362000
demand_60 2 15 885.007000
demand_61 2 16 517.005000
demand_62 2 17 1409.350000
demand_63 2 18 738.253000
demand_64 2 19 473.691000
demand_65 2 20 835.592000
demand_66 2 21 177.404000
demand_67 2 22 1492.860000
demand_68 2 23 1357.080000
demand_69 3 0 671.911000
demand_70 3 1 570.757000
demand_71 3 2 840.605000
demand_72 3 4 1387.460000
demand_73 3 5 944.096000
demand_74 3 6 623.274000
demand_75 3 7 378.415000
demand_76 3 8 434.827000
demand_77 3 9 1162.030000
demand_78 3 10 817.206000
demand_79 3 11 680.305000
demand_80 3 12 1268.470000
demand_81 3 13 471.817000
demand_82 3 14 972.083000
demand_83 3 15 880.389000
demand_84 3 16 279.806000
demand_85 3 17 1446.800000
demand_86 3 18 1000.130000
demand_87 3 19 1195.540000
demand_88 3 20 709.762000
demand_89 3 21 300.049000
demand_90 3 22 1286.470000
demand_91 3 23 237.420000
demand_92 4 0 1293.410000
demand_93 4 1 180.939000
demand_94 4 2 1466.110000
demand_95 4 3 166.101000
demand_96 4 5 1025.210000
demand_97 4 6 679.592000
demand_98 4 7 355.399000
demand_99 4 8 1031.880000
demand_100 4 9 983.368000
demand_101 4 10 1235.210000
demand_102 4 11 445.843000
demand_103 4 12 958.195000
demand_104 4 13 1503.580000
demand_105 4 14 401.765000
demand_106 4 15 574.318000
demand_107 4 16 618.971000
demand_108 4 17 1177.690000
demand_109 4 18 1112.120000
demand_110 4 19 936.639000
demand_111 4 20 1568.770000
demand_112 4 21 887.125000
demand_113 4 22 1329.760000
demand_114 4 23 1273.120000
demand_115 5 0 1126.690000
demand_116 5 1 308.861000
demand_117 5 2 978.519000
demand_118 5 3 275.164000
demand_119 5 4 331.796000
demand_120 5 6 961.851000
demand_121 5 7 885.775000
demand_122 5 8 1512.110000
demand_123 5 9 833.159000
demand_124 5 10 369.475000
demand_125 5 11 449.156000
demand_126 5 12 761.819000
demand_127 5 13 715.093000
demand_128 5 14 1231.390000
demand_129 5 15 674.323000
demand_130 5 16 1261.410000
demand_131 5 17 440.114000
demand_132 5 18 258.462000
demand_133 5 19 1501.630000
demand_134 5 20 387.804000
demand_135 5 21 482.582000
demand_136 5 22 1096.900000
demand_137 5 23 259.422000
demand_138 6 0 869.537000
demand_139 6 1 729.201000
demand_140 6 2 549.013000
demand_141 6 3 903.892000
demand_142 6 4 313.597000
demand_143 6 5 1173.450000
demand_144 6 7 966.161000
demand_145 6 8 850.208000
demand_146 6 9 201.177000
demand_147 6 10 1392.190000
demand_148 6 11 885.070000
demand_149 6 12 246.177000
demand_150 6 13 316.924000
demand_151 6 14 1502.820000
demand_152 6 15 1512.190000
demand_153 6 16 1254.720000
demand_154 6 17 1404.040000
demand_155 6 18 1046.800000
demand_156 6 19 432.642000
demand_157 6 20 1038.780000
demand_158 6 21 941.605000
demand_159 6 22 1461.570000
demand_160 6 23 752.122000
demand_161 7 0 828.399000
demand_162 7 1 1445.690000
demand_163 7 2 201.187000
demand_164 7 3 940.817000
demand_165 7 4 749.292000
demand_166 7 5 1374.030000
demand_167 7 6 221.806000
demand_168 7 8 501.597000
demand_169 7 9 714.845000
demand_170 7 10 429.689000
demand_171 7 11 346.751000
demand_172 7 12 375.409000
demand_173 7 13 853.342000
demand_174 7 14 664.537000
demand_175 7 15 961.274000
demand_176 7 16 1544.300000
demand_177 7 17 424.913000
demand_178 7 18 351.232000
demand_179 7 19 427.704000
demand_180 7 20 1241.170000
demand_181 7 21 931.133000
demand_182 7 22 207.127000
demand_183 7 23 709.107000
demand_184 8 0 424.146000
demand_185 8 1 1321.360000
demand_186 8 2 705.005000
demand_187 8 3 541.268000
demand_188 8 4 1041.690000
demand_189 8 5 549.697000
demand_190 8 6 195.339000
demand_191 8 7 307.334000
demand_192 8 9 780.571000
demand_193 8 10 1566.580000
demand_194 8 11 488.793000
demand_195 8 12 1022.050000
demand_196 8 13 1543.380000
demand_197 8 14 778.892000
demand_198 8 15 264.603000
demand_199 8 16 480.318000
demand_200 8 17 167.091000
demand_201 8 18 344.634000
demand_202 8 19 944.224000
demand_203 8 20 353.109000
demand_204 8 21 743.472000
demand_205 8 22 1212.840000
demand_206 8 23 1542.870000
demand_207 9 0 1590.560000
demand_208 9 1 1304.900000
demand_209 9 2 237.449000
demand_210 9 3 1205.740000
demand_211 9 4 939.044000
demand_212 9 5 804.310000
demand_213 9 6 623.973000
demand_214 9 7 1510.050000
demand_215 9 8 625.785000
demand_216 9 10 464.182000
demand_217 9 11 549.806000
demand_218 9 12 1455.930000
demand_219 9 13 915.639000
demand_220 9 14 258.044000
demand_221 9 15 646.020000
demand_222 9 16 184.731000
demand_223 9 17 931.999000
demand_224 9 18 967.772000
demand_225 9 19 1137.540000
demand_226 9 20 569.456000
demand_227 9 21 1271.370000
demand_228 9 22 1449.420000
demand_229 9 23 634.161000
demand_230 10 0 170.112000
demand_231 10 1 592.530000
demand_232 10 2 890.143000
demand_233 10 3 808.438000
demand_234 10 4 845.428000
demand_235 10 5 1241.250000
demand_236 10 6 436.057000
demand_237 10 7 772.921000
demand_238 10 8 1515.040000
demand_239 10 9 1127.990000
demand_240 10 11 1353.930000
demand_241 10 12 373.563000
demand_242 10 13 651.331000
demand_243 10 14 1538.270000
demand_244 10 15 906.067000
demand_245 10 16 466.579000
demand_246 10 17 196.840000
demand_247 10 18 1537.600000
demand_248 10 19 300.031000
demand_249 10 20 239.637000
demand_250 10 21 235.864000
demand_251 10 22 732.018000
demand_252 10 23 424.093000
demand_253 11 0 1100.310000
demand_254 11 1 1606.900000
demand_255 11 2 830.112000
demand_256 11 3 791.702000
demand_257 11 4 230.310000
demand_258 11 5 316.548000
demand_259 11 6 839.642000
demand_260 11 7 1425.430000
demand_261 11 8 350.509000
demand_262 11 9 382.812000
demand_263 11 10 835.626000
demand_264 11 12 625.496000
demand_265 11 13 1003.390000
demand_266 11 14 283.851000
demand_267 11 15 1155.300000
demand_268 11 16 257.430000
demand_269 11 17 1578.790000
demand_270 11 18 220.456000
demand_271 11 19 274.853000
demand_272 11 20 1311.940000
demand_273 11 21 319.271000
demand_274 11 22 535.005000
demand_275 11 23 298.817000
demand_276 12 0 765.939000
demand_277 12 1 1257.720000
demand_278 12 2 1148.350000
demand_279 12 3 317.138000
demand_280 12 4 1029.390000
demand_281 12 5 1095.530000
demand_282 12 6 1413.960000
demand_283 12 7 1562.920000
demand_284 12 8 457.992000
demand_285 12 9 771.569000
demand_286 12 10 639.848000
demand_287 12 11 855.663000
demand_288 12 13 251.866000
demand_289 12 14 823.308000
demand_290 12 15 1408.350000
demand_291 12 16 183.253000
demand_292 12 17 1479.810000
demand_293 12 18 1007.010000
demand_294 12 19 1460.280000
demand_295 12 20 1535.500000
demand_296 12 21 622.441000
demand_297 12 22 282.955000
demand_298 12 23 852.096000
demand_299 13 0 427.746000
demand_300 13 1 1075.110000
demand_301 13 2 554.718000
demand_302 13 3 497.634000
demand_303 13 4 248.467000
demand_304 13 5 1414.640000
demand_305 13 6 624.953000
demand_306 13 7 966.707000
demand_307 13 8 1439.620000
demand_308 13 9 820.793000
demand_309 13 10 1074.860000
demand_310 13 11 514.527000
demand_311 13 12 420.161000
demand_312 13 14 1265.310000
demand_313 13 15 1113.130000
demand_314 13 16 1430.240000
demand_315 13 17 1123.830000
demand_316 13 18 1305.030000
demand_317 13 19 1574.900000
demand_318 13 20 803.610000
demand_319 13 21 881.937000
demand_320 13 22 735.550000
demand_321 13 23 300.718000
demand_322 14 0 703.587000
demand_323 14 1 308.979000
demand_324 14 2 502.835000
demand_325 14 3 605.671000
demand_326 14 4 852.890000
demand_327 14 5 585.451000
demand_328 14 6 516.344000
demand_329 14 7 779.684000
demand_330 14 8 926.229000
demand_331 14 9 542.501000
demand_332 14 10 688.911000
demand_333 14 11 1015.580000
demand_334 14 12 1352.750000
demand_335 14 13 1046.180000
demand_336 14 15 828.571000
demand_337 14 16 201.725000
demand_338 14 17 1410.070000
demand_339 14 18 1305.990000
demand_340 14 19 463.939000
demand_341 14 20 379.436000
demand_342 14 21 1081.270000
demand_343 14 22 938.986000
demand_344 14 23 190.913000
demand_345 15 0 557.859000
demand_346 15 1 634.323000
demand_347 15 2 1280.500000
demand_348 15 3 264.315000
demand_349 15 4 1447.450000
demand_350 15 5 1098.080000
demand_351 15 6 334.232000
demand_352 15 7 590.597000
demand_353 15 8 307.305000
demand_354 15 9 960.558000
demand_355 15 10 887.723000
demand_356 15 11 1145.840000
demand_357 15 12 785.788000
demand_358 15 13 699.647000
demand_359 15 14 1484.540000
demand_360 15 16 406.067000
demand_361 15 17 1607.770000
demand_362 15 18 1028.110000
demand_363 15 19 1338.150000
demand_364 15 20 366.182000
demand_365 15 21 775.127000
demand_366 15 22 806.399000
demand_367 15 23 502.020000
demand_368 16 0 926.109000
demand_369 16 1 625.712000
demand_370 16 2 533.428000
demand_371 16 3 1360.070000
demand_372 16 4 1449.340000
demand_373 16 5 1437.740000
demand_374 16 6 689.263000
demand_375 16 7 1413.000000
demand_376 16 8 539.514000
demand_377 16 9 759.845000
demand_378 16 10 779.788000
demand_379 16 11 413.647000
demand_380 16 12 1315.070000
demand_381 16 13 284.104000
demand_382 16 14 164.054000
demand_383 16 15 604.566000
demand_384 16 17 466.509000
demand_385 16 18 245.968000
demand_386 16 19 1508.930000
demand_387 16 20 412.725000
demand_388 16 21 805.415000
demand_389 16 22 688.368000
demand_390 16 23 706.731000
demand_391 17 0 1312.120000
demand_392 17 1 644.527000
demand_393 17 2 1142.100000
demand_394 17 3 1361.610000
demand_395 17 4 883.848000
demand_396 17 5 558.994000
demand_397 17 6 1569.450000
demand_398 17 7 1507.960000
demand_399 17 8 315.519000
demand_400 17 9 1364.720000
demand_401 17 10 1189.760000
demand_402 17 11 453.389000
demand_403 17 12 885.791000
demand_404 17 13 1353.810000
demand_405 17 14 433.584000
demand_406 17 15 684.075000
demand_407 17 16 647.122000
demand_408 17 18 323.164000
demand_409 17 19 640.911000
demand_410 17 20 264.882000
demand_411 17 21 203.258000
demand_412 17 22 302.480000
demand_413 17 23 1117.880000
demand_414 18 0 562.759000
demand_415 18 1 808.104000
demand_416 18 2 1556.440000
demand_417 18 3 330.446000
demand_418 18 4 458.759000
demand_419 18 5 246.049000
demand_420 18 6 980.428000
demand_421 18 7 846.336000
demand_422 18 8 327.099000
demand_423 18 9 1246.260000
demand_424 18 10 319.916000
demand_425 18 11 689.903000
demand_426 18 12 432.349000
demand_427 18 13 399.472000
demand_428 18 14 571.237000
demand_429 18 15 1018.280000
demand_430 18 16 1314.180000
demand_431 18 17 880.151000
demand_432 18 19 317.783000
demand_433 18 20 1058.840000
demand_434 18 21 591.232000
demand_435 18 22 208.874000
demand_436 18 23 1016.220000
demand_437 19 0 407.710000
demand_438 19 1 287.563000
demand_439 19 2 903.438000
demand_440 19 3 1192.170000
demand_441 19 4 1064.880000
demand_442 19 5 1413.750000
demand_443 19 6 1193.620000
demand_444 19 7 341.080000
demand_445 19 8 886.817000
demand_446 19 9 662.872000
demand_447 19 10 1471.080000
demand_448 19 11 567.866000
demand_449 19 12 865.822000
demand_450 19 13 961.203000
demand_451 19 14 962.229000
demand_452 19 15 732.715000
demand_453 19 16 910.104000
demand_454 19 17 338.524000
demand_455 19 18 1038.700000
demand_456 19 20 517.762000
demand_457 19 21 601.751000
demand_458 19 22 485.475000
demand_459 19 23 435.078000
demand_460 20 0 451.788000
demand_461 20 1 1141.440000
demand_462 20 2 746.885000
demand_463 20 3 882.733000
demand_464 20 4 723.908000
demand_465 20 5 1030.700000
demand_466 20 6 487.459000
demand_467 20 7 1277.920000
demand_468 20 8 1307.740000
demand_469 20 9 1038.780000
demand_470 20 10 732.031000
demand_471 20 11 1095.260000
demand_472 20 12 585.438000
demand_473 20 13 814.556000
demand_474 20 14 651.255000
demand_475 20 15 1077.800000
demand_476 20 16 1444.400000
demand_477 20 17 508.368000
demand_478 20 18 1109.220000
demand_479 20 19 482.947000
demand_480 20 21 440.300000
demand_481 20 22 779.308000
demand_482 20 23 245.754000
demand_483 21 0 811.590000
demand_484 21 1 667.425000
demand_485 21 2 694.485000
demand_486 21 3 1555.100000
demand_487 21 4 613.237000
demand_488 21 5 1572.160000
demand_489 21 6 1383.100000
demand_490 21 7 299.469000
demand_491 21 8 420.336000
demand_492 21 9 1064.070000
demand_493 21 10 483.663000
demand_494 21 11 1442.200000
demand_495 21 12 760.631000
demand_496 21 13 1361.190000
demand_497 21 14 1099.460000
demand_498 21 15 1377.980000
demand_499 21 16 825.947000
demand_500 21 17 841.535000
demand_501 21 18 1504.830000
demand_502 21 19 1352.430000
demand_503 21 20 1407.230000
demand_504 21 22 289.848000
demand_505 21 23 653.221000
demand_506 22 0 847.422000
demand_507 22 1 574.052000
demand_508 22 2 174.691000
demand_509 22 3 1366.660000
demand_510 22 4 1318.130000
demand_511 22 5 1595.580000
demand_512 22 6 556.190000
demand_513 22 7 1445.550000
demand_514 22 8 638.913000
demand_515 22 9 843.334000
demand_516 22 10 461.143000
demand_517 22 11 1256.050000
demand_518 22 12 811.879000
demand_519 22 13 356.287000
demand_520 22 14 1039.060000
demand_521 22 15 1368.050000
demand_522 22 16 795.422000
demand_523 22 17 628.663000
demand_524 22 18 1534.650000
demand_525 22 19 874.493000
demand_526 22 20 1265.870000
demand_527 22 21 1067.930000
demand_528 22 23 601.736000
demand_529 23 0 990.624000
demand_530 23 1 1493.770000
demand_531 23 2 1023.220000
demand_532 23 3 800.733000
demand_533 23 4 635.456000
demand_534 23 5 1599.680000
demand_535 23 6 1088.630000
demand_536 23 7 539.634000
demand_537 23 8 391.203000
demand_538 23 9 1413.070000
demand_539 23 10 1016.180000
demand_540 23 11 1501.070000
demand_541 23 12 615.665000
demand_542 23 13 374.506000
demand_543 23 14 1369.220000
demand_544 23 15 1069.780000
demand_545 23 16 1414.730000
demand_546 23 17 1344.140000
demand_547 23 18 1562.710000
demand_548 23 19 1128.430000
demand_549 23 20 1510.440000
demand_550 23 21 799.015000
demand_551 23 22 1342.750000
