DEMANDS 552
label src dest bw
demand_0 0 1 1130.340000
demand_1 0 2 942.105000
demand_2 0 3 838.956000
demand_3 0 4 198.396000
demand_4 0 5 509.357000
demand_5 0 6 1214.640000
demand_6 0 7 1015.020000
demand_7 0 8 401.027000
demand_8 0 9 1398.750000
demand_9 0 10 632.351000
demand_10 0 11 906.668000
demand_11 0 12 314.488000
demand_12 0 13 192.075000
demand_13 0 14 745.955000
demand_14 0 15 1379.720000
demand_15 0 16 767.559000
demand_16 0 17 894.457000
demand_17 0 18 663.708000
demand_18 0 19 765.824000
demand_19 0 20 523.039000
demand_20 0 21 742.023000
demand_21 0 22 499.574000
demand_22 0 23 735.172000
demand_23 1 0 688.021000
demand_24 1 2 696.924000
demand_25 1 3 1338.810000
demand_26 1 4 1315.120000
demand_27 1 5 1292.930000
demand_28 1 6 162.121000
demand_29 1 7 954.920000
demand_30 1 8 1282.030000
demand_31 1 9 662.306000
demand_32 1 10 370.854000
demand_33 1 11 720.405000
demand_34 1 12 676.029000
demand_35 1 13 366.604000
demand_36 1 14 1354.800000
demand_37 1 15 359.829000
demand_38 1 16 1030.980000
demand_39 1 17 807.823000
demand_40 1 18 1276.390000
demand_41 1 19 945.843000
demand_42 1 20 1101.460000
demand_43 1 21 627.703000
demand_44 1 22 862.817000
demand_45 1 23 1103.890000
demand_46 2 0 1129.870000
demand_47 2 1 284.512000
demand_48 2 3 955.548000
demand_49 2 4 249.096000
demand_50 2 5 676.950000
demand_51 2 6 256.965000
demand_52 2 7 163.314000
demand_53 2 8 1140.690000
demand_54 2 9 1056.790000
demand_55 2 10 194.866000
demand_56 2 11 708.800000
demand_57 2 12 731.286000
demand_58 2 13 1228.770000
demand_59 2 14 544.746000
demand_60 2 15 1155.750000
demand_61 2 16 218.530000
demand_62 2 17 774.028000
demand_63 2 18 766.689000
demand_64 2 19 355.602000
demand_65 2 20 1012.680000
demand_66 2 21 717.442000
demand_67 2 22 429.950000
demand_68 2 23 684.006000
demand_69 3 0 579.008000
demand_70 3 1 1101.090000
demand_71 3 2 603.271000
demand_72 3 4 491.658000
demand_73 3 5 728.670000
demand_74 3 6 1094.340000
demand_75 3 7 1035.320000
demand_76 3 8 895.566000
demand_77 3 9 329.384000
demand_78 3 10 1105.910000
demand_79 3 11 256.448000
demand_80 3 12 146.849000
demand_81 3 13 1354.240000
demand_82 3 14 765.781000
demand_83 3 15 204.055000
demand_84 3 16 1138.030000
demand_85 3 17 817.595000
demand_86 3 18 492.323000
demand_87 3 19 515.911000
demand_88 3 20 140.657000
demand_89 3 21 1116.450000
demand_90 3 22 1261.450000
demand_91 3 23 807.708000
demand_92 4 0 1087.890000
demand_93 4 1 400.487000
demand_94 4 2 737.382000
demand_95 4 3 1397.800000
demand_96 4 5 441.817000
demand_97 4 6 221.578000
demand_98 4 7 955.217000
demand_99 4 8 1115.450000
demand_100 4 9 1022.590000
demand_101 4 10 777.735000
demand_102 4 11 507.785000
demand_103 4 12 1373.760000
demand_104 4 13 746.241000
demand_105 4 14 1355.840000
demand_106 4 15 851.195000
demand_107 4 16 917.683000
demand_108 4 17 432.986000
demand_109 4 18 826.866000
demand_110 4 19 243.852000
demand_111 4 20 1396.310000
demand_112 4 21 1160.320000
demand_113 4 22 1339.620000
demand_114 4 23 1227.540000
demand_115 5 0 760.592000
demand_116 5 1 1130.110000
demand_117 5 2 811.788000
demand_118 5 3 1255.990000
demand_119 5 4 895.355000
demand_120 5 6 1209.350000
demand_121 5 7 1220.770000
demand_122 5 8 163.303000
demand_123 5 9 779.576000
demand_124 5 10 1062.660000
demand_125 5 11 1266.510000
demand_126 5 12 1386.180000
demand_127 5 13 948.063000
demand_128 5 14 857.408000
demand_129 5 15 1147.780000
demand_130 5 16 407.448000
demand_131 5 17 1150.650000
demand_132 5 18 162.197000
demand_133 5 19 1041.920000
demand_134 5 20 713.526000
demand_135 5 21 349.676000
demand_136 5 22 485.588000
demand_137 5 23 808.590000
demand_138 6 0 1075.440000
demand_139 6 1 1275.500000
demand_140 6 2 437.197000
demand_141 6 3 843.150000
demand_142 6 4 306.506000
demand_143 6 5 729.079000
demand_144 6 7 488.670000
demand_145 6 8 474.617000
demand_146 6 9 359.586000
demand_147 6 10 979.152000
demand_148 6 11 582.828000
demand_149 6 12 1036.990000
demand_150 6 13 809.950000
demand_151 6 14 1274.660000
demand_152 6 15 557.258000
demand_153 6 16 986.530000
demand_154 6 17 829.097000
demand_155 6 18 549.415000
demand_156 6 19 763.062000
demand_157 6 20 1336.130000
demand_158 6 21 837.426000
demand_159 6 22 260.461000
demand_160 6 23 497.336000
demand_161 7 0 756.786000
demand_162 7 1 933.984000
demand_163 7 2 949.635000
demand_164 7 3 1141.220000
demand_165 7 4 918.095000
demand_166 7 5 182.969000
demand_167 7 6 1245.240000
demand_168 7 8 564.176000
demand_169 7 9 1203.000000
demand_170 7 10 737.222000
demand_171 7 11 627.070000
demand_172 7 12 1078.450000
demand_173 7 13 193.181000
demand_174 7 14 1323.060000
demand_175 7 15 1275.340000
demand_176 7 16 588.345000
demand_177 7 17 228.289000
demand_178 7 18 1262.920000
demand_179 7 19 516.883000
demand_180 7 20 272.502000
demand_181 7 21 1362.460000
demand_182 7 22 345.601000
demand_183 7 23 744.498000
demand_184 8 0 686.720000
demand_185 8 1 1317.490000
demand_186 8 2 862.658000
demand_187 8 3 790.188000
demand_188 8 4 464.782000
demand_189 8 5 988.355000
demand_190 8 6 562.182000
demand_191 8 7 691.119000
demand_192 8 9 548.103000
demand_193 8 10 1254.820000
demand_194 8 11 640.613000
demand_195 8 12 436.546000
demand_196 8 13 366.305000
demand_197 8 14 635.070000
demand_198 8 15 431.878000
demand_199 8 16 160.094000
demand_200 8 17 608.325000
demand_201 8 18 1201.430000
demand_202 8 19 344.490000
demand_203 8 20 864.749000
demand_204 8 21 1013.210000
demand_205 8 22 1325.970000
demand_206 8 23 434.359000
demand_207 9 0 1204.100000
demand_208 9 1 1138.450000
demand_209 9 2 1343.830000
demand_210 9 3 465.994000
demand_211 9 4 464.085000
demand_212 9 5 541.565000
demand_213 9 6 713.709000
demand_214 9 7 210.007000
demand_215 9 8 439.298000
demand_216 9 10 1282.070000
demand_217 9 11 785.925000
demand_218 9 12 1187.490000
demand_219 9 13 402.576000
demand_220 9 14 437.961000
demand_221 9 15 1195.380000
demand_222 9 16 1000.500000
demand_223 9 17 1203.860000
demand_224 9 18 1300.170000
demand_225 9 19 332.631000
demand_226 9 20 948.667000
demand_227 9 21 750.756000
demand_228 9 22 395.844000
demand_229 9 23 510.257000
demand_230 10 0 1362.760000
demand_231 10 1 917.298000
demand_232 10 2 804.330000
demand_233 10 3 594.637000
demand_234 10 4 346.329000
demand_235 10 5 1132.410000
demand_236 10 6 746.766000
demand_237 10 7 312.804000
demand_238 10 8 740.011000
demand_239 10 9 314.543000
demand_240 10 11 242.382000
demand_241 10 12 343.422000
demand_242 10 13 665.590000
demand_243 10 14 381.037000
demand_244 10 15 920.122000
demand_245 10 16 540.335000
demand_246 10 17 1254.560000
demand_247 10 18 451.461000
demand_248 10 19 295.332000
demand_249 10 20 222.431000
demand_250 10 21 312.456000
demand_251 10 22 1007.310000
demand_252 10 23 236.189000
demand_253 11 0 775.100000
demand_254 11 1 338.707000
demand_255 11 2 1092.540000
demand_256 11 3 677.626000
demand_257 11 4 625.492000
demand_258 11 5 580.950000
demand_259 11 6 937.233000
demand_260 11 7 1397.770000
demand_261 11 8 413.707000
demand_262 11 9 759.756000
demand_263 11 10 863.059000
demand_264 11 12 1371.420000
demand_265 11 13 421.578000
demand_266 11 14 522.318000
demand_267 11 15 191.042000
demand_268 11 16 644.685000
demand_269 11 17 635.741000
demand_270 11 18 1021.200000
demand_271 11 19 1035.060000
demand_272 11 20 522.460000
demand_273 11 21 793.779000
demand_274 11 22 1164.820000
demand_275 11 23 1143.160000
demand_276 12 0 734.558000
demand_277 12 1 1081.080000
demand_278 12 2 1229.230000
demand_279 12 3 1195.190000
demand_280 12 4 1305.770000
demand_281 12 5 443.235000
demand_282 12 6 398.655000
demand_283 12 7 676.449000
demand_284 12 8 1082.780000
demand_285 12 9 324.458000
demand_286 12 10 1022.280000
demand_287 12 11 443.712000
demand_288 12 13 827.669000
demand_289 12 14 1120.160000
demand_290 12 15 209.254000
demand_291 12 16 844.071000
demand_292 12 17 354.702000
demand_293 12 18 584.166000
demand_294 12 19 456.762000
demand_295 12 20 631.581000
demand_296 12 21 196.767000
demand_297 12 22 811.869000
demand_298 12 23 913.351000
demand_299 13 0 197.326000
demand_300 13 1 296.613000
demand_301 13 2 1086.580000
demand_302 13 3 302.849000
demand_303 13 4 375.255000
demand_304 13 5 685.050000
demand_305 13 6 347.826000
demand_306 13 7 518.161000
demand_307 13 8 709.614000
demand_308 13 9 1348.950000
demand_309 13 10 1173.210000
demand_310 13 11 583.255000
demand_311 13 12 299.538000
demand_312 13 14 920.618000
demand_313 13 15 1348.170000
demand_314 13 16 887.672000
demand_315 13 17 141.316000
demand_316 13 18 888.742000
demand_317 13 19 462.792000
demand_318 13 20 814.074000
demand_319 13 21 1296.980000
demand_320 13 22 975.435000
demand_321 13 23 623.325000
demand_322 14 0 834.306000
demand_323 14 1 553.555000
demand_324 14 2 700.531000
demand_325 14 3 1173.300000
demand_326 14 4 915.028000
demand_327 14 5 930.203000
demand_328 14 6 1191.540000
demand_329 14 7 323.862000
demand_330 14 8 548.500000
demand_331 14 9 161.091000
demand_332 14 10 301.568000
demand_333 14 11 988.008000
demand_334 14 12 661.575000
demand_335 14 13 794.609000
demand_336 14 15 272.572000
demand_337 14 16 1082.840000
demand_338 14 17 447.078000
demand_339 14 18 1056.140000
demand_340 14 19 1218.210000
demand_341 14 20 427.808000
demand_342 14 21 1394.290000
demand_343 14 22 684.291000
demand_344 14 23 1323.690000
demand_345 15 0 1152.720000
demand_346 15 1 215.893000
demand_347 15 2 689.374000
demand_348 15 3 784.179000
demand_349 15 4 459.357000
demand_350 15 5 858.879000
demand_351 15 6 205.177000
demand_352 15 7 586.894000
demand_353 15 8 541.102000
demand_354 15 9 829.845000
demand_355 15 10 320.736000
demand_356 15 11 1283.820000
demand_357 15 12 993.865000
demand_358 15 13 590.995000
demand_359 15 14 846.476000
demand_360 15 16 218.300000
demand_361 15 17 726.658000
demand_362 15 18 167.811000
demand_363 15 19 1034.840000
demand_364 15 20 635.913000
demand_365 15 21 370.892000
demand_366 15 22 705.428000
demand_367 15 23 214.596000
demand_368 16 0 722.462000
demand_369 16 1 462.602000
demand_370 16 2 1010.420000
demand_371 16 3 523.780000
demand_372 16 4 1158.570000
demand_373 16 5 1146.440000
demand_374 16 6 723.527000
demand_375 16 7 967.528000
demand_376 16 8 338.004000
demand_377 16 9 1350.820000
demand_378 16 10 627.373000
demand_379 16 11 670.005000
demand_380 16 12 1304.190000
demand_381 16 13 1056.900000
demand_382 16 14 547.777000
demand_383 16 15 772.242000
demand_384 16 17 311.136000
demand_385 16 18 997.254000
demand_386 16 19 1299.780000
demand_387 16 20 339.998000
demand_388 16 21 627.950000
demand_389 16 22 852.004000
demand_390 16 23 1019.550000
demand_391 17 0 326.620000
demand_392 17 1 605.601000
demand_393 17 2 378.666000
demand_394 17 3 351.175000
demand_395 17 4 1336.270000
demand_396 17 5 678.265000
demand_397 17 6 549.459000
demand_398 17 7 523.131000
demand_399 17 8 1292.790000
demand_400 17 9 1327.790000
demand_401 17 10 940.819000
demand_402 17 11 554.666000
demand_403 17 12 1350.020000
demand_404 17 13 1260.480000
demand_405 17 14 213.287000
demand_406 17 15 276.461000
demand_407 17 16 1137.740000
demand_408 17 18 1094.240000
demand_409 17 19 512.647000
demand_410 17 20 360.952000
demand_411 17 21 1209.400000
demand_412 17 22 694.849000
demand_413 17 23 1156.890000
demand_414 18 0 739.662000
demand_415 18 1 974.733000
demand_416 18 2 968.963000
demand_417 18 3 405.724000
demand_418 18 4 711.033000
demand_419 18 5 1117.700000
demand_420 18 6 597.830000
demand_421 18 7 606.054000
demand_422 18 8 803.533000
demand_423 18 9 159.031000
demand_424 18 10 1080.940000
demand_425 18 11 285.298000
demand_426 18 12 144.322000
demand_427 18 13 505.114000
demand_428 18 14 511.869000
demand_429 18 15 812.430000
demand_430 18 16 696.819000
demand_431 18 17 318.817000
demand_432 18 19 665.140000
demand_433 18 20 1046.320000
demand_434 18 21 205.938000
demand_435 18 22 445.441000
demand_436 18 23 646.681000
demand_437 19 0 252.870000
demand_438 19 1 1254.920000
demand_439 19 2 1023.940000
demand_440 19 3 225.099000
demand_441 19 4 706.133000
demand_442 19 5 421.829000
demand_443 19 6 736.649000
demand_444 19 7 833.915000
demand_445 19 8 604.438000
demand_446 19 9 1139.050000
demand_447 19 10 447.869000
demand_448 19 11 495.182000
demand_449 19 12 1196.300000
demand_450 19 13 744.885000
demand_451 19 14 1157.870000
demand_452 19 15 1115.820000
demand_453 19 16 216.330000
demand_454 19 17 1289.840000
demand_455 19 18 1169.650000
demand_456 19 20 704.430000
demand_457 19 21 276.289000
demand_458 19 22 396.377000
demand_459 19 23 418.527000
demand_460 20 0 1239.870000
demand_461 20 1 510.741000
demand_462 20 2 552.858000
demand_463 20 3 526.928000
demand_464 20 4 1226.250000
demand_465 20 5 1354.610000
demand_466 20 6 499.947000
demand_467 20 7 871.998000
demand_468 20 8 362.185000
demand_469 20 9 234.128000
demand_470 20 10 807.069000
demand_471 20 11 176.003000
demand_472 20 12 1061.730000
demand_473 20 13 1024.790000
demand_474 20 14 730.408000
demand_475 20 15 491.715000
demand_476 20 16 542.043000
demand_477 20 17 888.086000
demand_478 20 18 1200.000000
demand_479 20 19 144.075000
demand_480 20 21 1362.260000
demand_481 20 22 837.310000
demand_482 20 23 348.289000
demand_483 21 0 1157.600000
demand_484 21 1 935.141000
demand_485 21 2 426.619000
demand_486 21 3 325.208000
demand_487 21 4 1175.280000
demand_488 21 5 289.348000
demand_489 21 6 787.811000
demand_490 21 7 148.996000
demand_491 21 8 1101.550000
demand_492 21 9 733.518000
demand_493 21 10 852.764000
demand_494 21 11 1203.010000
demand_495 21 12 463.756000
demand_496 21 13 471.823000
demand_497 21 14 1117.860000
demand_498 21 15 1373.280000
demand_499 21 16 1081.430000
demand_500 21 17 539.749000
demand_501 21 18 1338.930000
demand_502 21 19 468.304000
demand_503 21 20 798.818000
demand_504 21 22 994.849000
demand_505 21 23 1138.370000
demand_506 22 0 832.806000
demand_507 22 1 183.265000
demand_508 22 2 399.217000
demand_509 22 3 934.588000
demand_510 22 4 1336.010000
demand_511 22 5 801.483000
demand_512 22 6 1101.690000
demand_513 22 7 443.836000
demand_514 22 8 1394.550000
demand_515 22 9 1372.280000
demand_516 22 10 1311.090000
demand_517 22 11 787.669000
demand_518 22 12 1307.380000
demand_519 22 13 353.174000
demand_520 22 14 1138.490000
demand_521 22 15 193.033000
demand_522 22 16 260.446000
demand_523 22 17 1128.280000
demand_524 22 18 360.672000
demand_525 22 19 1400.890000
demand_526 22 20 378.061000
demand_527 22 21 210.702000
demand_528 22 23 1132.530000
demand_529 23 0 800.826000
demand_530 23 1 1319.310000
demand_531 23 2 488.554000
demand_532 23 3 1149.440000
demand_533 23 4 623.357000
demand_534 23 5 1201.260000
demand_535 23 6 702.862000
demand_536 23 7 769.364000
demand_537 23 8 1305.870000
demand_538 23 9 698.175000
demand_539 23 10 565.089000
demand_540 23 11 202.692000
demand_541 23 12 846.488000
demand_542 23 13 1142.850000
demand_543 23 14 1387.250000
demand_544 23 15 652.723000
demand_545 23 16 1003.210000
demand_546 23 17 467.779000
demand_547 23 18 1329.330000
demand_548 23 19 1145.140000
demand_549 23 20 723.939000
demand_550 23 21 323.793000
demand_551 23 22 248.492000
