DEMANDS 552
label src dest bw
demand_0 0 1 267.248000
demand_1 0 2 1299.180000
demand_2 0 3 469.095000
demand_3 0 4 959.656000
demand_4 0 5 1379.460000
demand_5 0 6 941.625000
demand_6 0 7 508.152000
demand_7 0 8 608.243000
demand_8 0 9 165.853000
demand_9 0 10 378.118000
demand_10 0 11 970.611000
demand_11 0 12 604.380000
demand_12 0 13 611.928000
demand_13 0 14 1118.540000
demand_14 0 15 1248.710000
demand_15 0 16 1092.350000
demand_16 0 17 579.054000
demand_17 0 18 1080.240000
demand_18 0 19 707.603000
demand_19 0 20 478.960000
demand_20 0 21 440.152000
demand_21 0 22 498.277000
demand_22 0 23 811.007000
demand_23 1 0 1414.740000
demand_24 1 2 190.371000
demand_25 1 3 1226.640000
demand_26 1 4 819.469000
demand_27 1 5 443.993000
demand_28 1 6 829.681000
demand_29 1 7 826.336000
demand_30 1 8 933.101000
demand_31 1 9 298.708000
demand_32 1 10 1354.420000
demand_33 1 11 1200.830000
demand_34 1 12 291.310000
demand_35 1 13 734.811000
demand_36 1 14 1158.480000
demand_37 1 15 1152.370000
demand_38 1 16 1159.210000
demand_39 1 17 813.734000
demand_40 1 18 851.294000
demand_41 1 19 375.441000
demand_42 1 20 1302.690000
demand_43 1 21 574.227000
demand_44 1 22 819.238000
demand_45 1 23 568.171000
demand_46 2 0 1388.980000
demand_47 2 1 763.472000
demand_48 2 3 318.305000
demand_49 2 4 337.416000
demand_50 2 5 559.154000
demand_51 2 6 555.731000
demand_52 2 7 164.152000
demand_53 2 8 301.360000
demand_54 2 9 741.410000
demand_55 2 10 1047.760000
demand_56 2 11 589.285000
demand_57 2 12 1182.780000
demand_58 2 13 1014.960000
demand_59 2 14 1153.950000
demand_60 2 15 1360.850000
demand_61 2 16 652.764000
demand_62 2 17 942.433000
demand_63 2 18 1380.520000
demand_64 2 19 513.653000
demand_65 2 20 488.695000
demand_66 2 21 1351.550000
demand_67 2 22 753.613000
demand_68 2 23 888.583000
demand_69 3 0 1113.100000
demand_70 3 1 1308.370000
demand_71 3 2 1112.260000
demand_72 3 4 844.882000
demand_73 3 5 630.352000
demand_74 3 6 1105.080000
demand_75 3 7 1067.770000
demand_76 3 8 840.689000
demand_77 3 9 440.361000
demand_78 3 10 1321.870000
demand_79 3 11 1155.250000
demand_80 3 12 364.408000
demand_81 3 13 1016.100000
demand_82 3 14 655.709000
demand_83 3 15 849.700000
demand_84 3 16 623.429000
demand_85 3 17 750.418000
demand_86 3 18 752.302000
demand_87 3 19 593.151000
demand_88 3 20 1388.410000
demand_89 3 21 1297.670000
demand_90 3 22 958.633000
demand_91 3 23 957.438000
demand_92 4 0 1218.460000
demand_93 4 1 624.842000
demand_94 4 2 1257.430000
demand_95 4 3 655.531000
demand_96 4 5 1160.400000
demand_97 4 6 1038.280000
demand_98 4 7 365.488000
demand_99 4 8 370.290000
demand_100 4 9 211.210000
demand_101 4 10 1288.920000
demand_102 4 11 1074.530000
demand_103 4 12 674.274000
demand_104 4 13 1295.490000
demand_105 4 14 791.297000
demand_106 4 15 495.307000
demand_107 4 16 577.737000
demand_108 4 17 344.808000
demand_109 4 18 442.901000
demand_110 4 19 645.104000
demand_111 4 20 842.227000
demand_112 4 21 1324.110000
demand_113 4 22 1417.380000
demand_114 4 23 345.968000
demand_115 5 0 640.424000
demand_116 5 1 933.609000
demand_117 5 2 1136.830000
demand_118 5 3 625.360000
demand_119 5 4 777.906000
demand_120 5 6 1276.310000
demand_121 5 7 281.856000
demand_122 5 8 1187.700000
demand_123 5 9 1408.590000
demand_124 5 10 1076.980000
demand_125 5 11 718.808000
demand_126 5 12 394.967000
demand_127 5 13 1239.960000
demand_128 5 14 1267.000000
demand_129 5 15 1165.970000
demand_130 5 16 801.354000
demand_131 5 17 1158.820000
demand_132 5 18 530.349000
demand_133 5 19 476.589000
demand_134 5 20 483.148000
demand_135 5 21 409.273000
demand_136 5 22 1239.550000
demand_137 5 23 1364.620000
demand_138 6 0 401.450000
demand_139 6 1 782.583000
demand_140 6 2 693.182000
demand_141 6 3 190.932000
demand_142 6 4 1309.800000
demand_143 6 5 648.992000
demand_144 6 7 1410.720000
demand_145 6 8 974.365000
demand_146 6 9 422.967000
demand_147 6 10 252.212000
demand_148 6 11 946.177000
demand_149 6 12 1242.610000
demand_150 6 13 522.527000
demand_151 6 14 1076.580000
demand_152 6 15 660.758000
demand_153 6 16 604.093000
demand_154 6 17 984.187000
demand_155 6 18 833.039000
demand_156 6 19 772.096000
demand_157 6 20 510.739000
demand_158 6 21 375.067000
demand_159 6 22 463.921000
demand_160 6 23 1308.340000
demand_161 7 0 919.307000
demand_162 7 1 371.095000
demand_163 7 2 280.527000
demand_164 7 3 1425.280000
demand_165 7 4 172.583000
demand_166 7 5 1111.650000
demand_167 7 6 931.803000
demand_168 7 8 1387.860000
demand_169 7 9 1178.500000
demand_170 7 10 1195.690000
demand_171 7 11 986.914000
demand_172 7 12 682.305000
demand_173 7 13 882.957000
demand_174 7 14 200.533000
demand_175 7 15 197.925000
demand_176 7 16 1292.780000
demand_177 7 17 1266.360000
demand_178 7 18 358.330000
demand_179 7 19 252.224000
demand_180 7 20 957.042000
demand_181 7 21 567.422000
demand_182 7 22 1442.910000
demand_183 7 23 1317.520000
demand_184 8 0 1223.580000
demand_185 8 1 734.336000
demand_186 8 2 1269.440000
demand_187 8 3 746.670000
demand_188 8 4 262.421000
demand_189 8 5 688.424000
demand_190 8 6 1379.700000
demand_191 8 7 750.312000
demand_192 8 9 1117.990000
demand_193 8 10 1413.470000
demand_194 8 11 306.249000
demand_195 8 12 676.998000
demand_196 8 13 359.120000
demand_197 8 14 988.833000
demand_198 8 15 898.602000
demand_199 8 16 1183.280000
demand_200 8 17 1031.460000
demand_201 8 18 944.009000
demand_202 8 19 1050.360000
demand_203 8 20 965.160000
demand_204 8 21 1153.500000
demand_205 8 22 804.683000
demand_206 8 23 404.087000
demand_207 9 0 342.658000
demand_208 9 1 975.447000
demand_209 9 2 679.104000
demand_210 9 3 814.795000
demand_211 9 4 1038.100000
demand_212 9 5 785.931000
demand_213 9 6 865.191000
demand_214 9 7 150.536000
demand_215 9 8 1154.280000
demand_216 9 10 1328.370000
demand_217 9 11 1020.410000
demand_218 9 12 222.049000
demand_219 9 13 366.031000
demand_220 9 14 1141.080000
demand_221 9 15 717.313000
demand_222 9 16 714.143000
demand_223 9 17 727.753000
demand_224 9 18 1398.370000
demand_225 9 19 623.285000
demand_226 9 20 576.714000
demand_227 9 21 363.335000
demand_228 9 22 869.940000
demand_229 9 23 780.677000
demand_230 10 0 585.213000
demand_231 10 1 932.358000
demand_232 10 2 1221.560000
demand_233 10 3 846.664000
demand_234 10 4 719.909000
demand_235 10 5 1155.490000
demand_236 10 6 877.659000
demand_237 10 7 1144.530000
demand_238 10 8 657.538000
demand_239 10 9 1326.300000
demand_240 10 11 1074.380000
demand_241 10 12 219.912000
demand_242 10 13 1294.590000
demand_243 10 14 562.911000
demand_244 10 15 277.244000
demand_245 10 16 574.814000
demand_246 10 17 1064.000000
demand_247 10 18 1150.170000
demand_248 10 19 1019.080000
demand_249 10 20 198.071000
demand_250 10 21 805.073000
demand_251 10 22 475.959000
demand_252 10 23 675.971000
demand_253 11 0 1321.470000
demand_254 11 1 1072.340000
demand_255 11 2 1040.170000
demand_256 11 3 201.410000
demand_257 11 4 416.190000
demand_258 11 5 206.146000
demand_259 11 6 337.666000
demand_260 11 7 440.711000
demand_261 11 8 816.957000
demand_262 11 9 1116.000000
demand_263 11 10 272.449000
demand_264 11 12 1314.140000
demand_265 11 13 1389.960000
demand_266 11 14 158.745000
demand_267 11 15 710.951000
demand_268 11 16 1325.520000
demand_269 11 17 441.216000
demand_270 11 18 367.210000
demand_271 11 19 1245.280000
demand_272 11 20 671.435000
demand_273 11 21 785.279000
demand_274 11 22 1380.340000
demand_275 11 23 961.984000
demand_276 12 0 484.842000
demand_277 12 1 1267.660000
demand_278 12 2 1194.060000
demand_279 12 3 1415.250000
demand_280 12 4 1335.880000
demand_281 12 5 1024.000000
demand_282 12 6 846.817000
demand_283 12 7 1141.610000
demand_284 12 8 1145.110000
demand_285 12 9 814.611000
demand_286 12 10 530.430000
demand_287 12 11 848.149000
demand_288 12 13 642.577000
demand_289 12 14 1150.300000
demand_290 12 15 953.628000
demand_291 12 16 1250.020000
demand_292 12 17 579.809000
demand_293 12 18 499.734000
demand_294 12 19 831.600000
demand_295 12 20 930.418000
demand_296 12 21 294.508000
demand_297 12 22 449.148000
demand_298 12 23 675.313000
demand_299 13 0 1073.610000
demand_300 13 1 841.631000
demand_301 13 2 943.975000
demand_302 13 3 1275.800000
demand_303 13 4 1073.900000
demand_304 13 5 284.115000
demand_305 13 6 830.237000
demand_306 13 7 729.893000
demand_307 13 8 317.538000
demand_308 13 9 312.923000
demand_309 13 10 164.957000
demand_310 13 11 1354.650000
demand_311 13 12 845.815000
demand_312 13 14 949.263000
demand_313 13 15 408.780000
demand_314 13 16 759.946000
demand_315 13 17 613.010000
demand_316 13 18 597.391000
demand_317 13 19 997.060000
demand_318 13 20 219.248000
demand_319 13 21 192.973000
demand_320 13 22 691.741000
demand_321 13 23 784.096000
demand_322 14 0 1244.890000
demand_323 14 1 701.865000
demand_324 14 2 1368.660000
demand_325 14 3 782.923000
demand_326 14 4 1413.770000
demand_327 14 5 742.923000
demand_328 14 6 443.790000
demand_329 14 7 276.898000
demand_330 14 8 456.726000
demand_331 14 9 1210.490000
demand_332 14 10 639.304000
demand_333 14 11 901.625000
demand_334 14 12 871.965000
demand_335 14 13 984.783000
demand_336 14 15 1044.410000
demand_337 14 16 1241.060000
demand_338 14 17 316.134000
demand_339 14 18 690.686000
demand_340 14 19 811.269000
demand_341 14 20 964.511000
demand_342 14 21 408.914000
demand_343 14 22 1425.870000
demand_344 14 23 1012.300000
demand_345 15 0 1067.320000
demand_346 15 1 630.954000
demand_347 15 2 233.407000
demand_348 15 3 626.199000
demand_349 15 4 380.230000
demand_350 15 5 684.555000
demand_351 15 6 312.861000
demand_352 15 7 553.163000
demand_353 15 8 647.244000
demand_354 15 9 630.355000
demand_355 15 10 801.485000
demand_356 15 11 1177.640000
demand_357 15 12 1233.870000
demand_358 15 13 1182.940000
demand_359 15 14 850.330000
demand_360 15 16 542.268000
demand_361 15 17 670.592000
demand_362 15 18 1397.660000
demand_363 15 19 1280.190000
demand_364 15 20 343.815000
demand_365 15 21 934.318000
demand_366 15 22 597.631000
demand_367 15 23 862.324000
demand_368 16 0 1404.340000
demand_369 16 1 657.887000
demand_370 16 2 1115.490000
demand_371 16 3 1154.650000
demand_372 16 4 1231.510000
demand_373 16 5 810.839000
demand_374 16 6 237.840000
demand_375 16 7 1389.390000
demand_376 16 8 492.867000
demand_377 16 9 824.283000
demand_378 16 10 510.673000
demand_379 16 11 552.433000
demand_380 16 12 1375.890000
demand_381 16 13 1264.790000
demand_382 16 14 374.365000
demand_383 16 15 373.872000
demand_384 16 17 634.524000
demand_385 16 18 444.046000
demand_386 16 19 851.594000
demand_387 16 20 721.273000
demand_388 16 21 949.104000
demand_389 16 22 990.951000
demand_390 16 23 674.171000
demand_391 17 0 888.664000
demand_392 17 1 968.209000
demand_393 17 2 272.998000
demand_394 17 3 309.039000
demand_395 17 4 351.419000
demand_396 17 5 220.801000
demand_397 17 6 1422.920000
demand_398 17 7 618.901000
demand_399 17 8 288.106000
demand_400 17 9 1120.730000
demand_401 17 10 560.099000
demand_402 17 11 1194.450000
demand_403 17 12 759.968000
demand_404 17 13 1047.650000
demand_405 17 14 1343.490000
demand_406 17 15 540.920000
demand_407 17 16 1074.950000
demand_408 17 18 1260.340000
demand_409 17 19 658.708000
demand_410 17 20 280.318000
demand_411 17 21 956.711000
demand_412 17 22 380.539000
demand_413 17 23 462.399000
demand_414 18 0 1042.350000
demand_415 18 1 1257.640000
demand_416 18 2 394.062000
demand_417 18 3 897.744000
demand_418 18 4 262.839000
demand_419 18 5 1258.900000
demand_420 18 6 872.277000
demand_421 18 7 940.536000
demand_422 18 8 907.447000
demand_423 18 9 540.252000
demand_424 18 10 419.996000
demand_425 18 11 1274.920000
demand_426 18 12 177.048000
demand_427 18 13 880.081000
demand_428 18 14 878.321000
demand_429 18 15 997.351000
demand_430 18 16 870.808000
demand_431 18 17 669.837000
demand_432 18 19 1050.620000
demand_433 18 20 805.291000
demand_434 18 21 680.305000
demand_435 18 22 1389.440000
demand_436 18 23 508.430000
demand_437 19 0 1430.250000
demand_438 19 1 747.884000
demand_439 19 2 872.764000
demand_440 19 3 1428.750000
demand_441 19 4 554.377000
demand_442 19 5 673.840000
demand_443 19 6 354.642000
demand_444 19 7 192.271000
demand_445 19 8 1090.130000
demand_446 19 9 239.260000
demand_447 19 10 1220.650000
demand_448 19 11 1064.950000
demand_449 19 12 809.185000
demand_450 19 13 578.009000
demand_451 19 14 1317.860000
demand_452 19 15 693.507000
demand_453 19 16 640.577000
demand_454 19 17 302.907000
demand_455 19 18 1030.370000
demand_456 19 20 270.380000
demand_457 19 21 1271.010000
demand_458 19 22 582.867000
demand_459 19 23 1086.640000
demand_460 20 0 341.073000
demand_461 20 1 1199.390000
demand_462 20 2 1161.930000
demand_463 20 3 1022.650000
demand_464 20 4 931.232000
demand_465 20 5 339.045000
demand_466 20 6 666.287000
demand_467 20 7 463.416000
demand_468 20 8 760.730000
demand_469 20 9 1323.110000
demand_470 20 10 598.901000
demand_471 20 11 779.581000
demand_472 20 12 596.433000
demand_473 20 13 696.589000
demand_474 20 14 236.377000
demand_475 20 15 1327.510000
demand_476 20 16 622.480000
demand_477 20 17 1426.590000
demand_478 20 18 953.463000
demand_479 20 19 1365.090000
demand_480 20 21 1407.120000
demand_481 20 22 786.352000
demand_482 20 23 587.709000
demand_483 21 0 1351.760000
demand_484 21 1 989.322000
demand_485 21 2 1349.010000
demand_486 21 3 1266.530000
demand_487 21 4 689.413000
demand_488 21 5 257.163000
demand_489 21 6 302.180000
demand_490 21 7 726.720000
demand_491 21 8 367.166000
demand_492 21 9 1363.860000
demand_493 21 10 1293.360000
demand_494 21 11 702.686000
demand_495 21 12 421.042000
demand_496 21 13 496.854000
demand_497 21 14 1035.800000
demand_498 21 15 585.578000
demand_499 21 16 892.711000
demand_500 21 17 459.251000
demand_501 21 18 777.294000
demand_502 21 19 1302.970000
demand_503 21 20 677.170000
demand_504 21 22 274.071000
demand_505 21 23 382.489000
demand_506 22 0 918.343000
demand_507 22 1 371.781000
demand_508 22 2 1114.600000
demand_509 22 3 1245.590000
demand_510 22 4 795.391000
demand_511 22 5 996.964000
demand_512 22 6 898.312000
demand_513 22 7 915.170000
demand_514 22 8 1012.170000
demand_515 22 9 343.950000
demand_516 22 10 1380.360000
demand_517 22 11 790.112000
demand_518 22 12 782.237000
demand_519 22 13 1169.050000
demand_520 22 14 1216.950000
demand_521 22 15 601.379000
demand_522 22 16 917.950000
demand_523 22 17 1158.120000
demand_524 22 18 337.603000
demand_525 22 19 145.366000
demand_526 22 20 689.937000
demand_527 22 21 904.240000
demand_528 22 23 1422.850000
demand_529 23 0 798.733000
demand_530 23 1 317.497000
demand_531 23 2 245.843000
demand_532 23 3 247.360000
demand_533 23 4 1092.350000
demand_534 23 5 483.326000
demand_535 23 6 589.650000
demand_536 23 7 469.148000
demand_537 23 8 250.870000
demand_538 23 9 1106.410000
demand_539 23 10 1073.150000
demand_540 23 11 1156.300000
demand_541 23 12 716.293000
demand_542 23 13 1350.030000
demand_543 23 14 997.528000
demand_544 23 15 391.051000
demand_545 23 16 629.001000
demand_546 23 17 895.263000
demand_547 23 18 373.656000
demand_548 23 19 1039.040000
demand_549 23 20 1163.120000
demand_550 23 21 410.308000
demand_551 23 22 264.630000
