DEMANDS 552
label src dest bw
demand_0 0 1 1394.410000
demand_1 0 2 699.001000
demand_2 0 3 902.957000
demand_3 0 4 948.339000
demand_4 0 5 858.052000
demand_5 0 6 846.291000
demand_6 0 7 542.341000
demand_7 0 8 230.809000
demand_8 0 9 274.770000
demand_9 0 10 639.053000
demand_10 0 11 1205.780000
demand_11 0 12 402.000000
demand_12 0 13 1225.630000
demand_13 0 14 524.896000
demand_14 0 15 643.797000
demand_15 0 16 1217.790000
demand_16 0 17 969.627000
demand_17 0 18 1054.650000
demand_18 0 19 783.738000
demand_19 0 20 395.499000
demand_20 0 21 421.484000
demand_21 0 22 287.684000
demand_22 0 23 1007.030000
demand_23 1 0 237.196000
demand_24 1 2 902.942000
demand_25 1 3 737.423000
demand_26 1 4 1433.590000
demand_27 1 5 670.113000
demand_28 1 6 553.662000
demand_29 1 7 1173.680000
demand_30 1 8 1256.840000
demand_31 1 9 1260.730000
demand_32 1 10 1477.290000
demand_33 1 11 1338.890000
demand_34 1 12 481.175000
demand_35 1 13 1328.360000
demand_36 1 14 271.386000
demand_37 1 15 1289.270000
demand_38 1 16 1347.130000
demand_39 1 17 1264.900000
demand_40 1 18 1052.350000
demand_41 1 19 855.168000
demand_42 1 20 189.297000
demand_43 1 21 343.016000
demand_44 1 22 592.343000
demand_45 1 23 1113.970000
demand_46 2 0 635.210000
demand_47 2 1 518.892000
demand_48 2 3 247.173000
demand_49 2 4 1049.150000
demand_50 2 5 1438.520000
demand_51 2 6 583.094000
demand_52 2 7 946.687000
demand_53 2 8 913.921000
demand_54 2 9 554.668000
demand_55 2 10 338.713000
demand_56 2 11 344.642000
demand_57 2 12 1329.740000
demand_58 2 13 1258.750000
demand_59 2 14 1208.950000
demand_60 2 15 736.389000
demand_61 2 16 1469.150000
demand_62 2 17 1314.810000
demand_63 2 18 1112.170000
demand_64 2 19 594.348000
demand_65 2 20 322.184000
demand_66 2 21 304.755000
demand_67 2 22 408.174000
demand_68 2 23 799.194000
demand_69 3 0 793.146000
demand_70 3 1 1248.240000
demand_71 3 2 1320.660000
demand_72 3 4 185.303000
demand_73 3 5 280.161000
demand_74 3 6 592.152000
demand_75 3 7 1533.010000
demand_76 3 8 1535.690000
demand_77 3 9 584.563000
demand_78 3 10 1497.720000
demand_79 3 11 920.794000
demand_80 3 12 1413.630000
demand_81 3 13 1203.550000
demand_82 3 14 1243.060000
demand_83 3 15 522.422000
demand_84 3 16 599.534000
demand_85 3 17 1331.760000
demand_86 3 18 1020.390000
demand_87 3 19 1513.750000
demand_88 3 20 1150.730000
demand_89 3 21 784.365000
demand_90 3 22 1234.700000
demand_91 3 23 1554.620000
demand_92 4 0 328.152000
demand_93 4 1 920.724000
demand_94 4 2 1510.130000
demand_95 4 3 856.552000
demand_96 4 5 493.318000
demand_97 4 6 691.092000
demand_98 4 7 1335.610000
demand_99 4 8 856.385000
demand_100 4 9 1202.710000
demand_101 4 10 642.359000
demand_102 4 11 365.344000
demand_103 4 12 299.386000
demand_104 4 13 986.483000
demand_105 4 14 201.079000
demand_106 4 15 537.009000
demand_107 4 16 911.484000
demand_108 4 17 287.281000
demand_109 4 18 195.458000
demand_110 4 19 762.968000
demand_111 4 20 1428.570000
demand_112 4 21 1450.220000
demand_113 4 22 1125.670000
demand_114 4 23 1214.550000
demand_115 5 0 556.289000
demand_116 5 1 1009.820000
demand_117 5 2 590.217000
demand_118 5 3 1327.970000
demand_119 5 4 1540.260000
demand_120 5 6 1248.780000
demand_121 5 7 363.614000
demand_122 5 8 591.643000
demand_123 5 9 966.652000
demand_124 5 10 1332.320000
demand_125 5 11 1324.080000
demand_126 5 12 923.566000
demand_127 5 13 1516.450000
demand_128 5 14 846.531000
demand_129 5 15 1107.020000
demand_130 5 16 877.958000
demand_131 5 17 609.993000
demand_132 5 18 1450.710000
demand_133 5 19 777.912000
demand_134 5 20 523.749000
demand_135 5 21 1304.250000
demand_136 5 22 1215.130000
demand_137 5 23 645.179000
demand_138 6 0 371.599000
demand_139 6 1 691.895000
demand_140 6 2 1244.950000
demand_141 6 3 484.687000
demand_142 6 4 400.539000
demand_143 6 5 1194.670000
demand_144 6 7 853.608000
demand_145 6 8 604.124000
demand_146 6 9 200.722000
demand_147 6 10 402.937000
demand_148 6 11 1332.520000
demand_149 6 12 223.042000
demand_150 6 13 644.224000
demand_151 6 14 861.597000
demand_152 6 15 791.447000
demand_153 6 16 1457.540000
demand_154 6 17 1425.990000
demand_155 6 18 510.028000
demand_156 6 19 1481.450000
demand_157 6 20 1528.920000
demand_158 6 21 747.079000
demand_159 6 22 579.926000
demand_160 6 23 1030.280000
demand_161 7 0 1324.390000
demand_162 7 1 505.085000
demand_163 7 2 1047.570000
demand_164 7 3 525.984000
demand_165 7 4 364.091000
demand_166 7 5 830.944000
demand_167 7 6 883.096000
demand_168 7 8 577.307000
demand_169 7 9 1216.590000
demand_170 7 10 431.921000
demand_171 7 11 859.560000
demand_172 7 12 566.393000
demand_173 7 13 199.682000
demand_174 7 14 895.538000
demand_175 7 15 320.452000
demand_176 7 16 1548.000000
demand_177 7 17 1178.160000
demand_178 7 18 1234.010000
demand_179 7 19 1371.750000
demand_180 7 20 235.168000
demand_181 7 21 601.038000
demand_182 7 22 1030.260000
demand_183 7 23 219.040000
demand_184 8 0 520.611000
demand_185 8 1 272.430000
demand_186 8 2 983.636000
demand_187 8 3 1543.530000
demand_188 8 4 629.921000
demand_189 8 5 808.052000
demand_190 8 6 280.184000
demand_191 8 7 210.124000
demand_192 8 9 1152.740000
demand_193 8 10 832.642000
demand_194 8 11 374.692000
demand_195 8 12 208.752000
demand_196 8 13 876.167000
demand_197 8 14 1351.390000
demand_198 8 15 1058.000000
demand_199 8 16 302.620000
demand_200 8 17 967.658000
demand_201 8 18 349.381000
demand_202 8 19 374.561000
demand_203 8 20 1307.010000
demand_204 8 21 217.773000
demand_205 8 22 496.426000
demand_206 8 23 269.401000
demand_207 9 0 826.700000
demand_208 9 1 459.834000
demand_209 9 2 1422.300000
demand_210 9 3 1259.830000
demand_211 9 4 532.620000
demand_212 9 5 1457.850000
demand_213 9 6 1455.570000
demand_214 9 7 611.636000
demand_215 9 8 1549.070000
demand_216 9 10 883.673000
demand_217 9 11 1501.590000
demand_218 9 12 229.020000
demand_219 9 13 175.562000
demand_220 9 14 1371.490000
demand_221 9 15 1124.610000
demand_222 9 16 483.936000
demand_223 9 17 1369.630000
demand_224 9 18 242.082000
demand_225 9 19 1449.200000
demand_226 9 20 924.398000
demand_227 9 21 658.102000
demand_228 9 22 880.461000
demand_229 9 23 250.746000
demand_230 10 0 693.031000
demand_231 10 1 603.856000
demand_232 10 2 315.599000
demand_233 10 3 916.776000
demand_234 10 4 871.804000
demand_235 10 5 1302.180000
demand_236 10 6 901.714000
demand_237 10 7 1369.160000
demand_238 10 8 632.036000
demand_239 10 9 583.301000
demand_240 10 11 1043.520000
demand_241 10 12 1469.830000
demand_242 10 13 164.452000
demand_243 10 14 634.692000
demand_244 10 15 980.744000
demand_245 10 16 1266.970000
demand_246 10 17 250.317000
demand_247 10 18 486.054000
demand_248 10 19 1567.790000
demand_249 10 20 471.771000
demand_250 10 21 644.979000
demand_251 10 22 298.648000
demand_252 10 23 522.676000
demand_253 11 0 546.100000
demand_254 11 1 690.526000
demand_255 11 2 963.717000
demand_256 11 3 1172.380000
demand_257 11 4 1500.530000
demand_258 11 5 996.108000
demand_259 11 6 432.598000
demand_260 11 7 1087.050000
demand_261 11 8 1220.250000
demand_262 11 9 1246.970000
demand_263 11 10 932.644000
demand_264 11 12 819.786000
demand_265 11 13 925.488000
demand_266 11 14 620.485000
demand_267 11 15 513.930000
demand_268 11 16 173.519000
demand_269 11 17 720.104000
demand_270 11 18 577.867000
demand_271 11 19 935.040000
demand_272 11 20 1250.690000
demand_273 11 21 996.692000
demand_274 11 22 1504.000000
demand_275 11 23 475.954000
demand_276 12 0 723.466000
demand_277 12 1 1053.040000
demand_278 12 2 519.882000
demand_279 12 3 899.005000
demand_280 12 4 1145.150000
demand_281 12 5 791.186000
demand_282 12 6 268.265000
demand_283 12 7 771.921000
demand_284 12 8 1186.870000
demand_285 12 9 511.233000
demand_286 12 10 1392.810000
demand_287 12 11 711.425000
demand_288 12 13 375.416000
demand_289 12 14 1169.450000
demand_290 12 15 210.953000
demand_291 12 16 1543.120000
demand_292 12 17 232.274000
demand_293 12 18 506.376000
demand_294 12 19 756.620000
demand_295 12 20 314.226000
demand_296 12 21 410.861000
demand_297 12 22 410.448000
demand_298 12 23 1108.810000
demand_299 13 0 581.675000
demand_300 13 1 289.307000
demand_301 13 2 1525.180000
demand_302 13 3 898.252000
demand_303 13 4 944.406000
demand_304 13 5 252.568000
demand_305 13 6 172.293000
demand_306 13 7 663.671000
demand_307 13 8 359.717000
demand_308 13 9 376.692000
demand_309 13 10 354.232000
demand_310 13 11 1071.060000
demand_311 13 12 272.576000
demand_312 13 14 523.466000
demand_313 13 15 260.631000
demand_314 13 16 771.390000
demand_315 13 17 865.797000
demand_316 13 18 859.033000
demand_317 13 19 498.733000
demand_318 13 20 735.449000
demand_319 13 21 315.442000
demand_320 13 22 1221.940000
demand_321 13 23 1053.180000
demand_322 14 0 773.684000
demand_323 14 1 201.094000
demand_324 14 2 1437.750000
demand_325 14 3 1245.290000
demand_326 14 4 482.252000
demand_327 14 5 599.064000
demand_328 14 6 540.992000
demand_329 14 7 927.860000
demand_330 14 8 1562.980000
demand_331 14 9 996.920000
demand_332 14 10 1280.290000
demand_333 14 11 593.312000
demand_334 14 12 535.645000
demand_335 14 13 697.638000
demand_336 14 15 839.606000
demand_337 14 16 634.905000
demand_338 14 17 342.794000
demand_339 14 18 1534.180000
demand_340 14 19 888.361000
demand_341 14 20 434.639000
demand_342 14 21 981.416000
demand_343 14 22 1095.630000
demand_344 14 23 1386.970000
demand_345 15 0 498.885000
demand_346 15 1 1422.920000
demand_347 15 2 364.796000
demand_348 15 3 522.661000
demand_349 15 4 361.730000
demand_350 15 5 1015.740000
demand_351 15 6 377.164000
demand_352 15 7 602.424000
demand_353 15 8 931.268000
demand_354 15 9 1130.420000
demand_355 15 10 1373.200000
demand_356 15 11 478.087000
demand_357 15 12 659.027000
demand_358 15 13 645.260000
demand_359 15 14 636.826000
demand_360 15 16 1318.770000
demand_361 15 17 1012.310000
demand_362 15 18 984.589000
demand_363 15 19 1181.450000
demand_364 15 20 1294.380000
demand_365 15 21 969.566000
demand_366 15 22 1099.600000
demand_367 15 23 371.593000
demand_368 16 0 728.559000
demand_369 16 1 1530.290000
demand_370 16 2 1327.080000
demand_371 16 3 625.162000
demand_372 16 4 852.415000
demand_373 16 5 1347.720000
demand_374 16 6 1445.850000
demand_375 16 7 411.223000
demand_376 16 8 759.989000
demand_377 16 9 254.156000
demand_378 16 10 347.127000
demand_379 16 11 801.268000
demand_380 16 12 604.119000
demand_381 16 13 236.256000
demand_382 16 14 437.880000
demand_383 16 15 993.564000
demand_384 16 17 815.673000
demand_385 16 18 248.422000
demand_386 16 19 1085.680000
demand_387 16 20 1216.250000
demand_388 16 21 1267.810000
demand_389 16 22 1279.000000
demand_390 16 23 854.585000
demand_391 17 0 548.709000
demand_392 17 1 170.598000
demand_393 17 2 325.066000
demand_394 17 3 656.117000
demand_395 17 4 409.732000
demand_396 17 5 1211.990000
demand_397 17 6 245.318000
demand_398 17 7 585.482000
demand_399 17 8 503.566000
demand_400 17 9 1488.550000
demand_401 17 10 471.484000
demand_402 17 11 200.021000
demand_403 17 12 270.036000
demand_404 17 13 747.640000
demand_405 17 14 1372.650000
demand_406 17 15 704.554000
demand_407 17 16 1549.200000
demand_408 17 18 358.531000
demand_409 17 19 1269.630000
demand_410 17 20 898.400000
demand_411 17 21 1452.110000
demand_412 17 22 1138.360000
demand_413 17 23 428.907000
demand_414 18 0 882.348000
demand_415 18 1 531.077000
demand_416 18 2 1431.820000
demand_417 18 3 888.319000
demand_418 18 4 1482.560000
demand_419 18 5 1333.480000
demand_420 18 6 401.810000
demand_421 18 7 1469.130000
demand_422 18 8 651.636000
demand_423 18 9 867.353000
demand_424 18 10 814.929000
demand_425 18 11 1520.560000
demand_426 18 12 730.537000
demand_427 18 13 178.955000
demand_428 18 14 394.922000
demand_429 18 15 281.969000
demand_430 18 16 1182.160000
demand_431 18 17 1037.580000
demand_432 18 19 317.899000
demand_433 18 20 1497.570000
demand_434 18 21 1123.770000
demand_435 18 22 1254.090000
demand_436 18 23 744.583000
demand_437 19 0 808.850000
demand_438 19 1 773.301000
demand_439 19 2 1320.680000
demand_440 19 3 1310.410000
demand_441 19 4 1087.530000
demand_442 19 5 193.830000
demand_443 19 6 1499.210000
demand_444 19 7 169.910000
demand_445 19 8 625.479000
demand_446 19 9 789.767000
demand_447 19 10 1139.760000
demand_448 19 11 750.467000
demand_449 19 12 364.739000
demand_450 19 13 672.439000
demand_451 19 14 665.255000
demand_452 19 15 909.157000
demand_453 19 16 574.058000
demand_454 19 17 990.311000
demand_455 19 18 1429.810000
demand_456 19 20 1174.290000
demand_457 19 21 599.144000
demand_458 19 22 212.376000
demand_459 19 23 1433.010000
demand_460 20 0 330.369000
demand_461 20 1 344.713000
demand_462 20 2 1128.080000
demand_463 20 3 796.985000
demand_464 20 4 802.602000
demand_465 20 5 1423.770000
demand_466 20 6 219.941000
demand_467 20 7 1076.350000
demand_468 20 8 289.732000
demand_469 20 9 923.029000
demand_470 20 10 1012.890000
demand_471 20 11 781.956000
demand_472 20 12 559.869000
demand_473 20 13 1022.330000
demand_474 20 14 395.569000
demand_475 20 15 304.763000
demand_476 20 16 851.005000
demand_477 20 17 321.593000
demand_478 20 18 639.904000
demand_479 20 19 333.886000
demand_480 20 21 238.121000
demand_481 20 22 443.327000
demand_482 20 23 1560.470000
demand_483 21 0 1281.470000
demand_484 21 1 234.071000
demand_485 21 2 685.690000
demand_486 21 3 956.748000
demand_487 21 4 362.411000
demand_488 21 5 385.099000
demand_489 21 6 1396.030000
demand_490 21 7 1417.870000
demand_491 21 8 1349.830000
demand_492 21 9 675.281000
demand_493 21 10 1547.230000
demand_494 21 11 1162.000000
demand_495 21 12 1393.060000
demand_496 21 13 814.487000
demand_497 21 14 1035.210000
demand_498 21 15 1500.440000
demand_499 21 16 1224.680000
demand_500 21 17 1533.960000
demand_501 21 18 157.680000
demand_502 21 19 277.532000
demand_503 21 20 284.193000
demand_504 21 22 951.403000
demand_505 21 23 1407.920000
demand_506 22 0 1213.170000
demand_507 22 1 1507.950000
demand_508 22 2 1231.930000
demand_509 22 3 1500.870000
demand_510 22 4 1209.710000
demand_511 22 5 1137.920000
demand_512 22 6 574.528000
demand_513 22 7 1084.630000
demand_514 22 8 1266.390000
demand_515 22 9 837.828000
demand_516 22 10 757.904000
demand_517 22 11 516.916000
demand_518 22 12 1384.730000
demand_519 22 13 291.810000
demand_520 22 14 533.223000
demand_521 22 15 906.768000
demand_522 22 16 522.861000
demand_523 22 17 1127.080000
demand_524 22 18 560.589000
demand_525 22 19 162.278000
demand_526 22 20 853.255000
demand_527 22 21 888.015000
demand_528 22 23 782.944000
demand_529 23 0 1174.140000
demand_530 23 1 612.065000
demand_531 23 2 1564.010000
demand_532 23 3 1543.580000
demand_533 23 4 467.416000
demand_534 23 5 720.276000
demand_535 23 6 407.347000
demand_536 23 7 340.504000
demand_537 23 8 691.290000
demand_538 23 9 562.143000
demand_539 23 10 598.576000
demand_540 23 11 477.656000
demand_541 23 12 1187.830000
demand_542 23 13 1265.220000
demand_543 23 14 1504.820000
demand_544 23 15 490.676000
demand_545 23 16 852.544000
demand_546 23 17 757.725000
demand_547 23 18 309.960000
demand_548 23 19 753.027000
demand_549 23 20 637.952000
demand_550 23 21 1451.570000
demand_551 23 22 1439.120000
