DEMANDS 552
label src dest bw
demand_0 0 1 528.315000
demand_1 0 2 610.630000
demand_2 0 3 355.009000
demand_3 0 4 948.802000
demand_4 0 5 1258.310000
demand_5 0 6 935.399000
demand_6 0 7 897.719000
demand_7 0 8 729.236000
demand_8 0 9 1203.960000
demand_9 0 10 172.256000
demand_10 0 11 1472.040000
demand_11 0 12 316.019000
demand_12 0 13 1153.650000
demand_13 0 14 770.359000
demand_14 0 15 630.389000
demand_15 0 16 1349.710000
demand_16 0 17 595.748000
demand_17 0 18 1202.290000
demand_18 0 19 400.182000
demand_19 0 20 792.182000
demand_20 0 21 372.507000
demand_21 0 22 1268.860000
demand_22 0 23 630.098000
demand_23 1 0 637.197000
demand_24 1 2 590.133000
demand_25 1 3 1033.330000
demand_26 1 4 1111.660000
demand_27 1 5 1319.680000
demand_28 1 6 264.152000
demand_29 1 7 702.389000
demand_30 1 8 1083.570000
demand_31 1 9 1153.500000
demand_32 1 10 771.108000
demand_33 1 11 1122.070000
demand_34 1 12 1348.820000
demand_35 1 13 764.330000
demand_36 1 14 608.261000
demand_37 1 15 1010.460000
demand_38 1 16 796.423000
demand_39 1 17 975.354000
demand_40 1 18 262.724000
demand_41 1 19 972.714000
demand_42 1 20 1057.250000
demand_43 1 21 1441.070000
demand_44 1 22 1206.090000
demand_45 1 23 1372.540000
demand_46 2 0 920.990000
demand_47 2 1 1406.590000
demand_48 2 3 758.763000
demand_49 2 4 897.625000
demand_50 2 5 959.108000
demand_51 2 6 984.123000
demand_52 2 7 657.497000
demand_53 2 8 1061.780000
demand_54 2 9 1048.920000
demand_55 2 10 214.369000
demand_56 2 11 770.729000
demand_57 2 12 1147.130000
demand_58 2 13 939.733000
demand_59 2 14 793.187000
demand_60 2 15 441.709000
demand_61 2 16 1142.250000
demand_62 2 17 1359.610000
demand_63 2 18 1385.040000
demand_64 2 19 552.556000
demand_65 2 20 1206.940000
demand_66 2 21 1273.330000
demand_67 2 22 691.709000
demand_68 2 23 1444.730000
demand_69 3 0 792.561000
demand_70 3 1 156.000000
demand_71 3 2 1429.960000
demand_72 3 4 1479.950000
demand_73 3 5 1289.570000
demand_74 3 6 474.413000
demand_75 3 7 935.256000
demand_76 3 8 911.842000
demand_77 3 9 309.477000
demand_78 3 10 848.753000
demand_79 3 11 299.482000
demand_80 3 12 789.694000
demand_81 3 13 1362.950000
demand_82 3 14 1165.470000
demand_83 3 15 435.147000
demand_84 3 16 1259.660000
demand_85 3 17 183.600000
demand_86 3 18 1309.690000
demand_87 3 19 1095.870000
demand_88 3 20 1119.680000
demand_89 3 21 546.773000
demand_90 3 22 829.004000
demand_91 3 23 985.527000
demand_92 4 0 1230.920000
demand_93 4 1 691.684000
demand_94 4 2 924.551000
demand_95 4 3 896.000000
demand_96 4 5 1025.670000
demand_97 4 6 418.990000
demand_98 4 7 1475.090000
demand_99 4 8 1233.440000
demand_100 4 9 260.591000
demand_101 4 10 1325.810000
demand_102 4 11 1489.280000
demand_103 4 12 437.965000
demand_104 4 13 1008.960000
demand_105 4 14 264.847000
demand_106 4 15 1329.020000
demand_107 4 16 301.532000
demand_108 4 17 982.704000
demand_109 4 18 1438.890000
demand_110 4 19 1166.600000
demand_111 4 20 191.019000
demand_112 4 21 939.344000
demand_113 4 22 843.600000
demand_114 4 23 308.926000
demand_115 5 0 612.374000
demand_116 5 1 1290.560000
demand_117 5 2 1174.000000
demand_118 5 3 676.655000
demand_119 5 4 687.719000
demand_120 5 6 1031.030000
demand_121 5 7 630.369000
demand_122 5 8 381.266000
demand_123 5 9 901.694000
demand_124 5 10 780.541000
demand_125 5 11 431.438000
demand_126 5 12 1003.610000
demand_127 5 13 1232.840000
demand_128 5 14 1182.330000
demand_129 5 15 691.704000
demand_130 5 16 745.098000
demand_131 5 17 846.561000
demand_132 5 18 833.261000
demand_133 5 19 1068.790000
demand_134 5 20 678.719000
demand_135 5 21 1049.510000
demand_136 5 22 949.241000
demand_137 5 23 847.541000
demand_138 6 0 397.591000
demand_139 6 1 665.502000
demand_140 6 2 265.940000
demand_141 6 3 1073.500000
demand_142 6 4 243.482000
demand_143 6 5 1316.960000
demand_144 6 7 633.871000
demand_145 6 8 1364.950000
demand_146 6 9 912.763000
demand_147 6 10 144.921000
demand_148 6 11 621.871000
demand_149 6 12 242.605000
demand_150 6 13 1296.730000
demand_151 6 14 1069.110000
demand_152 6 15 1254.510000
demand_153 6 16 1201.160000
demand_154 6 17 513.216000
demand_155 6 18 1281.000000
demand_156 6 19 1447.880000
demand_157 6 20 501.866000
demand_158 6 21 538.458000
demand_159 6 22 1066.430000
demand_160 6 23 1064.630000
demand_161 7 0 1474.230000
demand_162 7 1 316.517000
demand_163 7 2 1133.740000
demand_164 7 3 431.024000
demand_165 7 4 689.369000
demand_166 7 5 1265.780000
demand_167 7 6 1240.690000
demand_168 7 8 678.231000
demand_169 7 9 162.448000
demand_170 7 10 786.758000
demand_171 7 11 1015.450000
demand_172 7 12 789.433000
demand_173 7 13 1321.200000
demand_174 7 14 1189.930000
demand_175 7 15 1058.230000
demand_176 7 16 1441.340000
demand_177 7 17 401.758000
demand_178 7 18 729.064000
demand_179 7 19 858.566000
demand_180 7 20 160.586000
demand_181 7 21 856.600000
demand_182 7 22 350.665000
demand_183 7 23 1249.420000
demand_184 8 0 1014.840000
demand_185 8 1 979.236000
demand_186 8 2 601.596000
demand_187 8 3 519.669000
demand_188 8 4 931.783000
demand_189 8 5 1085.730000
demand_190 8 6 670.039000
demand_191 8 7 220.847000
demand_192 8 9 649.546000
demand_193 8 10 844.290000
demand_194 8 11 154.812000
demand_195 8 12 187.054000
demand_196 8 13 702.586000
demand_197 8 14 207.497000
demand_198 8 15 442.083000
demand_199 8 16 395.714000
demand_200 8 17 1408.260000
demand_201 8 18 417.211000
demand_202 8 19 1151.860000
demand_203 8 20 176.955000
demand_204 8 21 1490.860000
demand_205 8 22 1256.770000
demand_206 8 23 1055.900000
demand_207 9 0 1267.130000
demand_208 9 1 434.871000
demand_209 9 2 660.467000
demand_210 9 3 480.610000
demand_211 9 4 429.177000
demand_212 9 5 797.482000
demand_213 9 6 1012.630000
demand_214 9 7 1180.710000
demand_215 9 8 183.384000
demand_216 9 10 1037.240000
demand_217 9 11 423.133000
demand_218 9 12 1015.950000
demand_219 9 13 1215.960000
demand_220 9 14 1271.690000
demand_221 9 15 158.596000
demand_222 9 16 989.931000
demand_223 9 17 402.615000
demand_224 9 18 370.502000
demand_225 9 19 802.330000
demand_226 9 20 1022.180000
demand_227 9 21 1479.670000
demand_228 9 22 282.507000
demand_229 9 23 451.546000
demand_230 10 0 638.216000
demand_231 10 1 1293.330000
demand_232 10 2 843.128000
demand_233 10 3 829.000000
demand_234 10 4 1178.980000
demand_235 10 5 581.660000
demand_236 10 6 299.660000
demand_237 10 7 856.827000
demand_238 10 8 972.305000
demand_239 10 9 229.847000
demand_240 10 11 1379.990000
demand_241 10 12 1384.900000
demand_242 10 13 1186.080000
demand_243 10 14 1204.420000
demand_244 10 15 1003.860000
demand_245 10 16 381.950000
demand_246 10 17 947.128000
demand_247 10 18 1074.820000
demand_248 10 19 326.059000
demand_249 10 20 871.403000
demand_250 10 21 609.881000
demand_251 10 22 763.546000
demand_252 10 23 1018.960000
demand_253 11 0 1177.330000
demand_254 11 1 1349.790000
demand_255 11 2 874.394000
demand_256 11 3 1445.150000
demand_257 11 4 606.187000
demand_258 11 5 689.990000
demand_259 11 6 1183.890000
demand_260 11 7 1119.830000
demand_261 11 8 538.172000
demand_262 11 9 1277.760000
demand_263 11 10 798.891000
demand_264 11 12 1015.310000
demand_265 11 13 1095.330000
demand_266 11 14 641.758000
demand_267 11 15 876.334000
demand_268 11 16 394.142000
demand_269 11 17 1116.180000
demand_270 11 18 726.945000
demand_271 11 19 1435.920000
demand_272 11 20 553.384000
demand_273 11 21 470.896000
demand_274 11 22 1007.140000
demand_275 11 23 1130.790000
demand_276 12 0 983.985000
demand_277 12 1 1420.240000
demand_278 12 2 545.935000
demand_279 12 3 1246.000000
demand_280 12 4 832.157000
demand_281 12 5 1342.200000
demand_282 12 6 1085.480000
demand_283 12 7 868.866000
demand_284 12 8 499.916000
demand_285 12 9 879.492000
demand_286 12 10 910.965000
demand_287 12 11 1019.540000
demand_288 12 13 595.487000
demand_289 12 14 533.305000
demand_290 12 15 1037.480000
demand_291 12 16 163.847000
demand_292 12 17 705.364000
demand_293 12 18 1245.140000
demand_294 12 19 1418.500000
demand_295 12 20 369.778000
demand_296 12 21 983.600000
demand_297 12 22 1381.250000
demand_298 12 23 1027.960000
demand_299 13 0 1177.130000
demand_300 13 1 818.369000
demand_301 13 2 466.610000
demand_302 13 3 1258.150000
demand_303 13 4 1154.470000
demand_304 13 5 504.142000
demand_305 13 6 1001.150000
demand_306 13 7 974.950000
demand_307 13 8 910.118000
demand_308 13 9 359.310000
demand_309 13 10 1259.470000
demand_310 13 11 1088.950000
demand_311 13 12 1116.570000
demand_312 13 14 160.990000
demand_313 13 15 1417.970000
demand_314 13 16 767.660000
demand_315 13 17 727.167000
demand_316 13 18 351.285000
demand_317 13 19 192.975000
demand_318 13 20 408.556000
demand_319 13 21 565.157000
demand_320 13 22 280.334000
demand_321 13 23 1230.600000
demand_322 14 0 170.566000
demand_323 14 1 375.399000
demand_324 14 2 357.536000
demand_325 14 3 721.980000
demand_326 14 4 260.142000
demand_327 14 5 966.068000
demand_328 14 6 994.541000
demand_329 14 7 1266.560000
demand_330 14 8 366.320000
demand_331 14 9 1059.760000
demand_332 14 10 1382.670000
demand_333 14 11 1369.540000
demand_334 14 12 501.827000
demand_335 14 13 321.221000
demand_336 14 15 788.689000
demand_337 14 16 486.226000
demand_338 14 17 443.133000
demand_339 14 18 896.261000
demand_340 14 19 1304.400000
demand_341 14 20 1003.680000
demand_342 14 21 1084.060000
demand_343 14 22 482.054000
demand_344 14 23 828.911000
demand_345 15 0 903.679000
demand_346 15 1 1400.120000
demand_347 15 2 1101.250000
demand_348 15 3 611.201000
demand_349 15 4 218.458000
demand_350 15 5 1489.650000
demand_351 15 6 694.142000
demand_352 15 7 461.684000
demand_353 15 8 1398.920000
demand_354 15 9 439.408000
demand_355 15 10 848.655000
demand_356 15 11 1110.600000
demand_357 15 12 856.197000
demand_358 15 13 1194.410000
demand_359 15 14 1483.890000
demand_360 15 16 1422.980000
demand_361 15 17 817.295000
demand_362 15 18 160.724000
demand_363 15 19 1111.740000
demand_364 15 20 822.438000
demand_365 15 21 620.950000
demand_366 15 22 1350.960000
demand_367 15 23 481.142000
demand_368 16 0 349.241000
demand_369 16 1 445.133000
demand_370 16 2 537.438000
demand_371 16 3 591.783000
demand_372 16 4 1156.150000
demand_373 16 5 491.039000
demand_374 16 6 689.935000
demand_375 16 7 1151.140000
demand_376 16 8 836.630000
demand_377 16 9 1239.810000
demand_378 16 10 217.620000
demand_379 16 11 339.369000
demand_380 16 12 1382.230000
demand_381 16 13 1280.160000
demand_382 16 14 370.679000
demand_383 16 15 187.985000
demand_384 16 17 429.246000
demand_385 16 18 959.512000
demand_386 16 19 745.551000
demand_387 16 20 1400.050000
demand_388 16 21 1289.670000
demand_389 16 22 1239.630000
demand_390 16 23 1314.330000
demand_391 17 0 871.975000
demand_392 17 1 1190.580000
demand_393 17 2 772.024000
demand_394 17 3 1052.480000
demand_395 17 4 1195.370000
demand_396 17 5 1287.630000
demand_397 17 6 793.970000
demand_398 17 7 555.374000
demand_399 17 8 1088.930000
demand_400 17 9 1384.890000
demand_401 17 10 508.605000
demand_402 17 11 233.477000
demand_403 17 12 717.600000
demand_404 17 13 1251.110000
demand_405 17 14 180.157000
demand_406 17 15 1173.860000
demand_407 17 16 770.862000
demand_408 17 18 1153.600000
demand_409 17 19 187.241000
demand_410 17 20 962.596000
demand_411 17 21 1279.050000
demand_412 17 22 1470.660000
demand_413 17 23 1430.720000
demand_414 18 0 859.064000
demand_415 18 1 607.458000
demand_416 18 2 1037.430000
demand_417 18 3 241.817000
demand_418 18 4 270.389000
demand_419 18 5 1266.660000
demand_420 18 6 1030.060000
demand_421 18 7 777.305000
demand_422 18 8 464.374000
demand_423 18 9 763.187000
demand_424 18 10 761.561000
demand_425 18 11 180.261000
demand_426 18 12 809.620000
demand_427 18 13 1308.920000
demand_428 18 14 1298.740000
demand_429 18 15 296.325000
demand_430 18 16 397.334000
demand_431 18 17 1236.660000
demand_432 18 19 1155.310000
demand_433 18 20 588.167000
demand_434 18 21 861.788000
demand_435 18 22 220.241000
demand_436 18 23 1064.590000
demand_437 19 0 450.433000
demand_438 19 1 273.527000
demand_439 19 2 488.896000
demand_440 19 3 272.822000
demand_441 19 4 354.817000
demand_442 19 5 1492.090000
demand_443 19 6 1191.110000
demand_444 19 7 945.738000
demand_445 19 8 1113.400000
demand_446 19 9 1433.730000
demand_447 19 10 523.605000
demand_448 19 11 410.512000
demand_449 19 12 721.216000
demand_450 19 13 1122.610000
demand_451 19 14 1143.140000
demand_452 19 15 1459.300000
demand_453 19 16 1024.670000
demand_454 19 17 254.334000
demand_455 19 18 1090.000000
demand_456 19 20 917.108000
demand_457 19 21 316.472000
demand_458 19 22 930.408000
demand_459 19 23 1380.400000
demand_460 20 0 1367.250000
demand_461 20 1 1188.700000
demand_462 20 2 786.103000
demand_463 20 3 303.458000
demand_464 20 4 1472.010000
demand_465 20 5 1363.930000
demand_466 20 6 287.852000
demand_467 20 7 1317.940000
demand_468 20 8 865.177000
demand_469 20 9 476.852000
demand_470 20 10 1433.100000
demand_471 20 11 233.522000
demand_472 20 12 1430.420000
demand_473 20 13 1385.510000
demand_474 20 14 633.192000
demand_475 20 15 764.827000
demand_476 20 16 257.399000
demand_477 20 17 1392.320000
demand_478 20 18 1171.960000
demand_479 20 19 714.743000
demand_480 20 21 639.837000
demand_481 20 22 1451.990000
demand_482 20 23 1345.590000
demand_483 21 0 1461.240000
demand_484 21 1 1010.750000
demand_485 21 2 372.610000
demand_486 21 3 368.862000
demand_487 21 4 1249.150000
demand_488 21 5 1352.650000
demand_489 21 6 979.615000
demand_490 21 7 754.807000
demand_491 21 8 836.940000
demand_492 21 9 754.512000
demand_493 21 10 795.344000
demand_494 21 11 544.926000
demand_495 21 12 1016.460000
demand_496 21 13 1423.990000
demand_497 21 14 822.729000
demand_498 21 15 1200.070000
demand_499 21 16 1100.820000
demand_500 21 17 914.394000
demand_501 21 18 1070.970000
demand_502 21 19 1034.950000
demand_503 21 20 1249.100000
demand_504 21 22 1187.040000
demand_505 21 23 663.098000
demand_506 22 0 606.990000
demand_507 22 1 1240.460000
demand_508 22 2 616.216000
demand_509 22 3 667.729000
demand_510 22 4 994.876000
demand_511 22 5 1172.800000
demand_512 22 6 651.266000
demand_513 22 7 982.211000
demand_514 22 8 1122.840000
demand_515 22 9 753.428000
demand_516 22 10 410.862000
demand_517 22 11 161.798000
demand_518 22 12 573.945000
demand_519 22 13 1249.640000
demand_520 22 14 628.827000
demand_521 22 15 582.226000
demand_522 22 16 1290.520000
demand_523 22 17 451.403000
demand_524 22 18 159.931000
demand_525 22 19 551.408000
demand_526 22 20 972.551000
demand_527 22 21 410.591000
demand_528 22 23 878.142000
demand_529 23 0 819.448000
demand_530 23 1 409.689000
demand_531 23 2 175.394000
demand_532 23 3 1001.660000
demand_533 23 4 579.945000
demand_534 23 5 876.709000
demand_535 23 6 1073.040000
demand_536 23 7 873.778000
demand_537 23 8 445.891000
demand_538 23 9 1106.180000
demand_539 23 10 1176.170000
demand_540 23 11 743.408000
demand_541 23 12 773.975000
demand_542 23 13 818.527000
demand_543 23 14 515.551000
demand_544 23 15 525.014000
demand_545 23 16 818.167000
demand_546 23 17 1316.530000
demand_547 23 18 775.862000
demand_548 23 19 967.334000
demand_549 23 20 405.487000
demand_550 23 21 324.857000
demand_551 23 22 1013.440000
