DEMANDS 552
label src dest bw
demand_0 0 1 895.390000
demand_1 0 2 551.117000
demand_2 0 3 1507.490000
demand_3 0 4 459.675000
demand_4 0 5 350.762000
demand_5 0 6 534.816000
demand_6 0 7 848.888000
demand_7 0 8 700.462000
demand_8 0 9 322.186000
demand_9 0 10 350.255000
demand_10 0 11 648.573000
demand_11 0 12 761.714000
demand_12 0 13 281.318000
demand_13 0 14 213.318000
demand_14 0 15 1542.400000
demand_15 0 16 1057.520000
demand_16 0 17 1535.610000
demand_17 0 18 253.210000
demand_18 0 19 1557.400000
demand_19 0 20 1367.960000
demand_20 0 21 503.756000
demand_21 0 22 1424.110000
demand_22 0 23 941.987000
demand_23 1 0 1507.160000
demand_24 1 2 232.309000
demand_25 1 3 1468.730000
demand_26 1 4 164.597000
demand_27 1 5 1108.040000
demand_28 1 6 1451.640000
demand_29 1 7 1534.530000
demand_30 1 8 1012.400000
demand_31 1 9 477.135000
demand_32 1 10 315.867000
demand_33 1 11 1172.970000
demand_34 1 12 697.120000
demand_35 1 13 1156.930000
demand_36 1 14 1402.220000
demand_37 1 15 1259.770000
demand_38 1 16 1066.760000
demand_39 1 17 580.915000
demand_40 1 18 1300.140000
demand_41 1 19 1178.150000
demand_42 1 20 436.294000
demand_43 1 21 1075.720000
demand_44 1 22 1465.490000
demand_45 1 23 561.324000
demand_46 2 0 1429.620000
demand_47 2 1 637.792000
demand_48 2 3 493.216000
demand_49 2 4 1437.680000
demand_50 2 5 257.432000
demand_51 2 6 668.531000
demand_52 2 7 710.369000
demand_53 2 8 936.789000
demand_54 2 9 1479.860000
demand_55 2 10 496.126000
demand_56 2 11 968.897000
demand_57 2 12 1019.770000
demand_58 2 13 425.261000
demand_59 2 14 1310.970000
demand_60 2 15 501.117000
demand_61 2 16 1000.130000
demand_62 2 17 1248.590000
demand_63 2 18 960.531000
demand_64 2 19 469.711000
demand_65 2 20 413.438000
demand_66 2 21 1183.990000
demand_67 2 22 676.789000
demand_68 2 23 423.897000
demand_69 3 0 1206.650000
demand_70 3 1 564.024000
demand_71 3 2 660.273000
demand_72 3 4 633.960000
demand_73 3 5 1097.250000
demand_74 3 6 1212.770000
demand_75 3 7 1138.900000
demand_76 3 8 1447.970000
demand_77 3 9 195.795000
demand_78 3 10 1088.710000
demand_79 3 11 725.531000
demand_80 3 12 285.276000
demand_81 3 13 609.693000
demand_82 3 14 776.483000
demand_83 3 15 700.168000
demand_84 3 16 738.540000
demand_85 3 17 390.534000
demand_86 3 18 601.186000
demand_87 3 19 1359.560000
demand_88 3 20 244.255000
demand_89 3 21 995.153000
demand_90 3 22 1528.210000
demand_91 3 23 428.510000
demand_92 4 0 1005.770000
demand_93 4 1 571.315000
demand_94 4 2 1218.600000
demand_95 4 3 445.021000
demand_96 4 5 711.249000
demand_97 4 6 775.864000
demand_98 4 7 677.579000
demand_99 4 8 569.222000
demand_100 4 9 1527.950000
demand_101 4 10 417.663000
demand_102 4 11 925.507000
demand_103 4 12 685.048000
demand_104 4 13 979.639000
demand_105 4 14 789.798000
demand_106 4 15 1098.330000
demand_107 4 16 1404.200000
demand_108 4 17 1245.850000
demand_109 4 18 1496.380000
demand_110 4 19 1386.180000
demand_111 4 20 1076.190000
demand_112 4 21 1189.720000
demand_113 4 22 1033.370000
demand_114 4 23 1067.390000
demand_115 5 0 1193.080000
demand_116 5 1 1358.590000
demand_117 5 2 157.759000
demand_118 5 3 318.429000
demand_119 5 4 1359.540000
demand_120 5 6 1454.240000
demand_121 5 7 1001.860000
demand_122 5 8 1090.770000
demand_123 5 9 1164.980000
demand_124 5 10 1073.660000
demand_125 5 11 285.405000
demand_126 5 12 995.819000
demand_127 5 13 958.840000
demand_128 5 14 1249.940000
demand_129 5 15 1190.100000
demand_130 5 16 1069.430000
demand_131 5 17 1388.750000
demand_132 5 18 1164.440000
demand_133 5 19 345.033000
demand_134 5 20 933.384000
demand_135 5 21 1320.010000
demand_136 5 22 163.066000
demand_137 5 23 250.846000
demand_138 6 0 682.834000
demand_139 6 1 1297.510000
demand_140 6 2 704.171000
demand_141 6 3 1436.000000
demand_142 6 4 1246.560000
demand_143 6 5 860.111000
demand_144 6 7 998.885000
demand_145 6 8 1135.610000
demand_146 6 9 868.579000
demand_147 6 10 469.267000
demand_148 6 11 1463.940000
demand_149 6 12 977.585000
demand_150 6 13 770.846000
demand_151 6 14 549.303000
demand_152 6 15 1263.680000
demand_153 6 16 1028.260000
demand_154 6 17 1016.290000
demand_155 6 18 921.684000
demand_156 6 19 773.189000
demand_157 6 20 789.495000
demand_158 6 21 1464.770000
demand_159 6 22 593.015000
demand_160 6 23 825.768000
demand_161 7 0 1418.660000
demand_162 7 1 1040.460000
demand_163 7 2 492.273000
demand_164 7 3 721.600000
demand_165 7 4 167.006000
demand_166 7 5 714.627000
demand_167 7 6 1029.560000
demand_168 7 8 1396.680000
demand_169 7 9 283.009000
demand_170 7 10 1180.950000
demand_171 7 11 1353.110000
demand_172 7 12 1341.250000
demand_173 7 13 916.168000
demand_174 7 14 1100.050000
demand_175 7 15 557.183000
demand_176 7 16 398.540000
demand_177 7 17 1251.460000
demand_178 7 18 1359.960000
demand_179 7 19 625.540000
demand_180 7 20 624.945000
demand_181 7 21 1034.180000
demand_182 7 22 1177.520000
demand_183 7 23 1240.600000
demand_184 8 0 865.624000
demand_185 8 1 298.087000
demand_186 8 2 1262.270000
demand_187 8 3 1536.050000
demand_188 8 4 244.831000
demand_189 8 5 321.360000
demand_190 8 6 999.417000
demand_191 8 7 891.498000
demand_192 8 9 224.219000
demand_193 8 10 272.636000
demand_194 8 11 1091.220000
demand_195 8 12 156.567000
demand_196 8 13 393.378000
demand_197 8 14 1549.210000
demand_198 8 15 537.936000
demand_199 8 16 784.294000
demand_200 8 17 708.708000
demand_201 8 18 616.255000
demand_202 8 19 583.174000
demand_203 8 20 556.075000
demand_204 8 21 638.801000
demand_205 8 22 1347.600000
demand_206 8 23 220.342000
demand_207 9 0 172.030000
demand_208 9 1 1468.950000
demand_209 9 2 178.939000
demand_210 9 3 1123.930000
demand_211 9 4 1473.010000
demand_212 9 5 901.744000
demand_213 9 6 155.711000
demand_214 9 7 603.573000
demand_215 9 8 1545.190000
demand_216 9 10 1330.860000
demand_217 9 11 454.045000
demand_218 9 12 462.654000
demand_219 9 13 1194.510000
demand_220 9 14 1285.550000
demand_221 9 15 1512.630000
demand_222 9 16 1056.690000
demand_223 9 17 450.486000
demand_224 9 18 831.435000
demand_225 9 19 987.981000
demand_226 9 20 1438.560000
demand_227 9 21 297.057000
demand_228 9 22 1266.910000
demand_229 9 23 1196.470000
demand_230 10 0 780.576000
demand_231 10 1 1376.490000
demand_232 10 2 1405.650000
demand_233 10 3 566.831000
demand_234 10 4 578.513000
demand_235 10 5 1330.960000
demand_236 10 6 442.378000
demand_237 10 7 359.687000
demand_238 10 8 1204.140000
demand_239 10 9 530.780000
demand_240 10 11 202.711000
demand_241 10 12 375.258000
demand_242 10 13 346.885000
demand_243 10 14 1549.350000
demand_244 10 15 926.231000
demand_245 10 16 1526.280000
demand_246 10 17 292.450000
demand_247 10 18 306.825000
demand_248 10 19 604.885000
demand_249 10 20 510.450000
demand_250 10 21 1128.950000
demand_251 10 22 986.441000
demand_252 10 23 1139.390000
demand_253 11 0 1465.210000
demand_254 11 1 1530.490000
demand_255 11 2 771.618000
demand_256 11 3 767.918000
demand_257 11 4 195.426000
demand_258 11 5 434.075000
demand_259 11 6 637.039000
demand_260 11 7 1541.790000
demand_261 11 8 819.864000
demand_262 11 9 270.210000
demand_263 11 10 978.054000
demand_264 11 12 826.309000
demand_265 11 13 1280.400000
demand_266 11 14 1194.080000
demand_267 11 15 1228.700000
demand_268 11 16 1452.720000
demand_269 11 17 1095.290000
demand_270 11 18 1031.130000
demand_271 11 19 871.279000
demand_272 11 20 394.201000
demand_273 11 21 1411.700000
demand_274 11 22 1009.040000
demand_275 11 23 935.249000
demand_276 12 0 163.339000
demand_277 12 1 989.597000
demand_278 12 2 599.369000
demand_279 12 3 657.468000
demand_280 12 4 531.720000
demand_281 12 5 1237.480000
demand_282 12 6 1348.390000
demand_283 12 7 486.780000
demand_284 12 8 1224.060000
demand_285 12 9 1397.810000
demand_286 12 10 179.489000
demand_287 12 11 384.438000
demand_288 12 13 1513.760000
demand_289 12 14 1138.690000
demand_290 12 15 1351.710000
demand_291 12 16 1063.190000
demand_292 12 17 515.522000
demand_293 12 18 905.393000
demand_294 12 19 1238.480000
demand_295 12 20 231.546000
demand_296 12 21 1174.420000
demand_297 12 22 727.651000
demand_298 12 23 429.960000
demand_299 13 0 785.306000
demand_300 13 1 1347.670000
demand_301 13 2 722.198000
demand_302 13 3 809.405000
demand_303 13 4 671.588000
demand_304 13 5 416.039000
demand_305 13 6 695.957000
demand_306 13 7 486.822000
demand_307 13 8 491.195000
demand_308 13 9 1138.810000
demand_309 13 10 1411.010000
demand_310 13 11 1507.170000
demand_311 13 12 511.342000
demand_312 13 14 1055.030000
demand_313 13 15 1551.570000
demand_314 13 16 1091.910000
demand_315 13 17 405.153000
demand_316 13 18 540.042000
demand_317 13 19 1425.820000
demand_318 13 20 1095.140000
demand_319 13 21 1246.310000
demand_320 13 22 1066.250000
demand_321 13 23 267.606000
demand_322 14 0 1142.360000
demand_323 14 1 580.870000
demand_324 14 2 396.345000
demand_325 14 3 652.735000
demand_326 14 4 202.561000
demand_327 14 5 1132.750000
demand_328 14 6 1356.920000
demand_329 14 7 1522.580000
demand_330 14 8 1375.080000
demand_331 14 9 1019.940000
demand_332 14 10 285.219000
demand_333 14 11 683.681000
demand_334 14 12 1070.810000
demand_335 14 13 742.471000
demand_336 14 15 975.162000
demand_337 14 16 394.975000
demand_338 14 17 1392.520000
demand_339 14 18 1034.880000
demand_340 14 19 1342.990000
demand_341 14 20 481.459000
demand_342 14 21 1218.820000
demand_343 14 22 552.453000
demand_344 14 23 1014.770000
demand_345 15 0 638.660000
demand_346 15 1 661.717000
demand_347 15 2 1262.700000
demand_348 15 3 977.723000
demand_349 15 4 980.555000
demand_350 15 5 776.612000
demand_351 15 6 1009.480000
demand_352 15 7 336.924000
demand_353 15 8 552.312000
demand_354 15 9 1002.130000
demand_355 15 10 555.852000
demand_356 15 11 1082.480000
demand_357 15 12 539.162000
demand_358 15 13 191.354000
demand_359 15 14 368.270000
demand_360 15 16 995.240000
demand_361 15 17 314.942000
demand_362 15 18 1306.630000
demand_363 15 19 450.429000
demand_364 15 20 1214.160000
demand_365 15 21 1408.700000
demand_366 15 22 352.375000
demand_367 15 23 1287.460000
demand_368 16 0 1462.330000
demand_369 16 1 710.708000
demand_370 16 2 654.489000
demand_371 16 3 1038.720000
demand_372 16 4 1519.240000
demand_373 16 5 987.090000
demand_374 16 6 1049.520000
demand_375 16 7 320.567000
demand_376 16 8 375.093000
demand_377 16 9 1135.290000
demand_378 16 10 1405.040000
demand_379 16 11 1102.290000
demand_380 16 12 689.186000
demand_381 16 13 886.981000
demand_382 16 14 814.102000
demand_383 16 15 1436.570000
demand_384 16 17 315.510000
demand_385 16 18 932.798000
demand_386 16 19 1083.380000
demand_387 16 20 397.960000
demand_388 16 21 303.474000
demand_389 16 22 724.108000
demand_390 16 23 514.804000
demand_391 17 0 669.177000
demand_392 17 1 1077.540000
demand_393 17 2 1180.130000
demand_394 17 3 1538.170000
demand_395 17 4 929.360000
demand_396 17 5 1201.800000
demand_397 17 6 539.099000
demand_398 17 7 1349.640000
demand_399 17 8 881.375000
demand_400 17 9 1509.170000
demand_401 17 10 1069.350000
demand_402 17 11 1066.570000
demand_403 17 12 1104.700000
demand_404 17 13 644.960000
demand_405 17 14 1543.400000
demand_406 17 15 1545.870000
demand_407 17 16 405.300000
demand_408 17 18 286.531000
demand_409 17 19 1078.420000
demand_410 17 20 1126.390000
demand_411 17 21 658.312000
demand_412 17 22 1275.440000
demand_413 17 23 268.066000
demand_414 18 0 1231.170000
demand_415 18 1 589.873000
demand_416 18 2 556.186000
demand_417 18 3 665.198000
demand_418 18 4 769.069000
demand_419 18 5 1213.510000
demand_420 18 6 1046.110000
demand_421 18 7 922.225000
demand_422 18 8 1070.490000
demand_423 18 9 1263.790000
demand_424 18 10 1257.170000
demand_425 18 11 662.792000
demand_426 18 12 1087.660000
demand_427 18 13 1418.630000
demand_428 18 14 653.912000
demand_429 18 15 528.153000
demand_430 18 16 886.897000
demand_431 18 17 1380.770000
demand_432 18 19 650.159000
demand_433 18 20 1422.650000
demand_434 18 21 1459.380000
demand_435 18 22 1091.870000
demand_436 18 23 372.465000
demand_437 19 0 976.435000
demand_438 19 1 1248.210000
demand_439 19 2 503.261000
demand_440 19 3 1526.510000
demand_441 19 4 211.756000
demand_442 19 5 1212.640000
demand_443 19 6 310.873000
demand_444 19 7 328.009000
demand_445 19 8 467.561000
demand_446 19 9 806.207000
demand_447 19 10 979.312000
demand_448 19 11 501.249000
demand_449 19 12 453.345000
demand_450 19 13 1321.260000
demand_451 19 14 1179.660000
demand_452 19 15 914.537000
demand_453 19 16 248.462000
demand_454 19 17 347.228000
demand_455 19 18 426.729000
demand_456 19 20 310.471000
demand_457 19 21 538.390000
demand_458 19 22 1105.890000
demand_459 19 23 1343.080000
demand_460 20 0 981.030000
demand_461 20 1 1502.960000
demand_462 20 2 441.591000
demand_463 20 3 764.900000
demand_464 20 4 1446.120000
demand_465 20 5 1411.980000
demand_466 20 6 930.078000
demand_467 20 7 343.054000
demand_468 20 8 1124.290000
demand_469 20 9 932.309000
demand_470 20 10 1227.330000
demand_471 20 11 926.672000
demand_472 20 12 992.432000
demand_473 20 13 1451.890000
demand_474 20 14 422.087000
demand_475 20 15 1244.440000
demand_476 20 16 402.456000
demand_477 20 17 1502.360000
demand_478 20 18 344.051000
demand_479 20 19 994.528000
demand_480 20 21 1145.590000
demand_481 20 22 819.537000
demand_482 20 23 742.585000
demand_483 21 0 1184.580000
demand_484 21 1 436.375000
demand_485 21 2 497.468000
demand_486 21 3 207.963000
demand_487 21 4 1502.630000
demand_488 21 5 1270.680000
demand_489 21 6 409.024000
demand_490 21 7 1520.970000
demand_491 21 8 1273.910000
demand_492 21 9 625.459000
demand_493 21 10 836.714000
demand_494 21 11 743.600000
demand_495 21 12 485.933000
demand_496 21 13 925.948000
demand_497 21 14 728.255000
demand_498 21 15 1148.350000
demand_499 21 16 1405.970000
demand_500 21 17 863.540000
demand_501 21 18 1136.790000
demand_502 21 19 1049.030000
demand_503 21 20 1411.490000
demand_504 21 22 887.288000
demand_505 21 23 421.468000
demand_506 22 0 188.525000
demand_507 22 1 1487.160000
demand_508 22 2 593.771000
demand_509 22 3 1372.840000
demand_510 22 4 1240.370000
demand_511 22 5 717.570000
demand_512 22 6 1283.470000
demand_513 22 7 1338.460000
demand_514 22 8 911.789000
demand_515 22 9 687.840000
demand_516 22 10 1270.440000
demand_517 22 11 1525.740000
demand_518 22 12 486.684000
demand_519 22 13 925.252000
demand_520 22 14 630.105000
demand_521 22 15 1223.030000
demand_522 22 16 1333.910000
demand_523 22 17 738.429000
demand_524 22 18 1271.070000
demand_525 22 19 1500.100000
demand_526 22 20 368.258000
demand_527 22 21 945.321000
demand_528 22 23 1076.110000
demand_529 23 0 1384.910000
demand_530 23 1 775.723000
demand_531 23 2 840.714000
demand_532 23 3 462.285000
demand_533 23 4 398.897000
demand_534 23 5 253.078000
demand_535 23 6 1013.930000
demand_536 23 7 1084.040000
demand_537 23 8 1016.960000
demand_538 23 9 1448.660000
demand_539 23 10 829.681000
demand_540 23 11 1121.950000
demand_541 23 12 638.282000
demand_542 23 13 1092.780000
demand_543 23 14 964.018000
demand_544 23 15 820.495000
demand_545 23 16 1079.930000
demand_546 23 17 1045.640000
demand_547 23 18 262.273000
demand_548 23 19 610.330000
demand_549 23 20 1354.880000
demand_550 23 21 993.843000
demand_551 23 22 849.423000
