DEMANDS 552
label src dest bw
demand_0 0 1 1354.140000
demand_1 0 2 340.520000
demand_2 0 3 763.979000
demand_3 0 4 421.761000
demand_4 0 5 205.265000
demand_5 0 6 272.326000
demand_6 0 7 576.858000
demand_7 0 8 287.656000
demand_8 0 9 184.576000
demand_9 0 10 447.622000
demand_10 0 11 897.701000
demand_11 0 12 485.538000
demand_12 0 13 1425.340000
demand_13 0 14 614.720000
demand_14 0 15 888.261000
demand_15 0 16 161.037000
demand_16 0 17 1475.890000
demand_17 0 18 400.482000
demand_18 0 19 264.080000
demand_19 0 20 1151.840000
demand_20 0 21 1240.800000
demand_21 0 22 479.670000
demand_22 0 23 173.595000
demand_23 1 0 1337.690000
demand_24 1 2 982.119000
demand_25 1 3 947.995000
demand_26 1 4 1189.180000
demand_27 1 5 778.282000
demand_28 1 6 422.011000
demand_29 1 7 778.500000
demand_30 1 8 907.519000
demand_31 1 9 1271.100000
demand_32 1 10 285.311000
demand_33 1 11 966.094000
demand_34 1 12 587.246000
demand_35 1 13 1318.990000
demand_36 1 14 937.292000
demand_37 1 15 866.138000
demand_38 1 16 215.088000
demand_39 1 17 1184.090000
demand_40 1 18 422.846000
demand_41 1 19 589.208000
demand_42 1 20 1429.510000
demand_43 1 21 1511.510000
demand_44 1 22 749.391000
demand_45 1 23 929.426000
demand_46 2 0 1073.840000
demand_47 2 1 1477.440000
demand_48 2 3 1428.090000
demand_49 2 4 1572.380000
demand_50 2 5 983.668000
demand_51 2 6 1285.720000
demand_52 2 7 1529.990000
demand_53 2 8 625.829000
demand_54 2 9 1147.280000
demand_55 2 10 637.989000
demand_56 2 11 808.014000
demand_57 2 12 563.213000
demand_58 2 13 859.019000
demand_59 2 14 340.205000
demand_60 2 15 437.104000
demand_61 2 16 467.007000
demand_62 2 17 813.749000
demand_63 2 18 1198.560000
demand_64 2 19 1161.750000
demand_65 2 20 1105.220000
demand_66 2 21 561.552000
demand_67 2 22 1353.190000
demand_68 2 23 668.892000
demand_69 3 0 1411.500000
demand_70 3 1 1245.590000
demand_71 3 2 985.574000
demand_72 3 4 1340.760000
demand_73 3 5 199.655000
demand_74 3 6 1491.950000
demand_75 3 7 596.489000
demand_76 3 8 1531.530000
demand_77 3 9 887.258000
demand_78 3 10 977.462000
demand_79 3 11 351.389000
demand_80 3 12 1164.900000
demand_81 3 13 1431.840000
demand_82 3 14 435.958000
demand_83 3 15 1450.240000
demand_84 3 16 326.485000
demand_85 3 17 584.155000
demand_86 3 18 476.126000
demand_87 3 19 785.004000
demand_88 3 20 1302.260000
demand_89 3 21 408.344000
demand_90 3 22 1246.920000
demand_91 3 23 186.156000
demand_92 4 0 424.389000
demand_93 4 1 1218.990000
demand_94 4 2 399.713000
demand_95 4 3 750.977000
demand_96 4 5 909.514000
demand_97 4 6 509.353000
demand_98 4 7 832.934000
demand_99 4 8 920.110000
demand_100 4 9 876.191000
demand_101 4 10 940.964000
demand_102 4 11 1183.270000
demand_103 4 12 713.704000
demand_104 4 13 1378.170000
demand_105 4 14 1059.500000
demand_106 4 15 160.047000
demand_107 4 16 1422.660000
demand_108 4 17 831.774000
demand_109 4 18 809.326000
demand_110 4 19 1537.210000
demand_111 4 20 1435.760000
demand_112 4 21 567.400000
demand_113 4 22 900.625000
demand_114 4 23 1189.970000
demand_115 5 0 327.070000
demand_116 5 1 1142.670000
demand_117 5 2 1405.070000
demand_118 5 3 511.467000
demand_119 5 4 421.189000
demand_120 5 6 318.971000
demand_121 5 7 1308.200000
demand_122 5 8 650.567000
demand_123 5 9 417.186000
demand_124 5 10 938.314000
demand_125 5 11 448.032000
demand_126 5 12 904.300000
demand_127 5 13 261.904000
demand_128 5 14 1401.680000
demand_129 5 15 1403.930000
demand_130 5 16 1576.790000
demand_131 5 17 1540.430000
demand_132 5 18 1509.280000
demand_133 5 19 559.113000
demand_134 5 20 1242.530000
demand_135 5 21 1115.640000
demand_136 5 22 997.128000
demand_137 5 23 969.444000
demand_138 6 0 1060.430000
demand_139 6 1 521.204000
demand_140 6 2 1164.110000
demand_141 6 3 765.959000
demand_142 6 4 929.888000
demand_143 6 5 776.641000
demand_144 6 7 864.341000
demand_145 6 8 739.958000
demand_146 6 9 1340.060000
demand_147 6 10 1458.320000
demand_148 6 11 354.644000
demand_149 6 12 176.732000
demand_150 6 13 891.735000
demand_151 6 14 1098.780000
demand_152 6 15 1455.140000
demand_153 6 16 500.562000
demand_154 6 17 1433.250000
demand_155 6 18 711.652000
demand_156 6 19 447.079000
demand_157 6 20 1225.810000
demand_158 6 21 1034.560000
demand_159 6 22 759.304000
demand_160 6 23 157.389000
demand_161 7 0 718.328000
demand_162 7 1 1539.130000
demand_163 7 2 696.602000
demand_164 7 3 1538.410000
demand_165 7 4 250.765000
demand_166 7 5 1314.080000
demand_167 7 6 1094.030000
demand_168 7 8 1156.250000
demand_169 7 9 1044.680000
demand_170 7 10 720.528000
demand_171 7 11 568.970000
demand_172 7 12 1155.570000
demand_173 7 13 1002.070000
demand_174 7 14 818.086000
demand_175 7 15 784.179000
demand_176 7 16 192.861000
demand_177 7 17 996.167000
demand_178 7 18 1441.060000
demand_179 7 19 793.882000
demand_180 7 20 1334.100000
demand_181 7 21 832.092000
demand_182 7 22 689.250000
demand_183 7 23 463.598000
demand_184 8 0 1011.190000
demand_185 8 1 1289.350000
demand_186 8 2 906.997000
demand_187 8 3 1116.670000
demand_188 8 4 528.534000
demand_189 8 5 1060.110000
demand_190 8 6 985.447000
demand_191 8 7 1465.350000
demand_192 8 9 1526.600000
demand_193 8 10 1427.870000
demand_194 8 11 426.705000
demand_195 8 12 1535.730000
demand_196 8 13 305.871000
demand_197 8 14 1519.300000
demand_198 8 15 1511.960000
demand_199 8 16 1454.950000
demand_200 8 17 1586.350000
demand_201 8 18 362.959000
demand_202 8 19 1207.640000
demand_203 8 20 1262.790000
demand_204 8 21 607.697000
demand_205 8 22 473.800000
demand_206 8 23 244.743000
demand_207 9 0 1185.560000
demand_208 9 1 1229.120000
demand_209 9 2 1505.760000
demand_210 9 3 445.697000
demand_211 9 4 350.091000
demand_212 9 5 937.791000
demand_213 9 6 903.962000
demand_214 9 7 545.086000
demand_215 9 8 530.985000
demand_216 9 10 1311.560000
demand_217 9 11 723.074000
demand_218 9 12 1437.640000
demand_219 9 13 784.310000
demand_220 9 14 745.168000
demand_221 9 15 289.935000
demand_222 9 16 470.311000
demand_223 9 17 1561.360000
demand_224 9 18 1559.220000
demand_225 9 19 1527.470000
demand_226 9 20 1010.920000
demand_227 9 21 1337.200000
demand_228 9 22 701.789000
demand_229 9 23 315.673000
demand_230 10 0 867.864000
demand_231 10 1 388.313000
demand_232 10 2 638.762000
demand_233 10 3 1328.180000
demand_234 10 4 606.150000
demand_235 10 5 1530.510000
demand_236 10 6 1045.280000
demand_237 10 7 1170.950000
demand_238 10 8 1094.580000
demand_239 10 9 1499.010000
demand_240 10 11 1367.960000
demand_241 10 12 1288.100000
demand_242 10 13 919.940000
demand_243 10 14 1420.720000
demand_244 10 15 977.274000
demand_245 10 16 1166.930000
demand_246 10 17 351.700000
demand_247 10 18 669.962000
demand_248 10 19 1555.300000
demand_249 10 20 917.634000
demand_250 10 21 562.547000
demand_251 10 22 297.807000
demand_252 10 23 232.819000
demand_253 11 0 466.695000
demand_254 11 1 319.471000
demand_255 11 2 956.822000
demand_256 11 3 1420.020000
demand_257 11 4 292.734000
demand_258 11 5 600.319000
demand_259 11 6 547.071000
demand_260 11 7 503.368000
demand_261 11 8 831.488000
demand_262 11 9 250.101000
demand_263 11 10 669.498000
demand_264 11 12 1547.190000
demand_265 11 13 716.629000
demand_266 11 14 733.974000
demand_267 11 15 1255.100000
demand_268 11 16 1570.590000
demand_269 11 17 994.123000
demand_270 11 18 404.128000
demand_271 11 19 819.358000
demand_272 11 20 773.758000
demand_273 11 21 1303.240000
demand_274 11 22 508.061000
demand_275 11 23 609.964000
demand_276 12 0 1218.730000
demand_277 12 1 310.235000
demand_278 12 2 1214.600000
demand_279 12 3 1536.730000
demand_280 12 4 1207.040000
demand_281 12 5 208.104000
demand_282 12 6 746.668000
demand_283 12 7 1304.240000
demand_284 12 8 919.737000
demand_285 12 9 1130.310000
demand_286 12 10 767.320000
demand_287 12 11 1281.030000
demand_288 12 13 1172.560000
demand_289 12 14 1310.490000
demand_290 12 15 353.200000
demand_291 12 16 1576.990000
demand_292 12 17 762.864000
demand_293 12 18 337.098000
demand_294 12 19 1409.930000
demand_295 12 20 1107.960000
demand_296 12 21 484.895000
demand_297 12 22 447.904000
demand_298 12 23 679.019000
demand_299 13 0 776.767000
demand_300 13 1 1151.590000
demand_301 13 2 890.347000
demand_302 13 3 401.292000
demand_303 13 4 544.407000
demand_304 13 5 529.514000
demand_305 13 6 987.011000
demand_306 13 7 1150.630000
demand_307 13 8 536.104000
demand_308 13 9 1374.240000
demand_309 13 10 1412.780000
demand_310 13 11 750.302000
demand_311 13 12 1349.920000
demand_312 13 14 1120.840000
demand_313 13 15 1392.780000
demand_314 13 16 605.895000
demand_315 13 17 705.971000
demand_316 13 18 861.064000
demand_317 13 19 1278.720000
demand_318 13 20 767.134000
demand_319 13 21 1167.140000
demand_320 13 22 797.302000
demand_321 13 23 615.237000
demand_322 14 0 1145.330000
demand_323 14 1 365.862000
demand_324 14 2 1330.910000
demand_325 14 3 280.522000
demand_326 14 4 984.794000
demand_327 14 5 1446.340000
demand_328 14 6 458.852000
demand_329 14 7 591.565000
demand_330 14 8 880.231000
demand_331 14 9 1280.240000
demand_332 14 10 1128.460000
demand_333 14 11 1212.030000
demand_334 14 12 804.567000
demand_335 14 13 1308.460000
demand_336 14 15 168.438000
demand_337 14 16 1048.740000
demand_338 14 17 1118.020000
demand_339 14 18 1192.590000
demand_340 14 19 759.431000
demand_341 14 20 1109.490000
demand_342 14 21 1577.930000
demand_343 14 22 1566.760000
demand_344 14 23 947.243000
demand_345 15 0 727.962000
demand_346 15 1 1312.780000
demand_347 15 2 966.626000
demand_348 15 3 263.444000
demand_349 15 4 1110.640000
demand_350 15 5 365.429000
demand_351 15 6 1075.090000
demand_352 15 7 1377.510000
demand_353 15 8 1310.610000
demand_354 15 9 531.358000
demand_355 15 10 1211.020000
demand_356 15 11 972.426000
demand_357 15 12 1403.360000
demand_358 15 13 1062.780000
demand_359 15 14 925.461000
demand_360 15 16 781.855000
demand_361 15 17 1424.610000
demand_362 15 18 849.462000
demand_363 15 19 844.692000
demand_364 15 20 345.685000
demand_365 15 21 1302.750000
demand_366 15 22 889.128000
demand_367 15 23 1170.190000
demand_368 16 0 404.405000
demand_369 16 1 1230.010000
demand_370 16 2 1243.620000
demand_371 16 3 1497.930000
demand_372 16 4 607.344000
demand_373 16 5 527.468000
demand_374 16 6 1159.300000
demand_375 16 7 498.438000
demand_376 16 8 707.616000
demand_377 16 9 217.125000
demand_378 16 10 364.014000
demand_379 16 11 1552.950000
demand_380 16 12 1323.910000
demand_381 16 13 750.714000
demand_382 16 14 627.522000
demand_383 16 15 989.211000
demand_384 16 17 1173.620000
demand_385 16 18 539.050000
demand_386 16 19 549.958000
demand_387 16 20 912.035000
demand_388 16 21 683.670000
demand_389 16 22 1047.270000
demand_390 16 23 718.310000
demand_391 17 0 690.214000
demand_392 17 1 1049.380000
demand_393 17 2 645.126000
demand_394 17 3 827.779000
demand_395 17 4 952.970000
demand_396 17 5 1073.370000
demand_397 17 6 722.085000
demand_398 17 7 1116.170000
demand_399 17 8 657.534000
demand_400 17 9 1025.910000
demand_401 17 10 990.656000
demand_402 17 11 1498.040000
demand_403 17 12 1367.930000
demand_404 17 13 202.359000
demand_405 17 14 929.959000
demand_406 17 15 167.188000
demand_407 17 16 444.777000
demand_408 17 18 1563.020000
demand_409 17 19 1355.160000
demand_410 17 20 1473.660000
demand_411 17 21 334.326000
demand_412 17 22 994.334000
demand_413 17 23 1484.990000
demand_414 18 0 1510.500000
demand_415 18 1 211.544000
demand_416 18 2 1438.020000
demand_417 18 3 171.470000
demand_418 18 4 1204.870000
demand_419 18 5 440.470000
demand_420 18 6 860.429000
demand_421 18 7 311.195000
demand_422 18 8 565.219000
demand_423 18 9 1063.200000
demand_424 18 10 1567.500000
demand_425 18 11 1424.730000
demand_426 18 12 1429.530000
demand_427 18 13 1408.810000
demand_428 18 14 1553.470000
demand_429 18 15 602.850000
demand_430 18 16 443.628000
demand_431 18 17 729.611000
demand_432 18 19 357.723000
demand_433 18 20 662.185000
demand_434 18 21 642.688000
demand_435 18 22 782.441000
demand_436 18 23 372.826000
demand_437 19 0 320.440000
demand_438 19 1 835.937000
demand_439 19 2 1483.970000
demand_440 19 3 1103.890000
demand_441 19 4 1177.240000
demand_442 19 5 1249.950000
demand_443 19 6 1074.980000
demand_444 19 7 909.774000
demand_445 19 8 1373.330000
demand_446 19 9 1377.160000
demand_447 19 10 723.974000
demand_448 19 11 929.147000
demand_449 19 12 334.425000
demand_450 19 13 556.049000
demand_451 19 14 299.325000
demand_452 19 15 525.585000
demand_453 19 16 1463.080000
demand_454 19 17 1577.840000
demand_455 19 18 1489.470000
demand_456 19 20 1467.960000
demand_457 19 21 705.100000
demand_458 19 22 1319.330000
demand_459 19 23 425.435000
demand_460 20 0 1246.930000
demand_461 20 1 614.270000
demand_462 20 2 468.976000
demand_463 20 3 365.716000
demand_464 20 4 240.823000
demand_465 20 5 802.701000
demand_466 20 6 962.764000
demand_467 20 7 1219.670000
demand_468 20 8 989.240000
demand_469 20 9 1179.250000
demand_470 20 10 696.288000
demand_471 20 11 1090.490000
demand_472 20 12 648.810000
demand_473 20 13 910.141000
demand_474 20 14 1448.920000
demand_475 20 15 443.520000
demand_476 20 16 1239.660000
demand_477 20 17 1195.720000
demand_478 20 18 316.261000
demand_479 20 19 729.080000
demand_480 20 21 1463.520000
demand_481 20 22 599.041000
demand_482 20 23 1324.100000
demand_483 21 0 1143.140000
demand_484 21 1 1148.700000
demand_485 21 2 536.080000
demand_486 21 3 1329.070000
demand_487 21 4 831.214000
demand_488 21 5 1176.400000
demand_489 21 6 1223.210000
demand_490 21 7 1308.820000
demand_491 21 8 431.574000
demand_492 21 9 855.828000
demand_493 21 10 1505.000000
demand_494 21 11 210.849000
demand_495 21 12 857.865000
demand_496 21 13 309.758000
demand_497 21 14 958.674000
demand_498 21 15 760.770000
demand_499 21 16 1373.590000
demand_500 21 17 810.364000
demand_501 21 18 1253.540000
demand_502 21 19 1324.180000
demand_503 21 20 869.897000
demand_504 21 22 1522.460000
demand_505 21 23 678.753000
demand_506 22 0 1239.870000
demand_507 22 1 178.822000
demand_508 22 2 211.835000
demand_509 22 3 554.308000
demand_510 22 4 545.268000
demand_511 22 5 194.676000
demand_512 22 6 1161.900000
demand_513 22 7 1286.760000
demand_514 22 8 1077.060000
demand_515 22 9 1212.090000
demand_516 22 10 1565.110000
demand_517 22 11 821.258000
demand_518 22 12 1120.260000
demand_519 22 13 713.113000
demand_520 22 14 1256.140000
demand_521 22 15 1047.150000
demand_522 22 16 1107.870000
demand_523 22 17 1462.590000
demand_524 22 18 793.274000
demand_525 22 19 454.471000
demand_526 22 20 1541.160000
demand_527 22 21 659.355000
demand_528 22 23 1346.910000
demand_529 23 0 1243.560000
demand_530 23 1 875.126000
demand_531 23 2 223.265000
demand_532 23 3 1079.400000
demand_533 23 4 1037.860000
demand_534 23 5 859.540000
demand_535 23 6 786.177000
demand_536 23 7 1329.810000
demand_537 23 8 524.123000
demand_538 23 9 882.998000
demand_539 23 10 1328.380000
demand_540 23 11 399.114000
demand_541 23 12 364.010000
demand_542 23 13 434.677000
demand_543 23 14 959.526000
demand_544 23 15 525.089000
demand_545 23 16 1182.450000
demand_546 23 17 611.617000
demand_547 23 18 371.616000
demand_548 23 19 229.768000
demand_549 23 20 1305.930000
demand_550 23 21 833.456000
demand_551 23 22 715.304000
