DEMANDS 552
label src dest bw
demand_0 0 1 941.722000
demand_1 0 2 343.807000
demand_2 0 3 1209.090000
demand_3 0 4 975.138000
demand_4 0 5 220.220000
demand_5 0 6 1429.220000
demand_6 0 7 860.644000
demand_7 0 8 370.416000
demand_8 0 9 774.982000
demand_9 0 10 245.298000
demand_10 0 11 874.804000
demand_11 0 12 338.733000
demand_12 0 13 1453.110000
demand_13 0 14 639.800000
demand_14 0 15 344.797000
demand_15 0 16 221.886000
demand_16 0 17 933.875000
demand_17 0 18 1060.680000
demand_18 0 19 1251.560000
demand_19 0 20 460.540000
demand_20 0 21 898.469000
demand_21 0 22 1068.300000
demand_22 0 23 900.594000
demand_23 1 0 497.647000
demand_24 1 2 467.978000
demand_25 1 3 925.857000
demand_26 1 4 888.071000
demand_27 1 5 288.217000
demand_28 1 6 777.626000
demand_29 1 7 580.604000
demand_30 1 8 934.583000
demand_31 1 9 266.647000
demand_32 1 10 1129.290000
demand_33 1 11 949.846000
demand_34 1 12 333.366000
demand_35 1 13 718.943000
demand_36 1 14 389.455000
demand_37 1 15 796.882000
demand_38 1 16 553.697000
demand_39 1 17 490.252000
demand_40 1 18 240.761000
demand_41 1 19 1267.340000
demand_42 1 20 1178.900000
demand_43 1 21 1184.970000
demand_44 1 22 896.245000
demand_45 1 23 525.800000
demand_46 2 0 595.747000
demand_47 2 1 1056.780000
demand_48 2 3 1005.660000
demand_49 2 4 277.298000
demand_50 2 5 625.597000
demand_51 2 6 1331.630000
demand_52 2 7 1237.580000
demand_53 2 8 895.508000
demand_54 2 9 1266.030000
demand_55 2 10 1237.580000
demand_56 2 11 1021.320000
demand_57 2 12 847.199000
demand_58 2 13 477.160000
demand_59 2 14 1081.510000
demand_60 2 15 728.046000
demand_61 2 16 451.174000
demand_62 2 17 860.149000
demand_63 2 18 199.516000
demand_64 2 19 517.612000
demand_65 2 20 226.967000
demand_66 2 21 1282.830000
demand_67 2 22 1427.010000
demand_68 2 23 1239.280000
demand_69 3 0 1401.160000
demand_70 3 1 715.729000
demand_71 3 2 807.320000
demand_72 3 4 462.512000
demand_73 3 5 1453.190000
demand_74 3 6 870.889000
demand_75 3 7 1341.380000
demand_76 3 8 559.594000
demand_77 3 9 1214.210000
demand_78 3 10 1440.590000
demand_79 3 11 1120.310000
demand_80 3 12 1130.490000
demand_81 3 13 917.270000
demand_82 3 14 779.473000
demand_83 3 15 1093.030000
demand_84 3 16 1409.530000
demand_85 3 17 995.914000
demand_86 3 18 1347.830000
demand_87 3 19 559.971000
demand_88 3 20 1067.350000
demand_89 3 21 588.914000
demand_90 3 22 869.615000
demand_91 3 23 567.882000
demand_92 4 0 758.587000
demand_93 4 1 423.444000
demand_94 4 2 1241.670000
demand_95 4 3 155.469000
demand_96 4 5 753.982000
demand_97 4 6 528.277000
demand_98 4 7 1360.570000
demand_99 4 8 188.879000
demand_100 4 9 759.177000
demand_101 4 10 214.284000
demand_102 4 11 718.249000
demand_103 4 12 1282.280000
demand_104 4 13 732.256000
demand_105 4 14 270.138000
demand_106 4 15 414.793000
demand_107 4 16 510.669000
demand_108 4 17 779.362000
demand_109 4 18 254.601000
demand_110 4 19 771.644000
demand_111 4 20 1298.060000
demand_112 4 21 975.658000
demand_113 4 22 1071.190000
demand_114 4 23 1434.270000
demand_115 5 0 441.078000
demand_116 5 1 389.252000
demand_117 5 2 226.181000
demand_118 5 3 746.864000
demand_119 5 4 959.608000
demand_120 5 6 461.761000
demand_121 5 7 1423.490000
demand_122 5 8 1076.350000
demand_123 5 9 191.096000
demand_124 5 10 491.583000
demand_125 5 11 1045.820000
demand_126 5 12 1233.240000
demand_127 5 13 1024.060000
demand_128 5 14 1128.860000
demand_129 5 15 432.793000
demand_130 5 16 639.195000
demand_131 5 17 421.416000
demand_132 5 18 1414.690000
demand_133 5 19 661.003000
demand_134 5 20 600.302000
demand_135 5 21 855.686000
demand_136 5 22 605.932000
demand_137 5 23 499.928000
demand_138 6 0 860.462000
demand_139 6 1 1249.570000
demand_140 6 2 1180.930000
demand_141 6 3 1421.080000
demand_142 6 4 1308.460000
demand_143 6 5 369.932000
demand_144 6 7 359.106000
demand_145 6 8 452.871000
demand_146 6 9 933.320000
demand_147 6 10 980.007000
demand_148 6 11 871.814000
demand_149 6 12 1442.930000
demand_150 6 13 876.046000
demand_151 6 14 1205.430000
demand_152 6 15 1348.820000
demand_153 6 16 492.355000
demand_154 6 17 1264.480000
demand_155 6 18 615.537000
demand_156 6 19 736.249000
demand_157 6 20 494.320000
demand_158 6 21 917.377000
demand_159 6 22 635.562000
demand_160 6 23 472.188000
demand_161 7 0 1257.360000
demand_162 7 1 755.597000
demand_163 7 2 662.231000
demand_164 7 3 276.145000
demand_165 7 4 208.462000
demand_166 7 5 378.469000
demand_167 7 6 236.153000
demand_168 7 8 356.544000
demand_169 7 9 281.391000
demand_170 7 10 1092.220000
demand_171 7 11 480.790000
demand_172 7 12 683.921000
demand_173 7 13 654.341000
demand_174 7 14 736.096000
demand_175 7 15 1028.470000
demand_176 7 16 1397.320000
demand_177 7 17 257.195000
demand_178 7 18 705.462000
demand_179 7 19 1419.010000
demand_180 7 20 1384.980000
demand_181 7 21 826.295000
demand_182 7 22 1087.250000
demand_183 7 23 713.366000
demand_184 8 0 345.419000
demand_185 8 1 330.334000
demand_186 8 2 722.964000
demand_187 8 3 812.647000
demand_188 8 4 711.750000
demand_189 8 5 730.501000
demand_190 8 6 735.000000
demand_191 8 7 1104.020000
demand_192 8 9 592.117000
demand_193 8 10 894.373000
demand_194 8 11 1309.540000
demand_195 8 12 227.807000
demand_196 8 13 1173.550000
demand_197 8 14 1346.350000
demand_198 8 15 923.619000
demand_199 8 16 164.462000
demand_200 8 17 838.811000
demand_201 8 18 850.797000
demand_202 8 19 685.455000
demand_203 8 20 1048.260000
demand_204 8 21 1214.100000
demand_205 8 22 531.380000
demand_206 8 23 503.384000
demand_207 9 0 276.469000
demand_208 9 1 480.836000
demand_209 9 2 1086.330000
demand_210 9 3 1343.120000
demand_211 9 4 203.409000
demand_212 9 5 1152.900000
demand_213 9 6 311.288000
demand_214 9 7 630.939000
demand_215 9 8 604.327000
demand_216 9 10 619.241000
demand_217 9 11 1431.190000
demand_218 9 12 625.996000
demand_219 9 13 1442.110000
demand_220 9 14 441.697000
demand_221 9 15 1435.480000
demand_222 9 16 990.676000
demand_223 9 17 643.583000
demand_224 9 18 1309.910000
demand_225 9 19 196.761000
demand_226 9 20 984.338000
demand_227 9 21 771.199000
demand_228 9 22 1305.170000
demand_229 9 23 968.064000
demand_230 10 0 843.423000
demand_231 10 1 493.160000
demand_232 10 2 873.138000
demand_233 10 3 976.345000
demand_234 10 4 937.889000
demand_235 10 5 1260.470000
demand_236 10 6 935.088000
demand_237 10 7 1047.370000
demand_238 10 8 244.352000
demand_239 10 9 1115.290000
demand_240 10 11 400.843000
demand_241 10 12 1229.600000
demand_242 10 13 690.352000
demand_243 10 14 1240.150000
demand_244 10 15 1432.580000
demand_245 10 16 703.729000
demand_246 10 17 1002.740000
demand_247 10 18 964.854000
demand_248 10 19 954.362000
demand_249 10 20 659.362000
demand_250 10 21 785.612000
demand_251 10 22 667.558000
demand_252 10 23 807.085000
demand_253 11 0 391.206000
demand_254 11 1 1219.480000
demand_255 11 2 191.565000
demand_256 11 3 634.967000
demand_257 11 4 545.683000
demand_258 11 5 1037.200000
demand_259 11 6 746.295000
demand_260 11 7 256.576000
demand_261 11 8 1159.560000
demand_262 11 9 337.110000
demand_263 11 10 1130.940000
demand_264 11 12 1400.780000
demand_265 11 13 1387.670000
demand_266 11 14 574.320000
demand_267 11 15 1113.010000
demand_268 11 16 435.419000
demand_269 11 17 1429.210000
demand_270 11 18 856.302000
demand_271 11 19 410.298000
demand_272 11 20 151.281000
demand_273 11 21 334.690000
demand_274 11 22 928.725000
demand_275 11 23 1300.120000
demand_276 12 0 361.160000
demand_277 12 1 974.220000
demand_278 12 2 1258.650000
demand_279 12 3 744.231000
demand_280 12 4 202.135000
demand_281 12 5 1301.450000
demand_282 12 6 1178.730000
demand_283 12 7 1320.220000
demand_284 12 8 1218.830000
demand_285 12 9 1106.460000
demand_286 12 10 1049.160000
demand_287 12 11 1409.110000
demand_288 12 13 320.939000
demand_289 12 14 1002.830000
demand_290 12 15 815.487000
demand_291 12 16 707.975000
demand_292 12 17 633.327000
demand_293 12 18 1147.610000
demand_294 12 19 1136.930000
demand_295 12 20 245.117000
demand_296 12 21 1020.120000
demand_297 12 22 194.519000
demand_298 12 23 1257.320000
demand_299 13 0 1332.640000
demand_300 13 1 676.131000
demand_301 13 2 803.035000
demand_302 13 3 927.896000
demand_303 13 4 585.266000
demand_304 13 5 782.377000
demand_305 13 6 468.274000
demand_306 13 7 213.316000
demand_307 13 8 333.516000
demand_308 13 9 564.516000
demand_309 13 10 680.967000
demand_310 13 11 1191.960000
demand_311 13 12 1268.310000
demand_312 13 14 237.854000
demand_313 13 15 826.829000
demand_314 13 16 1002.790000
demand_315 13 17 1441.350000
demand_316 13 18 1203.580000
demand_317 13 19 1028.390000
demand_318 13 20 495.601000
demand_319 13 21 500.964000
demand_320 13 22 506.096000
demand_321 13 23 1286.360000
demand_322 14 0 434.960000
demand_323 14 1 887.544000
demand_324 14 2 208.633000
demand_325 14 3 1138.940000
demand_326 14 4 262.804000
demand_327 14 5 1323.080000
demand_328 14 6 1126.230000
demand_329 14 7 511.843000
demand_330 14 8 194.964000
demand_331 14 9 516.085000
demand_332 14 10 257.548000
demand_333 14 11 910.818000
demand_334 14 12 1097.580000
demand_335 14 13 751.786000
demand_336 14 15 692.629000
demand_337 14 16 646.110000
demand_338 14 17 932.199000
demand_339 14 18 802.395000
demand_340 14 19 1205.040000
demand_341 14 20 975.701000
demand_342 14 21 1425.110000
demand_343 14 22 1404.490000
demand_344 14 23 978.637000
demand_345 15 0 792.494000
demand_346 15 1 1184.240000
demand_347 15 2 553.256000
demand_348 15 3 382.740000
demand_349 15 4 451.754000
demand_350 15 5 1069.090000
demand_351 15 6 297.597000
demand_352 15 7 472.291000
demand_353 15 8 741.893000
demand_354 15 9 574.462000
demand_355 15 10 1036.760000
demand_356 15 11 1161.520000
demand_357 15 12 1321.460000
demand_358 15 13 529.106000
demand_359 15 14 1228.410000
demand_360 15 16 174.615000
demand_361 15 17 319.238000
demand_362 15 18 1265.720000
demand_363 15 19 971.341000
demand_364 15 20 811.925000
demand_365 15 21 303.021000
demand_366 15 22 537.096000
demand_367 15 23 1148.420000
demand_368 16 0 252.498000
demand_369 16 1 460.348000
demand_370 16 2 383.487000
demand_371 16 3 1309.600000
demand_372 16 4 774.637000
demand_373 16 5 1133.090000
demand_374 16 6 537.612000
demand_375 16 7 295.619000
demand_376 16 8 576.768000
demand_377 16 9 1299.580000
demand_378 16 10 987.758000
demand_379 16 11 370.921000
demand_380 16 12 199.238000
demand_381 16 13 338.487000
demand_382 16 14 251.085000
demand_383 16 15 902.797000
demand_384 16 17 1411.660000
demand_385 16 18 904.256000
demand_386 16 19 172.323000
demand_387 16 20 212.530000
demand_388 16 21 321.284000
demand_389 16 22 966.227000
demand_390 16 23 914.626000
demand_391 17 0 245.836000
demand_392 17 1 1128.980000
demand_393 17 2 431.234000
demand_394 17 3 1147.430000
demand_395 17 4 714.085000
demand_396 17 5 246.469000
demand_397 17 6 872.416000
demand_398 17 7 854.590000
demand_399 17 8 1273.750000
demand_400 17 9 842.669000
demand_401 17 10 283.405000
demand_402 17 11 1402.160000
demand_403 17 12 1374.380000
demand_404 17 13 1095.090000
demand_405 17 14 1091.220000
demand_406 17 15 620.797000
demand_407 17 16 1211.790000
demand_408 17 18 151.836000
demand_409 17 19 785.131000
demand_410 17 20 1018.370000
demand_411 17 21 558.032000
demand_412 17 22 658.021000
demand_413 17 23 918.032000
demand_414 18 0 589.412000
demand_415 18 1 1340.270000
demand_416 18 2 735.811000
demand_417 18 3 635.039000
demand_418 18 4 1204.810000
demand_419 18 5 161.405000
demand_420 18 6 789.081000
demand_421 18 7 420.017000
demand_422 18 8 341.398000
demand_423 18 9 288.345000
demand_424 18 10 416.498000
demand_425 18 11 1425.850000
demand_426 18 12 168.508000
demand_427 18 13 1273.610000
demand_428 18 14 865.900000
demand_429 18 15 1279.080000
demand_430 18 16 1216.840000
demand_431 18 17 413.548000
demand_432 18 19 553.871000
demand_433 18 20 987.523000
demand_434 18 21 328.288000
demand_435 18 22 930.192000
demand_436 18 23 557.850000
demand_437 19 0 968.548000
demand_438 19 1 743.046000
demand_439 19 2 1248.510000
demand_440 19 3 1426.520000
demand_441 19 4 951.110000
demand_442 19 5 429.427000
demand_443 19 6 441.619000
demand_444 19 7 543.473000
demand_445 19 8 1249.610000
demand_446 19 9 245.829000
demand_447 19 10 1431.140000
demand_448 19 11 618.683000
demand_449 19 12 794.854000
demand_450 19 13 1408.580000
demand_451 19 14 795.067000
demand_452 19 15 670.850000
demand_453 19 16 502.786000
demand_454 19 17 607.049000
demand_455 19 18 1447.720000
demand_456 19 20 970.096000
demand_457 19 21 788.195000
demand_458 19 22 778.814000
demand_459 19 23 588.395000
demand_460 20 0 951.647000
demand_461 20 1 1109.930000
demand_462 20 2 783.259000
demand_463 20 3 1140.380000
demand_464 20 4 1177.630000
demand_465 20 5 1237.840000
demand_466 20 6 1000.720000
demand_467 20 7 188.266000
demand_468 20 8 900.160000
demand_469 20 9 534.715000
demand_470 20 10 1101.720000
demand_471 20 11 669.896000
demand_472 20 12 953.124000
demand_473 20 13 234.626000
demand_474 20 14 1402.960000
demand_475 20 15 363.619000
demand_476 20 16 1342.580000
demand_477 20 17 1457.390000
demand_478 20 18 957.402000
demand_479 20 19 1456.680000
demand_480 20 21 637.572000
demand_481 20 22 241.708000
demand_482 20 23 1026.900000
demand_483 21 0 1268.980000
demand_484 21 1 1236.160000
demand_485 21 2 496.103000
demand_486 21 3 851.708000
demand_487 21 4 1029.280000
demand_488 21 5 984.576000
demand_489 21 6 359.725000
demand_490 21 7 1295.400000
demand_491 21 8 406.551000
demand_492 21 9 1186.040000
demand_493 21 10 672.060000
demand_494 21 11 1423.940000
demand_495 21 12 243.281000
demand_496 21 13 245.181000
demand_497 21 14 1369.800000
demand_498 21 15 317.291000
demand_499 21 16 439.868000
demand_500 21 17 1165.970000
demand_501 21 18 244.345000
demand_502 21 19 1103.680000
demand_503 21 20 1278.640000
demand_504 21 22 157.466000
demand_505 21 23 1242.370000
demand_506 22 0 876.921000
demand_507 22 1 1045.280000
demand_508 22 2 1241.910000
demand_509 22 3 602.879000
demand_510 22 4 1045.100000
demand_511 22 5 1282.280000
demand_512 22 6 339.754000
demand_513 22 7 829.476000
demand_514 22 8 1125.520000
demand_515 22 9 265.800000
demand_516 22 10 1139.180000
demand_517 22 11 263.316000
demand_518 22 12 1292.750000
demand_519 22 13 224.996000
demand_520 22 14 280.117000
demand_521 22 15 1106.710000
demand_522 22 16 374.444000
demand_523 22 17 1146.110000
demand_524 22 18 782.277000
demand_525 22 19 1044.690000
demand_526 22 20 1086.030000
demand_527 22 21 806.950000
demand_528 22 23 418.245000
demand_529 23 0 480.640000
demand_530 23 1 156.733000
demand_531 23 2 351.629000
demand_532 23 3 739.167000
demand_533 23 4 1177.790000
demand_534 23 5 508.921000
demand_535 23 6 576.836000
demand_536 23 7 487.491000
demand_537 23 8 697.839000
demand_538 23 9 1298.450000
demand_539 23 10 984.473000
demand_540 23 11 1189.450000
demand_541 23 12 251.572000
demand_542 23 13 1046.630000
demand_543 23 14 193.572000
demand_544 23 15 429.302000
demand_545 23 16 1425.140000
demand_546 23 17 288.441000
demand_547 23 18 1252.800000
demand_548 23 19 959.224000
demand_549 23 20 957.697000
demand_550 23 21 772.103000
demand_551 23 22 1391.340000
