DEMANDS 552
label src dest bw
demand_0 0 1 277.103000
demand_1 0 2 456.353000
demand_2 0 3 721.685000
demand_3 0 4 980.173000
demand_4 0 5 362.311000
demand_5 0 6 1129.320000
demand_6 0 7 1112.610000
demand_7 0 8 720.443000
demand_8 0 9 769.355000
demand_9 0 10 269.795000
demand_10 0 11 846.699000
demand_11 0 12 846.085000
demand_12 0 13 385.650000
demand_13 0 14 1354.940000
demand_14 0 15 1422.480000
demand_15 0 16 413.795000
demand_16 0 17 1142.350000
demand_17 0 18 1537.790000
demand_18 0 19 206.438000
demand_19 0 20 734.311000
demand_20 0 21 1150.760000
demand_21 0 22 940.428000
demand_22 0 23 1263.190000
demand_23 1 0 1130.390000
demand_24 1 2 207.756000
demand_25 1 3 627.635000
demand_26 1 4 1051.670000
demand_27 1 5 879.336000
demand_28 1 6 912.686000
demand_29 1 7 1498.090000
demand_30 1 8 838.595000
demand_31 1 9 1442.740000
demand_32 1 10 966.421000
demand_33 1 11 536.700000
demand_34 1 12 897.338000
demand_35 1 13 640.002000
demand_36 1 14 247.073000
demand_37 1 15 1496.740000
demand_38 1 16 1226.740000
demand_39 1 17 1272.290000
demand_40 1 18 1508.160000
demand_41 1 19 168.590000
demand_42 1 20 272.359000
demand_43 1 21 780.121000
demand_44 1 22 596.854000
demand_45 1 23 1091.940000
demand_46 2 0 605.222000
demand_47 2 1 1328.110000
demand_48 2 3 1404.200000
demand_49 2 4 1005.740000
demand_50 2 5 841.091000
demand_51 2 6 553.259000
demand_52 2 7 598.777000
demand_53 2 8 1067.720000
demand_54 2 9 1338.990000
demand_55 2 10 581.427000
demand_56 2 11 183.403000
demand_57 2 12 900.501000
demand_58 2 13 870.305000
demand_59 2 14 1399.410000
demand_60 2 15 841.138000
demand_61 2 16 564.269000
demand_62 2 17 375.997000
demand_63 2 18 689.332000
demand_64 2 19 359.927000
demand_65 2 20 265.491000
demand_66 2 21 1149.570000
demand_67 2 22 154.977000
demand_68 2 23 329.364000
demand_69 3 0 1166.580000
demand_70 3 1 1274.940000
demand_71 3 2 963.255000
demand_72 3 4 906.459000
demand_73 3 5 822.322000
demand_74 3 6 742.763000
demand_75 3 7 692.776000
demand_76 3 8 178.792000
demand_77 3 9 489.193000
demand_78 3 10 562.824000
demand_79 3 11 725.914000
demand_80 3 12 586.647000
demand_81 3 13 1075.140000
demand_82 3 14 391.478000
demand_83 3 15 582.343000
demand_84 3 16 747.458000
demand_85 3 17 1038.080000
demand_86 3 18 1135.410000
demand_87 3 19 756.199000
demand_88 3 20 1265.420000
demand_89 3 21 1217.960000
demand_90 3 22 781.488000
demand_91 3 23 695.215000
demand_92 4 0 1158.200000
demand_93 4 1 297.685000
demand_94 4 2 681.558000
demand_95 4 3 448.793000
demand_96 4 5 693.109000
demand_97 4 6 1149.350000
demand_98 4 7 765.914000
demand_99 4 8 799.238000
demand_100 4 9 1211.240000
demand_101 4 10 520.052000
demand_102 4 11 1095.520000
demand_103 4 12 525.448000
demand_104 4 13 586.485000
demand_105 4 14 867.988000
demand_106 4 15 548.495000
demand_107 4 16 1289.370000
demand_108 4 17 791.507000
demand_109 4 18 1473.090000
demand_110 4 19 1435.320000
demand_111 4 20 701.381000
demand_112 4 21 474.902000
demand_113 4 22 1207.660000
demand_114 4 23 1420.350000
demand_115 5 0 870.204000
demand_116 5 1 254.641000
demand_117 5 2 687.681000
demand_118 5 3 1246.120000
demand_119 5 4 500.535000
demand_120 5 6 1366.550000
demand_121 5 7 1467.870000
demand_122 5 8 680.634000
demand_123 5 9 339.907000
demand_124 5 10 531.423000
demand_125 5 11 464.799000
demand_126 5 12 1360.940000
demand_127 5 13 198.824000
demand_128 5 14 995.889000
demand_129 5 15 1041.930000
demand_130 5 16 479.507000
demand_131 5 17 739.131000
demand_132 5 18 855.414000
demand_133 5 19 550.430000
demand_134 5 20 934.062000
demand_135 5 21 967.834000
demand_136 5 22 499.229000
demand_137 5 23 469.749000
demand_138 6 0 262.256000
demand_139 6 1 1205.830000
demand_140 6 2 1046.570000
demand_141 6 3 1289.630000
demand_142 6 4 526.574000
demand_143 6 5 799.275000
demand_144 6 7 645.587000
demand_145 6 8 665.717000
demand_146 6 9 885.538000
demand_147 6 10 1249.820000
demand_148 6 11 1446.610000
demand_149 6 12 984.501000
demand_150 6 13 394.386000
demand_151 6 14 1266.060000
demand_152 6 15 956.750000
demand_153 6 16 1095.130000
demand_154 6 17 1144.270000
demand_155 6 18 290.418000
demand_156 6 19 538.175000
demand_157 6 20 990.682000
demand_158 6 21 720.150000
demand_159 6 22 1122.000000
demand_160 6 23 796.480000
demand_161 7 0 696.466000
demand_162 7 1 1470.040000
demand_163 7 2 1053.940000
demand_164 7 3 947.692000
demand_165 7 4 478.638000
demand_166 7 5 1331.830000
demand_167 7 6 533.277000
demand_168 7 8 557.885000
demand_169 7 9 304.889000
demand_170 7 10 255.018000
demand_171 7 11 576.034000
demand_172 7 12 676.874000
demand_173 7 13 507.637000
demand_174 7 14 324.002000
demand_175 7 15 898.120000
demand_176 7 16 1086.500000
demand_177 7 17 392.124000
demand_178 7 18 577.978000
demand_179 7 19 415.904000
demand_180 7 20 315.258000
demand_181 7 21 1487.000000
demand_182 7 22 251.029000
demand_183 7 23 752.257000
demand_184 8 0 1035.980000
demand_185 8 1 935.614000
demand_186 8 2 622.696000
demand_187 8 3 270.554000
demand_188 8 4 773.019000
demand_189 8 5 1509.530000
demand_190 8 6 702.661000
demand_191 8 7 593.648000
demand_192 8 9 1050.950000
demand_193 8 10 728.822000
demand_194 8 11 1163.760000
demand_195 8 12 497.795000
demand_196 8 13 630.540000
demand_197 8 14 902.013000
demand_198 8 15 1193.700000
demand_199 8 16 343.047000
demand_200 8 17 898.111000
demand_201 8 18 649.190000
demand_202 8 19 483.400000
demand_203 8 20 430.114000
demand_204 8 21 1182.730000
demand_205 8 22 556.220000
demand_206 8 23 795.944000
demand_207 9 0 1368.740000
demand_208 9 1 760.755000
demand_209 9 2 669.031000
demand_210 9 3 1319.800000
demand_211 9 4 162.557000
demand_212 9 5 972.556000
demand_213 9 6 692.330000
demand_214 9 7 1260.070000
demand_215 9 8 216.440000
demand_216 9 10 656.634000
demand_217 9 11 172.637000
demand_218 9 12 1027.330000
demand_219 9 13 675.191000
demand_220 9 14 1438.010000
demand_221 9 15 1019.970000
demand_222 9 16 1421.040000
demand_223 9 17 283.643000
demand_224 9 18 1066.580000
demand_225 9 19 688.049000
demand_226 9 20 237.761000
demand_227 9 21 460.845000
demand_228 9 22 1332.630000
demand_229 9 23 283.913000
demand_230 10 0 619.675000
demand_231 10 1 1532.770000
demand_232 10 2 291.600000
demand_233 10 3 269.454000
demand_234 10 4 945.874000
demand_235 10 5 1446.140000
demand_236 10 6 1294.070000
demand_237 10 7 925.080000
demand_238 10 8 297.390000
demand_239 10 9 571.498000
demand_240 10 11 865.874000
demand_241 10 12 1496.930000
demand_242 10 13 549.934000
demand_243 10 14 1164.120000
demand_244 10 15 1191.870000
demand_245 10 16 1012.700000
demand_246 10 17 1351.050000
demand_247 10 18 631.490000
demand_248 10 19 793.019000
demand_249 10 20 1282.340000
demand_250 10 21 1231.880000
demand_251 10 22 360.640000
demand_252 10 23 1273.750000
demand_253 11 0 622.934000
demand_254 11 1 794.887000
demand_255 11 2 756.973000
demand_256 11 3 347.440000
demand_257 11 4 494.062000
demand_258 11 5 698.653000
demand_259 11 6 864.275000
demand_260 11 7 1169.490000
demand_261 11 8 1086.030000
demand_262 11 9 1102.830000
demand_263 11 10 857.387000
demand_264 11 12 1404.690000
demand_265 11 13 666.276000
demand_266 11 14 846.803000
demand_267 11 15 522.864000
demand_268 11 16 673.051000
demand_269 11 17 1264.280000
demand_270 11 18 1063.780000
demand_271 11 19 1371.800000
demand_272 11 20 1011.630000
demand_273 11 21 604.964000
demand_274 11 22 490.974000
demand_275 11 23 1485.330000
demand_276 12 0 1256.480000
demand_277 12 1 1496.250000
demand_278 12 2 595.904000
demand_279 12 3 1116.720000
demand_280 12 4 388.892000
demand_281 12 5 1332.360000
demand_282 12 6 449.482000
demand_283 12 7 490.024000
demand_284 12 8 436.981000
demand_285 12 9 513.717000
demand_286 12 10 1321.730000
demand_287 12 11 1525.040000
demand_288 12 13 824.799000
demand_289 12 14 739.608000
demand_290 12 15 338.430000
demand_291 12 16 1007.970000
demand_292 12 17 174.320000
demand_293 12 18 1376.980000
demand_294 12 19 1506.830000
demand_295 12 20 1342.310000
demand_296 12 21 1164.740000
demand_297 12 22 452.124000
demand_298 12 23 1038.900000
demand_299 13 0 767.759000
demand_300 13 1 514.621000
demand_301 13 2 1268.140000
demand_302 13 3 1432.470000
demand_303 13 4 1184.340000
demand_304 13 5 760.547000
demand_305 13 6 664.996000
demand_306 13 7 1187.190000
demand_307 13 8 311.606000
demand_308 13 9 555.872000
demand_309 13 10 651.154000
demand_310 13 11 344.579000
demand_311 13 12 1081.920000
demand_312 13 14 743.889000
demand_313 13 15 737.668000
demand_314 13 16 278.745000
demand_315 13 17 1361.910000
demand_316 13 18 971.493000
demand_317 13 19 676.845000
demand_318 13 20 1529.270000
demand_319 13 21 1100.840000
demand_320 13 22 1174.970000
demand_321 13 23 1426.000000
demand_322 14 0 991.490000
demand_323 14 1 867.226000
demand_324 14 2 1524.850000
demand_325 14 3 829.485000
demand_326 14 4 705.955000
demand_327 14 5 588.923000
demand_328 14 6 773.879000
demand_329 14 7 657.184000
demand_330 14 8 1073.390000
demand_331 14 9 223.174000
demand_332 14 10 1150.600000
demand_333 14 11 1387.860000
demand_334 14 12 1263.280000
demand_335 14 13 1265.510000
demand_336 14 15 899.238000
demand_337 14 16 584.214000
demand_338 14 17 378.346000
demand_339 14 18 840.272000
demand_340 14 19 1464.560000
demand_341 14 20 257.520000
demand_342 14 21 456.669000
demand_343 14 22 627.687000
demand_344 14 23 826.227000
demand_345 15 0 310.716000
demand_346 15 1 802.438000
demand_347 15 2 1258.010000
demand_348 15 3 728.747000
demand_349 15 4 1514.300000
demand_350 15 5 784.892000
demand_351 15 6 360.758000
demand_352 15 7 458.493000
demand_353 15 8 773.482000
demand_354 15 9 883.235000
demand_355 15 10 1225.440000
demand_356 15 11 485.019000
demand_357 15 12 777.019000
demand_358 15 13 578.572000
demand_359 15 14 638.916000
demand_360 15 16 726.438000
demand_361 15 17 948.223000
demand_362 15 18 1323.020000
demand_363 15 19 199.047000
demand_364 15 20 359.047000
demand_365 15 21 1313.130000
demand_366 15 22 901.248000
demand_367 15 23 712.147000
demand_368 16 0 197.280000
demand_369 16 1 829.761000
demand_370 16 2 1072.380000
demand_371 16 3 260.092000
demand_372 16 4 271.070000
demand_373 16 5 1139.190000
demand_374 16 6 993.375000
demand_375 16 7 540.654000
demand_376 16 8 264.437000
demand_377 16 9 1266.750000
demand_378 16 10 1324.180000
demand_379 16 11 781.931000
demand_380 16 12 1356.140000
demand_381 16 13 1069.290000
demand_382 16 14 1478.400000
demand_383 16 15 1012.730000
demand_384 16 17 1090.850000
demand_385 16 18 611.562000
demand_386 16 19 1157.010000
demand_387 16 20 1091.180000
demand_388 16 21 1406.130000
demand_389 16 22 1009.710000
demand_390 16 23 1428.300000
demand_391 17 0 230.511000
demand_392 17 1 1072.070000
demand_393 17 2 1441.700000
demand_394 17 3 1365.050000
demand_395 17 4 1419.050000
demand_396 17 5 384.086000
demand_397 17 6 1299.890000
demand_398 17 7 753.367000
demand_399 17 8 684.839000
demand_400 17 9 1253.290000
demand_401 17 10 236.228000
demand_402 17 11 224.170000
demand_403 17 12 282.870000
demand_404 17 13 162.421000
demand_405 17 14 703.186000
demand_406 17 15 1063.250000
demand_407 17 16 1205.550000
demand_408 17 18 1367.820000
demand_409 17 19 246.615000
demand_410 17 20 1167.590000
demand_411 17 21 842.404000
demand_412 17 22 1013.220000
demand_413 17 23 684.944000
demand_414 18 0 242.968000
demand_415 18 1 606.748000
demand_416 18 2 604.214000
demand_417 18 3 580.052000
demand_418 18 4 193.740000
demand_419 18 5 537.833000
demand_420 18 6 201.781000
demand_421 18 7 1008.560000
demand_422 18 8 975.522000
demand_423 18 9 495.655000
demand_424 18 10 979.229000
demand_425 18 11 1225.340000
demand_426 18 12 1095.270000
demand_427 18 13 1134.140000
demand_428 18 14 1522.790000
demand_429 18 15 494.479000
demand_430 18 16 1120.160000
demand_431 18 17 1197.850000
demand_432 18 19 371.356000
demand_433 18 20 1069.430000
demand_434 18 21 869.575000
demand_435 18 22 1384.780000
demand_436 18 23 1362.180000
demand_437 19 0 948.231000
demand_438 19 1 239.223000
demand_439 19 2 1473.690000
demand_440 19 3 300.779000
demand_441 19 4 1113.980000
demand_442 19 5 680.932000
demand_443 19 6 866.803000
demand_444 19 7 327.695000
demand_445 19 8 909.083000
demand_446 19 9 969.112000
demand_447 19 10 929.685000
demand_448 19 11 1090.280000
demand_449 19 12 441.790000
demand_450 19 13 859.791000
demand_451 19 14 564.176000
demand_452 19 15 1333.800000
demand_453 19 16 919.301000
demand_454 19 17 1439.720000
demand_455 19 18 281.500000
demand_456 19 20 405.630000
demand_457 19 21 1121.200000
demand_458 19 22 1509.730000
demand_459 19 23 803.388000
demand_460 20 0 669.781000
demand_461 20 1 752.947000
demand_462 20 2 1242.710000
demand_463 20 3 231.076000
demand_464 20 4 333.485000
demand_465 20 5 241.578000
demand_466 20 6 1384.310000
demand_467 20 7 838.797000
demand_468 20 8 1476.480000
demand_469 20 9 922.934000
demand_470 20 10 1108.550000
demand_471 20 11 620.909000
demand_472 20 12 1081.770000
demand_473 20 13 648.573000
demand_474 20 14 985.068000
demand_475 20 15 656.196000
demand_476 20 16 873.126000
demand_477 20 17 563.490000
demand_478 20 18 682.369000
demand_479 20 19 662.667000
demand_480 20 21 1117.120000
demand_481 20 22 568.944000
demand_482 20 23 1415.940000
demand_483 21 0 446.250000
demand_484 21 1 1361.240000
demand_485 21 2 549.013000
demand_486 21 3 927.296000
demand_487 21 4 1020.550000
demand_488 21 5 821.590000
demand_489 21 6 843.394000
demand_490 21 7 1278.500000
demand_491 21 8 1292.520000
demand_492 21 9 179.837000
demand_493 21 10 1357.770000
demand_494 21 11 1516.120000
demand_495 21 12 603.881000
demand_496 21 13 1337.880000
demand_497 21 14 881.897000
demand_498 21 15 303.878000
demand_499 21 16 484.324000
demand_500 21 17 713.060000
demand_501 21 18 654.325000
demand_502 21 19 593.636000
demand_503 21 20 1542.880000
demand_504 21 22 1478.930000
demand_505 21 23 1503.040000
demand_506 22 0 965.561000
demand_507 22 1 760.709000
demand_508 22 2 1049.930000
demand_509 22 3 1252.800000
demand_510 22 4 492.561000
demand_511 22 5 245.824000
demand_512 22 6 1174.010000
demand_513 22 7 1256.710000
demand_514 22 8 1234.970000
demand_515 22 9 156.353000
demand_516 22 10 850.372000
demand_517 22 11 1488.730000
demand_518 22 12 965.616000
demand_519 22 13 1237.740000
demand_520 22 14 1335.400000
demand_521 22 15 1381.620000
demand_522 22 16 1152.180000
demand_523 22 17 1300.450000
demand_524 22 18 701.077000
demand_525 22 19 1108.680000
demand_526 22 20 1489.460000
demand_527 22 21 1104.270000
demand_528 22 23 222.664000
demand_529 23 0 208.063000
demand_530 23 1 493.028000
demand_531 23 2 1417.550000
demand_532 23 3 556.475000
demand_533 23 4 263.826000
demand_534 23 5 726.383000
demand_535 23 6 1352.490000
demand_536 23 7 1185.910000
demand_537 23 8 741.850000
demand_538 23 9 808.359000
demand_539 23 10 1478.460000
demand_540 23 11 894.102000
demand_541 23 12 1303.780000
demand_542 23 13 560.017000
demand_543 23 14 850.053000
demand_544 23 15 1254.850000
demand_545 23 16 1483.380000
demand_546 23 17 1259.140000
demand_547 23 18 1336.270000
demand_548 23 19 356.874000
demand_549 23 20 701.245000
demand_550 23 21 652.564000
demand_551 23 22 1444.890000
