DEMANDS 552
label src dest bw
demand_0 0 1 220.798000
demand_1 0 2 1144.100000
demand_2 0 3 524.088000
demand_3 0 4 193.334000
demand_4 0 5 1183.970000
demand_5 0 6 383.182000
demand_6 0 7 267.031000
demand_7 0 8 497.740000
demand_8 0 9 657.472000
demand_9 0 10 417.259000
demand_10 0 11 1208.810000
demand_11 0 12 1075.250000
demand_12 0 13 546.558000
demand_13 0 14 1419.370000
demand_14 0 15 830.780000
demand_15 0 16 1306.400000
demand_16 0 17 595.923000
demand_17 0 18 680.116000
demand_18 0 19 1380.070000
demand_19 0 20 646.223000
demand_20 0 21 659.475000
demand_21 0 22 457.292000
demand_22 0 23 1343.640000
demand_23 1 0 702.623000
demand_24 1 2 1555.270000
demand_25 1 3 1505.820000
demand_26 1 4 1321.620000
demand_27 1 5 1169.920000
demand_28 1 6 1503.070000
demand_29 1 7 1187.960000
demand_30 1 8 1474.560000
demand_31 1 9 1024.900000
demand_32 1 10 427.352000
demand_33 1 11 1389.800000
demand_34 1 12 667.739000
demand_35 1 13 1223.690000
demand_36 1 14 636.637000
demand_37 1 15 840.905000
demand_38 1 16 1332.740000
demand_39 1 17 368.185000
demand_40 1 18 1439.200000
demand_41 1 19 1044.080000
demand_42 1 20 973.750000
demand_43 1 21 652.038000
demand_44 1 22 1322.300000
demand_45 1 23 272.792000
demand_46 2 0 1434.310000
demand_47 2 1 1285.210000
demand_48 2 3 1115.350000
demand_49 2 4 281.472000
demand_50 2 5 977.665000
demand_51 2 6 614.125000
demand_52 2 7 1255.450000
demand_53 2 8 1214.030000
demand_54 2 9 908.003000
demand_55 2 10 1471.000000
demand_56 2 11 1223.660000
demand_57 2 12 1216.360000
demand_58 2 13 671.984000
demand_59 2 14 1431.000000
demand_60 2 15 163.450000
demand_61 2 16 490.920000
demand_62 2 17 603.542000
demand_63 2 18 821.430000
demand_64 2 19 266.920000
demand_65 2 20 1023.380000
demand_66 2 21 1230.750000
demand_67 2 22 1465.260000
demand_68 2 23 503.042000
demand_69 3 0 1505.090000
demand_70 3 1 915.624000
demand_71 3 2 200.700000
demand_72 3 4 999.199000
demand_73 3 5 797.845000
demand_74 3 6 587.726000
demand_75 3 7 512.017000
demand_76 3 8 1368.730000
demand_77 3 9 464.116000
demand_78 3 10 1330.130000
demand_79 3 11 733.422000
demand_80 3 12 1062.330000
demand_81 3 13 1102.770000
demand_82 3 14 812.080000
demand_83 3 15 549.928000
demand_84 3 16 1302.440000
demand_85 3 17 1336.510000
demand_86 3 18 988.084000
demand_87 3 19 368.978000
demand_88 3 20 1484.250000
demand_89 3 21 720.677000
demand_90 3 22 835.295000
demand_91 3 23 1183.510000
demand_92 4 0 1402.670000
demand_93 4 1 913.426000
demand_94 4 2 1161.150000
demand_95 4 3 674.449000
demand_96 4 5 388.635000
demand_97 4 6 238.638000
demand_98 4 7 395.471000
demand_99 4 8 418.429000
demand_100 4 9 1226.360000
demand_101 4 10 975.588000
demand_102 4 11 1119.390000
demand_103 4 12 234.022000
demand_104 4 13 1037.840000
demand_105 4 14 1315.130000
demand_106 4 15 251.308000
demand_107 4 16 867.544000
demand_108 4 17 965.370000
demand_109 4 18 868.991000
demand_110 4 19 1539.250000
demand_111 4 20 1167.810000
demand_112 4 21 1187.640000
demand_113 4 22 206.856000
demand_114 4 23 892.116000
demand_115 5 0 1508.930000
demand_116 5 1 831.423000
demand_117 5 2 1471.880000
demand_118 5 3 613.441000
demand_119 5 4 1320.130000
demand_120 5 6 1031.500000
demand_121 5 7 1384.470000
demand_122 5 8 460.976000
demand_123 5 9 596.471000
demand_124 5 10 658.533000
demand_125 5 11 772.438000
demand_126 5 12 834.121000
demand_127 5 13 477.773000
demand_128 5 14 296.599000
demand_129 5 15 798.196000
demand_130 5 16 1339.680000
demand_131 5 17 1554.660000
demand_132 5 18 1264.530000
demand_133 5 19 1301.830000
demand_134 5 20 537.307000
demand_135 5 21 427.057000
demand_136 5 22 1326.780000
demand_137 5 23 1406.240000
demand_138 6 0 859.536000
demand_139 6 1 420.545000
demand_140 6 2 768.511000
demand_141 6 3 417.261000
demand_142 6 4 1208.940000
demand_143 6 5 709.868000
demand_144 6 7 675.406000
demand_145 6 8 402.812000
demand_146 6 9 397.259000
demand_147 6 10 664.315000
demand_148 6 11 605.570000
demand_149 6 12 272.852000
demand_150 6 13 1449.350000
demand_151 6 14 1333.290000
demand_152 6 15 1029.500000
demand_153 6 16 297.480000
demand_154 6 17 650.029000
demand_155 6 18 833.826000
demand_156 6 19 449.604000
demand_157 6 20 483.607000
demand_158 6 21 1375.300000
demand_159 6 22 1174.070000
demand_160 6 23 1107.790000
demand_161 7 0 578.881000
demand_162 7 1 345.983000
demand_163 7 2 1236.380000
demand_164 7 3 963.733000
demand_165 7 4 1528.700000
demand_166 7 5 353.162000
demand_167 7 6 590.429000
demand_168 7 8 689.185000
demand_169 7 9 981.820000
demand_170 7 10 840.896000
demand_171 7 11 639.235000
demand_172 7 12 1249.020000
demand_173 7 13 466.462000
demand_174 7 14 597.487000
demand_175 7 15 1094.570000
demand_176 7 16 696.191000
demand_177 7 17 224.880000
demand_178 7 18 1222.750000
demand_179 7 19 1514.350000
demand_180 7 20 781.175000
demand_181 7 21 1132.270000
demand_182 7 22 1545.750000
demand_183 7 23 340.195000
demand_184 8 0 1489.780000
demand_185 8 1 441.181000
demand_186 8 2 716.689000
demand_187 8 3 1295.670000
demand_188 8 4 476.821000
demand_189 8 5 1297.930000
demand_190 8 6 277.384000
demand_191 8 7 1190.760000
demand_192 8 9 274.807000
demand_193 8 10 261.173000
demand_194 8 11 223.745000
demand_195 8 12 1107.430000
demand_196 8 13 1340.080000
demand_197 8 14 627.877000
demand_198 8 15 756.448000
demand_199 8 16 1186.200000
demand_200 8 17 1478.280000
demand_201 8 18 225.606000
demand_202 8 19 477.928000
demand_203 8 20 259.504000
demand_204 8 21 903.199000
demand_205 8 22 242.816000
demand_206 8 23 640.903000
demand_207 9 0 1194.160000
demand_208 9 1 603.450000
demand_209 9 2 715.653000
demand_210 9 3 1095.240000
demand_211 9 4 251.852000
demand_212 9 5 915.387000
demand_213 9 6 1232.570000
demand_214 9 7 1431.640000
demand_215 9 8 1454.580000
demand_216 9 10 351.285000
demand_217 9 11 568.869000
demand_218 9 12 1044.970000
demand_219 9 13 314.037000
demand_220 9 14 704.913000
demand_221 9 15 838.224000
demand_222 9 16 787.147000
demand_223 9 17 907.471000
demand_224 9 18 1550.910000
demand_225 9 19 174.822000
demand_226 9 20 442.006000
demand_227 9 21 360.105000
demand_228 9 22 759.469000
demand_229 9 23 477.187000
demand_230 10 0 864.984000
demand_231 10 1 1519.950000
demand_232 10 2 1419.160000
demand_233 10 3 1336.780000
demand_234 10 4 486.686000
demand_235 10 5 731.682000
demand_236 10 6 1433.790000
demand_237 10 7 1451.620000
demand_238 10 8 1366.750000
demand_239 10 9 707.609000
demand_240 10 11 1059.810000
demand_241 10 12 401.889000
demand_242 10 13 1016.120000
demand_243 10 14 1344.960000
demand_244 10 15 1510.820000
demand_245 10 16 1139.570000
demand_246 10 17 372.840000
demand_247 10 18 756.298000
demand_248 10 19 1018.580000
demand_249 10 20 818.188000
demand_250 10 21 590.353000
demand_251 10 22 942.366000
demand_252 10 23 1336.870000
demand_253 11 0 1418.030000
demand_254 11 1 251.358000
demand_255 11 2 166.460000
demand_256 11 3 1230.150000
demand_257 11 4 1047.890000
demand_258 11 5 1237.890000
demand_259 11 6 364.112000
demand_260 11 7 1095.160000
demand_261 11 8 1215.480000
demand_262 11 9 1140.080000
demand_263 11 10 511.463000
demand_264 11 12 955.708000
demand_265 11 13 665.876000
demand_266 11 14 363.092000
demand_267 11 15 1156.880000
demand_268 11 16 535.356000
demand_269 11 17 182.810000
demand_270 11 18 1178.880000
demand_271 11 19 655.682000
demand_272 11 20 372.248000
demand_273 11 21 1260.560000
demand_274 11 22 1108.640000
demand_275 11 23 736.735000
demand_276 12 0 429.141000
demand_277 12 1 1010.910000
demand_278 12 2 256.785000
demand_279 12 3 1037.720000
demand_280 12 4 427.034000
demand_281 12 5 160.237000
demand_282 12 6 402.904000
demand_283 12 7 325.593000
demand_284 12 8 427.469000
demand_285 12 9 183.726000
demand_286 12 10 963.517000
demand_287 12 11 373.363000
demand_288 12 13 537.495000
demand_289 12 14 1509.360000
demand_290 12 15 969.711000
demand_291 12 16 509.168000
demand_292 12 17 379.978000
demand_293 12 18 226.148000
demand_294 12 19 360.147000
demand_295 12 20 934.056000
demand_296 12 21 1008.290000
demand_297 12 22 821.727000
demand_298 12 23 623.308000
demand_299 13 0 489.776000
demand_300 13 1 1028.910000
demand_301 13 2 570.988000
demand_302 13 3 791.795000
demand_303 13 4 701.104000
demand_304 13 5 1371.130000
demand_305 13 6 1036.190000
demand_306 13 7 491.502000
demand_307 13 8 186.060000
demand_308 13 9 189.886000
demand_309 13 10 1048.690000
demand_310 13 11 931.797000
demand_311 13 12 604.044000
demand_312 13 14 336.419000
demand_313 13 15 1514.140000
demand_314 13 16 1023.130000
demand_315 13 17 600.488000
demand_316 13 18 1532.390000
demand_317 13 19 1380.810000
demand_318 13 20 443.000000
demand_319 13 21 890.705000
demand_320 13 22 239.848000
demand_321 13 23 913.426000
demand_322 14 0 768.101000
demand_323 14 1 1097.250000
demand_324 14 2 1440.240000
demand_325 14 3 1061.170000
demand_326 14 4 565.876000
demand_327 14 5 1298.880000
demand_328 14 6 480.947000
demand_329 14 7 1530.790000
demand_330 14 8 1509.850000
demand_331 14 9 1539.670000
demand_332 14 10 1249.790000
demand_333 14 11 185.315000
demand_334 14 12 1432.060000
demand_335 14 13 846.927000
demand_336 14 15 251.264000
demand_337 14 16 519.174000
demand_338 14 17 938.866000
demand_339 14 18 905.738000
demand_340 14 19 1113.980000
demand_341 14 20 1443.110000
demand_342 14 21 282.648000
demand_343 14 22 1117.480000
demand_344 14 23 589.970000
demand_345 15 0 1363.420000
demand_346 15 1 1461.410000
demand_347 15 2 219.793000
demand_348 15 3 1409.430000
demand_349 15 4 655.699000
demand_350 15 5 1284.360000
demand_351 15 6 1211.140000
demand_352 15 7 678.975000
demand_353 15 8 700.626000
demand_354 15 9 785.466000
demand_355 15 10 1203.630000
demand_356 15 11 442.514000
demand_357 15 12 189.606000
demand_358 15 13 593.780000
demand_359 15 14 285.665000
demand_360 15 16 440.492000
demand_361 15 17 1186.420000
demand_362 15 18 1414.800000
demand_363 15 19 588.157000
demand_364 15 20 402.594000
demand_365 15 21 669.945000
demand_366 15 22 1365.420000
demand_367 15 23 1491.910000
demand_368 16 0 901.606000
demand_369 16 1 966.596000
demand_370 16 2 1531.380000
demand_371 16 3 1190.670000
demand_372 16 4 389.093000
demand_373 16 5 1224.770000
demand_374 16 6 617.393000
demand_375 16 7 560.629000
demand_376 16 8 257.533000
demand_377 16 9 165.041000
demand_378 16 10 721.910000
demand_379 16 11 1055.880000
demand_380 16 12 1159.700000
demand_381 16 13 494.659000
demand_382 16 14 1157.170000
demand_383 16 15 463.496000
demand_384 16 17 851.174000
demand_385 16 18 589.085000
demand_386 16 19 677.120000
demand_387 16 20 1334.970000
demand_388 16 21 756.597000
demand_389 16 22 1118.230000
demand_390 16 23 1039.480000
demand_391 17 0 860.438000
demand_392 17 1 1217.100000
demand_393 17 2 728.806000
demand_394 17 3 430.872000
demand_395 17 4 1450.100000
demand_396 17 5 1420.190000
demand_397 17 6 259.844000
demand_398 17 7 679.123000
demand_399 17 8 339.550000
demand_400 17 9 1554.140000
demand_401 17 10 877.903000
demand_402 17 11 1223.700000
demand_403 17 12 1401.310000
demand_404 17 13 608.668000
demand_405 17 14 1108.110000
demand_406 17 15 1299.610000
demand_407 17 16 620.155000
demand_408 17 18 261.983000
demand_409 17 19 199.105000
demand_410 17 20 220.449000
demand_411 17 21 875.699000
demand_412 17 22 972.953000
demand_413 17 23 479.927000
demand_414 18 0 509.294000
demand_415 18 1 1455.830000
demand_416 18 2 454.952000
demand_417 18 3 1094.960000
demand_418 18 4 1393.080000
demand_419 18 5 715.844000
demand_420 18 6 1338.960000
demand_421 18 7 1250.680000
demand_422 18 8 877.794000
demand_423 18 9 1304.050000
demand_424 18 10 397.746000
demand_425 18 11 566.609000
demand_426 18 12 1559.570000
demand_427 18 13 1182.940000
demand_428 18 14 711.090000
demand_429 18 15 429.602000
demand_430 18 16 1119.690000
demand_431 18 17 1274.060000
demand_432 18 19 707.454000
demand_433 18 20 1344.200000
demand_434 18 21 793.868000
demand_435 18 22 751.703000
demand_436 18 23 1455.290000
demand_437 19 0 1171.250000
demand_438 19 1 427.486000
demand_439 19 2 614.389000
demand_440 19 3 1151.060000
demand_441 19 4 1231.220000
demand_442 19 5 1486.310000
demand_443 19 6 1489.860000
demand_444 19 7 1004.740000
demand_445 19 8 1271.890000
demand_446 19 9 1032.310000
demand_447 19 10 978.182000
demand_448 19 11 1299.020000
demand_449 19 12 816.168000
demand_450 19 13 843.915000
demand_451 19 14 558.598000
demand_452 19 15 955.105000
demand_453 19 16 1421.240000
demand_454 19 17 644.574000
demand_455 19 18 461.788000
demand_456 19 20 631.728000
demand_457 19 21 836.951000
demand_458 19 22 1478.470000
demand_459 19 23 372.296000
demand_460 20 0 429.717000
demand_461 20 1 385.221000
demand_462 20 2 644.888000
demand_463 20 3 354.305000
demand_464 20 4 660.576000
demand_465 20 5 694.956000
demand_466 20 6 1017.230000
demand_467 20 7 467.297000
demand_468 20 8 1039.770000
demand_469 20 9 671.379000
demand_470 20 10 1527.620000
demand_471 20 11 863.090000
demand_472 20 12 604.373000
demand_473 20 13 622.994000
demand_474 20 14 628.402000
demand_475 20 15 758.364000
demand_476 20 16 1122.450000
demand_477 20 17 200.057000
demand_478 20 18 1132.360000
demand_479 20 19 542.688000
demand_480 20 21 511.059000
demand_481 20 22 1438.120000
demand_482 20 23 1040.650000
demand_483 21 0 565.842000
demand_484 21 1 697.441000
demand_485 21 2 1126.240000
demand_486 21 3 1348.770000
demand_487 21 4 1140.700000
demand_488 21 5 300.741000
demand_489 21 6 411.270000
demand_490 21 7 205.070000
demand_491 21 8 188.432000
demand_492 21 9 364.252000
demand_493 21 10 728.365000
demand_494 21 11 526.336000
demand_495 21 12 452.524000
demand_496 21 13 1276.290000
demand_497 21 14 531.699000
demand_498 21 15 1044.330000
demand_499 21 16 498.027000
demand_500 21 17 1232.030000
demand_501 21 18 1540.870000
demand_502 21 19 585.127000
demand_503 21 20 1446.660000
demand_504 21 22 305.876000
demand_505 21 23 1034.230000
demand_506 22 0 1208.340000
demand_507 22 1 1436.340000
demand_508 22 2 180.068000
demand_509 22 3 1435.060000
demand_510 22 4 1342.560000
demand_511 22 5 582.916000
demand_512 22 6 820.712000
demand_513 22 7 521.300000
demand_514 22 8 1310.410000
demand_515 22 9 415.720000
demand_516 22 10 243.714000
demand_517 22 11 1440.440000
demand_518 22 12 955.680000
demand_519 22 13 845.411000
demand_520 22 14 1151.210000
demand_521 22 15 1528.970000
demand_522 22 16 918.194000
demand_523 22 17 1381.680000
demand_524 22 18 311.504000
demand_525 22 19 538.946000
demand_526 22 20 441.790000
demand_527 22 21 844.796000
demand_528 22 23 1473.580000
demand_529 23 0 552.390000
demand_530 23 1 447.890000
demand_531 23 2 1521.770000
demand_532 23 3 629.953000
demand_533 23 4 967.188000
demand_534 23 5 183.906000
demand_535 23 6 973.600000
demand_536 23 7 1301.700000
demand_537 23 8 1479.390000
demand_538 23 9 1387.470000
demand_539 23 10 281.583000
demand_540 23 11 1338.500000
demand_541 23 12 509.550000
demand_542 23 13 540.624000
demand_543 23 14 724.225000
demand_544 23 15 784.608000
demand_545 23 16 1212.130000
demand_546 23 17 910.399000
demand_547 23 18 183.111000
demand_548 23 19 195.548000
demand_549 23 20 1211.270000
demand_550 23 21 488.993000
demand_551 23 22 435.965000
