DEMANDS 552
label src dest bw
demand_0 0 1 917.566000
demand_1 0 2 1240.040000
demand_2 0 3 423.776000
demand_3 0 4 811.487000
demand_4 0 5 686.562000
demand_5 0 6 801.216000
demand_6 0 7 460.051000
demand_7 0 8 364.544000
demand_8 0 9 1424.030000
demand_9 0 10 956.037000
demand_10 0 11 155.078000
demand_11 0 12 175.461000
demand_12 0 13 453.600000
demand_13 0 14 405.480000
demand_14 0 15 1280.850000
demand_15 0 16 939.244000
demand_16 0 17 777.640000
demand_17 0 18 320.807000
demand_18 0 19 945.391000
demand_19 0 20 1438.370000
demand_20 0 21 1087.620000
demand_21 0 22 493.279000
demand_22 0 23 1206.330000
demand_23 1 0 1472.380000
demand_24 1 2 617.322000
demand_25 1 3 644.618000
demand_26 1 4 836.377000
demand_27 1 5 233.984000
demand_28 1 6 882.548000
demand_29 1 7 1075.440000
demand_30 1 8 1186.700000
demand_31 1 9 842.316000
demand_32 1 10 1324.630000
demand_33 1 11 1374.030000
demand_34 1 12 939.934000
demand_35 1 13 872.893000
demand_36 1 14 1122.750000
demand_37 1 15 1085.220000
demand_38 1 16 465.503000
demand_39 1 17 1034.860000
demand_40 1 18 1284.020000
demand_41 1 19 1462.540000
demand_42 1 20 227.375000
demand_43 1 21 186.848000
demand_44 1 22 1145.990000
demand_45 1 23 456.014000
demand_46 2 0 1223.790000
demand_47 2 1 1387.610000
demand_48 2 3 1484.720000
demand_49 2 4 735.327000
demand_50 2 5 1434.370000
demand_51 2 6 545.325000
demand_52 2 7 1322.040000
demand_53 2 8 430.708000
demand_54 2 9 1025.520000
demand_55 2 10 553.465000
demand_56 2 11 1294.610000
demand_57 2 12 1044.750000
demand_58 2 13 1150.800000
demand_59 2 14 1203.470000
demand_60 2 15 1130.020000
demand_61 2 16 272.664000
demand_62 2 17 609.414000
demand_63 2 18 263.997000
demand_64 2 19 1152.640000
demand_65 2 20 229.440000
demand_66 2 21 267.461000
demand_67 2 22 832.976000
demand_68 2 23 358.350000
demand_69 3 0 1014.500000
demand_70 3 1 380.959000
demand_71 3 2 1403.820000
demand_72 3 4 444.950000
demand_73 3 5 1499.330000
demand_74 3 6 757.062000
demand_75 3 7 1270.790000
demand_76 3 8 1136.520000
demand_77 3 9 1226.880000
demand_78 3 10 865.843000
demand_79 3 11 548.249000
demand_80 3 12 541.428000
demand_81 3 13 295.427000
demand_82 3 14 246.465000
demand_83 3 15 460.360000
demand_84 3 16 1256.040000
demand_85 3 17 345.669000
demand_86 3 18 473.225000
demand_87 3 19 767.928000
demand_88 3 20 1458.800000
demand_89 3 21 1405.210000
demand_90 3 22 573.368000
demand_91 3 23 691.590000
demand_92 4 0 964.964000
demand_93 4 1 956.627000
demand_94 4 2 1218.830000
demand_95 4 3 1201.400000
demand_96 4 5 428.475000
demand_97 4 6 1043.860000
demand_98 4 7 1207.010000
demand_99 4 8 1341.440000
demand_100 4 9 839.596000
demand_101 4 10 579.238000
demand_102 4 11 209.812000
demand_103 4 12 337.297000
demand_104 4 13 326.362000
demand_105 4 14 839.415000
demand_106 4 15 1135.310000
demand_107 4 16 1029.840000
demand_108 4 17 1095.040000
demand_109 4 18 454.682000
demand_110 4 19 938.024000
demand_111 4 20 1221.410000
demand_112 4 21 350.791000
demand_113 4 22 1076.580000
demand_114 4 23 1272.660000
demand_115 5 0 400.123000
demand_116 5 1 784.309000
demand_117 5 2 1086.270000
demand_118 5 3 899.490000
demand_119 5 4 1152.900000
demand_120 5 6 702.428000
demand_121 5 7 366.342000
demand_122 5 8 599.080000
demand_123 5 9 843.201000
demand_124 5 10 553.497000
demand_125 5 11 604.463000
demand_126 5 12 760.057000
demand_127 5 13 937.010000
demand_128 5 14 346.319000
demand_129 5 15 520.761000
demand_130 5 16 517.208000
demand_131 5 17 826.923000
demand_132 5 18 1206.600000
demand_133 5 19 467.043000
demand_134 5 20 931.435000
demand_135 5 21 510.353000
demand_136 5 22 622.219000
demand_137 5 23 1473.600000
demand_138 6 0 993.408000
demand_139 6 1 987.679000
demand_140 6 2 196.944000
demand_141 6 3 319.381000
demand_142 6 4 920.168000
demand_143 6 5 1247.260000
demand_144 6 7 1216.140000
demand_145 6 8 512.435000
demand_146 6 9 1361.090000
demand_147 6 10 1119.370000
demand_148 6 11 1114.660000
demand_149 6 12 1250.960000
demand_150 6 13 787.853000
demand_151 6 14 221.417000
demand_152 6 15 880.698000
demand_153 6 16 1212.760000
demand_154 6 17 1074.080000
demand_155 6 18 496.612000
demand_156 6 19 1050.570000
demand_157 6 20 359.476000
demand_158 6 21 198.702000
demand_159 6 22 1276.770000
demand_160 6 23 952.335000
demand_161 7 0 246.161000
demand_162 7 1 565.337000
demand_163 7 2 1252.180000
demand_164 7 3 168.589000
demand_165 7 4 1198.660000
demand_166 7 5 372.644000
demand_167 7 6 1284.320000
demand_168 7 8 265.294000
demand_169 7 9 151.149000
demand_170 7 10 278.894000
demand_171 7 11 378.617000
demand_172 7 12 1396.290000
demand_173 7 13 191.118000
demand_174 7 14 282.725000
demand_175 7 15 1170.880000
demand_176 7 16 618.691000
demand_177 7 17 688.171000
demand_178 7 18 570.052000
demand_179 7 19 265.494000
demand_180 7 20 662.196000
demand_181 7 21 223.055000
demand_182 7 22 562.113000
demand_183 7 23 1333.590000
demand_184 8 0 1264.220000
demand_185 8 1 505.821000
demand_186 8 2 563.596000
demand_187 8 3 1238.520000
demand_188 8 4 603.785000
demand_189 8 5 176.091000
demand_190 8 6 1348.960000
demand_191 8 7 897.328000
demand_192 8 9 1443.810000
demand_193 8 10 408.555000
demand_194 8 11 1056.650000
demand_195 8 12 603.498000
demand_196 8 13 160.163000
demand_197 8 14 365.801000
demand_198 8 15 962.156000
demand_199 8 16 1133.700000
demand_200 8 17 1212.780000
demand_201 8 18 562.602000
demand_202 8 19 961.191000
demand_203 8 20 1268.080000
demand_204 8 21 1020.450000
demand_205 8 22 802.771000
demand_206 8 23 269.214000
demand_207 9 0 1219.960000
demand_208 9 1 259.338000
demand_209 9 2 665.898000
demand_210 9 3 645.500000
demand_211 9 4 949.417000
demand_212 9 5 1236.160000
demand_213 9 6 258.038000
demand_214 9 7 1133.660000
demand_215 9 8 821.348000
demand_216 9 10 1005.030000
demand_217 9 11 795.272000
demand_218 9 12 252.773000
demand_219 9 13 316.684000
demand_220 9 14 1251.540000
demand_221 9 15 717.199000
demand_222 9 16 494.914000
demand_223 9 17 1451.430000
demand_224 9 18 1195.110000
demand_225 9 19 1374.940000
demand_226 9 20 1290.530000
demand_227 9 21 988.160000
demand_228 9 22 1296.650000
demand_229 9 23 535.748000
demand_230 10 0 950.442000
demand_231 10 1 251.427000
demand_232 10 2 1392.010000
demand_233 10 3 1298.380000
demand_234 10 4 398.642000
demand_235 10 5 1204.170000
demand_236 10 6 326.150000
demand_237 10 7 311.587000
demand_238 10 8 194.339000
demand_239 10 9 1132.170000
demand_240 10 11 639.779000
demand_241 10 12 690.385000
demand_242 10 13 206.373000
demand_243 10 14 357.526000
demand_244 10 15 922.322000
demand_245 10 16 1058.090000
demand_246 10 17 1064.920000
demand_247 10 18 1320.860000
demand_248 10 19 1240.330000
demand_249 10 20 737.992000
demand_250 10 21 1191.100000
demand_251 10 22 1166.160000
demand_252 10 23 179.845000
demand_253 11 0 1281.840000
demand_254 11 1 328.503000
demand_255 11 2 1038.160000
demand_256 11 3 539.539000
demand_257 11 4 739.438000
demand_258 11 5 980.320000
demand_259 11 6 1080.750000
demand_260 11 7 239.155000
demand_261 11 8 318.230000
demand_262 11 9 719.733000
demand_263 11 10 237.331000
demand_264 11 12 890.413000
demand_265 11 13 950.299000
demand_266 11 14 1446.150000
demand_267 11 15 1495.040000
demand_268 11 16 1327.960000
demand_269 11 17 254.614000
demand_270 11 18 477.125000
demand_271 11 19 1420.480000
demand_272 11 20 758.565000
demand_273 11 21 195.776000
demand_274 11 22 1126.510000
demand_275 11 23 1166.940000
demand_276 12 0 1173.540000
demand_277 12 1 1163.930000
demand_278 12 2 1376.930000
demand_279 12 3 912.200000
demand_280 12 4 1051.410000
demand_281 12 5 910.282000
demand_282 12 6 1354.870000
demand_283 12 7 1160.250000
demand_284 12 8 824.735000
demand_285 12 9 1323.870000
demand_286 12 10 512.899000
demand_287 12 11 1199.400000
demand_288 12 13 1136.440000
demand_289 12 14 1387.460000
demand_290 12 15 226.665000
demand_291 12 16 975.788000
demand_292 12 17 1092.790000
demand_293 12 18 295.553000
demand_294 12 19 828.168000
demand_295 12 20 966.611000
demand_296 12 21 1038.660000
demand_297 12 22 1068.480000
demand_298 12 23 826.282000
demand_299 13 0 1038.870000
demand_300 13 1 1055.580000
demand_301 13 2 947.261000
demand_302 13 3 1266.330000
demand_303 13 4 1149.010000
demand_304 13 5 548.712000
demand_305 13 6 431.656000
demand_306 13 7 854.659000
demand_307 13 8 996.274000
demand_308 13 9 245.703000
demand_309 13 10 341.632000
demand_310 13 11 864.283000
demand_311 13 12 1351.480000
demand_312 13 14 1338.310000
demand_313 13 15 1461.830000
demand_314 13 16 674.708000
demand_315 13 17 1322.520000
demand_316 13 18 372.672000
demand_317 13 19 426.093000
demand_318 13 20 344.635000
demand_319 13 21 1267.900000
demand_320 13 22 1393.020000
demand_321 13 23 1386.470000
demand_322 14 0 807.733000
demand_323 14 1 656.598000
demand_324 14 2 432.503000
demand_325 14 3 233.995000
demand_326 14 4 532.569000
demand_327 14 5 1026.120000
demand_328 14 6 1273.100000
demand_329 14 7 571.770000
demand_330 14 8 943.390000
demand_331 14 9 1393.440000
demand_332 14 10 708.294000
demand_333 14 11 1073.050000
demand_334 14 12 1165.240000
demand_335 14 13 906.806000
demand_336 14 15 1294.980000
demand_337 14 16 1364.300000
demand_338 14 17 1203.890000
demand_339 14 18 1391.490000
demand_340 14 19 172.180000
demand_341 14 20 936.257000
demand_342 14 21 501.437000
demand_343 14 22 313.148000
demand_344 14 23 1470.240000
demand_345 15 0 826.871000
demand_346 15 1 155.504000
demand_347 15 2 1287.490000
demand_348 15 3 285.443000
demand_349 15 4 973.629000
demand_350 15 5 475.619000
demand_351 15 6 184.395000
demand_352 15 7 260.077000
demand_353 15 8 183.078000
demand_354 15 9 1029.800000
demand_355 15 10 604.684000
demand_356 15 11 1056.020000
demand_357 15 12 618.422000
demand_358 15 13 1271.920000
demand_359 15 14 766.064000
demand_360 15 16 1295.620000
demand_361 15 17 734.697000
demand_362 15 18 1079.310000
demand_363 15 19 1290.170000
demand_364 15 20 1247.940000
demand_365 15 21 777.185000
demand_366 15 22 1296.890000
demand_367 15 23 1190.990000
demand_368 16 0 900.263000
demand_369 16 1 605.577000
demand_370 16 2 220.240000
demand_371 16 3 808.375000
demand_372 16 4 696.901000
demand_373 16 5 352.604000
demand_374 16 6 157.265000
demand_375 16 7 539.498000
demand_376 16 8 420.443000
demand_377 16 9 315.120000
demand_378 16 10 420.647000
demand_379 16 11 782.980000
demand_380 16 12 753.182000
demand_381 16 13 857.574000
demand_382 16 14 385.689000
demand_383 16 15 630.410000
demand_384 16 17 816.211000
demand_385 16 18 188.148000
demand_386 16 19 1238.850000
demand_387 16 20 339.315000
demand_388 16 21 274.110000
demand_389 16 22 1145.720000
demand_390 16 23 1137.420000
demand_391 17 0 756.778000
demand_392 17 1 1434.060000
demand_393 17 2 687.410000
demand_394 17 3 1349.980000
demand_395 17 4 792.438000
demand_396 17 5 549.580000
demand_397 17 6 636.569000
demand_398 17 7 1197.600000
demand_399 17 8 159.129000
demand_400 17 9 1215.660000
demand_401 17 10 173.872000
demand_402 17 11 1328.650000
demand_403 17 12 1081.460000
demand_404 17 13 1392.060000
demand_405 17 14 1436.420000
demand_406 17 15 1118.320000
demand_407 17 16 1361.300000
demand_408 17 18 191.733000
demand_409 17 19 1125.350000
demand_410 17 20 572.360000
demand_411 17 21 458.748000
demand_412 17 22 826.931000
demand_413 17 23 942.791000
demand_414 18 0 558.960000
demand_415 18 1 1342.050000
demand_416 18 2 1111.420000
demand_417 18 3 1023.140000
demand_418 18 4 222.771000
demand_419 18 5 1082.650000
demand_420 18 6 946.448000
demand_421 18 7 985.365000
demand_422 18 8 560.042000
demand_423 18 9 920.535000
demand_424 18 10 1095.990000
demand_425 18 11 1270.190000
demand_426 18 12 174.728000
demand_427 18 13 506.041000
demand_428 18 14 310.319000
demand_429 18 15 634.909000
demand_430 18 16 392.501000
demand_431 18 17 1233.410000
demand_432 18 19 424.492000
demand_433 18 20 924.131000
demand_434 18 21 1168.310000
demand_435 18 22 1502.320000
demand_436 18 23 1336.100000
demand_437 19 0 160.933000
demand_438 19 1 815.149000
demand_439 19 2 1085.910000
demand_440 19 3 1382.860000
demand_441 19 4 334.184000
demand_442 19 5 284.558000
demand_443 19 6 862.602000
demand_444 19 7 1199.820000
demand_445 19 8 774.946000
demand_446 19 9 990.903000
demand_447 19 10 914.688000
demand_448 19 11 493.282000
demand_449 19 12 205.420000
demand_450 19 13 327.123000
demand_451 19 14 834.863000
demand_452 19 15 862.419000
demand_453 19 16 577.620000
demand_454 19 17 363.152000
demand_455 19 18 476.211000
demand_456 19 20 502.471000
demand_457 19 21 943.839000
demand_458 19 22 501.394000
demand_459 19 23 792.226000
demand_460 20 0 216.191000
demand_461 20 1 790.828000
demand_462 20 2 442.697000
demand_463 20 3 706.379000
demand_464 20 4 1310.690000
demand_465 20 5 1016.910000
demand_466 20 6 976.621000
demand_467 20 7 370.345000
demand_468 20 8 1008.840000
demand_469 20 9 470.989000
demand_470 20 10 1350.670000
demand_471 20 11 189.285000
demand_472 20 12 582.064000
demand_473 20 13 288.652000
demand_474 20 14 738.156000
demand_475 20 15 1094.890000
demand_476 20 16 905.385000
demand_477 20 17 1328.480000
demand_478 20 18 328.054000
demand_479 20 19 856.246000
demand_480 20 21 1461.450000
demand_481 20 22 1266.590000
demand_482 20 23 858.393000
demand_483 21 0 1235.350000
demand_484 21 1 887.559000
demand_485 21 2 894.952000
demand_486 21 3 557.368000
demand_487 21 4 1457.930000
demand_488 21 5 326.032000
demand_489 21 6 758.201000
demand_490 21 7 975.264000
demand_491 21 8 1205.460000
demand_492 21 9 1212.950000
demand_493 21 10 598.284000
demand_494 21 11 1311.410000
demand_495 21 12 1366.080000
demand_496 21 13 1178.730000
demand_497 21 14 295.020000
demand_498 21 15 979.647000
demand_499 21 16 266.605000
demand_500 21 17 589.030000
demand_501 21 18 370.330000
demand_502 21 19 621.508000
demand_503 21 20 710.680000
demand_504 21 22 1431.360000
demand_505 21 23 951.937000
demand_506 22 0 1387.180000
demand_507 22 1 563.541000
demand_508 22 2 675.656000
demand_509 22 3 743.057000
demand_510 22 4 1054.020000
demand_511 22 5 404.956000
demand_512 22 6 250.551000
demand_513 22 7 420.429000
demand_514 22 8 1047.210000
demand_515 22 9 724.060000
demand_516 22 10 624.272000
demand_517 22 11 316.841000
demand_518 22 12 1174.030000
demand_519 22 13 955.312000
demand_520 22 14 611.046000
demand_521 22 15 964.775000
demand_522 22 16 515.664000
demand_523 22 17 403.656000
demand_524 22 18 1354.080000
demand_525 22 19 901.786000
demand_526 22 20 1413.330000
demand_527 22 21 714.070000
demand_528 22 23 793.486000
demand_529 23 0 1462.690000
demand_530 23 1 488.919000
demand_531 23 2 605.486000
demand_532 23 3 1399.750000
demand_533 23 4 609.019000
demand_534 23 5 1278.410000
demand_535 23 6 218.648000
demand_536 23 7 449.798000
demand_537 23 8 205.906000
demand_538 23 9 830.167000
demand_539 23 10 466.757000
demand_540 23 11 874.700000
demand_541 23 12 1331.490000
demand_542 23 13 1366.060000
demand_543 23 14 417.334000
demand_544 23 15 1130.930000
demand_545 23 16 590.969000
demand_546 23 17 1368.940000
demand_547 23 18 1318.340000
demand_548 23 19 1467.260000
demand_549 23 20 1164.040000
demand_550 23 21 162.680000
demand_551 23 22 1199.500000
