DEMANDS 552
label src dest bw
demand_0 0 1 556.414000
demand_1 0 2 672.298000
demand_2 0 3 1171.490000
demand_3 0 4 211.210000
demand_4 0 5 1305.060000
demand_5 0 6 807.315000
demand_6 0 7 271.951000
demand_7 0 8 1023.780000
demand_8 0 9 784.618000
demand_9 0 10 542.597000
demand_10 0 11 1205.860000
demand_11 0 12 1013.890000
demand_12 0 13 617.240000
demand_13 0 14 597.348000
demand_14 0 15 899.784000
demand_15 0 16 1305.700000
demand_16 0 17 1408.160000
demand_17 0 18 195.994000
demand_18 0 19 513.606000
demand_19 0 20 144.431000
demand_20 0 21 195.710000
demand_21 0 22 370.943000
demand_22 0 23 744.951000
demand_23 1 0 454.756000
demand_24 1 2 564.933000
demand_25 1 3 728.127000
demand_26 1 4 665.887000
demand_27 1 5 1145.480000
demand_28 1 6 1289.520000
demand_29 1 7 1268.330000
demand_30 1 8 929.723000
demand_31 1 9 305.765000
demand_32 1 10 660.088000
demand_33 1 11 884.709000
demand_34 1 12 1212.210000
demand_35 1 13 1316.210000
demand_36 1 14 1326.490000
demand_37 1 15 873.413000
demand_38 1 16 548.190000
demand_39 1 17 1382.620000
demand_40 1 18 401.371000
demand_41 1 19 564.207000
demand_42 1 20 251.330000
demand_43 1 21 229.507000
demand_44 1 22 1350.990000
demand_45 1 23 1002.710000
demand_46 2 0 927.707000
demand_47 2 1 1177.790000
demand_48 2 3 426.183000
demand_49 2 4 404.076000
demand_50 2 5 313.487000
demand_51 2 6 208.062000
demand_52 2 7 1402.170000
demand_53 2 8 439.014000
demand_54 2 9 423.738000
demand_55 2 10 499.826000
demand_56 2 11 647.602000
demand_57 2 12 844.457000
demand_58 2 13 706.080000
demand_59 2 14 400.093000
demand_60 2 15 1203.060000
demand_61 2 16 328.130000
demand_62 2 17 824.295000
demand_63 2 18 1115.990000
demand_64 2 19 390.401000
demand_65 2 20 1406.940000
demand_66 2 21 1412.300000
demand_67 2 22 736.948000
demand_68 2 23 1213.410000
demand_69 3 0 268.755000
demand_70 3 1 1410.570000
demand_71 3 2 181.975000
demand_72 3 4 1378.310000
demand_73 3 5 972.525000
demand_74 3 6 474.943000
demand_75 3 7 970.847000
demand_76 3 8 1117.860000
demand_77 3 9 1382.600000
demand_78 3 10 621.092000
demand_79 3 11 741.831000
demand_80 3 12 394.498000
demand_81 3 13 838.833000
demand_82 3 14 573.686000
demand_83 3 15 593.226000
demand_84 3 16 591.755000
demand_85 3 17 930.699000
demand_86 3 18 341.927000
demand_87 3 19 1250.660000
demand_88 3 20 1423.790000
demand_89 3 21 812.394000
demand_90 3 22 810.853000
demand_91 3 23 1298.750000
demand_92 4 0 223.477000
demand_93 4 1 989.621000
demand_94 4 2 811.097000
demand_95 4 3 1340.000000
demand_96 4 5 1368.490000
demand_97 4 6 1070.000000
demand_98 4 7 836.082000
demand_99 4 8 246.188000
demand_100 4 9 810.154000
demand_101 4 10 272.698000
demand_102 4 11 183.290000
demand_103 4 12 316.468000
demand_104 4 13 308.141000
demand_105 4 14 520.485000
demand_106 4 15 630.651000
demand_107 4 16 169.479000
demand_108 4 17 678.804000
demand_109 4 18 880.596000
demand_110 4 19 1267.990000
demand_111 4 20 1061.670000
demand_112 4 21 1240.560000
demand_113 4 22 309.101000
demand_114 4 23 302.855000
demand_115 5 0 1009.770000
demand_116 5 1 1185.330000
demand_117 5 2 961.757000
demand_118 5 3 489.101000
demand_119 5 4 971.977000
demand_120 5 6 871.162000
demand_121 5 7 326.796000
demand_122 5 8 1041.430000
demand_123 5 9 478.918000
demand_124 5 10 965.180000
demand_125 5 11 1235.280000
demand_126 5 12 523.957000
demand_127 5 13 781.496000
demand_128 5 14 497.132000
demand_129 5 15 553.169000
demand_130 5 16 1161.840000
demand_131 5 17 845.132000
demand_132 5 18 650.444000
demand_133 5 19 772.377000
demand_134 5 20 341.873000
demand_135 5 21 603.718000
demand_136 5 22 943.196000
demand_137 5 23 1187.540000
demand_138 6 0 381.700000
demand_139 6 1 1381.590000
demand_140 6 2 1252.210000
demand_141 6 3 423.210000
demand_142 6 4 442.620000
demand_143 6 5 406.804000
demand_144 6 7 803.540000
demand_145 6 8 1193.560000
demand_146 6 9 381.476000
demand_147 6 10 541.385000
demand_148 6 11 592.928000
demand_149 6 12 1403.680000
demand_150 6 13 577.924000
demand_151 6 14 972.090000
demand_152 6 15 793.552000
demand_153 6 16 1087.960000
demand_154 6 17 1239.190000
demand_155 6 18 320.823000
demand_156 6 19 1258.250000
demand_157 6 20 481.476000
demand_158 6 21 142.915000
demand_159 6 22 893.229000
demand_160 6 23 1064.350000
demand_161 7 0 220.102000
demand_162 7 1 209.138000
demand_163 7 2 410.498000
demand_164 7 3 615.182000
demand_165 7 4 1217.230000
demand_166 7 5 1369.920000
demand_167 7 6 302.214000
demand_168 7 8 688.672000
demand_169 7 9 346.594000
demand_170 7 10 495.423000
demand_171 7 11 521.513000
demand_172 7 12 655.256000
demand_173 7 13 1078.770000
demand_174 7 14 1010.740000
demand_175 7 15 1413.120000
demand_176 7 16 1287.750000
demand_177 7 17 1401.860000
demand_178 7 18 363.477000
demand_179 7 19 524.116000
demand_180 7 20 1033.040000
demand_181 7 21 1418.950000
demand_182 7 22 1135.170000
demand_183 7 23 545.828000
demand_184 8 0 912.874000
demand_185 8 1 868.689000
demand_186 8 2 305.984000
demand_187 8 3 504.303000
demand_188 8 4 596.919000
demand_189 8 5 911.929000
demand_190 8 6 283.051000
demand_191 8 7 516.065000
demand_192 8 9 799.835000
demand_193 8 10 677.391000
demand_194 8 11 536.442000
demand_195 8 12 910.095000
demand_196 8 13 171.361000
demand_197 8 14 1425.640000
demand_198 8 15 1300.810000
demand_199 8 16 1243.890000
demand_200 8 17 945.955000
demand_201 8 18 804.096000
demand_202 8 19 215.841000
demand_203 8 20 1403.530000
demand_204 8 21 223.287000
demand_205 8 22 461.217000
demand_206 8 23 1194.750000
demand_207 9 0 409.158000
demand_208 9 1 443.250000
demand_209 9 2 171.630000
demand_210 9 3 528.814000
demand_211 9 4 215.582000
demand_212 9 5 721.300000
demand_213 9 6 1225.790000
demand_214 9 7 533.896000
demand_215 9 8 527.778000
demand_216 9 10 1206.190000
demand_217 9 11 835.951000
demand_218 9 12 1399.590000
demand_219 9 13 218.725000
demand_220 9 14 1257.350000
demand_221 9 15 867.903000
demand_222 9 16 273.990000
demand_223 9 17 831.341000
demand_224 9 18 725.183000
demand_225 9 19 772.956000
demand_226 9 20 330.239000
demand_227 9 21 1007.140000
demand_228 9 22 192.204000
demand_229 9 23 1337.780000
demand_230 10 0 1237.860000
demand_231 10 1 820.928000
demand_232 10 2 630.986000
demand_233 10 3 1379.330000
demand_234 10 4 1132.010000
demand_235 10 5 1335.670000
demand_236 10 6 1133.930000
demand_237 10 7 1410.470000
demand_238 10 8 908.388000
demand_239 10 9 592.581000
demand_240 10 11 1117.450000
demand_241 10 12 1286.690000
demand_242 10 13 421.885000
demand_243 10 14 1179.900000
demand_244 10 15 1172.360000
demand_245 10 16 1012.100000
demand_246 10 17 1241.190000
demand_247 10 18 1371.450000
demand_248 10 19 1320.440000
demand_249 10 20 884.630000
demand_250 10 21 209.081000
demand_251 10 22 775.869000
demand_252 10 23 770.634000
demand_253 11 0 1007.280000
demand_254 11 1 1365.790000
demand_255 11 2 834.736000
demand_256 11 3 811.202000
demand_257 11 4 1164.770000
demand_258 11 5 893.822000
demand_259 11 6 871.855000
demand_260 11 7 873.039000
demand_261 11 8 918.909000
demand_262 11 9 277.598000
demand_263 11 10 366.004000
demand_264 11 12 821.479000
demand_265 11 13 928.556000
demand_266 11 14 1136.790000
demand_267 11 15 716.051000
demand_268 11 16 974.875000
demand_269 11 17 680.457000
demand_270 11 18 1026.940000
demand_271 11 19 1393.810000
demand_272 11 20 964.428000
demand_273 11 21 314.484000
demand_274 11 22 1112.730000
demand_275 11 23 436.309000
demand_276 12 0 1367.830000
demand_277 12 1 1197.040000
demand_278 12 2 1175.600000
demand_279 12 3 900.732000
demand_280 12 4 988.786000
demand_281 12 5 169.127000
demand_282 12 6 1024.260000
demand_283 12 7 299.202000
demand_284 12 8 337.203000
demand_285 12 9 1085.360000
demand_286 12 10 618.276000
demand_287 12 11 1390.850000
demand_288 12 13 324.658000
demand_289 12 14 218.557000
demand_290 12 15 620.034000
demand_291 12 16 632.976000
demand_292 12 17 1079.540000
demand_293 12 18 322.682000
demand_294 12 19 308.380000
demand_295 12 20 1003.280000
demand_296 12 21 596.258000
demand_297 12 22 820.536000
demand_298 12 23 486.092000
demand_299 13 0 517.385000
demand_300 13 1 392.113000
demand_301 13 2 443.259000
demand_302 13 3 279.083000
demand_303 13 4 685.016000
demand_304 13 5 971.173000
demand_305 13 6 267.798000
demand_306 13 7 165.842000
demand_307 13 8 1111.590000
demand_308 13 9 403.290000
demand_309 13 10 1395.160000
demand_310 13 11 1262.440000
demand_311 13 12 433.586000
demand_312 13 14 261.138000
demand_313 13 15 486.810000
demand_314 13 16 1289.630000
demand_315 13 17 1006.230000
demand_316 13 18 277.859000
demand_317 13 19 1316.210000
demand_318 13 20 962.350000
demand_319 13 21 758.344000
demand_320 13 22 1209.680000
demand_321 13 23 1099.740000
demand_322 14 0 1284.730000
demand_323 14 1 563.994000
demand_324 14 2 924.556000
demand_325 14 3 1308.810000
demand_326 14 4 344.746000
demand_327 14 5 1090.750000
demand_328 14 6 789.961000
demand_329 14 7 148.908000
demand_330 14 8 723.815000
demand_331 14 9 589.697000
demand_332 14 10 1316.570000
demand_333 14 11 815.528000
demand_334 14 12 1161.140000
demand_335 14 13 662.228000
demand_336 14 15 566.432000
demand_337 14 16 681.833000
demand_338 14 17 554.256000
demand_339 14 18 889.518000
demand_340 14 19 1339.570000
demand_341 14 20 319.344000
demand_342 14 21 1150.070000
demand_343 14 22 533.345000
demand_344 14 23 1058.070000
demand_345 15 0 409.774000
demand_346 15 1 1166.440000
demand_347 15 2 811.083000
demand_348 15 3 144.369000
demand_349 15 4 1279.570000
demand_350 15 5 1114.360000
demand_351 15 6 975.767000
demand_352 15 7 458.194000
demand_353 15 8 427.136000
demand_354 15 9 272.792000
demand_355 15 10 628.417000
demand_356 15 11 208.766000
demand_357 15 12 1364.120000
demand_358 15 13 902.648000
demand_359 15 14 685.865000
demand_360 15 16 793.104000
demand_361 15 17 1327.040000
demand_362 15 18 442.265000
demand_363 15 19 816.201000
demand_364 15 20 354.889000
demand_365 15 21 447.892000
demand_366 15 22 766.378000
demand_367 15 23 181.019000
demand_368 16 0 620.266000
demand_369 16 1 986.336000
demand_370 16 2 403.548000
demand_371 16 3 168.704000
demand_372 16 4 1394.780000
demand_373 16 5 1219.160000
demand_374 16 6 1312.390000
demand_375 16 7 666.347000
demand_376 16 8 843.577000
demand_377 16 9 1296.030000
demand_378 16 10 752.953000
demand_379 16 11 747.704000
demand_380 16 12 1172.740000
demand_381 16 13 1086.620000
demand_382 16 14 659.863000
demand_383 16 15 234.728000
demand_384 16 17 675.324000
demand_385 16 18 750.376000
demand_386 16 19 583.406000
demand_387 16 20 159.182000
demand_388 16 21 1045.270000
demand_389 16 22 289.004000
demand_390 16 23 148.752000
demand_391 17 0 1081.740000
demand_392 17 1 695.971000
demand_393 17 2 608.153000
demand_394 17 3 1141.730000
demand_395 17 4 641.095000
demand_396 17 5 1296.550000
demand_397 17 6 1305.410000
demand_398 17 7 1112.500000
demand_399 17 8 474.804000
demand_400 17 9 1182.290000
demand_401 17 10 1049.930000
demand_402 17 11 1282.720000
demand_403 17 12 528.070000
demand_404 17 13 208.176000
demand_405 17 14 1114.570000
demand_406 17 15 324.928000
demand_407 17 16 418.097000
demand_408 17 18 461.623000
demand_409 17 19 639.494000
demand_410 17 20 378.185000
demand_411 17 21 1071.880000
demand_412 17 22 277.138000
demand_413 17 23 1131.000000
demand_414 18 0 346.273000
demand_415 18 1 847.503000
demand_416 18 2 402.750000
demand_417 18 3 388.547000
demand_418 18 4 238.129000
demand_419 18 5 1181.220000
demand_420 18 6 844.811000
demand_421 18 7 333.095000
demand_422 18 8 1196.270000
demand_423 18 9 351.051000
demand_424 18 10 1318.480000
demand_425 18 11 1234.570000
demand_426 18 12 189.876000
demand_427 18 13 463.290000
demand_428 18 14 1373.880000
demand_429 18 15 208.485000
demand_430 18 16 515.540000
demand_431 18 17 867.216000
demand_432 18 19 1347.080000
demand_433 18 20 980.863000
demand_434 18 21 736.073000
demand_435 18 22 597.127000
demand_436 18 23 1003.950000
demand_437 19 0 1166.300000
demand_438 19 1 803.599000
demand_439 19 2 1296.090000
demand_440 19 3 1279.950000
demand_441 19 4 689.578000
demand_442 19 5 1015.630000
demand_443 19 6 756.664000
demand_444 19 7 400.760000
demand_445 19 8 242.012000
demand_446 19 9 1246.940000
demand_447 19 10 774.097000
demand_448 19 11 1338.040000
demand_449 19 12 1051.810000
demand_450 19 13 898.790000
demand_451 19 14 257.277000
demand_452 19 15 403.381000
demand_453 19 16 419.772000
demand_454 19 17 1306.200000
demand_455 19 18 1204.570000
demand_456 19 20 432.681000
demand_457 19 21 317.649000
demand_458 19 22 1232.370000
demand_459 19 23 869.723000
demand_460 20 0 1090.740000
demand_461 20 1 1171.350000
demand_462 20 2 987.696000
demand_463 20 3 1180.840000
demand_464 20 4 920.431000
demand_465 20 5 741.882000
demand_466 20 6 565.388000
demand_467 20 7 751.409000
demand_468 20 8 888.383000
demand_469 20 9 1383.370000
demand_470 20 10 463.741000
demand_471 20 11 1308.240000
demand_472 20 12 390.736000
demand_473 20 13 1412.100000
demand_474 20 14 980.193000
demand_475 20 15 594.560000
demand_476 20 16 201.913000
demand_477 20 17 377.794000
demand_478 20 18 1209.430000
demand_479 20 19 257.348000
demand_480 20 21 926.066000
demand_481 20 22 924.885000
demand_482 20 23 1372.690000
demand_483 21 0 1314.720000
demand_484 21 1 1366.110000
demand_485 21 2 988.902000
demand_486 21 3 346.171000
demand_487 21 4 1284.870000
demand_488 21 5 875.860000
demand_489 21 6 509.555000
demand_490 21 7 253.723000
demand_491 21 8 242.765000
demand_492 21 9 502.489000
demand_493 21 10 851.202000
demand_494 21 11 1203.880000
demand_495 21 12 171.931000
demand_496 21 13 696.678000
demand_497 21 14 985.427000
demand_498 21 15 1290.770000
demand_499 21 16 286.489000
demand_500 21 17 1334.810000
demand_501 21 18 323.119000
demand_502 21 19 715.102000
demand_503 21 20 558.308000
demand_504 21 22 1378.520000
demand_505 21 23 835.048000
demand_506 22 0 404.820000
demand_507 22 1 253.484000
demand_508 22 2 184.281000
demand_509 22 3 467.946000
demand_510 22 4 633.073000
demand_511 22 5 1334.550000
demand_512 22 6 684.198000
demand_513 22 7 779.957000
demand_514 22 8 191.557000
demand_515 22 9 1249.540000
demand_516 22 10 646.052000
demand_517 22 11 526.889000
demand_518 22 12 826.015000
demand_519 22 13 904.323000
demand_520 22 14 1417.960000
demand_521 22 15 1157.940000
demand_522 22 16 1206.170000
demand_523 22 17 1088.520000
demand_524 22 18 1260.440000
demand_525 22 19 684.459000
demand_526 22 20 505.674000
demand_527 22 21 1086.630000
demand_528 22 23 401.041000
demand_529 23 0 1035.340000
demand_530 23 1 1359.880000
demand_531 23 2 522.861000
demand_532 23 3 496.511000
demand_533 23 4 765.022000
demand_534 23 5 732.105000
demand_535 23 6 639.020000
demand_536 23 7 178.072000
demand_537 23 8 490.330000
demand_538 23 9 501.107000
demand_539 23 10 328.303000
demand_540 23 11 1152.090000
demand_541 23 12 488.485000
demand_542 23 13 707.381000
demand_543 23 14 654.168000
demand_544 23 15 571.452000
demand_545 23 16 761.254000
demand_546 23 17 525.700000
demand_547 23 18 603.114000
demand_548 23 19 172.698000
demand_549 23 20 574.481000
demand_550 23 21 1269.230000
demand_551 23 22 995.100000
