DEMANDS 552
label src dest bw
demand_0 0 1 735.084000
demand_1 0 2 1268.970000
demand_2 0 3 1136.320000
demand_3 0 4 240.072000
demand_4 0 5 822.212000
demand_5 0 6 278.785000
demand_6 0 7 632.609000
demand_7 0 8 874.664000
demand_8 0 9 1255.400000
demand_9 0 10 695.263000
demand_10 0 11 1015.460000
demand_11 0 12 1315.300000
demand_12 0 13 329.958000
demand_13 0 14 1254.540000
demand_14 0 15 171.631000
demand_15 0 16 1300.670000
demand_16 0 17 189.463000
demand_17 0 18 802.954000
demand_18 0 19 713.937000
demand_19 0 20 419.551000
demand_20 0 21 453.286000
demand_21 0 22 614.415000
demand_22 0 23 365.927000
demand_23 1 0 954.098000
demand_24 1 2 329.582000
demand_25 1 3 501.351000
demand_26 1 4 1175.350000
demand_27 1 5 1154.120000
demand_28 1 6 1193.420000
demand_29 1 7 1095.020000
demand_30 1 8 336.490000
demand_31 1 9 1346.940000
demand_32 1 10 460.990000
demand_33 1 11 1336.870000
demand_34 1 12 1110.710000
demand_35 1 13 519.418000
demand_36 1 14 1262.460000
demand_37 1 15 807.660000
demand_38 1 16 1418.220000
demand_39 1 17 1001.210000
demand_40 1 18 235.019000
demand_41 1 19 653.800000
demand_42 1 20 574.386000
demand_43 1 21 1406.510000
demand_44 1 22 1067.250000
demand_45 1 23 563.802000
demand_46 2 0 488.918000
demand_47 2 1 968.243000
demand_48 2 3 1204.950000
demand_49 2 4 418.000000
demand_50 2 5 1115.660000
demand_51 2 6 422.051000
demand_52 2 7 527.735000
demand_53 2 8 592.308000
demand_54 2 9 663.605000
demand_55 2 10 370.653000
demand_56 2 11 1256.410000
demand_57 2 12 804.477000
demand_58 2 13 255.312000
demand_59 2 14 1140.950000
demand_60 2 15 649.426000
demand_61 2 16 1376.580000
demand_62 2 17 1194.750000
demand_63 2 18 295.045000
demand_64 2 19 978.946000
demand_65 2 20 1275.840000
demand_66 2 21 868.853000
demand_67 2 22 1108.460000
demand_68 2 23 1296.880000
demand_69 3 0 876.695000
demand_70 3 1 1002.260000
demand_71 3 2 594.811000
demand_72 3 4 459.198000
demand_73 3 5 746.495000
demand_74 3 6 224.083000
demand_75 3 7 1421.840000
demand_76 3 8 1096.930000
demand_77 3 9 215.914000
demand_78 3 10 752.801000
demand_79 3 11 782.889000
demand_80 3 12 837.408000
demand_81 3 13 832.518000
demand_82 3 14 971.289000
demand_83 3 15 935.584000
demand_84 3 16 698.417000
demand_85 3 17 943.831000
demand_86 3 18 388.228000
demand_87 3 19 1170.840000
demand_88 3 20 474.988000
demand_89 3 21 1402.100000
demand_90 3 22 352.884000
demand_91 3 23 1194.050000
demand_92 4 0 669.297000
demand_93 4 1 809.164000
demand_94 4 2 185.299000
demand_95 4 3 757.206000
demand_96 4 5 1190.150000
demand_97 4 6 423.424000
demand_98 4 7 945.450000
demand_99 4 8 522.536000
demand_100 4 9 1240.820000
demand_101 4 10 1129.660000
demand_102 4 11 1350.180000
demand_103 4 12 1098.890000
demand_104 4 13 258.819000
demand_105 4 14 1326.530000
demand_106 4 15 202.754000
demand_107 4 16 948.845000
demand_108 4 17 918.440000
demand_109 4 18 598.785000
demand_110 4 19 148.749000
demand_111 4 20 903.322000
demand_112 4 21 457.382000
demand_113 4 22 651.232000
demand_114 4 23 799.040000
demand_115 5 0 1280.750000
demand_116 5 1 250.072000
demand_117 5 2 1097.120000
demand_118 5 3 276.046000
demand_119 5 4 490.601000
demand_120 5 6 157.709000
demand_121 5 7 1213.930000
demand_122 5 8 227.514000
demand_123 5 9 787.738000
demand_124 5 10 1194.140000
demand_125 5 11 651.110000
demand_126 5 12 310.290000
demand_127 5 13 317.159000
demand_128 5 14 766.531000
demand_129 5 15 186.674000
demand_130 5 16 469.185000
demand_131 5 17 1270.360000
demand_132 5 18 1095.400000
demand_133 5 19 683.839000
demand_134 5 20 465.587000
demand_135 5 21 437.546000
demand_136 5 22 968.547000
demand_137 5 23 825.175000
demand_138 6 0 1177.610000
demand_139 6 1 473.808000
demand_140 6 2 721.831000
demand_141 6 3 454.168000
demand_142 6 4 1282.510000
demand_143 6 5 1322.650000
demand_144 6 7 709.831000
demand_145 6 8 752.033000
demand_146 6 9 1039.240000
demand_147 6 10 1428.290000
demand_148 6 11 1274.600000
demand_149 6 12 814.804000
demand_150 6 13 1208.960000
demand_151 6 14 1125.830000
demand_152 6 15 946.843000
demand_153 6 16 1084.300000
demand_154 6 17 1319.980000
demand_155 6 18 230.897000
demand_156 6 19 997.398000
demand_157 6 20 976.840000
demand_158 6 21 553.789000
demand_159 6 22 580.785000
demand_160 6 23 352.552000
demand_161 7 0 1137.440000
demand_162 7 1 1085.880000
demand_163 7 2 534.998000
demand_164 7 3 841.252000
demand_165 7 4 357.268000
demand_166 7 5 680.259000
demand_167 7 6 1337.400000
demand_168 7 8 1424.490000
demand_169 7 9 1312.390000
demand_170 7 10 1231.600000
demand_171 7 11 1289.090000
demand_172 7 12 661.955000
demand_173 7 13 1216.340000
demand_174 7 14 1314.430000
demand_175 7 15 467.989000
demand_176 7 16 1124.560000
demand_177 7 17 570.601000
demand_178 7 18 416.015000
demand_179 7 19 987.188000
demand_180 7 20 661.530000
demand_181 7 21 327.989000
demand_182 7 22 578.140000
demand_183 7 23 1024.730000
demand_184 8 0 1084.950000
demand_185 8 1 357.870000
demand_186 8 2 1058.550000
demand_187 8 3 618.775000
demand_188 8 4 875.514000
demand_189 8 5 349.823000
demand_190 8 6 1001.790000
demand_191 8 7 459.706000
demand_192 8 9 1178.420000
demand_193 8 10 395.468000
demand_194 8 11 1339.370000
demand_195 8 12 848.217000
demand_196 8 13 1147.610000
demand_197 8 14 1145.420000
demand_198 8 15 1378.600000
demand_199 8 16 370.116000
demand_200 8 17 655.888000
demand_201 8 18 883.533000
demand_202 8 19 963.151000
demand_203 8 20 347.623000
demand_204 8 21 166.228000
demand_205 8 22 1294.220000
demand_206 8 23 921.701000
demand_207 9 0 1018.040000
demand_208 9 1 1240.600000
demand_209 9 2 369.984000
demand_210 9 3 812.000000
demand_211 9 4 1172.850000
demand_212 9 5 730.031000
demand_213 9 6 879.540000
demand_214 9 7 790.601000
demand_215 9 8 153.849000
demand_216 9 10 542.160000
demand_217 9 11 834.145000
demand_218 9 12 524.894000
demand_219 9 13 1175.960000
demand_220 9 14 907.675000
demand_221 9 15 826.902000
demand_222 9 16 859.981000
demand_223 9 17 235.395000
demand_224 9 18 489.652000
demand_225 9 19 326.503000
demand_226 9 20 624.171000
demand_227 9 21 981.514000
demand_228 9 22 415.086000
demand_229 9 23 1312.830000
demand_230 10 0 1354.020000
demand_231 10 1 835.994000
demand_232 10 2 1004.400000
demand_233 10 3 531.434000
demand_234 10 4 314.088000
demand_235 10 5 874.036000
demand_236 10 6 1035.760000
demand_237 10 7 604.326000
demand_238 10 8 533.011000
demand_239 10 9 1037.810000
demand_240 10 11 1257.450000
demand_241 10 12 552.228000
demand_242 10 13 662.313000
demand_243 10 14 1378.500000
demand_244 10 15 1078.730000
demand_245 10 16 1179.950000
demand_246 10 17 1075.580000
demand_247 10 18 409.649000
demand_248 10 19 543.258000
demand_249 10 20 1120.500000
demand_250 10 21 1067.100000
demand_251 10 22 213.343000
demand_252 10 23 292.313000
demand_253 11 0 1336.520000
demand_254 11 1 1391.990000
demand_255 11 2 708.311000
demand_256 11 3 303.468000
demand_257 11 4 208.523000
demand_258 11 5 404.365000
demand_259 11 6 1196.580000
demand_260 11 7 317.201000
demand_261 11 8 542.889000
demand_262 11 9 184.210000
demand_263 11 10 779.548000
demand_264 11 12 172.874000
demand_265 11 13 578.682000
demand_266 11 14 179.976000
demand_267 11 15 1001.100000
demand_268 11 16 521.686000
demand_269 11 17 1162.990000
demand_270 11 18 637.481000
demand_271 11 19 772.918000
demand_272 11 20 1107.630000
demand_273 11 21 947.841000
demand_274 11 22 1339.720000
demand_275 11 23 451.706000
demand_276 12 0 1280.770000
demand_277 12 1 1309.260000
demand_278 12 2 585.808000
demand_279 12 3 456.114000
demand_280 12 4 161.906000
demand_281 12 5 156.049000
demand_282 12 6 1350.560000
demand_283 12 7 616.837000
demand_284 12 8 781.984000
demand_285 12 9 432.194000
demand_286 12 10 175.491000
demand_287 12 11 273.670000
demand_288 12 13 168.946000
demand_289 12 14 836.147000
demand_290 12 15 439.852000
demand_291 12 16 1326.180000
demand_292 12 17 723.712000
demand_293 12 18 1026.150000
demand_294 12 19 570.168000
demand_295 12 20 1117.560000
demand_296 12 21 1357.300000
demand_297 12 22 609.089000
demand_298 12 23 1104.890000
demand_299 13 0 1307.370000
demand_300 13 1 1102.310000
demand_301 13 2 1055.980000
demand_302 13 3 1400.740000
demand_303 13 4 827.981000
demand_304 13 5 189.465000
demand_305 13 6 784.544000
demand_306 13 7 597.390000
demand_307 13 8 753.636000
demand_308 13 9 1336.830000
demand_309 13 10 651.465000
demand_310 13 11 1214.070000
demand_311 13 12 1222.780000
demand_312 13 14 1126.210000
demand_313 13 15 837.309000
demand_314 13 16 1189.960000
demand_315 13 17 674.526000
demand_316 13 18 771.330000
demand_317 13 19 1060.210000
demand_318 13 20 584.907000
demand_319 13 21 743.284000
demand_320 13 22 482.863000
demand_321 13 23 356.451000
demand_322 14 0 378.015000
demand_323 14 1 569.509000
demand_324 14 2 1365.070000
demand_325 14 3 680.796000
demand_326 14 4 1206.060000
demand_327 14 5 753.156000
demand_328 14 6 291.885000
demand_329 14 7 602.363000
demand_330 14 8 928.531000
demand_331 14 9 853.408000
demand_332 14 10 692.326000
demand_333 14 11 531.517000
demand_334 14 12 147.444000
demand_335 14 13 1392.460000
demand_336 14 15 521.748000
demand_337 14 16 1321.170000
demand_338 14 17 1066.520000
demand_339 14 18 1411.020000
demand_340 14 19 183.118000
demand_341 14 20 509.629000
demand_342 14 21 1041.430000
demand_343 14 22 1324.320000
demand_344 14 23 765.102000
demand_345 15 0 1258.170000
demand_346 15 1 1393.720000
demand_347 15 2 1189.990000
demand_348 15 3 431.735000
demand_349 15 4 834.907000
demand_350 15 5 551.468000
demand_351 15 6 261.691000
demand_352 15 7 733.763000
demand_353 15 8 1030.780000
demand_354 15 9 1299.540000
demand_355 15 10 1327.300000
demand_356 15 11 145.278000
demand_357 15 12 1405.530000
demand_358 15 13 738.233000
demand_359 15 14 1061.740000
demand_360 15 16 194.272000
demand_361 15 17 476.313000
demand_362 15 18 285.081000
demand_363 15 19 629.680000
demand_364 15 20 573.691000
demand_365 15 21 264.915000
demand_366 15 22 1222.540000
demand_367 15 23 467.325000
demand_368 16 0 461.815000
demand_369 16 1 674.918000
demand_370 16 2 1412.690000
demand_371 16 3 954.448000
demand_372 16 4 1324.410000
demand_373 16 5 1156.870000
demand_374 16 6 579.047000
demand_375 16 7 933.234000
demand_376 16 8 1028.870000
demand_377 16 9 1324.550000
demand_378 16 10 498.319000
demand_379 16 11 1131.470000
demand_380 16 12 276.596000
demand_381 16 13 1059.740000
demand_382 16 14 1148.390000
demand_383 16 15 1102.160000
demand_384 16 17 1134.220000
demand_385 16 18 894.453000
demand_386 16 19 805.597000
demand_387 16 20 534.809000
demand_388 16 21 847.836000
demand_389 16 22 958.625000
demand_390 16 23 894.648000
demand_391 17 0 156.573000
demand_392 17 1 1215.770000
demand_393 17 2 1002.700000
demand_394 17 3 499.211000
demand_395 17 4 1322.380000
demand_396 17 5 1044.600000
demand_397 17 6 962.054000
demand_398 17 7 872.752000
demand_399 17 8 606.246000
demand_400 17 9 461.571000
demand_401 17 10 988.215000
demand_402 17 11 200.243000
demand_403 17 12 649.359000
demand_404 17 13 1209.540000
demand_405 17 14 1107.840000
demand_406 17 15 602.853000
demand_407 17 16 894.775000
demand_408 17 18 631.079000
demand_409 17 19 624.150000
demand_410 17 20 220.036000
demand_411 17 21 155.234000
demand_412 17 22 737.294000
demand_413 17 23 1022.450000
demand_414 18 0 819.115000
demand_415 18 1 1189.930000
demand_416 18 2 531.815000
demand_417 18 3 580.529000
demand_418 18 4 274.889000
demand_419 18 5 865.289000
demand_420 18 6 575.784000
demand_421 18 7 688.881000
demand_422 18 8 1216.050000
demand_423 18 9 995.250000
demand_424 18 10 181.496000
demand_425 18 11 217.852000
demand_426 18 12 397.133000
demand_427 18 13 952.049000
demand_428 18 14 256.516000
demand_429 18 15 603.092000
demand_430 18 16 187.325000
demand_431 18 17 506.407000
demand_432 18 19 1306.890000
demand_433 18 20 680.741000
demand_434 18 21 880.101000
demand_435 18 22 481.929000
demand_436 18 23 302.345000
demand_437 19 0 492.806000
demand_438 19 1 492.300000
demand_439 19 2 942.225000
demand_440 19 3 472.249000
demand_441 19 4 496.635000
demand_442 19 5 1335.980000
demand_443 19 6 767.613000
demand_444 19 7 998.819000
demand_445 19 8 587.245000
demand_446 19 9 551.073000
demand_447 19 10 294.783000
demand_448 19 11 613.865000
demand_449 19 12 861.862000
demand_450 19 13 240.604000
demand_451 19 14 771.551000
demand_452 19 15 646.038000
demand_453 19 16 1031.850000
demand_454 19 17 577.919000
demand_455 19 18 1383.600000
demand_456 19 20 1285.240000
demand_457 19 21 269.667000
demand_458 19 22 1245.230000
demand_459 19 23 1425.080000
demand_460 20 0 749.146000
demand_461 20 1 394.111000
demand_462 20 2 824.697000
demand_463 20 3 470.599000
demand_464 20 4 280.303000
demand_465 20 5 965.439000
demand_466 20 6 874.199000
demand_467 20 7 699.722000
demand_468 20 8 1273.110000
demand_469 20 9 775.299000
demand_470 20 10 1000.170000
demand_471 20 11 1075.510000
demand_472 20 12 707.595000
demand_473 20 13 384.640000
demand_474 20 14 218.804000
demand_475 20 15 1095.970000
demand_476 20 16 339.675000
demand_477 20 17 708.562000
demand_478 20 18 1307.570000
demand_479 20 19 1211.580000
demand_480 20 21 871.447000
demand_481 20 22 1388.240000
demand_482 20 23 1176.100000
demand_483 21 0 394.121000
demand_484 21 1 1047.890000
demand_485 21 2 809.268000
demand_486 21 3 191.387000
demand_487 21 4 1077.990000
demand_488 21 5 1066.360000
demand_489 21 6 1344.560000
demand_490 21 7 517.797000
demand_491 21 8 290.560000
demand_492 21 9 208.907000
demand_493 21 10 309.831000
demand_494 21 11 1101.530000
demand_495 21 12 831.014000
demand_496 21 13 526.145000
demand_497 21 14 790.562000
demand_498 21 15 1327.360000
demand_499 21 16 167.673000
demand_500 21 17 1370.170000
demand_501 21 18 874.627000
demand_502 21 19 653.281000
demand_503 21 20 399.774000
demand_504 21 22 269.424000
demand_505 21 23 694.894000
demand_506 22 0 1052.830000
demand_507 22 1 698.070000
demand_508 22 2 1101.370000
demand_509 22 3 911.224000
demand_510 22 4 1394.520000
demand_511 22 5 1297.810000
demand_512 22 6 407.294000
demand_513 22 7 1332.130000
demand_514 22 8 923.320000
demand_515 22 9 425.206000
demand_516 22 10 759.086000
demand_517 22 11 488.819000
demand_518 22 12 769.577000
demand_519 22 13 603.496000
demand_520 22 14 857.968000
demand_521 22 15 301.328000
demand_522 22 16 1193.570000
demand_523 22 17 803.032000
demand_524 22 18 1231.290000
demand_525 22 19 579.408000
demand_526 22 20 1014.570000
demand_527 22 21 799.966000
demand_528 22 23 649.325000
demand_529 23 0 946.332000
demand_530 23 1 622.054000
demand_531 23 2 338.212000
demand_532 23 3 563.208000
demand_533 23 4 974.721000
demand_534 23 5 856.651000
demand_535 23 6 1410.630000
demand_536 23 7 966.785000
demand_537 23 8 411.904000
demand_538 23 9 1358.230000
demand_539 23 10 1083.970000
demand_540 23 11 170.513000
demand_541 23 12 901.891000
demand_542 23 13 175.481000
demand_543 23 14 1107.750000
demand_544 23 15 445.735000
demand_545 23 16 192.254000
demand_546 23 17 381.154000
demand_547 23 18 1219.890000
demand_548 23 19 661.750000
demand_549 23 20 156.477000
demand_550 23 21 656.523000
demand_551 23 22 694.544000
