DEMANDS 552
label src dest bw
demand_0 0 1 1312.170000
demand_1 0 2 847.388000
demand_2 0 3 431.525000
demand_3 0 4 950.334000
demand_4 0 5 1467.410000
demand_5 0 6 865.207000
demand_6 0 7 782.748000
demand_7 0 8 915.063000
demand_8 0 9 840.496000
demand_9 0 10 973.767000
demand_10 0 11 1216.510000
demand_11 0 12 1163.080000
demand_12 0 13 490.799000
demand_13 0 14 1427.410000
demand_14 0 15 1136.630000
demand_15 0 16 849.181000
demand_16 0 17 1160.890000
demand_17 0 18 547.987000
demand_18 0 19 1209.770000
demand_19 0 20 1002.940000
demand_20 0 21 620.407000
demand_21 0 22 1170.940000
demand_22 0 23 856.550000
demand_23 1 0 174.729000
demand_24 1 2 264.136000
demand_25 1 3 1091.170000
demand_26 1 4 470.213000
demand_27 1 5 1297.760000
demand_28 1 6 226.433000
demand_29 1 7 524.614000
demand_30 1 8 1191.720000
demand_31 1 9 172.837000
demand_32 1 10 1481.380000
demand_33 1 11 1126.540000
demand_34 1 12 451.541000
demand_35 1 13 687.643000
demand_36 1 14 172.617000
demand_37 1 15 202.573000
demand_38 1 16 255.458000
demand_39 1 17 1037.520000
demand_40 1 18 678.394000
demand_41 1 19 903.936000
demand_42 1 20 1461.950000
demand_43 1 21 832.818000
demand_44 1 22 1314.710000
demand_45 1 23 943.222000
demand_46 2 0 1320.330000
demand_47 2 1 277.388000
demand_48 2 3 1352.690000
demand_49 2 4 535.152000
demand_50 2 5 1473.710000
demand_51 2 6 550.477000
demand_52 2 7 247.324000
demand_53 2 8 1467.240000
demand_54 2 9 908.210000
demand_55 2 10 884.980000
demand_56 2 11 1346.250000
demand_57 2 12 477.949000
demand_58 2 13 970.818000
demand_59 2 14 570.789000
demand_60 2 15 490.098000
demand_61 2 16 228.754000
demand_62 2 17 569.391000
demand_63 2 18 1190.580000
demand_64 2 19 1173.450000
demand_65 2 20 611.742000
demand_66 2 21 944.573000
demand_67 2 22 827.012000
demand_68 2 23 240.700000
demand_69 3 0 439.745000
demand_70 3 1 468.738000
demand_71 3 2 615.780000
demand_72 3 4 1318.570000
demand_73 3 5 1092.310000
demand_74 3 6 424.675000
demand_75 3 7 1420.410000
demand_76 3 8 448.299000
demand_77 3 9 1035.400000
demand_78 3 10 1283.450000
demand_79 3 11 330.324000
demand_80 3 12 1206.000000
demand_81 3 13 702.735000
demand_82 3 14 1397.700000
demand_83 3 15 556.535000
demand_84 3 16 1327.990000
demand_85 3 17 1462.220000
demand_86 3 18 895.324000
demand_87 3 19 1234.960000
demand_88 3 20 474.840000
demand_89 3 21 862.420000
demand_90 3 22 536.302000
demand_91 3 23 533.636000
demand_92 4 0 1083.820000
demand_93 4 1 1350.440000
demand_94 4 2 1111.390000
demand_95 4 3 329.493000
demand_96 4 5 1113.120000
demand_97 4 6 970.429000
demand_98 4 7 500.089000
demand_99 4 8 1439.170000
demand_100 4 9 1181.770000
demand_101 4 10 1041.420000
demand_102 4 11 448.098000
demand_103 4 12 1465.650000
demand_104 4 13 1139.500000
demand_105 4 14 427.570000
demand_106 4 15 1401.020000
demand_107 4 16 1127.270000
demand_108 4 17 716.286000
demand_109 4 18 155.248000
demand_110 4 19 650.146000
demand_111 4 20 1227.630000
demand_112 4 21 920.124000
demand_113 4 22 1270.760000
demand_114 4 23 697.035000
demand_115 5 0 919.092000
demand_116 5 1 1434.080000
demand_117 5 2 837.318000
demand_118 5 3 1338.360000
demand_119 5 4 1094.170000
demand_120 5 6 1522.010000
demand_121 5 7 223.171000
demand_122 5 8 896.757000
demand_123 5 9 613.315000
demand_124 5 10 967.617000
demand_125 5 11 1028.810000
demand_126 5 12 170.480000
demand_127 5 13 168.232000
demand_128 5 14 788.477000
demand_129 5 15 874.538000
demand_130 5 16 342.847000
demand_131 5 17 403.273000
demand_132 5 18 974.041000
demand_133 5 19 1338.070000
demand_134 5 20 271.028000
demand_135 5 21 1230.440000
demand_136 5 22 1462.810000
demand_137 5 23 858.121000
demand_138 6 0 593.130000
demand_139 6 1 219.343000
demand_140 6 2 1257.520000
demand_141 6 3 1380.170000
demand_142 6 4 644.987000
demand_143 6 5 694.159000
demand_144 6 7 1499.090000
demand_145 6 8 1202.320000
demand_146 6 9 1440.840000
demand_147 6 10 215.751000
demand_148 6 11 1019.540000
demand_149 6 12 1137.000000
demand_150 6 13 1446.690000
demand_151 6 14 234.923000
demand_152 6 15 662.477000
demand_153 6 16 1156.570000
demand_154 6 17 609.945000
demand_155 6 18 431.203000
demand_156 6 19 300.181000
demand_157 6 20 365.923000
demand_158 6 21 1346.560000
demand_159 6 22 1232.210000
demand_160 6 23 1478.800000
demand_161 7 0 883.324000
demand_162 7 1 1194.710000
demand_163 7 2 770.283000
demand_164 7 3 1350.410000
demand_165 7 4 156.649000
demand_166 7 5 1493.830000
demand_167 7 6 1507.290000
demand_168 7 8 1346.390000
demand_169 7 9 645.863000
demand_170 7 10 1169.320000
demand_171 7 11 1024.660000
demand_172 7 12 295.866000
demand_173 7 13 641.496000
demand_174 7 14 1413.720000
demand_175 7 15 856.235000
demand_176 7 16 1519.330000
demand_177 7 17 694.031000
demand_178 7 18 838.560000
demand_179 7 19 174.952000
demand_180 7 20 1189.120000
demand_181 7 21 424.939000
demand_182 7 22 523.407000
demand_183 7 23 537.130000
demand_184 8 0 795.369000
demand_185 8 1 628.461000
demand_186 8 2 670.630000
demand_187 8 3 898.598000
demand_188 8 4 1467.550000
demand_189 8 5 1427.940000
demand_190 8 6 1219.430000
demand_191 8 7 706.687000
demand_192 8 9 1031.500000
demand_193 8 10 362.152000
demand_194 8 11 672.213000
demand_195 8 12 1457.450000
demand_196 8 13 1243.940000
demand_197 8 14 704.882000
demand_198 8 15 1196.050000
demand_199 8 16 1145.590000
demand_200 8 17 533.101000
demand_201 8 18 163.738000
demand_202 8 19 792.910000
demand_203 8 20 349.143000
demand_204 8 21 824.777000
demand_205 8 22 271.089000
demand_206 8 23 446.662000
demand_207 9 0 1006.850000
demand_208 9 1 185.621000
demand_209 9 2 385.452000
demand_210 9 3 1499.430000
demand_211 9 4 666.866000
demand_212 9 5 1091.180000
demand_213 9 6 791.519000
demand_214 9 7 259.105000
demand_215 9 8 506.073000
demand_216 9 10 165.904000
demand_217 9 11 636.242000
demand_218 9 12 381.054000
demand_219 9 13 1472.880000
demand_220 9 14 777.617000
demand_221 9 15 1204.800000
demand_222 9 16 844.719000
demand_223 9 17 1282.550000
demand_224 9 18 378.945000
demand_225 9 19 205.952000
demand_226 9 20 343.812000
demand_227 9 21 926.538000
demand_228 9 22 209.608000
demand_229 9 23 1310.550000
demand_230 10 0 1422.920000
demand_231 10 1 663.882000
demand_232 10 2 232.242000
demand_233 10 3 1341.800000
demand_234 10 4 379.328000
demand_235 10 5 1493.460000
demand_236 10 6 241.089000
demand_237 10 7 1085.070000
demand_238 10 8 1467.770000
demand_239 10 9 1291.770000
demand_240 10 11 164.082000
demand_241 10 12 523.130000
demand_242 10 13 1485.620000
demand_243 10 14 1452.140000
demand_244 10 15 765.343000
demand_245 10 16 1406.460000
demand_246 10 17 229.792000
demand_247 10 18 1365.810000
demand_248 10 19 399.213000
demand_249 10 20 475.070000
demand_250 10 21 648.757000
demand_251 10 22 917.197000
demand_252 10 23 1185.320000
demand_253 11 0 898.984000
demand_254 11 1 1407.630000
demand_255 11 2 214.178000
demand_256 11 3 1486.630000
demand_257 11 4 293.589000
demand_258 11 5 242.480000
demand_259 11 6 766.484000
demand_260 11 7 585.312000
demand_261 11 8 360.095000
demand_262 11 9 751.050000
demand_263 11 10 602.060000
demand_264 11 12 1090.070000
demand_265 11 13 500.503000
demand_266 11 14 898.458000
demand_267 11 15 1523.970000
demand_268 11 16 1331.300000
demand_269 11 17 247.449000
demand_270 11 18 1469.430000
demand_271 11 19 481.506000
demand_272 11 20 539.624000
demand_273 11 21 1332.350000
demand_274 11 22 492.038000
demand_275 11 23 1186.990000
demand_276 12 0 865.493000
demand_277 12 1 1402.950000
demand_278 12 2 1146.210000
demand_279 12 3 1296.740000
demand_280 12 4 707.585000
demand_281 12 5 547.121000
demand_282 12 6 667.646000
demand_283 12 7 1411.470000
demand_284 12 8 1113.230000
demand_285 12 9 996.321000
demand_286 12 10 598.519000
demand_287 12 11 1355.700000
demand_288 12 13 509.649000
demand_289 12 14 920.949000
demand_290 12 15 428.582000
demand_291 12 16 1218.600000
demand_292 12 17 866.888000
demand_293 12 18 452.156000
demand_294 12 19 1034.960000
demand_295 12 20 219.490000
demand_296 12 21 518.382000
demand_297 12 22 1072.310000
demand_298 12 23 1071.790000
demand_299 13 0 1226.180000
demand_300 13 1 382.359000
demand_301 13 2 1023.810000
demand_302 13 3 271.003000
demand_303 13 4 909.328000
demand_304 13 5 276.156000
demand_305 13 6 1259.940000
demand_306 13 7 705.643000
demand_307 13 8 834.554000
demand_308 13 9 747.958000
demand_309 13 10 544.257000
demand_310 13 11 1122.410000
demand_311 13 12 1021.610000
demand_312 13 14 1253.610000
demand_313 13 15 620.353000
demand_314 13 16 1313.670000
demand_315 13 17 951.159000
demand_316 13 18 1133.020000
demand_317 13 19 742.181000
demand_318 13 20 380.901000
demand_319 13 21 476.378000
demand_320 13 22 1365.880000
demand_321 13 23 1233.730000
demand_322 14 0 1346.440000
demand_323 14 1 1087.700000
demand_324 14 2 516.458000
demand_325 14 3 382.601000
demand_326 14 4 1015.650000
demand_327 14 5 652.098000
demand_328 14 6 268.735000
demand_329 14 7 819.197000
demand_330 14 8 735.812000
demand_331 14 9 1265.510000
demand_332 14 10 1428.700000
demand_333 14 11 1384.660000
demand_334 14 12 719.194000
demand_335 14 13 839.601000
demand_336 14 15 908.082000
demand_337 14 16 870.627000
demand_338 14 17 431.624000
demand_339 14 18 297.640000
demand_340 14 19 292.936000
demand_341 14 20 631.742000
demand_342 14 21 720.990000
demand_343 14 22 911.452000
demand_344 14 23 1383.700000
demand_345 15 0 716.022000
demand_346 15 1 619.544000
demand_347 15 2 256.837000
demand_348 15 3 1093.160000
demand_349 15 4 884.162000
demand_350 15 5 1491.080000
demand_351 15 6 941.961000
demand_352 15 7 1448.870000
demand_353 15 8 972.643000
demand_354 15 9 1188.080000
demand_355 15 10 546.592000
demand_356 15 11 830.175000
demand_357 15 12 1231.240000
demand_358 15 13 1412.590000
demand_359 15 14 791.961000
demand_360 15 16 555.474000
demand_361 15 17 1359.950000
demand_362 15 18 1182.630000
demand_363 15 19 810.757000
demand_364 15 20 860.570000
demand_365 15 21 952.340000
demand_366 15 22 1027.580000
demand_367 15 23 877.850000
demand_368 16 0 722.414000
demand_369 16 1 1048.580000
demand_370 16 2 271.035000
demand_371 16 3 741.993000
demand_372 16 4 218.525000
demand_373 16 5 943.254000
demand_374 16 6 164.777000
demand_375 16 7 1220.120000
demand_376 16 8 450.315000
demand_377 16 9 670.684000
demand_378 16 10 736.136000
demand_379 16 11 1177.570000
demand_380 16 12 419.697000
demand_381 16 13 1269.810000
demand_382 16 14 819.531000
demand_383 16 15 1286.310000
demand_384 16 17 570.261000
demand_385 16 18 477.671000
demand_386 16 19 578.815000
demand_387 16 20 1224.560000
demand_388 16 21 826.343000
demand_389 16 22 1043.110000
demand_390 16 23 216.073000
demand_391 17 0 591.866000
demand_392 17 1 403.964000
demand_393 17 2 1459.740000
demand_394 17 3 579.133000
demand_395 17 4 815.742000
demand_396 17 5 1013.690000
demand_397 17 6 967.636000
demand_398 17 7 558.506000
demand_399 17 8 462.697000
demand_400 17 9 1254.330000
demand_401 17 10 956.601000
demand_402 17 11 996.799000
demand_403 17 12 1107.830000
demand_404 17 13 1163.610000
demand_405 17 14 1456.040000
demand_406 17 15 895.866000
demand_407 17 16 474.264000
demand_408 17 18 296.519000
demand_409 17 19 1087.840000
demand_410 17 20 526.168000
demand_411 17 21 825.525000
demand_412 17 22 762.929000
demand_413 17 23 529.576000
demand_414 18 0 301.312000
demand_415 18 1 336.605000
demand_416 18 2 658.815000
demand_417 18 3 922.761000
demand_418 18 4 381.522000
demand_419 18 5 1493.870000
demand_420 18 6 1309.500000
demand_421 18 7 857.222000
demand_422 18 8 356.866000
demand_423 18 9 760.996000
demand_424 18 10 781.404000
demand_425 18 11 901.627000
demand_426 18 12 1080.140000
demand_427 18 13 826.920000
demand_428 18 14 157.582000
demand_429 18 15 765.105000
demand_430 18 16 415.512000
demand_431 18 17 1419.250000
demand_432 18 19 953.121000
demand_433 18 20 471.872000
demand_434 18 21 1167.100000
demand_435 18 22 396.579000
demand_436 18 23 1503.270000
demand_437 19 0 1356.380000
demand_438 19 1 1431.670000
demand_439 19 2 438.286000
demand_440 19 3 1308.780000
demand_441 19 4 1024.660000
demand_442 19 5 1088.770000
demand_443 19 6 1493.540000
demand_444 19 7 359.684000
demand_445 19 8 1264.440000
demand_446 19 9 344.894000
demand_447 19 10 720.375000
demand_448 19 11 573.121000
demand_449 19 12 585.735000
demand_450 19 13 734.722000
demand_451 19 14 1387.710000
demand_452 19 15 1173.110000
demand_453 19 16 1390.870000
demand_454 19 17 495.292000
demand_455 19 18 992.818000
demand_456 19 20 678.847000
demand_457 19 21 809.675000
demand_458 19 22 522.576000
demand_459 19 23 1253.820000
demand_460 20 0 925.560000
demand_461 20 1 826.257000
demand_462 20 2 328.162000
demand_463 20 3 1316.810000
demand_464 20 4 364.773000
demand_465 20 5 881.085000
demand_466 20 6 476.035000
demand_467 20 7 1032.800000
demand_468 20 8 1429.230000
demand_469 20 9 200.547000
demand_470 20 10 733.802000
demand_471 20 11 1387.020000
demand_472 20 12 332.340000
demand_473 20 13 1168.720000
demand_474 20 14 1061.870000
demand_475 20 15 758.363000
demand_476 20 16 878.372000
demand_477 20 17 1200.250000
demand_478 20 18 178.121000
demand_479 20 19 1158.790000
demand_480 20 21 1292.900000
demand_481 20 22 268.691000
demand_482 20 23 1085.430000
demand_483 21 0 391.742000
demand_484 21 1 588.837000
demand_485 21 2 270.079000
demand_486 21 3 997.554000
demand_487 21 4 498.805000
demand_488 21 5 1362.980000
demand_489 21 6 1435.780000
demand_490 21 7 1237.510000
demand_491 21 8 1119.820000
demand_492 21 9 1528.780000
demand_493 21 10 439.245000
demand_494 21 11 482.735000
demand_495 21 12 251.531000
demand_496 21 13 1440.990000
demand_497 21 14 198.761000
demand_498 21 15 447.070000
demand_499 21 16 303.824000
demand_500 21 17 878.500000
demand_501 21 18 530.073000
demand_502 21 19 977.378000
demand_503 21 20 599.968000
demand_504 21 22 467.732000
demand_505 21 23 706.757000
demand_506 22 0 910.401000
demand_507 22 1 173.057000
demand_508 22 2 1483.880000
demand_509 22 3 406.792000
demand_510 22 4 507.436000
demand_511 22 5 906.000000
demand_512 22 6 667.777000
demand_513 22 7 1283.400000
demand_514 22 8 314.566000
demand_515 22 9 693.815000
demand_516 22 10 173.245000
demand_517 22 11 1153.520000
demand_518 22 12 214.398000
demand_519 22 13 1080.900000
demand_520 22 14 1512.630000
demand_521 22 15 167.786000
demand_522 22 16 1308.150000
demand_523 22 17 1214.330000
demand_524 22 18 893.073000
demand_525 22 19 227.073000
demand_526 22 20 1377.770000
demand_527 22 21 1493.330000
demand_528 22 23 1399.430000
demand_529 23 0 774.872000
demand_530 23 1 502.812000
demand_531 23 2 734.372000
demand_532 23 3 1394.850000
demand_533 23 4 1118.720000
demand_534 23 5 276.773000
demand_535 23 6 296.570000
demand_536 23 7 628.624000
demand_537 23 8 1047.120000
demand_538 23 9 962.735000
demand_539 23 10 227.331000
demand_540 23 11 331.089000
demand_541 23 12 742.579000
demand_542 23 13 227.105000
demand_543 23 14 261.726000
demand_544 23 15 919.031000
demand_545 23 16 1518.340000
demand_546 23 17 211.694000
demand_547 23 18 1492.050000
demand_548 23 19 224.009000
demand_549 23 20 1441.930000
demand_550 23 21 921.315000
demand_551 23 22 1182.160000
