DEMANDS 552
label src dest bw
demand_0 0 1 600.070000
demand_1 0 2 230.069000
demand_2 0 3 776.418000
demand_3 0 4 479.334000
demand_4 0 5 1284.660000
demand_5 0 6 1014.610000
demand_6 0 7 155.677000
demand_7 0 8 524.251000
demand_8 0 9 153.288000
demand_9 0 10 918.377000
demand_10 0 11 391.778000
demand_11 0 12 1294.030000
demand_12 0 13 817.883000
demand_13 0 14 1176.700000
demand_14 0 15 323.813000
demand_15 0 16 610.611000
demand_16 0 17 549.491000
demand_17 0 18 999.522000
demand_18 0 19 674.800000
demand_19 0 20 1050.350000
demand_20 0 21 253.300000
demand_21 0 22 210.931000
demand_22 0 23 1471.430000
demand_23 1 0 381.613000
demand_24 1 2 613.079000
demand_25 1 3 408.973000
demand_26 1 4 357.281000
demand_27 1 5 1258.390000
demand_28 1 6 892.935000
demand_29 1 7 864.775000
demand_30 1 8 1167.270000
demand_31 1 9 1118.160000
demand_32 1 10 784.560000
demand_33 1 11 1201.580000
demand_34 1 12 370.067000
demand_35 1 13 1392.400000
demand_36 1 14 1228.480000
demand_37 1 15 548.551000
demand_38 1 16 1107.920000
demand_39 1 17 369.911000
demand_40 1 18 426.325000
demand_41 1 19 1236.420000
demand_42 1 20 1429.670000
demand_43 1 21 1069.060000
demand_44 1 22 390.817000
demand_45 1 23 290.901000
demand_46 2 0 884.293000
demand_47 2 1 352.441000
demand_48 2 3 587.324000
demand_49 2 4 898.939000
demand_50 2 5 166.228000
demand_51 2 6 247.299000
demand_52 2 7 1005.890000
demand_53 2 8 1387.230000
demand_54 2 9 574.931000
demand_55 2 10 818.299000
demand_56 2 11 794.257000
demand_57 2 12 862.109000
demand_58 2 13 606.901000
demand_59 2 14 396.584000
demand_60 2 15 1476.730000
demand_61 2 16 1438.460000
demand_62 2 17 384.462000
demand_63 2 18 1398.930000
demand_64 2 19 1501.250000
demand_65 2 20 899.604000
demand_66 2 21 571.258000
demand_67 2 22 1070.740000
demand_68 2 23 935.606000
demand_69 3 0 233.451000
demand_70 3 1 653.619000
demand_71 3 2 771.125000
demand_72 3 4 153.762000
demand_73 3 5 1104.160000
demand_74 3 6 650.352000
demand_75 3 7 371.764000
demand_76 3 8 532.477000
demand_77 3 9 523.701000
demand_78 3 10 802.655000
demand_79 3 11 572.974000
demand_80 3 12 440.323000
demand_81 3 13 221.982000
demand_82 3 14 1325.550000
demand_83 3 15 761.819000
demand_84 3 16 337.788000
demand_85 3 17 370.813000
demand_86 3 18 777.497000
demand_87 3 19 348.770000
demand_88 3 20 843.708000
demand_89 3 21 1218.580000
demand_90 3 22 1401.990000
demand_91 3 23 1050.490000
demand_92 4 0 1259.880000
demand_93 4 1 1111.900000
demand_94 4 2 1310.240000
demand_95 4 3 287.624000
demand_96 4 5 1122.240000
demand_97 4 6 506.239000
demand_98 4 7 190.649000
demand_99 4 8 703.804000
demand_100 4 9 1201.300000
demand_101 4 10 1364.310000
demand_102 4 11 1048.350000
demand_103 4 12 1099.200000
demand_104 4 13 782.616000
demand_105 4 14 595.239000
demand_106 4 15 545.286000
demand_107 4 16 1381.590000
demand_108 4 17 1445.420000
demand_109 4 18 1448.380000
demand_110 4 19 903.073000
demand_111 4 20 1399.580000
demand_112 4 21 1484.110000
demand_113 4 22 553.230000
demand_114 4 23 1274.360000
demand_115 5 0 437.078000
demand_116 5 1 1031.820000
demand_117 5 2 1467.450000
demand_118 5 3 1060.830000
demand_119 5 4 705.794000
demand_120 5 6 1302.490000
demand_121 5 7 737.123000
demand_122 5 8 607.924000
demand_123 5 9 1122.510000
demand_124 5 10 1270.270000
demand_125 5 11 767.515000
demand_126 5 12 323.145000
demand_127 5 13 698.679000
demand_128 5 14 596.010000
demand_129 5 15 1122.520000
demand_130 5 16 359.743000
demand_131 5 17 874.455000
demand_132 5 18 1148.910000
demand_133 5 19 209.078000
demand_134 5 20 303.818000
demand_135 5 21 1358.780000
demand_136 5 22 251.348000
demand_137 5 23 952.901000
demand_138 6 0 189.361000
demand_139 6 1 580.946000
demand_140 6 2 505.617000
demand_141 6 3 831.313000
demand_142 6 4 1051.110000
demand_143 6 5 466.415000
demand_144 6 7 585.444000
demand_145 6 8 426.268000
demand_146 6 9 683.768000
demand_147 6 10 1371.420000
demand_148 6 11 1418.000000
demand_149 6 12 648.429000
demand_150 6 13 1345.810000
demand_151 6 14 701.171000
demand_152 6 15 768.560000
demand_153 6 16 158.980000
demand_154 6 17 1457.020000
demand_155 6 18 385.936000
demand_156 6 19 841.279000
demand_157 6 20 1362.670000
demand_158 6 21 949.350000
demand_159 6 22 1052.550000
demand_160 6 23 793.366000
demand_161 7 0 733.282000
demand_162 7 1 302.950000
demand_163 7 2 1117.860000
demand_164 7 3 683.064000
demand_165 7 4 720.735000
demand_166 7 5 480.652000
demand_167 7 6 1152.480000
demand_168 7 8 1313.370000
demand_169 7 9 377.229000
demand_170 7 10 1084.530000
demand_171 7 11 520.931000
demand_172 7 12 1274.570000
demand_173 7 13 1356.970000
demand_174 7 14 994.931000
demand_175 7 15 825.453000
demand_176 7 16 172.752000
demand_177 7 17 861.825000
demand_178 7 18 1348.530000
demand_179 7 19 1378.940000
demand_180 7 20 1000.960000
demand_181 7 21 1414.110000
demand_182 7 22 735.852000
demand_183 7 23 903.109000
demand_184 8 0 1060.830000
demand_185 8 1 217.683000
demand_186 8 2 1441.120000
demand_187 8 3 1009.910000
demand_188 8 4 693.702000
demand_189 8 5 1018.260000
demand_190 8 6 1066.390000
demand_191 8 7 699.849000
demand_192 8 9 711.684000
demand_193 8 10 334.808000
demand_194 8 11 1324.140000
demand_195 8 12 863.920000
demand_196 8 13 1269.340000
demand_197 8 14 1081.400000
demand_198 8 15 1195.680000
demand_199 8 16 288.677000
demand_200 8 17 1285.220000
demand_201 8 18 1127.570000
demand_202 8 19 1453.510000
demand_203 8 20 246.886000
demand_204 8 21 1372.930000
demand_205 8 22 564.408000
demand_206 8 23 180.272000
demand_207 9 0 843.890000
demand_208 9 1 213.448000
demand_209 9 2 819.448000
demand_210 9 3 1402.610000
demand_211 9 4 822.207000
demand_212 9 5 1507.570000
demand_213 9 6 913.043000
demand_214 9 7 417.726000
demand_215 9 8 1289.860000
demand_216 9 10 343.912000
demand_217 9 11 1310.930000
demand_218 9 12 462.027000
demand_219 9 13 440.166000
demand_220 9 14 594.152000
demand_221 9 15 1175.070000
demand_222 9 16 802.641000
demand_223 9 17 1000.970000
demand_224 9 18 332.574000
demand_225 9 19 1482.980000
demand_226 9 20 479.141000
demand_227 9 21 538.887000
demand_228 9 22 577.015000
demand_229 9 23 542.503000
demand_230 10 0 1003.340000
demand_231 10 1 193.440000
demand_232 10 2 1040.350000
demand_233 10 3 617.300000
demand_234 10 4 923.804000
demand_235 10 5 868.380000
demand_236 10 6 689.839000
demand_237 10 7 1407.180000
demand_238 10 8 504.578000
demand_239 10 9 462.088000
demand_240 10 11 1226.690000
demand_241 10 12 669.990000
demand_242 10 13 775.748000
demand_243 10 14 1208.250000
demand_244 10 15 538.011000
demand_245 10 16 1279.560000
demand_246 10 17 160.941000
demand_247 10 18 631.253000
demand_248 10 19 1426.720000
demand_249 10 20 1031.880000
demand_250 10 21 1252.380000
demand_251 10 22 499.518000
demand_252 10 23 527.789000
demand_253 11 0 934.544000
demand_254 11 1 1471.590000
demand_255 11 2 1261.970000
demand_256 11 3 1329.630000
demand_257 11 4 944.146000
demand_258 11 5 1000.620000
demand_259 11 6 589.446000
demand_260 11 7 1509.090000
demand_261 11 8 1215.200000
demand_262 11 9 902.474000
demand_263 11 10 333.033000
demand_264 11 12 885.884000
demand_265 11 13 318.077000
demand_266 11 14 222.635000
demand_267 11 15 735.111000
demand_268 11 16 650.966000
demand_269 11 17 276.093000
demand_270 11 18 1081.080000
demand_271 11 19 256.091000
demand_272 11 20 994.197000
demand_273 11 21 313.673000
demand_274 11 22 1190.310000
demand_275 11 23 943.652000
demand_276 12 0 884.353000
demand_277 12 1 460.009000
demand_278 12 2 462.961000
demand_279 12 3 924.574000
demand_280 12 4 1182.200000
demand_281 12 5 355.066000
demand_282 12 6 1245.870000
demand_283 12 7 665.598000
demand_284 12 8 156.539000
demand_285 12 9 700.917000
demand_286 12 10 973.107000
demand_287 12 11 1146.480000
demand_288 12 13 955.678000
demand_289 12 14 354.745000
demand_290 12 15 596.277000
demand_291 12 16 274.406000
demand_292 12 17 1511.810000
demand_293 12 18 1390.880000
demand_294 12 19 1287.700000
demand_295 12 20 1059.530000
demand_296 12 21 1131.980000
demand_297 12 22 691.468000
demand_298 12 23 1239.220000
demand_299 13 0 338.846000
demand_300 13 1 594.328000
demand_301 13 2 827.071000
demand_302 13 3 1219.180000
demand_303 13 4 578.323000
demand_304 13 5 216.103000
demand_305 13 6 783.888000
demand_306 13 7 413.400000
demand_307 13 8 679.367000
demand_308 13 9 1409.970000
demand_309 13 10 643.451000
demand_310 13 11 1406.680000
demand_311 13 12 630.671000
demand_312 13 14 782.798000
demand_313 13 15 310.716000
demand_314 13 16 844.217000
demand_315 13 17 1431.100000
demand_316 13 18 243.024000
demand_317 13 19 219.887000
demand_318 13 20 424.570000
demand_319 13 21 606.048000
demand_320 13 22 618.312000
demand_321 13 23 682.493000
demand_322 14 0 1352.020000
demand_323 14 1 995.771000
demand_324 14 2 1306.910000
demand_325 14 3 359.118000
demand_326 14 4 1367.070000
demand_327 14 5 1192.270000
demand_328 14 6 877.452000
demand_329 14 7 960.353000
demand_330 14 8 514.162000
demand_331 14 9 510.411000
demand_332 14 10 275.651000
demand_333 14 11 1501.990000
demand_334 14 12 596.897000
demand_335 14 13 1288.940000
demand_336 14 15 1362.940000
demand_337 14 16 625.090000
demand_338 14 17 1181.520000
demand_339 14 18 404.495000
demand_340 14 19 706.227000
demand_341 14 20 1161.310000
demand_342 14 21 1449.170000
demand_343 14 22 1406.750000
demand_344 14 23 812.263000
demand_345 15 0 1074.550000
demand_346 15 1 284.343000
demand_347 15 2 1182.590000
demand_348 15 3 181.559000
demand_349 15 4 427.765000
demand_350 15 5 764.734000
demand_351 15 6 608.108000
demand_352 15 7 225.468000
demand_353 15 8 468.335000
demand_354 15 9 399.735000
demand_355 15 10 1052.550000
demand_356 15 11 272.300000
demand_357 15 12 1233.910000
demand_358 15 13 564.382000
demand_359 15 14 871.195000
demand_360 15 16 1423.180000
demand_361 15 17 390.478000
demand_362 15 18 682.611000
demand_363 15 19 207.623000
demand_364 15 20 438.242000
demand_365 15 21 901.195000
demand_366 15 22 1443.280000
demand_367 15 23 1292.210000
demand_368 16 0 792.740000
demand_369 16 1 482.322000
demand_370 16 2 1024.070000
demand_371 16 3 1512.730000
demand_372 16 4 433.551000
demand_373 16 5 594.272000
demand_374 16 6 519.542000
demand_375 16 7 198.771000
demand_376 16 8 1055.110000
demand_377 16 9 1388.760000
demand_378 16 10 1025.130000
demand_379 16 11 557.255000
demand_380 16 12 805.468000
demand_381 16 13 782.690000
demand_382 16 14 964.521000
demand_383 16 15 746.943000
demand_384 16 17 1279.050000
demand_385 16 18 1443.680000
demand_386 16 19 1207.560000
demand_387 16 20 1419.330000
demand_388 16 21 453.805000
demand_389 16 22 180.619000
demand_390 16 23 1464.840000
demand_391 17 0 485.944000
demand_392 17 1 999.350000
demand_393 17 2 850.310000
demand_394 17 3 1499.950000
demand_395 17 4 1047.300000
demand_396 17 5 576.791000
demand_397 17 6 1486.660000
demand_398 17 7 1109.130000
demand_399 17 8 1472.390000
demand_400 17 9 776.780000
demand_401 17 10 842.594000
demand_402 17 11 259.021000
demand_403 17 12 731.460000
demand_404 17 13 871.882000
demand_405 17 14 1491.120000
demand_406 17 15 1440.370000
demand_407 17 16 626.178000
demand_408 17 18 1345.940000
demand_409 17 19 1112.170000
demand_410 17 20 1289.110000
demand_411 17 21 1360.190000
demand_412 17 22 225.453000
demand_413 17 23 901.167000
demand_414 18 0 1297.370000
demand_415 18 1 406.383000
demand_416 18 2 1225.950000
demand_417 18 3 288.428000
demand_418 18 4 1020.860000
demand_419 18 5 395.511000
demand_420 18 6 1019.150000
demand_421 18 7 277.346000
demand_422 18 8 842.955000
demand_423 18 9 742.852000
demand_424 18 10 1311.640000
demand_425 18 11 226.568000
demand_426 18 12 929.081000
demand_427 18 13 1117.330000
demand_428 18 14 268.853000
demand_429 18 15 443.818000
demand_430 18 16 346.346000
demand_431 18 17 1215.360000
demand_432 18 19 1062.510000
demand_433 18 20 1077.850000
demand_434 18 21 1138.530000
demand_435 18 22 1265.710000
demand_436 18 23 474.278000
demand_437 19 0 953.110000
demand_438 19 1 1336.160000
demand_439 19 2 1194.010000
demand_440 19 3 726.172000
demand_441 19 4 438.752000
demand_442 19 5 1288.730000
demand_443 19 6 1275.880000
demand_444 19 7 1355.000000
demand_445 19 8 954.485000
demand_446 19 9 1046.790000
demand_447 19 10 1259.950000
demand_448 19 11 1095.690000
demand_449 19 12 270.555000
demand_450 19 13 857.778000
demand_451 19 14 820.583000
demand_452 19 15 903.767000
demand_453 19 16 529.169000
demand_454 19 17 369.236000
demand_455 19 18 411.813000
demand_456 19 20 1013.670000
demand_457 19 21 1425.240000
demand_458 19 22 1024.240000
demand_459 19 23 187.328000
demand_460 20 0 724.821000
demand_461 20 1 1300.650000
demand_462 20 2 328.437000
demand_463 20 3 856.005000
demand_464 20 4 1249.950000
demand_465 20 5 1202.810000
demand_466 20 6 1266.170000
demand_467 20 7 1243.200000
demand_468 20 8 1191.310000
demand_469 20 9 1240.130000
demand_470 20 10 543.419000
demand_471 20 11 1361.130000
demand_472 20 12 794.737000
demand_473 20 13 687.126000
demand_474 20 14 918.662000
demand_475 20 15 766.473000
demand_476 20 16 1064.770000
demand_477 20 17 991.105000
demand_478 20 18 168.480000
demand_479 20 19 470.098000
demand_480 20 21 492.876000
demand_481 20 22 1246.030000
demand_482 20 23 1160.720000
demand_483 21 0 759.862000
demand_484 21 1 1515.260000
demand_485 21 2 571.381000
demand_486 21 3 663.201000
demand_487 21 4 478.173000
demand_488 21 5 805.089000
demand_489 21 6 474.004000
demand_490 21 7 279.413000
demand_491 21 8 1411.060000
demand_492 21 9 562.424000
demand_493 21 10 393.017000
demand_494 21 11 496.253000
demand_495 21 12 1222.060000
demand_496 21 13 198.864000
demand_497 21 14 310.662000
demand_498 21 15 273.679000
demand_499 21 16 167.809000
demand_500 21 17 1232.060000
demand_501 21 18 280.875000
demand_502 21 19 966.178000
demand_503 21 20 876.942000
demand_504 21 22 731.165000
demand_505 21 23 1512.130000
demand_506 22 0 1316.880000
demand_507 22 1 263.201000
demand_508 22 2 723.921000
demand_509 22 3 1287.950000
demand_510 22 4 1370.250000
demand_511 22 5 568.622000
demand_512 22 6 273.056000
demand_513 22 7 1462.500000
demand_514 22 8 187.772000
demand_515 22 9 1472.530000
demand_516 22 10 1146.640000
demand_517 22 11 785.549000
demand_518 22 12 326.915000
demand_519 22 13 1209.470000
demand_520 22 14 895.582000
demand_521 22 15 768.230000
demand_522 22 16 1509.100000
demand_523 22 17 1319.410000
demand_524 22 18 431.893000
demand_525 22 19 1077.060000
demand_526 22 20 1370.140000
demand_527 22 21 1492.170000
demand_528 22 23 575.891000
demand_529 23 0 880.708000
demand_530 23 1 1181.070000
demand_531 23 2 906.606000
demand_532 23 3 401.281000
demand_533 23 4 244.032000
demand_534 23 5 1358.000000
demand_535 23 6 486.745000
demand_536 23 7 598.350000
demand_537 23 8 936.864000
demand_538 23 9 1402.530000
demand_539 23 10 1115.730000
demand_540 23 11 909.172000
demand_541 23 12 177.912000
demand_542 23 13 382.669000
demand_543 23 14 723.257000
demand_544 23 15 1291.680000
demand_545 23 16 1183.030000
demand_546 23 17 1464.390000
demand_547 23 18 517.550000
demand_548 23 19 250.188000
demand_549 23 20 966.877000
demand_550 23 21 741.880000
demand_551 23 22 759.675000
