DEMANDS 552
label src dest bw
demand_0 0 1 685.871000
demand_1 0 2 702.196000
demand_2 0 3 477.458000
demand_3 0 4 451.681000
demand_4 0 5 1159.970000
demand_5 0 6 429.388000
demand_6 0 7 1106.380000
demand_7 0 8 699.176000
demand_8 0 9 1461.840000
demand_9 0 10 416.220000
demand_10 0 11 1231.260000
demand_11 0 12 626.176000
demand_12 0 13 818.753000
demand_13 0 14 1053.670000
demand_14 0 15 155.978000
demand_15 0 16 917.816000
demand_16 0 17 1097.750000
demand_17 0 18 1113.930000
demand_18 0 19 300.111000
demand_19 0 20 158.602000
demand_20 0 21 860.157000
demand_21 0 22 819.550000
demand_22 0 23 497.526000
demand_23 1 0 203.074000
demand_24 1 2 783.624000
demand_25 1 3 457.091000
demand_26 1 4 1444.120000
demand_27 1 5 1011.500000
demand_28 1 6 1024.720000
demand_29 1 7 427.314000
demand_30 1 8 1155.730000
demand_31 1 9 483.737000
demand_32 1 10 578.386000
demand_33 1 11 1363.000000
demand_34 1 12 1289.950000
demand_35 1 13 707.742000
demand_36 1 14 1235.770000
demand_37 1 15 1363.110000
demand_38 1 16 1053.790000
demand_39 1 17 468.017000
demand_40 1 18 518.838000
demand_41 1 19 856.742000
demand_42 1 20 969.973000
demand_43 1 21 903.849000
demand_44 1 22 886.303000
demand_45 1 23 509.781000
demand_46 2 0 166.203000
demand_47 2 1 252.257000
demand_48 2 3 539.598000
demand_49 2 4 1425.800000
demand_50 2 5 837.565000
demand_51 2 6 444.421000
demand_52 2 7 179.375000
demand_53 2 8 305.812000
demand_54 2 9 817.510000
demand_55 2 10 449.043000
demand_56 2 11 1100.580000
demand_57 2 12 780.617000
demand_58 2 13 1134.930000
demand_59 2 14 1117.310000
demand_60 2 15 537.117000
demand_61 2 16 834.427000
demand_62 2 17 574.133000
demand_63 2 18 1296.720000
demand_64 2 19 628.074000
demand_65 2 20 1176.810000
demand_66 2 21 849.390000
demand_67 2 22 1370.990000
demand_68 2 23 885.432000
demand_69 3 0 1115.540000
demand_70 3 1 936.478000
demand_71 3 2 966.689000
demand_72 3 4 1165.780000
demand_73 3 5 1072.840000
demand_74 3 6 510.914000
demand_75 3 7 1004.580000
demand_76 3 8 1270.160000
demand_77 3 9 405.910000
demand_78 3 10 720.740000
demand_79 3 11 465.432000
demand_80 3 12 467.879000
demand_81 3 13 1224.970000
demand_82 3 14 1067.870000
demand_83 3 15 447.539000
demand_84 3 16 161.834000
demand_85 3 17 1007.170000
demand_86 3 18 1049.090000
demand_87 3 19 924.947000
demand_88 3 20 950.106000
demand_89 3 21 753.255000
demand_90 3 22 1431.580000
demand_91 3 23 1400.700000
demand_92 4 0 838.733000
demand_93 4 1 824.860000
demand_94 4 2 1072.230000
demand_95 4 3 519.181000
demand_96 4 5 232.144000
demand_97 4 6 354.451000
demand_98 4 7 1312.480000
demand_99 4 8 748.740000
demand_100 4 9 859.362000
demand_101 4 10 567.128000
demand_102 4 11 373.823000
demand_103 4 12 624.183000
demand_104 4 13 1182.770000
demand_105 4 14 990.414000
demand_106 4 15 734.165000
demand_107 4 16 1378.970000
demand_108 4 17 925.443000
demand_109 4 18 1019.850000
demand_110 4 19 860.606000
demand_111 4 20 603.993000
demand_112 4 21 932.689000
demand_113 4 22 866.360000
demand_114 4 23 892.923000
demand_115 5 0 784.543000
demand_116 5 1 1076.910000
demand_117 5 2 1438.520000
demand_118 5 3 1080.910000
demand_119 5 4 1241.960000
demand_120 5 6 178.272000
demand_121 5 7 202.622000
demand_122 5 8 963.899000
demand_123 5 9 1192.480000
demand_124 5 10 851.251000
demand_125 5 11 188.080000
demand_126 5 12 679.954000
demand_127 5 13 1353.180000
demand_128 5 14 1252.970000
demand_129 5 15 1377.220000
demand_130 5 16 565.602000
demand_131 5 17 1198.110000
demand_132 5 18 670.589000
demand_133 5 19 483.884000
demand_134 5 20 447.899000
demand_135 5 21 1379.600000
demand_136 5 22 994.456000
demand_137 5 23 1359.170000
demand_138 6 0 253.456000
demand_139 6 1 1283.570000
demand_140 6 2 1120.820000
demand_141 6 3 852.473000
demand_142 6 4 529.275000
demand_143 6 5 1097.360000
demand_144 6 7 311.613000
demand_145 6 8 1310.130000
demand_146 6 9 1029.880000
demand_147 6 10 338.783000
demand_148 6 11 1093.880000
demand_149 6 12 1218.770000
demand_150 6 13 922.650000
demand_151 6 14 294.216000
demand_152 6 15 1435.370000
demand_153 6 16 699.021000
demand_154 6 17 1410.260000
demand_155 6 18 887.805000
demand_156 6 19 1144.450000
demand_157 6 20 644.382000
demand_158 6 21 380.087000
demand_159 6 22 611.067000
demand_160 6 23 790.032000
demand_161 7 0 1452.150000
demand_162 7 1 810.661000
demand_163 7 2 395.558000
demand_164 7 3 1428.700000
demand_165 7 4 295.814000
demand_166 7 5 235.141000
demand_167 7 6 683.683000
demand_168 7 8 626.775000
demand_169 7 9 1007.980000
demand_170 7 10 591.152000
demand_171 7 11 310.303000
demand_172 7 12 789.427000
demand_173 7 13 1195.590000
demand_174 7 14 180.504000
demand_175 7 15 1089.670000
demand_176 7 16 813.587000
demand_177 7 17 1380.120000
demand_178 7 18 1154.460000
demand_179 7 19 969.674000
demand_180 7 20 610.711000
demand_181 7 21 1467.300000
demand_182 7 22 1243.720000
demand_183 7 23 589.229000
demand_184 8 0 510.336000
demand_185 8 1 794.973000
demand_186 8 2 1047.160000
demand_187 8 3 258.410000
demand_188 8 4 1163.530000
demand_189 8 5 770.766000
demand_190 8 6 525.713000
demand_191 8 7 1146.980000
demand_192 8 9 1054.470000
demand_193 8 10 647.893000
demand_194 8 11 408.026000
demand_195 8 12 464.539000
demand_196 8 13 1122.370000
demand_197 8 14 366.840000
demand_198 8 15 321.041000
demand_199 8 16 505.351000
demand_200 8 17 221.873000
demand_201 8 18 864.975000
demand_202 8 19 487.519000
demand_203 8 20 626.216000
demand_204 8 21 743.742000
demand_205 8 22 1086.060000
demand_206 8 23 790.183000
demand_207 9 0 379.799000
demand_208 9 1 948.923000
demand_209 9 2 804.028000
demand_210 9 3 617.526000
demand_211 9 4 627.351000
demand_212 9 5 973.539000
demand_213 9 6 419.502000
demand_214 9 7 295.358000
demand_215 9 8 753.109000
demand_216 9 10 1325.990000
demand_217 9 11 832.626000
demand_218 9 12 624.945000
demand_219 9 13 1300.710000
demand_220 9 14 512.290000
demand_221 9 15 1457.720000
demand_222 9 16 1051.740000
demand_223 9 17 1193.400000
demand_224 9 18 1281.310000
demand_225 9 19 693.074000
demand_226 9 20 451.290000
demand_227 9 21 920.954000
demand_228 9 22 1458.310000
demand_229 9 23 1327.280000
demand_230 10 0 196.495000
demand_231 10 1 498.803000
demand_232 10 2 364.344000
demand_233 10 3 398.978000
demand_234 10 4 1361.450000
demand_235 10 5 247.886000
demand_236 10 6 1008.630000
demand_237 10 7 1052.170000
demand_238 10 8 502.438000
demand_239 10 9 1467.280000
demand_240 10 11 1460.160000
demand_241 10 12 822.085000
demand_242 10 13 1253.990000
demand_243 10 14 732.126000
demand_244 10 15 1068.140000
demand_245 10 16 229.980000
demand_246 10 17 403.838000
demand_247 10 18 1458.100000
demand_248 10 19 893.163000
demand_249 10 20 318.248000
demand_250 10 21 230.390000
demand_251 10 22 393.499000
demand_252 10 23 432.565000
demand_253 11 0 625.967000
demand_254 11 1 355.537000
demand_255 11 2 155.897000
demand_256 11 3 1206.130000
demand_257 11 4 1211.170000
demand_258 11 5 460.519000
demand_259 11 6 392.353000
demand_260 11 7 838.703000
demand_261 11 8 756.211000
demand_262 11 9 846.825000
demand_263 11 10 831.526000
demand_264 11 12 1020.870000
demand_265 11 13 1198.680000
demand_266 11 14 822.700000
demand_267 11 15 1035.200000
demand_268 11 16 1302.600000
demand_269 11 17 620.779000
demand_270 11 18 561.718000
demand_271 11 19 594.888000
demand_272 11 20 506.814000
demand_273 11 21 317.517000
demand_274 11 22 1025.230000
demand_275 11 23 1248.290000
demand_276 12 0 749.034000
demand_277 12 1 421.207000
demand_278 12 2 886.224000
demand_279 12 3 929.253000
demand_280 12 4 1378.600000
demand_281 12 5 268.506000
demand_282 12 6 1292.730000
demand_283 12 7 1036.130000
demand_284 12 8 1046.760000
demand_285 12 9 404.141000
demand_286 12 10 1246.160000
demand_287 12 11 1125.680000
demand_288 12 13 159.069000
demand_289 12 14 1155.630000
demand_290 12 15 793.447000
demand_291 12 16 557.812000
demand_292 12 17 613.336000
demand_293 12 18 214.923000
demand_294 12 19 287.807000
demand_295 12 20 866.150000
demand_296 12 21 1086.350000
demand_297 12 22 377.626000
demand_298 12 23 1212.760000
demand_299 13 0 1157.800000
demand_300 13 1 391.829000
demand_301 13 2 157.648000
demand_302 13 3 1216.560000
demand_303 13 4 1263.280000
demand_304 13 5 608.056000
demand_305 13 6 451.659000
demand_306 13 7 518.183000
demand_307 13 8 1130.620000
demand_308 13 9 776.729000
demand_309 13 10 765.266000
demand_310 13 11 308.635000
demand_311 13 12 768.329000
demand_312 13 14 1137.230000
demand_313 13 15 1275.470000
demand_314 13 16 583.844000
demand_315 13 17 1437.820000
demand_316 13 18 1358.230000
demand_317 13 19 197.849000
demand_318 13 20 1136.840000
demand_319 13 21 886.216000
demand_320 13 22 1389.960000
demand_321 13 23 537.449000
demand_322 14 0 789.032000
demand_323 14 1 376.624000
demand_324 14 2 1259.640000
demand_325 14 3 1429.150000
demand_326 14 4 549.187000
demand_327 14 5 546.707000
demand_328 14 6 403.288000
demand_329 14 7 520.624000
demand_330 14 8 1129.420000
demand_331 14 9 440.168000
demand_332 14 10 229.759000
demand_333 14 11 537.930000
demand_334 14 12 869.327000
demand_335 14 13 943.028000
demand_336 14 15 496.449000
demand_337 14 16 806.757000
demand_338 14 17 793.519000
demand_339 14 18 817.541000
demand_340 14 19 363.790000
demand_341 14 20 740.331000
demand_342 14 21 1396.740000
demand_343 14 22 1356.610000
demand_344 14 23 1050.650000
demand_345 15 0 879.013000
demand_346 15 1 503.388000
demand_347 15 2 978.510000
demand_348 15 3 1202.060000
demand_349 15 4 1175.270000
demand_350 15 5 832.502000
demand_351 15 6 773.893000
demand_352 15 7 1007.860000
demand_353 15 8 523.844000
demand_354 15 9 923.860000
demand_355 15 10 1408.840000
demand_356 15 11 953.021000
demand_357 15 12 375.975000
demand_358 15 13 684.379000
demand_359 15 14 326.227000
demand_360 15 16 742.072000
demand_361 15 17 281.170000
demand_362 15 18 1133.140000
demand_363 15 19 1283.500000
demand_364 15 20 1334.660000
demand_365 15 21 1078.800000
demand_366 15 22 1380.690000
demand_367 15 23 670.502000
demand_368 16 0 1272.830000
demand_369 16 1 1028.600000
demand_370 16 2 739.161000
demand_371 16 3 258.436000
demand_372 16 4 835.722000
demand_373 16 5 1049.990000
demand_374 16 6 850.936000
demand_375 16 7 950.296000
demand_376 16 8 556.762000
demand_377 16 9 1101.220000
demand_378 16 10 723.633000
demand_379 16 11 257.759000
demand_380 16 12 329.058000
demand_381 16 13 327.423000
demand_382 16 14 593.637000
demand_383 16 15 1122.740000
demand_384 16 17 1106.240000
demand_385 16 18 185.757000
demand_386 16 19 766.641000
demand_387 16 20 262.441000
demand_388 16 21 701.467000
demand_389 16 22 1426.620000
demand_390 16 23 658.224000
demand_391 17 0 1224.770000
demand_392 17 1 1399.880000
demand_393 17 2 1214.850000
demand_394 17 3 1132.260000
demand_395 17 4 1209.640000
demand_396 17 5 543.641000
demand_397 17 6 825.288000
demand_398 17 7 1164.900000
demand_399 17 8 414.150000
demand_400 17 9 633.427000
demand_401 17 10 644.340000
demand_402 17 11 1241.960000
demand_403 17 12 390.277000
demand_404 17 13 208.135000
demand_405 17 14 333.844000
demand_406 17 15 727.467000
demand_407 17 16 1265.310000
demand_408 17 18 746.281000
demand_409 17 19 824.729000
demand_410 17 20 441.192000
demand_411 17 21 278.148000
demand_412 17 22 459.973000
demand_413 17 23 606.508000
demand_414 18 0 982.580000
demand_415 18 1 970.820000
demand_416 18 2 1231.730000
demand_417 18 3 1184.240000
demand_418 18 4 929.061000
demand_419 18 5 272.687000
demand_420 18 6 1285.800000
demand_421 18 7 915.325000
demand_422 18 8 993.098000
demand_423 18 9 200.327000
demand_424 18 10 798.340000
demand_425 18 11 676.814000
demand_426 18 12 518.133000
demand_427 18 13 1397.830000
demand_428 18 14 889.318000
demand_429 18 15 1096.450000
demand_430 18 16 209.174000
demand_431 18 17 581.543000
demand_432 18 19 1117.580000
demand_433 18 20 1308.670000
demand_434 18 21 929.163000
demand_435 18 22 741.842000
demand_436 18 23 608.262000
demand_437 19 0 188.423000
demand_438 19 1 720.061000
demand_439 19 2 442.218000
demand_440 19 3 1031.280000
demand_441 19 4 272.500000
demand_442 19 5 359.375000
demand_443 19 6 1268.930000
demand_444 19 7 1179.620000
demand_445 19 8 506.000000
demand_446 19 9 668.783000
demand_447 19 10 857.779000
demand_448 19 11 432.962000
demand_449 19 12 791.244000
demand_450 19 13 320.255000
demand_451 19 14 1017.740000
demand_452 19 15 1257.240000
demand_453 19 16 528.061000
demand_454 19 17 1082.230000
demand_455 19 18 726.499000
demand_456 19 20 498.903000
demand_457 19 21 943.159000
demand_458 19 22 649.770000
demand_459 19 23 497.048000
demand_460 20 0 489.279000
demand_461 20 1 175.310000
demand_462 20 2 1242.090000
demand_463 20 3 1222.270000
demand_464 20 4 898.026000
demand_465 20 5 1009.720000
demand_466 20 6 1114.960000
demand_467 20 7 450.604000
demand_468 20 8 581.283000
demand_469 20 9 991.045000
demand_470 20 10 958.713000
demand_471 20 11 996.993000
demand_472 20 12 563.286000
demand_473 20 13 1333.600000
demand_474 20 14 245.281000
demand_475 20 15 1018.290000
demand_476 20 16 788.111000
demand_477 20 17 716.927000
demand_478 20 18 197.403000
demand_479 20 19 1226.130000
demand_480 20 21 975.469000
demand_481 20 22 543.096000
demand_482 20 23 654.347000
demand_483 21 0 779.742000
demand_484 21 1 594.155000
demand_485 21 2 198.052000
demand_486 21 3 1352.220000
demand_487 21 4 959.432000
demand_488 21 5 296.312000
demand_489 21 6 1128.790000
demand_490 21 7 786.026000
demand_491 21 8 606.532000
demand_492 21 9 624.085000
demand_493 21 10 967.096000
demand_494 21 11 482.349000
demand_495 21 12 178.048000
demand_496 21 13 738.434000
demand_497 21 14 850.650000
demand_498 21 15 1466.940000
demand_499 21 16 1077.420000
demand_500 21 17 1026.550000
demand_501 21 18 819.986000
demand_502 21 19 537.945000
demand_503 21 20 876.829000
demand_504 21 22 795.606000
demand_505 21 23 304.277000
demand_506 22 0 1172.010000
demand_507 22 1 843.318000
demand_508 22 2 275.093000
demand_509 22 3 1433.900000
demand_510 22 4 1258.280000
demand_511 22 5 794.768000
demand_512 22 6 177.513000
demand_513 22 7 1360.120000
demand_514 22 8 1401.770000
demand_515 22 9 863.807000
demand_516 22 10 258.168000
demand_517 22 11 1035.810000
demand_518 22 12 363.336000
demand_519 22 13 478.834000
demand_520 22 14 990.530000
demand_521 22 15 548.242000
demand_522 22 16 1098.420000
demand_523 22 17 1358.050000
demand_524 22 18 485.949000
demand_525 22 19 427.220000
demand_526 22 20 738.903000
demand_527 22 21 1029.250000
demand_528 22 23 310.500000
demand_529 23 0 763.641000
demand_530 23 1 1128.400000
demand_531 23 2 1170.780000
demand_532 23 3 710.019000
demand_533 23 4 251.373000
demand_534 23 5 366.183000
demand_535 23 6 678.467000
demand_536 23 7 549.251000
demand_537 23 8 384.962000
demand_538 23 9 1373.580000
demand_539 23 10 389.244000
demand_540 23 11 1315.490000
demand_541 23 12 1256.190000
demand_542 23 13 264.401000
demand_543 23 14 820.076000
demand_544 23 15 446.646000
demand_545 23 16 780.353000
demand_546 23 17 1060.810000
demand_547 23 18 831.353000
demand_548 23 19 251.840000
demand_549 23 20 871.368000
demand_550 23 21 1096.250000
demand_551 23 22 1178.050000
