DEMANDS 552
label src dest bw
demand_0 0 1 1341.660000
demand_1 0 2 1391.540000
demand_2 0 3 1243.600000
demand_3 0 4 605.369000
demand_4 0 5 586.063000
demand_5 0 6 794.785000
demand_6 0 7 422.746000
demand_7 0 8 816.004000
demand_8 0 9 1231.520000
demand_9 0 10 294.505000
demand_10 0 11 228.756000
demand_11 0 12 559.264000
demand_12 0 13 175.932000
demand_13 0 14 1438.200000
demand_14 0 15 588.920000
demand_15 0 16 639.666000
demand_16 0 17 1026.960000
demand_17 0 18 164.171000
demand_18 0 19 1373.080000
demand_19 0 20 298.130000
demand_20 0 21 1231.710000
demand_21 0 22 810.223000
demand_22 0 23 1391.950000
demand_23 1 0 787.097000
demand_24 1 2 958.676000
demand_25 1 3 289.975000
demand_26 1 4 300.983000
demand_27 1 5 315.882000
demand_28 1 6 571.683000
demand_29 1 7 718.662000
demand_30 1 8 165.545000
demand_31 1 9 661.288000
demand_32 1 10 515.662000
demand_33 1 11 1415.900000
demand_34 1 12 1071.550000
demand_35 1 13 400.397000
demand_36 1 14 867.474000
demand_37 1 15 1432.080000
demand_38 1 16 1318.400000
demand_39 1 17 777.723000
demand_40 1 18 376.356000
demand_41 1 19 717.605000
demand_42 1 20 1167.200000
demand_43 1 21 1048.340000
demand_44 1 22 347.069000
demand_45 1 23 1076.730000
demand_46 2 0 688.758000
demand_47 2 1 891.488000
demand_48 2 3 475.389000
demand_49 2 4 308.212000
demand_50 2 5 420.828000
demand_51 2 6 312.226000
demand_52 2 7 1005.510000
demand_53 2 8 742.982000
demand_54 2 9 609.915000
demand_55 2 10 1262.740000
demand_56 2 11 492.795000
demand_57 2 12 436.536000
demand_58 2 13 414.010000
demand_59 2 14 819.676000
demand_60 2 15 836.372000
demand_61 2 16 1194.200000
demand_62 2 17 1458.530000
demand_63 2 18 209.890000
demand_64 2 19 517.013000
demand_65 2 20 696.916000
demand_66 2 21 628.791000
demand_67 2 22 730.396000
demand_68 2 23 1291.770000
demand_69 3 0 307.946000
demand_70 3 1 952.268000
demand_71 3 2 1193.310000
demand_72 3 4 1177.740000
demand_73 3 5 207.606000
demand_74 3 6 1376.950000
demand_75 3 7 971.032000
demand_76 3 8 759.511000
demand_77 3 9 724.451000
demand_78 3 10 976.284000
demand_79 3 11 759.308000
demand_80 3 12 755.273000
demand_81 3 13 1145.410000
demand_82 3 14 193.020000
demand_83 3 15 175.331000
demand_84 3 16 1329.620000
demand_85 3 17 615.958000
demand_86 3 18 283.710000
demand_87 3 19 491.026000
demand_88 3 20 1155.830000
demand_89 3 21 451.685000
demand_90 3 22 299.921000
demand_91 3 23 515.523000
demand_92 4 0 1128.910000
demand_93 4 1 178.847000
demand_94 4 2 278.123000
demand_95 4 3 715.403000
demand_96 4 5 553.765000
demand_97 4 6 332.620000
demand_98 4 7 1341.850000
demand_99 4 8 577.038000
demand_100 4 9 1324.030000
demand_101 4 10 1009.710000
demand_102 4 11 529.182000
demand_103 4 12 879.646000
demand_104 4 13 215.618000
demand_105 4 14 1320.040000
demand_106 4 15 489.237000
demand_107 4 16 449.184000
demand_108 4 17 530.813000
demand_109 4 18 287.861000
demand_110 4 19 343.109000
demand_111 4 20 477.244000
demand_112 4 21 800.282000
demand_113 4 22 646.773000
demand_114 4 23 1310.380000
demand_115 5 0 239.833000
demand_116 5 1 1382.200000
demand_117 5 2 1380.890000
demand_118 5 3 878.836000
demand_119 5 4 516.235000
demand_120 5 6 689.927000
demand_121 5 7 726.443000
demand_122 5 8 1071.260000
demand_123 5 9 970.366000
demand_124 5 10 749.265000
demand_125 5 11 368.518000
demand_126 5 12 647.840000
demand_127 5 13 877.626000
demand_128 5 14 694.035000
demand_129 5 15 888.881000
demand_130 5 16 1190.690000
demand_131 5 17 607.245000
demand_132 5 18 1393.210000
demand_133 5 19 216.666000
demand_134 5 20 1448.770000
demand_135 5 21 852.904000
demand_136 5 22 459.428000
demand_137 5 23 447.569000
demand_138 6 0 959.893000
demand_139 6 1 1453.450000
demand_140 6 2 743.340000
demand_141 6 3 393.443000
demand_142 6 4 1411.330000
demand_143 6 5 1145.050000
demand_144 6 7 185.600000
demand_145 6 8 881.661000
demand_146 6 9 926.750000
demand_147 6 10 858.350000
demand_148 6 11 531.849000
demand_149 6 12 1168.750000
demand_150 6 13 824.777000
demand_151 6 14 1144.500000
demand_152 6 15 1184.850000
demand_153 6 16 588.474000
demand_154 6 17 1160.050000
demand_155 6 18 655.347000
demand_156 6 19 382.385000
demand_157 6 20 1406.640000
demand_158 6 21 556.890000
demand_159 6 22 1361.560000
demand_160 6 23 362.035000
demand_161 7 0 1436.580000
demand_162 7 1 166.674000
demand_163 7 2 1259.120000
demand_164 7 3 579.879000
demand_165 7 4 269.159000
demand_166 7 5 1162.840000
demand_167 7 6 1149.870000
demand_168 7 8 1138.610000
demand_169 7 9 272.286000
demand_170 7 10 274.035000
demand_171 7 11 817.374000
demand_172 7 12 735.218000
demand_173 7 13 244.053000
demand_174 7 14 1449.730000
demand_175 7 15 1436.360000
demand_176 7 16 1057.870000
demand_177 7 17 935.088000
demand_178 7 18 434.609000
demand_179 7 19 438.049000
demand_180 7 20 630.244000
demand_181 7 21 492.950000
demand_182 7 22 786.075000
demand_183 7 23 152.555000
demand_184 8 0 750.704000
demand_185 8 1 460.541000
demand_186 8 2 569.732000
demand_187 8 3 445.566000
demand_188 8 4 868.913000
demand_189 8 5 965.448000
demand_190 8 6 1039.090000
demand_191 8 7 1355.220000
demand_192 8 9 549.323000
demand_193 8 10 1216.980000
demand_194 8 11 544.275000
demand_195 8 12 940.076000
demand_196 8 13 1336.670000
demand_197 8 14 981.876000
demand_198 8 15 226.540000
demand_199 8 16 1057.510000
demand_200 8 17 404.050000
demand_201 8 18 1051.610000
demand_202 8 19 1384.200000
demand_203 8 20 1376.530000
demand_204 8 21 198.683000
demand_205 8 22 1023.940000
demand_206 8 23 1338.780000
demand_207 9 0 650.244000
demand_208 9 1 1435.870000
demand_209 9 2 270.449000
demand_210 9 3 1345.000000
demand_211 9 4 185.871000
demand_212 9 5 1345.430000
demand_213 9 6 153.860000
demand_214 9 7 915.592000
demand_215 9 8 546.218000
demand_216 9 10 1025.970000
demand_217 9 11 662.225000
demand_218 9 12 708.647000
demand_219 9 13 1185.010000
demand_220 9 14 602.743000
demand_221 9 15 1284.380000
demand_222 9 16 1037.860000
demand_223 9 17 969.908000
demand_224 9 18 653.619000
demand_225 9 19 338.480000
demand_226 9 20 1017.290000
demand_227 9 21 576.284000
demand_228 9 22 1345.810000
demand_229 9 23 481.547000
demand_230 10 0 874.843000
demand_231 10 1 997.427000
demand_232 10 2 907.116000
demand_233 10 3 440.113000
demand_234 10 4 878.713000
demand_235 10 5 328.809000
demand_236 10 6 159.491000
demand_237 10 7 1443.510000
demand_238 10 8 1171.810000
demand_239 10 9 500.374000
demand_240 10 11 1134.650000
demand_241 10 12 486.903000
demand_242 10 13 940.279000
demand_243 10 14 968.203000
demand_244 10 15 1344.090000
demand_245 10 16 705.751000
demand_246 10 17 258.440000
demand_247 10 18 1324.710000
demand_248 10 19 1022.070000
demand_249 10 20 167.694000
demand_250 10 21 508.640000
demand_251 10 22 1354.520000
demand_252 10 23 1303.060000
demand_253 11 0 533.552000
demand_254 11 1 319.731000
demand_255 11 2 504.448000
demand_256 11 3 814.722000
demand_257 11 4 394.276000
demand_258 11 5 1297.660000
demand_259 11 6 1032.150000
demand_260 11 7 408.573000
demand_261 11 8 1335.000000
demand_262 11 9 1070.360000
demand_263 11 10 448.252000
demand_264 11 12 1008.300000
demand_265 11 13 432.488000
demand_266 11 14 323.215000
demand_267 11 15 280.231000
demand_268 11 16 686.993000
demand_269 11 17 1204.760000
demand_270 11 18 200.254000
demand_271 11 19 464.737000
demand_272 11 20 796.853000
demand_273 11 21 935.629000
demand_274 11 22 1119.680000
demand_275 11 23 1295.910000
demand_276 12 0 870.459000
demand_277 12 1 163.865000
demand_278 12 2 573.686000
demand_279 12 3 1033.950000
demand_280 12 4 1305.740000
demand_281 12 5 1307.540000
demand_282 12 6 1391.550000
demand_283 12 7 454.452000
demand_284 12 8 1230.480000
demand_285 12 9 188.335000
demand_286 12 10 293.334000
demand_287 12 11 1078.400000
demand_288 12 13 385.485000
demand_289 12 14 1328.510000
demand_290 12 15 1371.550000
demand_291 12 16 1428.970000
demand_292 12 17 1213.330000
demand_293 12 18 250.813000
demand_294 12 19 242.283000
demand_295 12 20 1263.170000
demand_296 12 21 827.715000
demand_297 12 22 261.832000
demand_298 12 23 819.942000
demand_299 13 0 334.931000
demand_300 13 1 697.605000
demand_301 13 2 1407.810000
demand_302 13 3 1207.730000
demand_303 13 4 1056.510000
demand_304 13 5 706.454000
demand_305 13 6 725.857000
demand_306 13 7 742.144000
demand_307 13 8 173.633000
demand_308 13 9 1426.990000
demand_309 13 10 1324.280000
demand_310 13 11 280.925000
demand_311 13 12 431.738000
demand_312 13 14 1325.110000
demand_313 13 15 1115.100000
demand_314 13 16 651.322000
demand_315 13 17 1027.520000
demand_316 13 18 766.285000
demand_317 13 19 1179.890000
demand_318 13 20 792.814000
demand_319 13 21 328.726000
demand_320 13 22 294.843000
demand_321 13 23 616.552000
demand_322 14 0 358.732000
demand_323 14 1 325.233000
demand_324 14 2 329.029000
demand_325 14 3 298.045000
demand_326 14 4 847.442000
demand_327 14 5 194.482000
demand_328 14 6 1043.740000
demand_329 14 7 430.986000
demand_330 14 8 713.869000
demand_331 14 9 1109.620000
demand_332 14 10 1008.960000
demand_333 14 11 400.807000
demand_334 14 12 531.733000
demand_335 14 13 752.620000
demand_336 14 15 224.080000
demand_337 14 16 789.672000
demand_338 14 17 710.584000
demand_339 14 18 966.815000
demand_340 14 19 705.478000
demand_341 14 20 1033.150000
demand_342 14 21 599.507000
demand_343 14 22 1091.090000
demand_344 14 23 588.668000
demand_345 15 0 734.547000
demand_346 15 1 906.100000
demand_347 15 2 207.028000
demand_348 15 3 1222.590000
demand_349 15 4 639.474000
demand_350 15 5 1145.680000
demand_351 15 6 517.887000
demand_352 15 7 1235.550000
demand_353 15 8 293.415000
demand_354 15 9 191.710000
demand_355 15 10 1350.400000
demand_356 15 11 401.404000
demand_357 15 12 689.307000
demand_358 15 13 160.895000
demand_359 15 14 1387.180000
demand_360 15 16 229.147000
demand_361 15 17 705.260000
demand_362 15 18 1111.830000
demand_363 15 19 636.620000
demand_364 15 20 485.927000
demand_365 15 21 258.149000
demand_366 15 22 643.252000
demand_367 15 23 1300.180000
demand_368 16 0 389.443000
demand_369 16 1 852.321000
demand_370 16 2 1140.760000
demand_371 16 3 769.256000
demand_372 16 4 586.165000
demand_373 16 5 1265.680000
demand_374 16 6 163.671000
demand_375 16 7 829.755000
demand_376 16 8 420.316000
demand_377 16 9 1209.610000
demand_378 16 10 676.775000
demand_379 16 11 951.551000
demand_380 16 12 856.252000
demand_381 16 13 600.763000
demand_382 16 14 451.664000
demand_383 16 15 340.800000
demand_384 16 17 1433.660000
demand_385 16 18 772.936000
demand_386 16 19 259.002000
demand_387 16 20 1418.310000
demand_388 16 21 182.549000
demand_389 16 22 628.270000
demand_390 16 23 1229.180000
demand_391 17 0 1349.220000
demand_392 17 1 1354.070000
demand_393 17 2 496.205000
demand_394 17 3 1344.130000
demand_395 17 4 473.631000
demand_396 17 5 763.241000
demand_397 17 6 442.697000
demand_398 17 7 995.116000
demand_399 17 8 383.220000
demand_400 17 9 1288.070000
demand_401 17 10 289.730000
demand_402 17 11 1093.330000
demand_403 17 12 902.123000
demand_404 17 13 518.655000
demand_405 17 14 392.055000
demand_406 17 15 238.297000
demand_407 17 16 213.529000
demand_408 17 18 748.636000
demand_409 17 19 966.318000
demand_410 17 20 1388.510000
demand_411 17 21 171.504000
demand_412 17 22 1341.740000
demand_413 17 23 1448.810000
demand_414 18 0 1338.290000
demand_415 18 1 1080.750000
demand_416 18 2 718.466000
demand_417 18 3 661.663000
demand_418 18 4 931.854000
demand_419 18 5 713.117000
demand_420 18 6 341.277000
demand_421 18 7 973.612000
demand_422 18 8 421.441000
demand_423 18 9 941.024000
demand_424 18 10 1281.770000
demand_425 18 11 462.651000
demand_426 18 12 344.120000
demand_427 18 13 868.344000
demand_428 18 14 1057.010000
demand_429 18 15 550.285000
demand_430 18 16 1085.160000
demand_431 18 17 589.619000
demand_432 18 19 469.071000
demand_433 18 20 1442.450000
demand_434 18 21 857.746000
demand_435 18 22 805.455000
demand_436 18 23 516.876000
demand_437 19 0 1342.520000
demand_438 19 1 997.563000
demand_439 19 2 374.486000
demand_440 19 3 856.092000
demand_441 19 4 755.379000
demand_442 19 5 972.229000
demand_443 19 6 623.400000
demand_444 19 7 1103.510000
demand_445 19 8 437.748000
demand_446 19 9 751.528000
demand_447 19 10 892.013000
demand_448 19 11 1269.270000
demand_449 19 12 975.338000
demand_450 19 13 512.756000
demand_451 19 14 1342.070000
demand_452 19 15 547.986000
demand_453 19 16 1375.430000
demand_454 19 17 1420.700000
demand_455 19 18 1150.480000
demand_456 19 20 973.057000
demand_457 19 21 1062.200000
demand_458 19 22 223.417000
demand_459 19 23 235.868000
demand_460 20 0 1434.940000
demand_461 20 1 1373.790000
demand_462 20 2 308.349000
demand_463 20 3 1045.500000
demand_464 20 4 1086.090000
demand_465 20 5 1218.140000
demand_466 20 6 1208.200000
demand_467 20 7 497.698000
demand_468 20 8 1410.260000
demand_469 20 9 988.543000
demand_470 20 10 846.917000
demand_471 20 11 177.869000
demand_472 20 12 338.762000
demand_473 20 13 1331.810000
demand_474 20 14 817.128000
demand_475 20 15 1352.670000
demand_476 20 16 807.895000
demand_477 20 17 1388.680000
demand_478 20 18 1203.570000
demand_479 20 19 1229.810000
demand_480 20 21 1215.140000
demand_481 20 22 1369.500000
demand_482 20 23 1060.930000
demand_483 21 0 837.866000
demand_484 21 1 851.923000
demand_485 21 2 858.065000
demand_486 21 3 682.070000
demand_487 21 4 1048.370000
demand_488 21 5 531.454000
demand_489 21 6 936.980000
demand_490 21 7 711.655000
demand_491 21 8 481.908000
demand_492 21 9 969.705000
demand_493 21 10 303.523000
demand_494 21 11 875.909000
demand_495 21 12 1422.480000
demand_496 21 13 1254.390000
demand_497 21 14 997.147000
demand_498 21 15 1205.120000
demand_499 21 16 601.506000
demand_500 21 17 1033.670000
demand_501 21 18 1016.110000
demand_502 21 19 1323.820000
demand_503 21 20 203.437000
demand_504 21 22 721.392000
demand_505 21 23 264.694000
demand_506 22 0 1369.450000
demand_507 22 1 686.213000
demand_508 22 2 900.284000
demand_509 22 3 291.858000
demand_510 22 4 329.723000
demand_511 22 5 752.316000
demand_512 22 6 782.827000
demand_513 22 7 828.971000
demand_514 22 8 703.791000
demand_515 22 9 1321.400000
demand_516 22 10 335.012000
demand_517 22 11 885.184000
demand_518 22 12 935.373000
demand_519 22 13 1028.890000
demand_520 22 14 431.384000
demand_521 22 15 740.064000
demand_522 22 16 435.560000
demand_523 22 17 891.715000
demand_524 22 18 1343.830000
demand_525 22 19 465.214000
demand_526 22 20 633.651000
demand_527 22 21 947.213000
demand_528 22 23 575.708000
demand_529 23 0 1286.750000
demand_530 23 1 763.213000
demand_531 23 2 829.142000
demand_532 23 3 886.871000
demand_533 23 4 377.901000
demand_534 23 5 176.821000
demand_535 23 6 1311.000000
demand_536 23 7 508.647000
demand_537 23 8 1398.450000
demand_538 23 9 1000.110000
demand_539 23 10 276.219000
demand_540 23 11 1322.160000
demand_541 23 12 571.282000
demand_542 23 13 569.987000
demand_543 23 14 435.875000
demand_544 23 15 1245.410000
demand_545 23 16 1364.120000
demand_546 23 17 696.761000
demand_547 23 18 151.634000
demand_548 23 19 709.316000
demand_549 23 20 743.877000
demand_550 23 21 1123.700000
demand_551 23 22 937.429000
