6,20
1,15
10,0
15,3
11,5
2,15
4,7
4,3
0,11
18,1
4,21
21,23
15,0
3,5
8,4
4,22
2,0
0,13
5,11
11,21
3,7
16,12
14,11
19,2
22,4
4,5
17,14
2,20
23,11
0,12
13,4
0,11
20,5
8,21
14,13
7,23
16,2
1,14
6,2
17,20
10,7
3,16
0,16
22,9
17,1
8,10
15,7
15,17
3,20
16,23
18,0
10,7
18,15
12,8
2,7
14,7
2,0
21,5
22,0
10,11
9,2
21,22
18,2
6,7
22,19
10,12
19,1
9,1
21,10
4,23
21,12
22,4
18,13
9,6
15,7
3,20
19,7
0,5
13,16
9,20
6,22
15,17
12,23
3,10
6,19
13,2
22,3
17,16
19,15
9,4
12,0
12,4
15,9
18,14
11,15
5,22
1,8
1,14
9,1
16,22
2,5
6,16
9,18
11,0
4,7
15,16
15,1
8,15
15,13
10,0
13,6
8,14
11,10
9,18
11,14
2,14
1,18
0,17
12,16
5,12
20,5
0,18
16,3
8,10
0,9
2,23
23,13
11,23
16,3
5,15
22,7
2,18
4,2
16,13
10,1
0,9
14,21
14,11
4,3
14,8
3,9
17,1
3,14
13,3
14,15
1,17
2,18
5,16
15,6
23,9
9,4
1,19
8,11
18,2
14,8
20,9
22,8
0,13
3,12
6,13
15,21
6,12
18,13
8,2
4,0
14,12
7,22
12,23
8,14
7,22
6,4
15,7
20,2
1,0
7,19
22,21
22,7
13,8
16,21
3,11
10,21
21,20
17,22
23,3
21,13
6,13
11,12
8,15
16,1
18,13
20,15
23,17
10,5
15,11
10,19
22,10
0,21
1,10
7,8
15,20
17,10
18,15
11,8
11,18
16,19
23,21
18,23
11,3
19,4
12,21
18,7
5,14
18,17
0,16
15,9
23,10
1,10
14,23
10,13
20,17
21,15
22,15
3,8
11,19
7,11
5,8
6,22
21,17
2,22
3,1
1,6
3,4
6,21
21,17
15,14
23,7
17,1
2,14
20,21
0,6
20,13
3,10
18,20
0,7
7,6
10,9
9,10
7,23
13,11
5,6
18,9
7,4
23,8
4,17
21,18
8,17
7,11
2,6
12,1
17,9
12,11
17,15
16,5
15,12
1,14
14,18
18,10
10,9
22,16
8,16
12,13
21,14
21,12
18,12
13,10
15,1
16,12
17,0
6,13
11,2
1,9
9,22
4,17
4,1
14,20
7,13
15,16
14,21
4,17
22,8
18,14
6,9
21,11
7,23
7,1
4,23
7,20
20,0
17,13
14,10
3,0
6,15
6,9
14,15
20,8
17,8
17,22
8,11
5,12
12,19
18,9
4,6
12,23
16,6
23,20
10,16
2,23
3,20
11,17
7,12
14,9
11,23
10,3
11,21
6,7
6,8
11,8
4,8
9,11
15,17
19,6
14,4
14,22
20,14
6,3
10,9
16,2
1,17
14,8
17,10
19,20
17,22
1,3
18,17
10,12
4,8
1,0
15,14
16,9
19,9
7,14
13,17
10,22
11,0
13,18
11,7
13,16
15,9
9,19
6,9
15,9
9,2
12,23
20,18
11,19
21,5
11,20
19,21
22,6
14,3
12,1
10,12
16,5
21,0
14,21
20,12
3,2
17,2
1,10
4,19
13,20
9,22
23,13
4,1
22,12
4,8
22,23
4,12
19,17
15,19
19,14
11,19
18,4
12,14
23,11
6,4
22,13
6,10
0,8
16,17
0,16
18,5
3,16
13,9
13,19
2,12
6,18
15,21
8,12
3,20
14,21
15,3
13,22
4,7
15,13
4,3
3,12
21,12
9,5
21,23
17,12
21,12
8,4
3,10
9,4
12,17
14,18
19,3
23,3
17,13
12,21
18,1
15,11
9,0
21,7
23,19
19,14
19,6
14,9
13,18
4,23
11,16
21,23
14,23
13,6
13,2
17,5
9,5
17,7
22,0
10,11
14,2
20,5
9,13
0,14
4,18
6,14
11,21
8,12
12,2
13,11
4,14
12,3
15,11
21,12
5,17
10,20
10,5
11,2
9,13
14,9
3,7
12,13
20,1
12,4
21,16
6,13
20,3
7,11
5,3
4,7
18,23
5,19
10,2
14,9
7,8
12,11
9,2
12,21
9,13
15,10
19,0
2,0
22,2
19,2
10,13
18,3
15,20
22,23
22,8
4,10
5,22
11,7
22,7
11,20
11,8
2,12
15,6
15,11
1,2
9,19
7,15
20,13
22,7
12,13
4,11
15,2
15,12
8,9
20,23
8,11
11,15
5,8
3,0
4,1
5,8
1,23
3,20
17,18
5,22
5,0
3,8
1,19
13,22
14,1
12,1
22,15
8,14
18,22
15,16
9,5
8,15
20,15
22,16
15,0
14,1
12,14
15,20
11,13
8,6
2,20
1,23
6,16
17,9
9,14
1,0
17,12
23,7
8,15
16,9
2,1
0,8
6,0
15,8
13,20
8,5
6,0
5,21
3,7
3,1
9,19
0,16
1,17
23,6
10,13
5,1
1,8
4,12
1,16
3,0
6,16
2,18
15,7
2,21
5,15
16,12
14,7
14,19
18,5
18,16
10,11
12,18
14,20
19,21
20,0
8,16
13,23
14,13
20,18
3,11
23,16
0,1
17,18
19,7
19,23
13,14
5,0
5,3
15,0
23,22
7,21
11,20
16,2
17,15
19,18
17,15
20,18
17,2
23,21
12,21
12,13
20,9
17,19
21,15
6,18
2,15
16,21
9,18
13,15
16,3
17,2
23,3
23,6
9,13
11,16
16,8
18,11
14,16
14,1
18,11
3,4
5,21
14,1
19,16
12,19
18,12
17,0
12,8
5,11
9,4
23,1
20,18
1,8
14,3
17,8
3,16
6,8
10,19
15,20
18,22
8,13
20,19
19,10
11,1
4,10
7,5
3,18
19,11
19,21
3,19
0,2
9,16
11,5
15,20
19,7
21,9
21,2
22,8
10,20
16,13
16,12
0,11
14,3
5,13
5,10
18,6
6,12
8,23
19,9
2,5
18,10
4,14
15,7
3,13
13,10
23,7
12,15
16,20
5,20
2,1
20,7
19,18
16,4
10,19
2,12
3,2
10,7
19,11
17,15
22,6
18,4
20,18
7,3
20,14
10,9
2,15
12,23
16,23
3,16
19,14
14,3
7,15
11,20
18,12
14,15
15,16
11,2
22,0
0,22
11,19
9,10
16,12
21,16
12,19
13,7
2,8
15,23
17,14
4,16
12,17
8,11
12,8
13,6
1,4
11,1
9,16
12,13
17,2
6,10
6,10
21,2
7,20
13,23
4,18
20,23
3,12
9,14
1,11
0,7
19,11
20,1
16,1
3,19
0,9
22,3
22,4
6,15
0,17
21,8
14,8
16,12
12,1
15,12
7,11
7,6
2,5
3,0
17,2
9,15
16,1
21,2
12,19
10,23
16,8
1,19
20,15
7,13
0,10
23,5
16,2
17,10
8,12
19,20
8,15
7,10
15,6
7,3
14,20
22,17
11,19
